#!ascii label  , from subject sub-v2s2x29085_ses-1 vox2ras=TkReg
1571
178396  -55.945  40.274  2.398 0.0000000000
148288  -48.022  57.565  -7.005 0.0000000000
140291  -46.337  47.429  3.167 0.0000000000
142675  -57.254  49.678  -0.703 0.0000000000
148319  -53.512  56.851  -8.096 0.0000000000
163822  -52.321  56.965  -0.302 0.0000000000
146846  -55.122  54.981  -2.148 0.0000000000
141965  -51.766  48.310  -3.734 0.0000000000
128703  -54.408  33.034  10.853 0.0000000000
132479  -55.265  38.121  5.514 0.0000000000
148366  -41.618  56.949  -12.287 0.0000000000
163444  -49.363  54.476  -12.433 0.0000000000
144228  -55.451  51.215  -13.406 0.0000000000
136685  -51.697  43.016  1.800 0.0000000000
145472  -47.458  53.282  -1.334 0.0000000000
141878  -52.223  49.425  3.013 0.0000000000
138106  -53.754  44.310  -1.113 0.0000000000
138149  -52.744  44.283  -7.039 0.0000000000
137456  -46.813  43.467  -9.594 0.0000000000
134029  -53.368  39.284  0.851 0.0000000000
146900  -56.945  54.835  -8.496 0.0000000000
148282  -56.194  56.304  -5.354 0.0000000000
146890  -55.420  54.846  -6.483 0.0000000000
179065  -52.336  54.659  -3.855 0.0000000000
130873  -55.315  35.234  8.407 0.0000000000
130115  -52.381  34.488  6.093 0.0000000000
150249  -38.560  59.792  -10.291 0.0000000000
144889  -52.354  52.943  -13.253 0.0000000000
136011  -49.143  41.329  2.017 0.0000000000
138789  -48.355  45.314  0.524 0.0000000000
146881  -45.568  55.291  -5.800 0.0000000000
148242  -47.216  57.735  -1.989 0.0000000000
145426  -55.587  53.676  2.116 0.0000000000
145423  -52.806  53.604  1.900 0.0000000000
142640  -55.787  49.805  2.236 0.0000000000
140311  -53.421  47.052  -0.690 0.0000000000
139529  -56.237  46.384  -2.061 0.0000000000
137427  -54.529  44.071  -3.589 0.0000000000
139588  -56.138  45.964  -5.359 0.0000000000
139616  -49.739  46.028  -6.965 0.0000000000
148978  -50.829  58.327  -7.537 0.0000000000
148918  -50.519  58.690  -2.579 0.0000000000
149573  -53.109  58.861  -3.903 0.0000000000
147529  -55.551  56.122  -1.148 0.0000000000
144802  -55.898  52.654  -0.302 0.0000000000
141953  -54.515  48.856  -3.031 0.0000000000
144085  -52.990  52.160  -1.788 0.0000000000
144097  -50.446  51.215  -3.727 0.0000000000
130118  -56.511  34.798  6.666 0.0000000000
133189  -57.850  37.927  6.640 0.0000000000
134698  -56.867  41.218  6.162 0.0000000000
149605  -39.187  58.917  -7.069 0.0000000000
148308  -42.058  57.158  -8.768 0.0000000000
148327  -45.453  57.427  -9.345 0.0000000000
147608  -48.492  56.779  -9.251 0.0000000000
146913  -51.938  55.166  -9.983 0.0000000000
146188  -54.649  54.142  -10.934 0.0000000000
143435  -57.433  50.905  -10.486 0.0000000000
141313  -57.248  48.006  -12.101 0.0000000000
183721  -51.299  38.324  4.186 0.0000000000
135331  -52.713  40.899  4.579 0.0000000000
136649  -54.212  42.891  3.681 0.0000000000
142655  -47.105  49.957  0.269 0.0000000000
146831  -50.550  56.069  -1.132 0.0000000000
144053  -49.989  51.632  0.606 0.0000000000
141130  -49.289  48.549  3.345 0.0000000000
139515  -50.961  46.367  0.344 0.0000000000
138076  -52.962  44.177  0.882 0.0000000000
186153  -54.006  42.421  1.205 0.0000000000
136050  -52.577  42.266  -0.681 0.0000000000
136733  -50.672  42.909  -3.097 0.0000000000
190366  -49.033  42.607  -6.015 0.0000000000
139604  -53.412  45.960  -6.492 0.0000000000
137459  -50.861  43.732  -9.109 0.0000000000
136106  -46.820  41.600  -8.854 0.0000000000
134728  -57.490  40.456  2.625 0.0000000000
134024  -56.165  39.024  1.758 0.0000000000
134008  -54.764  39.701  1.908 0.0000000000
145516  -56.275  53.136  -8.165 0.0000000000
146164  -56.654  54.551  -6.856 0.0000000000
146170  -55.386  54.051  -7.394 0.0000000000
146161  -53.839  54.551  -6.887 0.0000000000
139505  -47.199  46.553  1.787 0.0000000000
147578  -46.981  55.988  -6.273 0.0000000000
144055  -56.611  51.495  1.176 0.0000000000
144025  -55.730  51.928  2.969 0.0000000000
141914  -56.900  49.598  1.299 0.0000000000
141172  -56.862  48.117  -0.197 0.0000000000
189988  -57.716  47.293  -1.384 0.0000000000
138851  -57.047  46.221  -3.687 0.0000000000
141193  -57.380  47.505  -3.023 0.0000000000
148303  -52.204  57.639  -7.755 0.0000000000
149595  -52.242  58.791  -6.013 0.0000000000
148968  -53.213  57.951  -6.966 0.0000000000
146865  -56.271  55.652  -3.970 0.0000000000
148257  -55.818  56.495  -3.289 0.0000000000
146848  -56.082  55.486  -2.121 0.0000000000
145478  -56.055  54.272  -0.253 0.0000000000
168652  -55.487  54.126  -1.194 0.0000000000
178222  -54.358  52.218  -0.787 0.0000000000
145482  -53.462  53.827  -1.809 0.0000000000
145484  -51.339  53.006  -3.442 0.0000000000
131651  -55.251  36.078  7.002 0.0000000000
131653  -57.135  36.537  7.650 0.0000000000
132471  -56.886  37.803  6.536 0.0000000000
133965  -57.275  39.542  6.175 0.0000000000
174395  -56.136  39.284  5.892 0.0000000000
166895  -39.901  58.068  -11.425 0.0000000000
148997  -39.768  57.968  -9.438 0.0000000000
148336  -41.360  57.270  -10.569 0.0000000000
148310  -43.766  57.316  -9.074 0.0000000000
148353  -43.657  56.769  -10.935 0.0000000000
146931  -47.376  55.265  -12.277 0.0000000000
147632  -47.224  55.990  -10.972 0.0000000000
146923  -49.079  55.240  -11.109 0.0000000000
147622  -49.761  55.797  -9.693 0.0000000000
146184  -50.498  54.538  -11.569 0.0000000000
144214  -54.127  52.135  -13.398 0.0000000000
145532  -53.785  53.422  -12.128 0.0000000000
144884  -55.895  52.532  -12.308 0.0000000000
144880  -56.681  53.236  -11.023 0.0000000000
144208  -57.163  51.631  -12.051 0.0000000000
142757  -57.539  49.378  -10.849 0.0000000000
143507  -56.885  50.062  -13.143 0.0000000000
134004  -45.841  38.774  2.795 0.0000000000
131709  -46.755  36.744  2.964 0.0000000000
133213  -48.341  37.920  3.214 0.0000000000
131696  -50.272  36.739  3.828 0.0000000000
182474  -49.553  38.825  3.466 0.0000000000
169168  -50.568  42.466  1.609 0.0000000000
134712  -51.423  40.849  3.620 0.0000000000
136000  -52.012  42.044  3.144 0.0000000000
135981  -53.582  41.974  4.844 0.0000000000
136658  -53.195  42.925  3.132 0.0000000000
144814  -46.221  52.634  -1.341 0.0000000000
143342  -45.655  50.657  -1.076 0.0000000000
144082  -47.291  51.510  -1.170 0.0000000000
171519  -50.634  58.560  -1.017 0.0000000000
148223  -49.904  58.203  -1.314 0.0000000000
147504  -51.602  56.737  -0.624 0.0000000000
143303  -52.489  51.250  2.933 0.0000000000
144775  -51.271  52.462  1.136 0.0000000000
143301  -51.091  50.483  2.796 0.0000000000
142624  -49.218  50.028  2.487 0.0000000000
141876  -50.503  49.034  3.180 0.0000000000
141154  -50.204  47.891  1.783 0.0000000000
141155  -51.397  48.369  1.632 0.0000000000
177478  -54.314  46.201  -1.470 0.0000000000
139520  -53.036  46.190  -0.517 0.0000000000
138091  -53.448  44.330  -0.126 0.0000000000
181922  -53.718  43.323  0.986 0.0000000000
169677  -53.523  43.283  -0.240 0.0000000000
136041  -53.353  42.326  0.268 0.0000000000
136712  -53.378  43.274  -0.894 0.0000000000
138142  -53.526  44.362  -5.680 0.0000000000
137414  -52.153  43.664  -3.374 0.0000000000
169468  -51.674  44.079  -4.949 0.0000000000
136741  -49.779  42.884  -4.168 0.0000000000
175680  -51.108  43.883  -6.362 0.0000000000
141967  -53.436  48.392  -3.596 0.0000000000
141236  -54.384  47.372  -4.607 0.0000000000
140377  -52.266  47.094  -5.028 0.0000000000
138889  -48.037  45.248  -8.998 0.0000000000
138891  -50.055  44.885  -9.030 0.0000000000
138180  -49.065  44.014  -9.520 0.0000000000
164307  -48.451  42.403  -8.554 0.0000000000
175124  -47.353  42.430  -9.598 0.0000000000
135473  -45.508  41.484  -9.082 0.0000000000
133208  -59.279  38.303  3.242 0.0000000000
134035  -52.341  39.138  -0.247 0.0000000000
183113  -55.180  55.868  -8.768 0.0000000000
148290  -54.446  57.242  -7.172 0.0000000000
196415  -56.738  55.591  -6.982 0.0000000000
146886  -56.517  55.582  -5.619 0.0000000000
146874  -55.142  55.367  -4.883 0.0000000000
146852  -53.973  55.250  -3.274 0.0000000000
196964  -53.524  55.244  -5.248 0.0000000000
129399  -54.957  34.040  9.836 0.0000000000
130095  -53.931  34.264  8.796 0.0000000000
131660  -53.945  35.958  5.573 0.0000000000
149032  -40.283  58.622  -12.847 0.0000000000
145540  -50.955  53.566  -13.044 0.0000000000
143504  -54.115  51.044  -14.243 0.0000000000
142805  -55.738  49.780  -14.255 0.0000000000
178248  -48.244  40.501  2.391 0.0000000000
136695  -48.742  42.911  0.630 0.0000000000
137374  -50.027  43.606  0.544 0.0000000000
179812  -47.042  56.727  -1.107 0.0000000000
182482  -53.650  55.634  1.072 0.0000000000
146094  -52.622  54.830  0.925 0.0000000000
145415  -54.205  53.604  2.436 0.0000000000
144009  -54.563  51.245  3.380 0.0000000000
141894  -54.122  49.505  2.640 0.0000000000
165458  -53.064  48.867  0.898 0.0000000000
141926  -54.709  49.054  0.848 0.0000000000
141177  -55.394  47.558  -1.082 0.0000000000
138829  -54.971  45.441  -2.281 0.0000000000
137417  -54.479  44.268  -2.698 0.0000000000
138129  -55.838  45.114  -3.446 0.0000000000
192722  -55.154  44.498  -4.984 0.0000000000
138152  -54.794  44.762  -6.793 0.0000000000
139585  -50.397  46.531  -5.633 0.0000000000
141143  -45.187  48.261  2.857 0.0000000000
148964  -49.696  58.352  -6.984 0.0000000000
148273  -49.778  57.615  -5.087 0.0000000000
176872  -50.696  58.525  -5.902 0.0000000000
149559  -51.344  59.022  -3.361 0.0000000000
148906  -52.408  58.535  -1.569 0.0000000000
184991  -54.330  57.812  -4.787 0.0000000000
148908  -53.744  57.917  -2.645 0.0000000000
147507  -53.887  56.676  -0.103 0.0000000000
146793  -55.225  55.335  0.903 0.0000000000
145435  -56.249  53.268  0.851 0.0000000000
143359  -56.233  50.485  -0.670 0.0000000000
142681  -56.251  49.463  -1.752 0.0000000000
142673  -54.962  50.081  -1.441 0.0000000000
142672  -54.104  50.070  -1.759 0.0000000000
143366  -52.373  50.272  -2.722 0.0000000000
145486  -52.366  53.741  -2.732 0.0000000000
144094  -51.761  51.918  -2.871 0.0000000000
130097  -56.347  35.236  8.616 0.0000000000
130900  -57.706  36.137  6.928 0.0000000000
132480  -58.504  37.339  5.415 0.0000000000
133976  -58.792  38.962  4.764 0.0000000000
134705  -58.452  40.549  4.755 0.0000000000
135346  -57.130  41.890  3.838 0.0000000000
148278  -41.179  57.203  -6.087 0.0000000000
190520  -40.181  57.757  -7.972 0.0000000000
147593  -42.176  56.418  -7.063 0.0000000000
147595  -43.523  56.241  -7.454 0.0000000000
187987  -45.439  57.119  -7.854 0.0000000000
186223  -47.175  57.831  -7.820 0.0000000000
147644  -43.658  56.058  -12.326 0.0000000000
147630  -45.544  56.581  -10.782 0.0000000000
148341  -46.674  57.233  -9.538 0.0000000000
148989  -47.959  57.954  -8.165 0.0000000000
148332  -49.880  57.131  -8.611 0.0000000000
147602  -51.576  56.955  -8.361 0.0000000000
147612  -52.872  56.015  -8.794 0.0000000000
146197  -52.541  53.952  -11.782 0.0000000000
146178  -53.327  54.577  -10.539 0.0000000000
146906  -54.778  55.350  -9.452 0.0000000000
146918  -55.859  54.823  -9.856 0.0000000000
145522  -57.142  53.163  -9.626 0.0000000000
143453  -56.119  49.944  -10.500 0.0000000000
142772  -55.770  48.829  -11.609 0.0000000000
142079  -56.636  48.752  -14.108 0.0000000000
130918  -52.177  36.020  4.297 0.0000000000
132489  -53.155  37.657  4.686 0.0000000000
168719  -50.342  39.864  3.475 0.0000000000
133982  -52.392  39.286  4.610 0.0000000000
133974  -54.332  39.233  5.361 0.0000000000
134697  -55.138  40.965  5.772 0.0000000000
135984  -55.989  42.349  5.162 0.0000000000
135355  -55.661  41.859  2.908 0.0000000000
177932  -46.599  48.943  2.540 0.0000000000
167098  -48.503  57.760  -2.169 0.0000000000
147525  -48.577  57.353  -1.480 0.0000000000
178141  -48.683  54.335  -1.310 0.0000000000
146093  -51.922  54.402  0.508 0.0000000000
145450  -50.622  53.388  -0.314 0.0000000000
144817  -49.267  52.609  -0.879 0.0000000000
143329  -48.704  50.936  0.202 0.0000000000
142623  -48.388  49.775  2.331 0.0000000000
140289  -47.269  47.798  3.211 0.0000000000
140296  -48.564  47.230  1.909 0.0000000000
139513  -49.287  46.086  0.601 0.0000000000
165158  -51.173  44.424  0.489 0.0000000000
140305  -51.908  47.195  0.135 0.0000000000
138794  -52.331  45.202  0.170 0.0000000000
138075  -52.434  44.041  0.997 0.0000000000
137357  -53.201  43.497  1.936 0.0000000000
136672  -54.288  43.060  2.170 0.0000000000
135385  -54.494  41.490  1.837 0.0000000000
135393  -53.318  41.130  0.974 0.0000000000
135396  -52.307  41.188  -0.025 0.0000000000
166326  -51.500  41.494  -0.976 0.0000000000
137406  -53.145  43.491  -2.449 0.0000000000
136722  -51.864  42.846  -2.179 0.0000000000
135401  -50.523  40.939  -1.948 0.0000000000
136071  -49.630  41.834  -3.285 0.0000000000
135443  -48.542  41.136  -4.592 0.0000000000
141215  -55.586  47.651  -3.985 0.0000000000
140404  -54.588  46.174  -5.890 0.0000000000
138166  -53.430  44.648  -8.249 0.0000000000
179751  -51.486  45.993  -6.874 0.0000000000
138883  -52.237  45.152  -8.650 0.0000000000
137453  -52.194  44.006  -8.526 0.0000000000
137444  -50.395  43.362  -7.796 0.0000000000
136100  -47.844  41.764  -7.101 0.0000000000
134727  -56.611  40.735  2.682 0.0000000000
134010  -56.644  39.795  2.260 0.0000000000
134023  -55.207  39.070  1.668 0.0000000000
134726  -55.261  40.344  2.232 0.0000000000
144862  -55.857  52.667  -8.600 0.0000000000
145506  -55.869  53.562  -7.779 0.0000000000
184944  -54.844  53.210  -8.361 0.0000000000
139504  -46.549  46.340  1.878 0.0000000000
139497  -46.770  46.943  2.514 0.0000000000
147590  -47.650  56.684  -6.485 0.0000000000
165598  -47.563  56.034  -5.617 0.0000000000
147574  -48.638  56.797  -5.479 0.0000000000
143348  -57.146  50.205  0.355 0.0000000000
143331  -57.050  50.089  1.123 0.0000000000
141931  -57.630  49.102  0.180 0.0000000000
141166  -57.597  48.585  0.171 0.0000000000
141939  -57.851  48.416  -0.847 0.0000000000
141194  -57.696  47.132  -2.548 0.0000000000
141946  -57.393  48.538  -1.963 0.0000000000
148304  -52.873  57.390  -7.751 0.0000000000
148981  -52.997  57.673  -7.450 0.0000000000
148982  -53.666  57.492  -7.380 0.0000000000
146864  -55.895  55.431  -3.553 0.0000000000
146854  -56.180  55.630  -2.821 0.0000000000
146847  -55.880  55.369  -2.689 0.0000000000
146832  -55.823  55.013  -1.759 0.0000000000
146136  -55.256  54.615  -1.637 0.0000000000
146128  -54.401  54.144  -1.541 0.0000000000
146135  -54.553  54.717  -1.967 0.0000000000
128712  -54.869  33.210  10.174 0.0000000000
132469  -55.013  36.837  5.761 0.0000000000
132461  -56.692  37.024  7.046 0.0000000000
132470  -55.788  37.423  6.007 0.0000000000
133194  -56.101  38.403  5.827 0.0000000000
149026  -40.501  57.730  -11.818 0.0000000000
187394  -40.410  57.745  -11.150 0.0000000000
148351  -41.630  56.995  -11.352 0.0000000000
148337  -42.112  57.091  -10.546 0.0000000000
193673  -42.215  56.863  -11.146 0.0000000000
179491  -48.350  54.449  -13.321 0.0000000000
146201  -47.762  54.682  -13.290 0.0000000000
146202  -48.303  54.724  -12.831 0.0000000000
146932  -48.207  55.080  -12.173 0.0000000000
146933  -49.088  54.914  -11.817 0.0000000000
146924  -49.852  54.978  -11.157 0.0000000000
146194  -49.851  54.555  -11.933 0.0000000000
144215  -54.936  51.947  -13.180 0.0000000000
144891  -54.519  52.507  -12.914 0.0000000000
144216  -55.911  51.781  -12.860 0.0000000000
144207  -56.554  51.958  -12.412 0.0000000000
144217  -56.902  51.289  -12.624 0.0000000000
143491  -57.242  50.404  -12.704 0.0000000000
143490  -56.434  50.872  -13.093 0.0000000000
134722  -45.742  40.153  2.302 0.0000000000
182454  -46.331  39.747  2.551 0.0000000000
133230  -47.441  38.251  3.061 0.0000000000
134006  -47.676  39.161  2.919 0.0000000000
133214  -49.216  38.043  3.453 0.0000000000
136684  -51.067  42.746  1.656 0.0000000000
136014  -51.426  42.129  2.558 0.0000000000
166009  -51.436  42.558  2.128 0.0000000000
136657  -52.562  42.621  3.017 0.0000000000
136669  -52.056  42.678  2.469 0.0000000000
178648  -46.930  54.497  -1.283 0.0000000000
145471  -46.587  53.423  -1.310 0.0000000000
180721  -46.885  52.670  -1.331 0.0000000000
144815  -47.417  52.255  -1.324 0.0000000000
148207  -51.859  57.707  -0.680 0.0000000000
148225  -51.042  58.143  -0.867 0.0000000000
196918  -52.154  56.740  -0.277 0.0000000000
143287  -52.341  50.388  3.054 0.0000000000
143302  -51.732  50.963  2.724 0.0000000000
142609  -52.005  49.666  3.043 0.0000000000
142608  -51.251  49.723  3.094 0.0000000000
141877  -51.292  49.285  3.079 0.0000000000
141147  -51.069  48.583  2.531 0.0000000000
141908  -51.833  48.892  2.312 0.0000000000
138812  -53.781  45.416  -1.147 0.0000000000
166953  -53.627  44.670  -0.844 0.0000000000
192308  -53.607  44.265  -0.607 0.0000000000
137385  -53.599  43.837  -0.528 0.0000000000
137398  -53.662  43.817  -1.355 0.0000000000
138141  -53.035  44.368  -6.320 0.0000000000
137435  -52.608  44.229  -5.108 0.0000000000
137434  -52.010  44.214  -6.019 0.0000000000
137433  -50.994  43.919  -5.286 0.0000000000
141966  -52.634  48.413  -3.610 0.0000000000
141212  -53.086  47.965  -4.053 0.0000000000
174012  -52.400  47.945  -4.022 0.0000000000
138169  -47.614  44.600  -9.410 0.0000000000
138170  -48.555  44.557  -9.291 0.0000000000
138178  -47.367  43.749  -9.570 0.0000000000
137463  -47.842  43.287  -9.646 0.0000000000
136779  -47.178  42.885  -9.668 0.0000000000
136112  -46.158  42.015  -9.481 0.0000000000
136771  -46.448  42.657  -9.575 0.0000000000
133993  -59.294  39.063  2.902 0.0000000000
133242  -53.785  38.637  0.342 0.0000000000
134740  -52.684  39.589  0.462 0.0000000000
146899  -56.297  55.412  -8.736 0.0000000000
147600  -56.347  55.843  -7.717 0.0000000000
146895  -56.633  55.415  -8.150 0.0000000000
146163  -55.901  54.464  -6.874 0.0000000000
166180  -56.532  55.204  -6.303 0.0000000000
146891  -56.204  54.962  -6.356 0.0000000000
195359  -55.969  55.393  -5.029 0.0000000000
146884  -55.463  55.174  -5.779 0.0000000000
146873  -54.008  55.377  -4.700 0.0000000000
170992  -54.344  55.269  -5.485 0.0000000000
146160  -52.808  54.488  -6.780 0.0000000000
128718  -52.637  33.311  9.279 0.0000000000
130887  -53.983  35.196  6.832 0.0000000000
130896  -53.552  35.383  5.966 0.0000000000
150265  -39.824  59.816  -12.178 0.0000000000
144242  -53.324  51.301  -14.468 0.0000000000
142820  -54.026  49.931  -15.253 0.0000000000
143528  -53.224  50.188  -15.461 0.0000000000
138081  -47.943  44.484  0.491 0.0000000000
137372  -48.337  43.639  0.491 0.0000000000
138082  -48.756  44.395  0.390 0.0000000000
137373  -49.193  43.629  0.437 0.0000000000
138083  -49.558  44.330  0.356 0.0000000000
146880  -44.767  55.287  -5.705 0.0000000000
148220  -47.222  57.765  -1.675 0.0000000000
146086  -54.622  54.664  1.848 0.0000000000
146085  -53.835  54.907  1.651 0.0000000000
146080  -54.882  53.912  2.262 0.0000000000
142630  -55.919  50.189  2.503 0.0000000000
144010  -55.276  51.461  3.232 0.0000000000
142613  -55.043  50.628  3.267 0.0000000000
143289  -54.339  50.441  3.388 0.0000000000
141895  -55.006  49.648  2.468 0.0000000000
141911  -54.518  49.312  1.847 0.0000000000
141912  -55.559  49.350  1.610 0.0000000000
141178  -56.356  47.546  -0.954 0.0000000000
141930  -55.800  48.252  -0.306 0.0000000000
140317  -55.808  46.920  -1.560 0.0000000000
139528  -55.193  46.196  -1.948 0.0000000000
139543  -55.853  45.844  -2.454 0.0000000000
138830  -55.670  45.381  -2.754 0.0000000000
139573  -56.905  46.291  -4.269 0.0000000000
138842  -56.661  45.677  -3.959 0.0000000000
138858  -56.146  45.578  -5.334 0.0000000000
138153  -55.339  44.896  -6.335 0.0000000000
179310  -55.411  45.222  -6.299 0.0000000000
178972  -50.082  58.461  -7.386 0.0000000000
148952  -50.288  58.492  -6.528 0.0000000000
148965  -50.584  58.570  -7.114 0.0000000000
149583  -52.362  59.065  -5.049 0.0000000000
149582  -51.751  58.956  -5.363 0.0000000000
149572  -52.424  59.196  -4.131 0.0000000000
196459  -51.967  59.242  -2.567 0.0000000000
149561  -52.364  59.190  -3.179 0.0000000000
148281  -55.551  56.986  -5.834 0.0000000000
148280  -54.687  57.383  -6.367 0.0000000000
148275  -55.659  56.938  -5.008 0.0000000000
148247  -55.268  56.742  -2.461 0.0000000000
148256  -54.989  57.091  -3.240 0.0000000000
176870  -54.334  57.155  -1.842 0.0000000000
148245  -53.805  57.642  -2.112 0.0000000000
147528  -54.700  56.449  -0.650 0.0000000000
190914  -54.485  56.251  0.037 0.0000000000
147508  -55.262  56.013  -0.318 0.0000000000
145453  -55.950  53.382  -0.426 0.0000000000
171035  -56.163  53.645  0.063 0.0000000000
144803  -56.223  52.942  0.090 0.0000000000
182145  -56.439  51.532  0.233 0.0000000000
144070  -55.846  51.864  -0.231 0.0000000000
143358  -55.315  50.644  -0.808 0.0000000000
143345  -54.912  51.431  -0.511 0.0000000000
165838  -53.622  52.265  -1.276 0.0000000000
144086  -53.995  51.510  -1.005 0.0000000000
180313  -53.390  51.632  -1.485 0.0000000000
142679  -53.521  49.819  -2.333 0.0000000000
146851  -53.083  55.059  -3.578 0.0000000000
146140  -53.397  54.810  -2.808 0.0000000000
146139  -52.645  54.426  -3.085 0.0000000000
144825  -51.199  52.306  -3.335 0.0000000000
144826  -51.737  52.681  -2.944 0.0000000000
130866  -55.357  34.737  9.033 0.0000000000
130089  -55.427  34.489  9.282 0.0000000000
130867  -55.900  35.187  8.898 0.0000000000
131654  -57.460  36.714  7.557 0.0000000000
131642  -57.293  36.255  7.786 0.0000000000
131655  -57.805  36.775  7.247 0.0000000000
131664  -57.927  36.410  6.363 0.0000000000
188685  -58.176  37.252  6.518 0.0000000000
133202  -58.703  38.106  5.117 0.0000000000
173365  -58.399  37.983  6.034 0.0000000000
134687  -57.069  40.443  6.237 0.0000000000
134700  -58.062  40.552  5.483 0.0000000000
135336  -58.009  41.223  5.167 0.0000000000
135348  -58.162  41.132  4.190 0.0000000000
135347  -57.671  41.765  4.583 0.0000000000
150219  -39.702  59.288  -6.559 0.0000000000
149592  -40.821  59.044  -5.542 0.0000000000
188082  -40.376  58.154  -6.282 0.0000000000
148949  -40.917  57.776  -5.749 0.0000000000
148960  -40.033  58.069  -6.910 0.0000000000
181869  -38.134  60.430  -9.189 0.0000000000
149623  -38.252  59.182  -9.316 0.0000000000
148998  -40.502  57.750  -9.207 0.0000000000
148985  -39.882  57.915  -8.660 0.0000000000
148986  -40.553  57.650  -8.514 0.0000000000
148295  -41.612  56.827  -7.442 0.0000000000
170480  -42.288  56.685  -7.921 0.0000000000
147594  -42.812  56.285  -7.305 0.0000000000
148296  -43.034  56.576  -7.928 0.0000000000
148326  -44.550  57.349  -9.405 0.0000000000
148311  -44.473  57.286  -8.699 0.0000000000
148312  -45.283  57.485  -8.823 0.0000000000
147598  -46.042  57.195  -7.640 0.0000000000
148328  -46.138  57.691  -8.783 0.0000000000
147629  -44.787  56.381  -11.249 0.0000000000
147646  -45.490  55.979  -11.750 0.0000000000
169847  -47.559  56.308  -10.237 0.0000000000
147619  -46.867  56.555  -10.261 0.0000000000
191740  -47.857  56.658  -9.626 0.0000000000
148999  -47.720  57.732  -8.508 0.0000000000
148314  -48.379  57.655  -8.516 0.0000000000
148315  -49.176  57.836  -8.291 0.0000000000
148331  -49.053  57.248  -8.742 0.0000000000
146912  -51.100  55.200  -10.106 0.0000000000
147610  -50.888  56.400  -8.775 0.0000000000
146902  -51.480  55.602  -9.339 0.0000000000
147611  -51.973  56.171  -8.772 0.0000000000
146903  -52.410  55.521  -9.322 0.0000000000
145541  -51.786  53.322  -12.997 0.0000000000
145529  -51.359  53.774  -12.486 0.0000000000
145530  -52.156  53.627  -12.364 0.0000000000
145524  -54.220  53.754  -11.531 0.0000000000
146187  -53.789  54.188  -11.047 0.0000000000
146179  -54.187  54.541  -10.396 0.0000000000
146915  -53.727  54.973  -9.890 0.0000000000
146180  -54.960  54.536  -10.337 0.0000000000
146917  -55.199  54.923  -9.862 0.0000000000
193133  -55.554  54.535  -10.232 0.0000000000
144881  -57.178  52.505  -10.861 0.0000000000
145527  -57.150  52.950  -10.318 0.0000000000
144878  -57.306  52.166  -10.034 0.0000000000
144874  -56.750  52.188  -9.040 0.0000000000
144183  -56.881  51.069  -9.687 0.0000000000
143434  -57.201  50.562  -10.128 0.0000000000
142773  -57.578  48.987  -11.562 0.0000000000
142036  -57.285  48.870  -11.200 0.0000000000
142049  -57.226  48.306  -11.676 0.0000000000
142047  -55.362  48.561  -12.057 0.0000000000
141312  -56.951  47.874  -12.143 0.0000000000
130916  -50.469  35.408  4.090 0.0000000000
132503  -50.454  37.523  3.909 0.0000000000
131677  -51.646  36.397  4.129 0.0000000000
132487  -51.731  37.147  4.179 0.0000000000
131679  -53.028  36.857  4.562 0.0000000000
132488  -52.437  37.423  4.414 0.0000000000
135370  -48.954  40.767  2.400 0.0000000000
134710  -49.693  39.996  3.122 0.0000000000
135353  -50.307  40.487  3.138 0.0000000000
168686  -52.231  40.752  4.238 0.0000000000
134703  -51.646  40.374  4.009 0.0000000000
134704  -52.374  40.159  4.510 0.0000000000
193718  -53.340  39.381  5.044 0.0000000000
186337  -53.414  40.366  5.090 0.0000000000
169329  -54.686  39.991  5.584 0.0000000000
134696  -54.126  40.781  5.369 0.0000000000
135993  -53.902  42.586  4.447 0.0000000000
135982  -54.347  42.271  5.015 0.0000000000
135994  -54.746  42.652  4.348 0.0000000000
136003  -56.212  42.307  3.991 0.0000000000
136001  -54.786  42.752  3.335 0.0000000000
142667  -46.767  50.303  -0.483 0.0000000000
141906  -46.188  49.045  1.623 0.0000000000
148939  -50.313  57.963  -4.455 0.0000000000
148264  -49.700  57.484  -3.828 0.0000000000
148255  -49.339  57.831  -2.603 0.0000000000
187237  -50.191  56.891  -1.200 0.0000000000
147526  -49.503  57.425  -1.328 0.0000000000
146830  -49.787  56.220  -1.291 0.0000000000
146125  -49.133  55.417  -1.334 0.0000000000
146126  -50.153  55.030  -1.183 0.0000000000
145434  -52.360  54.006  1.191 0.0000000000
144054  -50.648  51.995  0.840 0.0000000000
144783  -50.804  52.718  0.340 0.0000000000
144782  -50.206  52.225  0.158 0.0000000000
145449  -49.879  53.050  -0.703 0.0000000000
144069  -49.723  51.895  -0.043 0.0000000000
192184  -48.558  51.431  -0.511 0.0000000000
144052  -49.286  51.368  0.219 0.0000000000
142606  -49.472  49.450  3.279 0.0000000000
142605  -48.690  49.388  3.089 0.0000000000
195531  -47.849  49.077  3.063 0.0000000000
141129  -48.518  48.479  3.326 0.0000000000
167684  -48.321  47.678  2.689 0.0000000000
141144  -48.750  48.188  3.106 0.0000000000
141159  -50.529  47.622  1.125 0.0000000000
139514  -49.578  46.789  0.860 0.0000000000
140303  -50.344  46.942  0.696 0.0000000000
138792  -50.702  45.030  0.327 0.0000000000
193251  -51.019  45.589  0.300 0.0000000000
141170  -53.190  48.053  -0.139 0.0000000000
141161  -52.376  48.064  0.354 0.0000000000
138795  -52.980  44.689  0.231 0.0000000000
139517  -52.293  46.154  -0.095 0.0000000000
138086  -52.396  44.521  0.566 0.0000000000
137365  -52.779  43.759  1.433 0.0000000000
136686  -54.064  42.960  1.444 0.0000000000
136026  -54.422  42.383  1.765 0.0000000000
136025  -53.957  41.732  1.339 0.0000000000
135384  -53.878  40.763  1.460 0.0000000000
136036  -53.596  42.019  0.815 0.0000000000
136040  -52.766  41.969  -0.154 0.0000000000
136035  -52.947  41.563  0.438 0.0000000000
136039  -52.102  41.665  -0.548 0.0000000000
182978  -52.058  40.493  -0.085 0.0000000000
136049  -52.007  42.138  -1.139 0.0000000000
137407  -53.754  43.798  -2.178 0.0000000000
137416  -53.813  43.815  -3.032 0.0000000000
137413  -51.217  43.530  -3.547 0.0000000000
137405  -52.403  43.363  -2.639 0.0000000000
136721  -51.005  42.555  -2.400 0.0000000000
136059  -50.631  41.813  -2.096 0.0000000000
136072  -50.226  42.201  -2.750 0.0000000000
136058  -50.041  41.426  -2.579 0.0000000000
136732  -49.963  42.601  -3.452 0.0000000000
136753  -49.101  42.555  -5.235 0.0000000000
136747  -49.247  42.467  -4.436 0.0000000000
136085  -48.792  41.849  -4.698 0.0000000000
136084  -48.288  41.443  -5.167 0.0000000000
136093  -48.631  42.076  -5.603 0.0000000000
141954  -55.441  48.671  -3.001 0.0000000000
141191  -55.887  48.056  -3.426 0.0000000000
141190  -55.062  48.253  -3.510 0.0000000000
140403  -53.670  46.395  -5.790 0.0000000000
140379  -54.012  46.887  -5.180 0.0000000000
139605  -54.293  45.695  -6.565 0.0000000000
196451  -54.675  45.138  -7.115 0.0000000000
139619  -53.176  45.492  -7.231 0.0000000000
139601  -50.068  46.248  -6.248 0.0000000000
166489  -50.385  46.036  -6.875 0.0000000000
138172  -50.328  44.436  -9.317 0.0000000000
138892  -51.586  45.055  -9.021 0.0000000000
190470  -51.655  44.721  -9.201 0.0000000000
138175  -52.576  44.474  -8.852 0.0000000000
137460  -51.570  43.884  -9.039 0.0000000000
137451  -50.402  43.387  -8.705 0.0000000000
136107  -47.668  41.919  -8.404 0.0000000000
136759  -48.297  42.180  -7.660 0.0000000000
136099  -47.119  41.417  -7.703 0.0000000000
136091  -47.382  41.073  -6.462 0.0000000000
134729  -58.328  40.144  2.548 0.0000000000
134011  -57.804  39.716  2.099 0.0000000000
133238  -56.895  38.599  1.013 0.0000000000
146175  -57.061  53.979  -8.366 0.0000000000
146173  -56.982  54.294  -7.809 0.0000000000
145507  -56.582  53.557  -7.709 0.0000000000
146171  -56.138  53.928  -7.333 0.0000000000
146162  -54.898  54.506  -6.907 0.0000000000
146883  -54.419  54.982  -6.299 0.0000000000
146169  -54.345  54.123  -7.446 0.0000000000
138788  -47.487  45.310  0.706 0.0000000000
138784  -47.763  46.142  1.116 0.0000000000
146882  -46.287  55.515  -6.077 0.0000000000
146871  -46.905  55.540  -5.318 0.0000000000
148254  -48.015  57.368  -2.699 0.0000000000
144777  -56.298  52.413  1.439 0.0000000000
144766  -55.663  52.686  2.711 0.0000000000
144040  -56.593  50.956  1.889 0.0000000000
143317  -56.296  50.522  2.299 0.0000000000
141913  -56.395  49.512  1.591 0.0000000000
184127  -56.334  49.135  1.122 0.0000000000
141165  -57.195  48.640  0.377 0.0000000000
141173  -57.441  48.071  -0.214 0.0000000000
140319  -57.431  47.033  -1.379 0.0000000000
139544  -56.626  46.099  -2.554 0.0000000000
139531  -57.628  46.843  -2.058 0.0000000000
140339  -57.524  46.867  -3.238 0.0000000000
140356  -56.814  46.838  -4.211 0.0000000000
148979  -51.702  58.109  -7.486 0.0000000000
149607  -51.381  58.497  -7.085 0.0000000000
148966  -52.002  58.229  -7.243 0.0000000000
149609  -52.738  58.425  -6.514 0.0000000000
178270  -53.455  58.543  -5.281 0.0000000000
148276  -56.182  56.233  -4.648 0.0000000000
191025  -55.787  56.814  -4.379 0.0000000000
147567  -56.220  55.810  -3.501 0.0000000000
147559  -56.000  56.072  -2.790 0.0000000000
147530  -56.068  55.782  -1.624 0.0000000000
147509  -55.952  55.676  -0.809 0.0000000000
146833  -55.991  55.315  -1.345 0.0000000000
146129  -55.950  54.609  -1.044 0.0000000000
191699  -55.560  53.595  -0.853 0.0000000000
144801  -55.189  52.322  -0.486 0.0000000000
145476  -54.757  53.492  -1.045 0.0000000000
144819  -54.067  52.934  -1.118 0.0000000000
144818  -53.276  53.005  -1.615 0.0000000000
145488  -51.517  53.646  -3.655 0.0000000000
129417  -56.130  34.200  8.075 0.0000000000
130889  -55.821  35.754  7.997 0.0000000000
131640  -56.561  35.780  8.334 0.0000000000
131652  -56.390  36.333  7.677 0.0000000000
132472  -57.481  37.942  6.794 0.0000000000
133196  -57.572  38.672  6.359 0.0000000000
133195  -56.937  38.782  6.162 0.0000000000
133964  -56.607  39.869  6.106 0.0000000000
134686  -56.468  40.623  6.248 0.0000000000
172436  -38.850  59.556  -6.954 0.0000000000
149644  -39.153  59.016  -11.198 0.0000000000
149004  -39.071  58.502  -10.206 0.0000000000
149017  -39.991  57.913  -10.715 0.0000000000
148322  -41.123  57.574  -9.809 0.0000000000
148323  -41.823  57.370  -9.483 0.0000000000
148309  -42.943  57.076  -8.723 0.0000000000
165370  -42.236  57.324  -9.909 0.0000000000
148325  -43.676  57.314  -9.755 0.0000000000
148339  -44.208  57.116  -10.244 0.0000000000
146941  -47.055  55.014  -13.057 0.0000000000
147647  -46.245  55.735  -11.898 0.0000000000
147648  -46.912  55.657  -11.707 0.0000000000
147633  -47.957  55.792  -10.831 0.0000000000
147634  -48.678  55.609  -10.612 0.0000000000
147621  -48.963  56.013  -9.856 0.0000000000
146910  -49.429  55.439  -10.444 0.0000000000
146911  -50.240  55.284  -10.292 0.0000000000
146925  -50.760  54.871  -10.875 0.0000000000
171354  -53.002  52.793  -13.185 0.0000000000
187532  -53.378  53.101  -12.676 0.0000000000
144883  -54.169  52.984  -12.564 0.0000000000
145533  -54.621  53.318  -12.019 0.0000000000
145534  -55.473  53.168  -11.878 0.0000000000
145526  -55.889  53.513  -11.267 0.0000000000
145535  -56.268  52.951  -11.660 0.0000000000
144886  -57.216  52.036  -11.435 0.0000000000
144209  -57.520  51.040  -11.270 0.0000000000
143455  -57.538  50.202  -10.647 0.0000000000
143474  -57.639  49.968  -11.373 0.0000000000
143492  -57.584  49.865  -12.095 0.0000000000
142065  -57.383  48.446  -12.718 0.0000000000
135365  -44.669  40.700  2.065 0.0000000000
182455  -45.435  39.530  2.559 0.0000000000
177657  -45.051  38.926  2.616 0.0000000000
133229  -46.512  38.094  2.955 0.0000000000
131695  -49.477  36.576  3.610 0.0000000000
132501  -48.925  37.226  3.424 0.0000000000
132502  -49.706  37.376  3.665 0.0000000000
133216  -50.690  38.277  3.987 0.0000000000
136667  -50.296  42.003  1.900 0.0000000000
135371  -50.213  41.017  2.699 0.0000000000
136013  -50.744  41.644  2.517 0.0000000000
135354  -51.647  41.374  3.450 0.0000000000
135344  -52.459  41.286  4.239 0.0000000000
135345  -52.975  41.584  4.581 0.0000000000
190398  -52.722  41.811  4.167 0.0000000000
136648  -53.535  42.741  3.781 0.0000000000
144081  -45.852  51.912  -1.330 0.0000000000
143355  -46.736  51.226  -1.213 0.0000000000
186193  -47.448  50.531  -0.303 0.0000000000
184993  -50.499  58.714  -1.274 0.0000000000
148905  -50.186  58.692  -1.581 0.0000000000
148224  -50.440  58.325  -0.981 0.0000000000
147527  -50.819  56.938  -1.008 0.0000000000
146801  -51.169  56.149  -0.818 0.0000000000
180118  -52.686  51.976  2.784 0.0000000000
144776  -51.962  53.091  1.415 0.0000000000
144021  -52.065  51.793  2.500 0.0000000000
144020  -51.405  51.497  2.272 0.0000000000
143316  -50.779  51.060  2.226 0.0000000000
186034  -49.970  50.648  2.089 0.0000000000
179300  -50.468  50.449  2.666 0.0000000000
190092  -50.196  49.395  3.326 0.0000000000
141131  -50.001  48.621  3.232 0.0000000000
141145  -49.484  48.224  3.007 0.0000000000
170056  -50.286  48.266  2.675 0.0000000000
167778  -50.740  48.120  1.780 0.0000000000
141160  -51.052  47.886  1.083 0.0000000000
139522  -54.148  46.965  -1.097 0.0000000000
179958  -53.343  45.578  -0.651 0.0000000000
138799  -53.323  44.973  -0.458 0.0000000000
138087  -53.257  44.154  0.567 0.0000000000
137376  -53.520  43.696  0.333 0.0000000000
168406  -53.608  43.009  0.256 0.0000000000
136705  -53.201  42.675  -0.401 0.0000000000
136711  -52.776  42.758  -1.215 0.0000000000
137426  -53.836  44.007  -4.003 0.0000000000
137425  -52.852  43.966  -4.076 0.0000000000
137424  -51.899  43.921  -4.188 0.0000000000
137423  -51.006  43.742  -4.355 0.0000000000
136742  -50.414  43.258  -3.825 0.0000000000
137422  -50.254  43.466  -4.661 0.0000000000
137432  -50.230  43.535  -5.593 0.0000000000
136754  -49.578  43.045  -5.864 0.0000000000
168266  -53.778  48.759  -3.250 0.0000000000
141968  -54.233  48.347  -3.579 0.0000000000
141213  -53.888  47.937  -4.085 0.0000000000
140378  -53.118  47.021  -5.108 0.0000000000
140402  -52.778  46.559  -5.696 0.0000000000
184947  -48.608  45.669  -8.234 0.0000000000
138881  -49.690  45.346  -8.416 0.0000000000
138890  -49.049  45.044  -8.915 0.0000000000
138171  -49.493  44.503  -9.311 0.0000000000
137464  -49.602  43.650  -9.450 0.0000000000
137457  -49.366  43.161  -9.192 0.0000000000
136781  -48.668  43.326  -9.517 0.0000000000
136773  -47.875  42.326  -9.232 0.0000000000
136113  -47.162  42.035  -9.368 0.0000000000
190729  -46.553  41.888  -9.445 0.0000000000
195011  -45.701  41.773  -9.280 0.0000000000
132491  -58.906  37.534  3.556 0.0000000000
148320  -54.286  56.473  -8.301 0.0000000000
148305  -54.134  56.976  -7.815 0.0000000000
182986  -55.048  56.777  -7.547 0.0000000000
148292  -56.098  56.274  -7.058 0.0000000000
176053  -56.193  56.340  -6.138 0.0000000000
146892  -56.770  55.026  -6.775 0.0000000000
147591  -56.709  55.581  -6.270 0.0000000000
187628  -56.602  55.780  -5.703 0.0000000000
146876  -56.414  55.657  -4.842 0.0000000000
146875  -55.968  55.452  -4.334 0.0000000000
146853  -55.045  55.271  -3.012 0.0000000000
146845  -54.262  55.034  -2.532 0.0000000000
146863  -54.813  55.401  -3.926 0.0000000000
146862  -53.682  55.297  -3.978 0.0000000000
146861  -52.902  55.144  -4.610 0.0000000000
189655  -53.685  55.128  -5.824 0.0000000000
146872  -52.953  55.065  -5.576 0.0000000000
129381  -54.475  33.357  10.688 0.0000000000
129392  -54.461  33.601  10.430 0.0000000000
129398  -54.299  34.004  9.703 0.0000000000
130096  -54.447  34.739  8.400 0.0000000000
129406  -53.045  33.917  8.028 0.0000000000
196720  -53.571  34.394  7.911 0.0000000000
130108  -54.425  35.090  7.662 0.0000000000
130888  -54.824  35.525  7.383 0.0000000000
131661  -54.715  36.304  6.055 0.0000000000
131669  -54.272  36.629  5.361 0.0000000000
150258  -39.011  59.734  -11.044 0.0000000000
149653  -39.371  59.338  -11.703 0.0000000000
149025  -39.988  58.270  -12.149 0.0000000000
148373  -41.095  57.458  -12.683 0.0000000000
146204  -49.985  54.215  -12.560 0.0000000000
144896  -52.542  52.498  -13.735 0.0000000000
144897  -53.362  52.318  -13.577 0.0000000000
144227  -54.542  51.498  -13.692 0.0000000000
143505  -55.038  50.711  -13.969 0.0000000000
143506  -56.073  50.345  -13.600 0.0000000000
143517  -54.537  50.282  -14.587 0.0000000000
142821  -54.956  49.596  -14.984 0.0000000000
136682  -48.300  42.260  0.908 0.0000000000
167391  -49.132  42.300  1.007 0.0000000000
136683  -49.934  42.403  1.293 0.0000000000
137362  -50.478  42.978  1.064 0.0000000000
185957  -50.706  43.575  0.766 0.0000000000
174837  -46.662  55.907  -1.108 0.0000000000
173717  -47.420  55.438  -1.268 0.0000000000
147496  -53.188  56.133  0.562 0.0000000000
146791  -52.805  55.681  0.665 0.0000000000
194004  -53.215  55.149  1.223 0.0000000000
146084  -53.147  54.450  1.604 0.0000000000
145414  -53.431  53.210  2.470 0.0000000000
144765  -55.180  52.593  2.948 0.0000000000
144764  -54.263  52.756  2.908 0.0000000000
144763  -53.322  52.385  2.869 0.0000000000
144022  -53.213  51.549  3.114 0.0000000000
194120  -53.683  50.276  3.344 0.0000000000
142627  -53.653  49.666  2.969 0.0000000000
141909  -52.710  49.092  2.077 0.0000000000
141910  -53.607  49.237  1.979 0.0000000000
141925  -53.942  49.073  1.144 0.0000000000
141162  -53.919  48.741  0.258 0.0000000000
141927  -55.631  48.930  0.572 0.0000000000
141171  -54.924  48.019  -0.668 0.0000000000
192243  -54.666  47.514  -1.062 0.0000000000
177792  -54.422  45.644  -1.786 0.0000000000
138107  -54.157  44.948  -1.618 0.0000000000
138119  -54.080  44.345  -1.844 0.0000000000
138120  -54.583  44.816  -2.224 0.0000000000
138121  -55.159  44.911  -2.752 0.0000000000
138128  -55.119  44.489  -3.414 0.0000000000
138831  -56.318  45.640  -3.006 0.0000000000
187247  -54.759  44.211  -4.497 0.0000000000
138143  -54.921  44.539  -5.684 0.0000000000
164352  -54.261  44.516  -6.235 0.0000000000
179080  -53.768  44.473  -6.645 0.0000000000
141211  -51.822  47.566  -4.331 0.0000000000
140353  -50.959  47.431  -4.407 0.0000000000
196642  -50.078  46.707  -5.229 0.0000000000
180986  -49.405  46.212  -6.317 0.0000000000
139615  -48.833  46.060  -7.065 0.0000000000
138880  -47.495  45.823  -8.547 0.0000000000
138888  -47.117  45.320  -9.117 0.0000000000
138168  -46.818  44.476  -9.404 0.0000000000
148963  -49.041  58.174  -7.259 0.0000000000
195289  -48.823  57.409  -6.197 0.0000000000
148951  -49.745  58.039  -6.100 0.0000000000
168544  -50.283  58.166  -5.580 0.0000000000
148930  -50.788  58.493  -3.875 0.0000000000
149581  -51.174  58.742  -5.662 0.0000000000
149570  -51.311  58.820  -4.631 0.0000000000
149548  -50.933  59.010  -2.012 0.0000000000
149539  -51.721  58.790  -1.438 0.0000000000
148894  -52.048  58.262  -1.015 0.0000000000
148969  -53.947  57.746  -6.748 0.0000000000
148942  -54.015  58.105  -5.359 0.0000000000
148941  -53.706  58.369  -4.565 0.0000000000
196654  -54.738  57.322  -3.825 0.0000000000
148920  -54.146  57.767  -3.338 0.0000000000
148931  -53.686  58.278  -3.796 0.0000000000
148907  -53.130  58.223  -2.037 0.0000000000
148895  -52.729  58.074  -1.316 0.0000000000
147506  -53.064  56.693  0.119 0.0000000000
147497  -53.895  56.168  0.522 0.0000000000
146792  -54.405  55.740  0.962 0.0000000000
146095  -55.743  54.667  1.156 0.0000000000
146794  -55.959  54.880  0.348 0.0000000000
146096  -56.084  54.149  0.607 0.0000000000
146088  -55.953  53.948  1.430 0.0000000000
143347  -56.735  50.811  -0.084 0.0000000000
142668  -56.980  50.184  -0.394 0.0000000000
141937  -57.115  49.237  -1.414 0.0000000000
142674  -56.648  49.909  -1.078 0.0000000000
167764  -55.788  50.015  -1.257 0.0000000000
172825  -54.795  49.656  -2.063 0.0000000000
143357  -54.422  50.747  -1.066 0.0000000000
142680  -54.295  49.444  -2.449 0.0000000000
142689  -53.689  49.237  -2.838 0.0000000000
141952  -52.997  49.007  -3.184 0.0000000000
141951  -52.093  49.016  -3.329 0.0000000000
146134  -53.776  54.509  -2.110 0.0000000000
146133  -53.002  54.146  -2.403 0.0000000000
144822  -52.596  52.689  -2.145 0.0000000000
145485  -51.841  53.361  -3.079 0.0000000000
144821  -52.137  52.470  -2.555 0.0000000000
144089  -52.408  51.963  -2.310 0.0000000000
130083  -55.120  34.154  9.680 0.0000000000
129408  -56.087  34.755  8.783 0.0000000000
184339  -56.557  34.940  8.374 0.0000000000
130875  -56.611  35.545  8.422 0.0000000000
130876  -57.059  35.926  8.059 0.0000000000
130119  -57.058  35.291  6.943 0.0000000000
131671  -58.060  36.577  5.361 0.0000000000
188625  -58.339  36.916  4.671 0.0000000000
132481  -58.710  37.452  4.474 0.0000000000
133203  -58.974  38.210  4.174 0.0000000000
133985  -59.081  39.043  3.822 0.0000000000
133966  -57.906  39.250  5.993 0.0000000000
133984  -58.788  39.789  4.351 0.0000000000
134714  -58.601  40.447  3.831 0.0000000000
173554  -58.035  40.785  3.236 0.0000000000
134713  -57.267  41.206  3.142 0.0000000000
135356  -56.499  41.566  3.079 0.0000000000
183136  -38.920  58.759  -7.576 0.0000000000
149622  -38.746  58.605  -8.997 0.0000000000
148984  -39.223  58.219  -8.443 0.0000000000
148971  -39.794  58.032  -7.515 0.0000000000
148972  -40.377  57.627  -7.265 0.0000000000
148285  -41.661  56.746  -6.583 0.0000000000
147583  -42.193  56.341  -6.266 0.0000000000
147576  -42.790  56.098  -6.054 0.0000000000
146879  -44.027  55.481  -6.187 0.0000000000
146888  -44.747  55.501  -6.530 0.0000000000
148297  -43.754  56.868  -8.252 0.0000000000
147596  -44.225  56.350  -7.599 0.0000000000
146889  -45.520  55.639  -6.639 0.0000000000
147588  -46.304  56.320  -6.930 0.0000000000
148286  -46.717  57.332  -7.437 0.0000000000
148287  -47.367  57.439  -7.211 0.0000000000
148352  -42.323  56.637  -11.810 0.0000000000
147627  -43.184  56.395  -11.665 0.0000000000
148354  -44.304  56.732  -10.902 0.0000000000
148340  -45.529  57.140  -10.001 0.0000000000
147631  -46.351  56.175  -11.074 0.0000000000
147618  -46.175  56.878  -10.180 0.0000000000
163698  -46.095  57.398  -9.425 0.0000000000
148987  -46.825  57.829  -8.559 0.0000000000
148974  -47.590  57.972  -8.036 0.0000000000
148962  -48.409  57.990  -7.484 0.0000000000
148976  -48.828  58.094  -7.739 0.0000000000
148991  -49.311  58.171  -7.908 0.0000000000
166812  -49.962  57.930  -8.140 0.0000000000
170115  -50.082  56.259  -9.103 0.0000000000
148316  -50.729  57.397  -8.306 0.0000000000
169317  -51.313  57.587  -8.109 0.0000000000
148317  -51.977  57.342  -8.059 0.0000000000
147603  -52.430  56.677  -8.355 0.0000000000
147604  -53.223  56.466  -8.419 0.0000000000
175854  -50.375  54.299  -12.132 0.0000000000
146185  -51.263  54.437  -11.380 0.0000000000
146926  -51.676  54.785  -10.680 0.0000000000
146198  -53.370  53.843  -11.647 0.0000000000
175993  -52.939  54.262  -11.183 0.0000000000
146914  -52.794  55.027  -10.038 0.0000000000
146904  -53.291  55.450  -9.343 0.0000000000
147613  -53.660  55.882  -8.870 0.0000000000
147614  -54.354  55.747  -8.975 0.0000000000
147615  -54.977  55.638  -9.085 0.0000000000
146898  -55.661  55.576  -9.027 0.0000000000
146908  -56.299  55.099  -9.297 0.0000000000
146190  -56.223  53.784  -10.758 0.0000000000
146182  -56.909  54.054  -9.761 0.0000000000
145519  -57.090  53.580  -8.957 0.0000000000
144864  -56.936  52.793  -8.864 0.0000000000
144873  -56.243  52.156  -8.961 0.0000000000
143454  -57.105  49.914  -10.434 0.0000000000
142755  -55.637  49.395  -11.137 0.0000000000
142806  -56.912  49.273  -13.464 0.0000000000
142080  -57.144  48.063  -13.226 0.0000000000
130127  -51.949  34.784  5.301 0.0000000000
131676  -50.908  36.066  3.984 0.0000000000
130917  -51.628  35.720  4.279 0.0000000000
130906  -52.295  35.465  4.786 0.0000000000
130907  -53.164  35.668  5.176 0.0000000000
132477  -53.764  37.108  4.924 0.0000000000
132478  -54.647  37.443  5.328 0.0000000000
187545  -48.885  40.082  2.785 0.0000000000
133990  -49.822  39.461  3.396 0.0000000000
172028  -51.130  38.952  4.067 0.0000000000
134711  -50.930  40.418  3.575 0.0000000000
133980  -51.015  39.714  3.845 0.0000000000
182812  -51.803  38.752  4.355 0.0000000000
133207  -52.542  38.361  4.591 0.0000000000
172565  -53.692  38.890  5.083 0.0000000000
133201  -54.499  38.423  5.270 0.0000000000
133975  -55.236  39.087  5.601 0.0000000000
133963  -55.740  40.161  6.010 0.0000000000
135325  -56.046  41.178  6.097 0.0000000000
188798  -54.013  41.593  5.181 0.0000000000
135334  -55.608  41.859  5.676 0.0000000000
135335  -56.511  41.910  5.805 0.0000000000
181629  -56.914  42.186  4.928 0.0000000000
135373  -55.853  41.001  2.567 0.0000000000
141905  -45.374  48.744  1.873 0.0000000000
141888  -45.961  48.707  2.724 0.0000000000
190577  -46.467  48.305  3.370 0.0000000000
148263  -49.139  56.978  -4.519 0.0000000000
148243  -47.814  57.827  -1.920 0.0000000000
148244  -49.023  58.092  -1.840 0.0000000000
181056  -48.406  57.879  -1.868 0.0000000000
148221  -48.063  57.799  -1.775 0.0000000000
146829  -48.362  56.380  -1.311 0.0000000000
146124  -48.196  55.291  -1.311 0.0000000000
146803  -52.234  56.111  -0.001 0.0000000000
146802  -51.650  55.707  -0.352 0.0000000000
146127  -50.998  55.301  -0.759 0.0000000000
144784  -51.402  53.012  0.719 0.0000000000
145451  -51.290  53.938  0.020 0.0000000000
146104  -50.790  54.335  -0.619 0.0000000000
146103  -50.046  53.883  -0.962 0.0000000000
145474  -49.197  53.465  -1.169 0.0000000000
145473  -48.340  53.440  -1.304 0.0000000000
144084  -48.680  52.167  -1.010 0.0000000000
142656  -47.786  50.194  0.492 0.0000000000
143300  -49.325  50.556  1.656 0.0000000000
142639  -48.747  50.255  1.596 0.0000000000
142637  -47.409  49.705  1.162 0.0000000000
141889  -47.302  49.007  2.843 0.0000000000
141127  -47.031  48.348  3.372 0.0000000000
140288  -46.718  47.978  3.318 0.0000000000
139498  -47.404  47.089  2.375 0.0000000000
175834  -47.690  46.758  1.757 0.0000000000
139512  -48.538  46.134  0.788 0.0000000000
140297  -49.222  47.293  1.615 0.0000000000
139507  -48.853  46.740  1.113 0.0000000000
138790  -48.994  45.534  0.492 0.0000000000
138791  -49.758  45.157  0.366 0.0000000000
138084  -50.466  44.258  0.423 0.0000000000
137375  -51.240  43.856  0.790 0.0000000000
141156  -52.119  48.656  1.282 0.0000000000
164345  -51.616  47.969  0.751 0.0000000000
140310  -52.659  47.098  -0.281 0.0000000000
139516  -51.632  45.763  0.190 0.0000000000
138793  -51.589  44.905  0.343 0.0000000000
138085  -51.821  44.196  0.732 0.0000000000
137364  -51.955  43.631  1.303 0.0000000000
137356  -52.428  43.305  1.955 0.0000000000
136671  -53.570  43.310  2.512 0.0000000000
136659  -53.872  43.163  3.107 0.0000000000
192371  -53.839  43.349  1.833 0.0000000000
136660  -54.297  43.051  2.912 0.0000000000
188311  -55.191  42.393  2.828 0.0000000000
171408  -54.952  42.038  2.317 0.0000000000
135372  -55.170  41.214  2.278 0.0000000000
134725  -54.551  40.487  1.917 0.0000000000
134741  -53.229  40.160  1.019 0.0000000000
135392  -52.595  40.556  0.466 0.0000000000
134744  -52.140  39.816  -0.041 0.0000000000
134743  -51.752  40.059  -0.451 0.0000000000
136724  -53.240  43.346  -1.682 0.0000000000
136723  -52.603  43.070  -1.962 0.0000000000
137415  -53.082  43.674  -3.249 0.0000000000
189878  -52.150  42.612  -1.641 0.0000000000
186015  -51.493  41.848  -1.313 0.0000000000
136048  -51.020  41.531  -1.482 0.0000000000
134749  -50.807  40.248  -1.639 0.0000000000
135409  -50.091  40.644  -2.627 0.0000000000
135422  -49.664  41.019  -3.141 0.0000000000
136740  -49.493  42.355  -3.829 0.0000000000
136078  -49.171  41.849  -3.955 0.0000000000
141181  -57.028  48.188  -2.666 0.0000000000
141216  -56.385  47.420  -3.854 0.0000000000
140355  -56.138  46.997  -4.443 0.0000000000
141214  -54.735  47.840  -4.068 0.0000000000
140380  -54.951  46.689  -5.215 0.0000000000
139587  -55.383  45.954  -5.892 0.0000000000
138865  -54.927  44.964  -6.953 0.0000000000
138161  -54.507  44.826  -7.384 0.0000000000
138159  -53.418  44.427  -8.086 0.0000000000
140376  -51.431  47.073  -4.988 0.0000000000
138882  -51.278  45.420  -8.181 0.0000000000
138871  -51.833  45.567  -7.637 0.0000000000
138872  -52.846  45.260  -8.072 0.0000000000
138884  -52.976  44.814  -8.631 0.0000000000
138165  -53.018  44.380  -8.486 0.0000000000
137446  -52.039  44.099  -7.267 0.0000000000
137445  -51.204  43.787  -7.538 0.0000000000
137440  -50.286  43.458  -6.656 0.0000000000
136760  -49.465  42.930  -6.944 0.0000000000
136766  -49.729  42.996  -8.153 0.0000000000
136765  -48.929  42.615  -7.733 0.0000000000
189070  -48.582  42.281  -6.671 0.0000000000
128023  -54.014  32.777  11.337 0.0000000000
128713  -55.143  33.821  9.701 0.0000000000
129393  -54.787  33.740  10.076 0.0000000000
129397  -53.306  33.767  9.003 0.0000000000
129400  -55.558  34.388  9.257 0.0000000000
130088  -54.873  34.452  9.381 0.0000000000
130090  -55.917  34.951  8.889 0.0000000000
130098  -56.656  35.518  8.401 0.0000000000
130109  -56.306  34.487  7.378 0.0000000000
130110  -56.929  35.286  7.788 0.0000000000
130868  -56.270  35.218  8.670 0.0000000000
130874  -56.243  35.364  8.577 0.0000000000
130877  -57.444  36.376  7.668 0.0000000000
130890  -57.413  35.834  7.532 0.0000000000
130895  -52.777  35.045  5.581 0.0000000000
130897  -54.361  35.719  6.408 0.0000000000
130899  -57.310  35.608  6.578 0.0000000000
130938  -50.053  35.973  3.785 0.0000000000
131641  -56.989  35.994  8.077 0.0000000000
131662  -55.626  36.667  6.560 0.0000000000
131667  -52.784  36.123  4.590 0.0000000000
131668  -53.504  36.360  4.975 0.0000000000
131678  -52.322  36.634  4.294 0.0000000000
132462  -57.380  37.172  7.260 0.0000000000
132463  -57.637  37.258  7.142 0.0000000000
132486  -51.028  36.917  4.008 0.0000000000
132490  -58.355  37.003  3.871 0.0000000000
132500  -47.458  36.867  3.082 0.0000000000
132504  -58.551  37.105  2.994 0.0000000000
132519  -47.014  37.450  3.030 0.0000000000
133200  -53.846  37.949  4.974 0.0000000000
133206  -51.815  37.947  4.309 0.0000000000
133215  -49.973  38.184  3.732 0.0000000000
133973  -53.016  39.782  4.909 0.0000000000
133981  -51.719  39.554  4.241 0.0000000000
133983  -53.014  39.030  4.871 0.0000000000
133989  -49.212  39.441  3.154 0.0000000000
133991  -50.341  39.055  3.744 0.0000000000
134003  -44.635  39.438  2.468 0.0000000000
134005  -46.822  38.962  2.875 0.0000000000
134009  -55.579  39.643  2.122 0.0000000000
134036  -53.008  38.861  0.124 0.0000000000
134688  -57.721  40.122  5.969 0.0000000000
134695  -52.959  40.454  4.839 0.0000000000
134699  -57.567  40.956  5.932 0.0000000000
134715  -58.944  39.746  3.442 0.0000000000
134721  -45.033  40.103  2.312 0.0000000000
134724  -49.600  40.555  2.779 0.0000000000
134762  -49.896  40.212  -3.187 0.0000000000
135332  -53.373  41.089  4.975 0.0000000000
135333  -54.725  41.716  5.435 0.0000000000
135343  -51.940  41.036  3.901 0.0000000000
135357  -57.718  41.459  3.744 0.0000000000
135395  -51.677  40.834  -0.567 0.0000000000
135402  -51.076  40.838  -1.235 0.0000000000
135421  -49.241  41.315  -3.570 0.0000000000
135431  -48.915  41.196  -4.108 0.0000000000
135983  -55.167  42.321  5.122 0.0000000000
135991  -52.250  41.632  3.785 0.0000000000
135992  -53.199  42.240  4.351 0.0000000000
135999  -51.365  41.630  2.959 0.0000000000
136002  -55.407  42.511  3.651 0.0000000000
136012  -49.907  41.467  2.209 0.0000000000
136015  -54.708  42.667  2.508 0.0000000000
136060  -51.434  42.226  -1.710 0.0000000000
136105  -46.052  41.561  -9.155 0.0000000000
136668  -50.932  42.258  2.085 0.0000000000
136670  -52.841  43.102  2.539 0.0000000000
136696  -49.619  42.940  0.707 0.0000000000
136697  -53.773  42.725  0.791 0.0000000000
136734  -51.529  43.183  -2.834 0.0000000000
136748  -49.638  43.024  -4.964 0.0000000000
136772  -46.771  42.255  -9.696 0.0000000000
136774  -49.167  42.819  -8.663 0.0000000000
136775  -49.821  43.115  -8.867 0.0000000000
136780  -47.912  42.799  -9.564 0.0000000000
137349  -54.003  43.267  2.525 0.0000000000
137363  -51.191  43.302  1.250 0.0000000000
137366  -53.337  43.689  1.167 0.0000000000
137436  -53.386  44.199  -4.765 0.0000000000
137452  -51.145  43.715  -8.578 0.0000000000
137458  -50.117  43.503  -9.146 0.0000000000
137465  -50.377  43.882  -9.445 0.0000000000
138135  -54.127  44.295  -5.127 0.0000000000
138136  -55.456  44.650  -4.329 0.0000000000
138144  -55.481  44.791  -5.426 0.0000000000
138150  -53.529  44.452  -7.440 0.0000000000
138151  -54.221  44.637  -7.205 0.0000000000
138158  -52.891  44.222  -7.916 0.0000000000
138160  -53.929  44.740  -7.800 0.0000000000
138173  -51.163  44.248  -9.347 0.0000000000
138174  -52.030  44.272  -9.181 0.0000000000
138179  -48.170  43.905  -9.523 0.0000000000
138181  -49.803  44.107  -9.498 0.0000000000
138783  -47.009  45.915  1.225 0.0000000000
138798  -52.900  45.426  -0.215 0.0000000000
138843  -56.921  46.019  -3.147 0.0000000000
138850  -56.081  45.195  -4.245 0.0000000000
138857  -55.900  45.104  -4.873 0.0000000000
138866  -55.713  45.193  -5.807 0.0000000000
138873  -53.733  45.013  -7.983 0.0000000000
138874  -54.434  44.938  -7.545 0.0000000000
138893  -52.232  44.773  -9.061 0.0000000000
139499  -47.968  47.176  2.184 0.0000000000
139506  -48.198  46.724  1.422 0.0000000000
139521  -53.653  46.189  -0.949 0.0000000000
139530  -57.066  46.553  -2.039 0.0000000000
139545  -57.293  46.331  -2.598 0.0000000000
139546  -57.626  46.639  -2.734 0.0000000000
139561  -57.328  46.441  -3.210 0.0000000000
139606  -54.994  45.411  -6.548 0.0000000000
139607  -55.785  45.556  -5.800 0.0000000000
139617  -51.007  45.845  -7.239 0.0000000000
139620  -54.077  45.289  -7.274 0.0000000000
139628  -49.438  45.777  -7.696 0.0000000000
139629  -50.312  45.661  -7.712 0.0000000000
140290  -48.053  48.111  3.161 0.0000000000
140292  -47.073  47.489  3.025 0.0000000000
140293  -47.710  47.568  2.877 0.0000000000
140294  -48.973  47.758  2.477 0.0000000000
140295  -49.661  47.832  2.182 0.0000000000
140298  -49.902  47.399  1.334 0.0000000000
140304  -51.113  47.255  0.540 0.0000000000
140312  -57.211  47.484  -0.794 0.0000000000
140313  -57.652  47.527  -0.784 0.0000000000
140314  -57.832  47.780  -1.094 0.0000000000
140318  -56.770  46.946  -1.503 0.0000000000
140338  -57.055  47.161  -3.623 0.0000000000
140354  -55.280  47.190  -4.559 0.0000000000
140357  -57.233  46.637  -3.795 0.0000000000
140381  -55.831  46.516  -5.091 0.0000000000
140382  -56.505  46.395  -4.761 0.0000000000
141126  -45.961  48.291  3.232 0.0000000000
141128  -47.735  48.399  3.319 0.0000000000
141146  -50.705  48.784  3.024 0.0000000000
141163  -54.816  48.610  -0.069 0.0000000000
141164  -56.559  48.705  0.487 0.0000000000
141174  -57.710  48.157  -0.461 0.0000000000
141179  -57.799  48.110  -1.547 0.0000000000
141182  -57.663  47.823  -2.314 0.0000000000
141183  -57.866  47.452  -1.803 0.0000000000
141192  -56.678  47.823  -3.297 0.0000000000
141234  -52.686  47.518  -4.493 0.0000000000
141235  -53.510  47.483  -4.578 0.0000000000
141339  -57.159  47.733  -12.407 0.0000000000
141871  -46.638  48.607  3.211 0.0000000000
141872  -47.426  48.636  3.297 0.0000000000
141873  -48.163  48.777  3.289 0.0000000000
141874  -49.015  48.852  3.347 0.0000000000
141875  -49.750  48.915  3.328 0.0000000000
141890  -47.991  49.228  2.889 0.0000000000
141891  -51.474  49.076  2.922 0.0000000000
141892  -52.420  49.271  2.841 0.0000000000
141893  -53.267  49.382  2.762 0.0000000000
141922  -44.812  48.814  1.065 0.0000000000
141928  -56.872  49.128  0.982 0.0000000000
141929  -57.271  49.101  0.662 0.0000000000
141932  -57.757  48.635  -0.239 0.0000000000
141938  -57.660  49.092  -0.587 0.0000000000
141944  -55.066  49.183  -2.511 0.0000000000
141945  -56.657  48.857  -2.219 0.0000000000
141955  -56.248  48.466  -2.881 0.0000000000
142035  -56.668  48.725  -11.285 0.0000000000
142048  -56.424  48.254  -11.760 0.0000000000
142050  -57.412  48.306  -12.066 0.0000000000
142607  -50.533  50.079  2.989 0.0000000000
142610  -53.031  49.840  3.120 0.0000000000
142611  -54.004  49.952  3.170 0.0000000000
142612  -54.677  50.096  3.187 0.0000000000
142622  -47.693  49.512  2.119 0.0000000000
142625  -49.983  49.993  2.899 0.0000000000
142626  -52.945  49.539  2.966 0.0000000000
142628  -54.486  49.801  2.934 0.0000000000
142629  -55.293  50.073  2.873 0.0000000000
142638  -48.083  49.972  1.399 0.0000000000
142641  -56.343  49.958  1.958 0.0000000000
142657  -57.327  49.583  0.660 0.0000000000
142669  -57.496  49.680  -0.043 0.0000000000
142688  -52.945  49.687  -2.730 0.0000000000
142756  -56.873  49.253  -10.785 0.0000000000
142789  -57.475  49.301  -12.576 0.0000000000
143286  -51.674  50.204  2.948 0.0000000000
143288  -53.099  50.669  3.247 0.0000000000
143313  -48.418  50.470  0.740 0.0000000000
143314  -49.048  50.735  0.899 0.0000000000
143315  -49.684  51.019  1.125 0.0000000000
143318  -56.744  50.217  1.739 0.0000000000
143328  -48.127  50.766  -0.085 0.0000000000
143330  -56.902  50.819  0.709 0.0000000000
143343  -46.414  50.731  -0.990 0.0000000000
143344  -47.083  50.890  -0.892 0.0000000000
143346  -55.906  51.133  -0.315 0.0000000000
143354  -46.147  51.247  -1.275 0.0000000000
143356  -53.633  50.909  -1.457 0.0000000000
143362  -53.322  50.427  -1.899 0.0000000000
143473  -57.485  50.749  -12.124 0.0000000000
144008  -53.816  50.993  3.355 0.0000000000
144023  -53.990  51.866  3.228 0.0000000000
144024  -54.802  52.030  3.234 0.0000000000
144026  -56.166  51.364  2.443 0.0000000000
144037  -50.345  51.370  1.431 0.0000000000
144038  -51.030  51.769  1.635 0.0000000000
144039  -51.698  52.229  1.902 0.0000000000
144041  -56.850  50.675  1.388 0.0000000000
144068  -47.773  51.124  -0.771 0.0000000000
144083  -47.988  51.820  -1.101 0.0000000000
144162  -57.020  51.731  -9.491 0.0000000000
144184  -57.286  51.278  -9.987 0.0000000000
144197  -57.370  51.664  -10.677 0.0000000000
144226  -53.735  51.736  -13.916 0.0000000000
144762  -52.537  52.654  2.299 0.0000000000
144767  -56.042  52.375  2.304 0.0000000000
144785  -56.368  52.330  0.608 0.0000000000
144798  -49.238  51.955  -0.507 0.0000000000
144799  -49.774  52.399  -0.401 0.0000000000
144800  -50.269  52.739  -0.220 0.0000000000
144816  -48.112  52.612  -1.268 0.0000000000
144863  -56.550  52.661  -8.572 0.0000000000
144875  -57.105  52.418  -9.420 0.0000000000
144885  -56.705  52.344  -11.940 0.0000000000
144890  -53.753  52.646  -13.059 0.0000000000
145416  -55.319  53.218  2.525 0.0000000000
145417  -55.753  53.086  2.370 0.0000000000
145424  -53.572  53.974  2.099 0.0000000000
145425  -54.148  54.296  2.069 0.0000000000
145427  -56.040  53.186  1.798 0.0000000000
145433  -51.674  53.618  0.678 0.0000000000
145452  -55.404  53.041  -0.683 0.0000000000
145475  -53.935  53.529  -1.368 0.0000000000
145477  -55.902  53.948  -0.710 0.0000000000
145480  -52.198  53.063  -2.551 0.0000000000
145481  -52.773  53.413  -2.181 0.0000000000
145508  -56.873  53.761  -7.839 0.0000000000
145515  -55.457  53.156  -8.270 0.0000000000
145517  -56.816  53.262  -8.252 0.0000000000
145521  -56.792  53.670  -10.364 0.0000000000
145525  -55.069  53.662  -11.408 0.0000000000
145531  -52.965  53.512  -12.229 0.0000000000
146087  -55.333  54.340  1.765 0.0000000000
146105  -51.496  54.775  -0.195 0.0000000000
146138  -52.002  54.047  -3.345 0.0000000000
146144  -51.726  54.221  -4.035 0.0000000000
146156  -53.329  54.896  -6.294 0.0000000000
146172  -56.761  54.069  -7.416 0.0000000000
146176  -56.498  54.626  -9.739 0.0000000000
146177  -56.928  54.415  -9.136 0.0000000000
146181  -56.207  54.292  -10.268 0.0000000000
146186  -52.509  54.630  -10.698 0.0000000000
146189  -55.518  54.074  -10.746 0.0000000000
146193  -48.770  54.721  -12.468 0.0000000000
146195  -50.976  54.172  -12.031 0.0000000000
146196  -51.731  54.056  -11.909 0.0000000000
146203  -48.928  54.383  -13.016 0.0000000000
146205  -50.628  53.983  -12.594 0.0000000000
146782  -54.464  55.257  1.398 0.0000000000
146783  -55.109  54.906  1.482 0.0000000000
146790  -52.121  55.259  0.309 0.0000000000
146804  -55.649  55.501  0.033 0.0000000000
146805  -56.023  55.029  -0.532 0.0000000000
146828  -47.720  56.221  -1.263 0.0000000000
146885  -56.319  55.377  -5.673 0.0000000000
146893  -56.897  54.585  -7.252 0.0000000000
146896  -57.000  55.019  -7.908 0.0000000000
146905  -54.083  55.391  -9.375 0.0000000000
146907  -55.446  55.264  -9.475 0.0000000000
146916  -54.518  54.956  -9.867 0.0000000000
146921  -47.678  55.490  -11.562 0.0000000000
146922  -48.434  55.334  -11.373 0.0000000000
146942  -47.763  54.983  -12.731 0.0000000000
147498  -54.871  55.912  0.446 0.0000000000
147505  -52.638  56.389  0.165 0.0000000000
147524  -47.593  57.294  -1.388 0.0000000000
147549  -55.780  56.166  -1.969 0.0000000000
147550  -56.132  55.796  -2.272 0.0000000000
147573  -48.053  56.259  -4.961 0.0000000000
147575  -56.360  55.754  -4.304 0.0000000000
147577  -43.395  55.785  -5.803 0.0000000000
147579  -48.076  56.504  -5.815 0.0000000000
147580  -48.317  57.098  -6.307 0.0000000000
147581  -56.509  55.722  -5.027 0.0000000000
147584  -42.651  56.198  -6.681 0.0000000000
147585  -43.328  55.960  -6.669 0.0000000000
147586  -44.101  55.828  -6.941 0.0000000000
147587  -44.837  55.984  -7.151 0.0000000000
147589  -46.999  56.699  -6.870 0.0000000000
147592  -56.876  55.226  -7.417 0.0000000000
147597  -44.897  56.670  -7.731 0.0000000000
147599  -55.482  56.285  -7.949 0.0000000000
147605  -53.949  56.256  -8.555 0.0000000000
147606  -54.979  56.199  -8.433 0.0000000000
147607  -55.808  55.865  -8.464 0.0000000000
147609  -49.361  56.500  -9.152 0.0000000000
147620  -48.231  56.159  -10.073 0.0000000000
147623  -50.575  55.677  -9.501 0.0000000000
147628  -43.997  56.316  -11.521 0.0000000000
148206  -50.960  57.718  -0.887 0.0000000000
148208  -52.552  57.185  -0.360 0.0000000000
148209  -53.236  57.136  -0.469 0.0000000000
148210  -54.094  56.958  -0.955 0.0000000000
148222  -49.035  57.944  -1.705 0.0000000000
148226  -52.617  57.686  -0.764 0.0000000000
148227  -53.428  57.565  -1.337 0.0000000000
148228  -54.985  56.618  -1.508 0.0000000000
148246  -54.364  57.356  -2.628 0.0000000000
148265  -54.979  57.276  -4.488 0.0000000000
148266  -55.480  56.928  -3.855 0.0000000000
148267  -56.069  56.272  -3.981 0.0000000000
148272  -49.258  57.421  -5.722 0.0000000000
148274  -54.760  57.472  -5.412 0.0000000000
148284  -41.025  57.151  -6.940 0.0000000000
148289  -48.638  57.770  -6.827 0.0000000000
148291  -55.395  56.920  -6.722 0.0000000000
148294  -40.917  57.299  -7.876 0.0000000000
148298  -44.455  56.956  -8.128 0.0000000000
148299  -45.058  57.273  -8.300 0.0000000000
148300  -46.573  57.774  -7.954 0.0000000000
148301  -47.791  57.878  -7.666 0.0000000000
148302  -51.468  57.881  -7.808 0.0000000000
148307  -41.219  57.395  -8.835 0.0000000000
148313  -46.551  57.828  -8.354 0.0000000000
148318  -52.736  57.085  -8.042 0.0000000000
148324  -43.176  57.292  -9.428 0.0000000000
148329  -47.170  57.594  -8.911 0.0000000000
148330  -47.805  57.275  -9.056 0.0000000000
148338  -43.455  57.079  -10.351 0.0000000000
148342  -47.309  56.944  -9.606 0.0000000000
148350  -40.935  57.395  -11.215 0.0000000000
148355  -44.889  56.902  -10.501 0.0000000000
148365  -41.057  57.272  -11.937 0.0000000000
148892  -50.204  58.531  -1.179 0.0000000000
148893  -51.260  58.482  -0.908 0.0000000000
148904  -49.703  58.355  -1.532 0.0000000000
148917  -49.748  58.385  -2.053 0.0000000000
148919  -53.248  58.546  -3.025 0.0000000000
148929  -50.108  58.107  -3.207 0.0000000000
148932  -54.257  57.808  -4.135 0.0000000000
148940  -50.791  58.439  -5.066 0.0000000000
148950  -49.198  57.934  -6.556 0.0000000000
148953  -53.500  58.237  -6.125 0.0000000000
148954  -54.184  57.832  -6.023 0.0000000000
148959  -39.443  58.390  -7.247 0.0000000000
148961  -40.611  57.661  -6.511 0.0000000000
148967  -52.547  58.098  -7.137 0.0000000000
148970  -39.253  58.311  -7.809 0.0000000000
148973  -47.042  57.934  -8.187 0.0000000000
148975  -48.183  58.001  -7.915 0.0000000000
148977  -49.467  58.292  -7.534 0.0000000000
148980  -52.380  57.857  -7.482 0.0000000000
148988  -47.382  57.872  -8.313 0.0000000000
148990  -48.608  58.051  -8.068 0.0000000000
148992  -50.808  57.870  -8.037 0.0000000000
148996  -39.150  58.302  -9.609 0.0000000000
149005  -39.545  58.076  -10.153 0.0000000000
149006  -40.284  57.813  -9.982 0.0000000000
149016  -39.329  58.371  -10.878 0.0000000000
149538  -51.000  58.867  -1.328 0.0000000000
149549  -52.347  58.948  -2.252 0.0000000000
149560  -51.680  59.239  -2.765 0.0000000000
149571  -51.853  59.132  -4.344 0.0000000000
149584  -53.019  58.901  -4.754 0.0000000000
149591  -40.296  58.723  -6.145 0.0000000000
149593  -50.969  58.640  -6.524 0.0000000000
149594  -51.615  58.707  -6.319 0.0000000000
149596  -52.905  58.748  -5.634 0.0000000000
149604  -38.649  59.168  -7.349 0.0000000000
149606  -39.796  58.540  -6.722 0.0000000000
149608  -52.072  58.492  -6.809 0.0000000000
149616  -38.383  59.125  -7.846 0.0000000000
149617  -38.745  58.664  -8.193 0.0000000000
149624  -38.669  58.825  -9.793 0.0000000000
149632  -38.379  59.289  -9.939 0.0000000000
149633  -38.800  59.062  -10.528 0.0000000000
149645  -39.557  58.647  -11.617 0.0000000000
149654  -39.799  58.968  -12.236 0.0000000000
150248  -38.238  59.797  -9.597 0.0000000000
150269  -40.118  59.346  -12.710 0.0000000000
150869  -38.884  60.514  -10.544 0.0000000000
151456  -38.405  61.049  -9.514 0.0000000000
163187  -42.828  56.855  -10.908 0.0000000000
163517  -58.449  38.772  5.623 0.0000000000
163759  -42.877  57.242  -10.039 0.0000000000
165179  -45.888  57.598  -8.280 0.0000000000
165340  -45.506  56.434  -7.329 0.0000000000
166677  -50.210  46.005  0.426 0.0000000000
166928  -54.113  47.945  -0.596 0.0000000000
167256  -42.531  57.299  -9.417 0.0000000000
167564  -51.149  37.675  4.102 0.0000000000
167746  -50.259  57.748  -1.064 0.0000000000
167833  -55.842  49.033  -2.417 0.0000000000
167963  -54.591  56.029  -8.705 0.0000000000
168236  -49.863  35.388  3.935 0.0000000000
168569  -52.102  54.352  -11.295 0.0000000000
168798  -50.680  45.198  -8.706 0.0000000000
168963  -46.671  51.882  -1.320 0.0000000000
169792  -40.535  57.924  -12.527 0.0000000000
170990  -51.923  59.270  -3.559 0.0000000000
171027  -41.608  57.021  -8.163 0.0000000000
172171  -49.438  54.369  -1.265 0.0000000000
173088  -48.596  42.752  -9.201 0.0000000000
173356  -53.411  57.261  -7.719 0.0000000000
173570  -57.365  41.711  5.595 0.0000000000
175929  -46.030  47.958  3.362 0.0000000000
176849  -58.380  39.753  5.338 0.0000000000
177292  -50.549  46.966  -4.996 0.0000000000
177831  -50.030  58.277  -7.748 0.0000000000
178126  -51.558  59.123  -2.046 0.0000000000
178647  -47.849  54.320  -1.322 0.0000000000
178978  -39.319  58.140  -9.028 0.0000000000
179063  -51.669  57.383  -0.666 0.0000000000
179942  -54.984  52.834  -12.432 0.0000000000
180101  -56.383  51.720  1.883 0.0000000000
181128  -42.356  56.373  -5.440 0.0000000000
181183  -44.933  57.260  -9.895 0.0000000000
181816  -55.749  50.835  2.906 0.0000000000
181891  -52.294  49.685  -3.009 0.0000000000
181994  -49.090  44.942  0.389 0.0000000000
182245  -53.755  39.774  5.238 0.0000000000
182878  -58.590  40.216  3.080 0.0000000000
183008  -54.816  53.261  2.655 0.0000000000
183116  -49.635  46.471  -5.578 0.0000000000
183333  -56.624  45.893  -4.847 0.0000000000
183543  -56.357  45.519  -4.718 0.0000000000
183937  -57.668  48.702  -1.286 0.0000000000
184005  -56.214  52.273  0.038 0.0000000000
184372  -55.491  42.497  4.538 0.0000000000
184525  -40.707  57.632  -10.564 0.0000000000
184629  -50.969  44.823  -9.192 0.0000000000
185194  -41.736  57.345  -10.051 0.0000000000
185271  -48.823  38.723  3.215 0.0000000000
185609  -52.607  53.221  -12.794 0.0000000000
185785  -49.513  41.843  1.613 0.0000000000
185893  -50.956  41.054  3.145 0.0000000000
186450  -49.565  41.012  2.426 0.0000000000
186646  -39.635  58.011  -8.058 0.0000000000
186994  -51.153  53.317  0.265 0.0000000000
187099  -49.068  56.580  -1.321 0.0000000000
187833  -45.172  55.359  -6.232 0.0000000000
187905  -56.155  55.593  -3.344 0.0000000000
189485  -55.453  49.571  -1.935 0.0000000000
189792  -58.024  38.497  6.168 0.0000000000
190193  -46.480  54.944  -13.604 0.0000000000
190616  -54.743  56.557  -8.074 0.0000000000
190923  -56.833  52.653  -11.424 0.0000000000
191066  -46.567  57.658  -9.042 0.0000000000
191435  -40.798  57.583  -12.245 0.0000000000
191695  -52.758  42.318  3.686 0.0000000000
191710  -48.739  52.812  -1.171 0.0000000000
191785  -55.236  52.362  -12.764 0.0000000000
192645  -51.567  46.555  0.154 0.0000000000
192653  -54.902  46.908  -1.447 0.0000000000
192765  -51.056  48.826  2.951 0.0000000000
192980  -52.236  54.899  -10.382 0.0000000000
193650  -55.749  54.608  -1.415 0.0000000000
194150  -57.238  52.677  -9.830 0.0000000000
194193  -53.235  38.386  4.842 0.0000000000
194440  -50.080  58.473  -6.973 0.0000000000
194538  -54.971  44.264  -3.930 0.0000000000
195199  -48.148  38.695  3.076 0.0000000000
195324  -56.042  53.807  -0.355 0.0000000000
195497  -53.691  54.446  1.895 0.0000000000
195501  -54.718  52.830  -0.787 0.0000000000
196377  -51.230  51.028  2.527 0.0000000000
196905  -50.772  49.381  3.224 0.0000000000
197129  -55.316  52.024  3.164 0.0000000000
