#!ascii label  , from subject sub-v2s2x29065_ses-1 vox2ras=TkReg
561
80168  -26.806  0.198  -52.266 0.0000000000
73352  -21.497  -5.131  -51.133 0.0000000000
74489  -28.858  -4.300  -51.527 0.0000000000
69136  -22.713  -8.476  -48.531 0.0000000000
154930  -23.796  11.753  -57.888 0.0000000000
91173  -27.278  9.632  -54.447 0.0000000000
165596  -22.290  2.766  -56.436 0.0000000000
64486  -21.480  -11.741  -45.256 0.0000000000
71268  -22.442  -6.928  -50.100 0.0000000000
69121  -20.411  -8.571  -47.938 0.0000000000
93189  -25.239  10.547  -56.531 0.0000000000
89142  -23.006  7.587  -56.847 0.0000000000
78985  -22.789  -0.610  -53.809 0.0000000000
81323  -20.688  0.850  -54.141 0.0000000000
82476  -24.643  1.780  -54.644 0.0000000000
86030  -27.206  4.690  -52.866 0.0000000000
82481  -30.466  2.069  -53.375 0.0000000000
79010  -30.561  -0.916  -54.831 0.0000000000
75577  -20.184  -3.015  -51.309 0.0000000000
76700  -24.135  -2.184  -52.616 0.0000000000
157605  -28.283  -1.749  -51.538 0.0000000000
74475  -25.450  -4.064  -50.986 0.0000000000
72267  -25.347  -6.201  -49.245 0.0000000000
168915  -26.823  -8.909  -48.854 0.0000000000
86050  -19.813  5.422  -56.071 0.0000000000
87098  -24.493  6.056  -55.599 0.0000000000
169204  -29.865  7.141  -53.765 0.0000000000
67772  -19.965  -9.579  -46.207 0.0000000000
66581  -22.465  -9.900  -46.833 0.0000000000
70252  -20.098  -7.808  -48.167 0.0000000000
70241  -19.793  -8.109  -47.470 0.0000000000
90187  -21.751  8.548  -57.292 0.0000000000
88130  -20.778  7.234  -56.964 0.0000000000
78987  -24.023  0.227  -53.453 0.0000000000
80190  -23.784  1.075  -54.465 0.0000000000
81306  -25.839  1.363  -53.277 0.0000000000
82462  -27.465  2.194  -52.945 0.0000000000
158972  -28.709  1.213  -52.704 0.0000000000
80193  -30.887  0.728  -53.936 0.0000000000
78975  -29.858  0.104  -52.763 0.0000000000
73365  -21.147  -4.383  -51.523 0.0000000000
75591  -22.034  -3.075  -52.757 0.0000000000
74484  -22.544  -4.244  -52.214 0.0000000000
74487  -24.341  -3.768  -52.161 0.0000000000
73368  -23.656  -4.844  -51.583 0.0000000000
70269  -22.807  -7.923  -49.103 0.0000000000
71270  -24.015  -6.627  -49.536 0.0000000000
70270  -24.164  -7.530  -48.750 0.0000000000
70272  -25.739  -7.540  -48.640 0.0000000000
69125  -24.972  -8.632  -48.189 0.0000000000
93207  -21.616  11.076  -57.267 0.0000000000
94159  -21.485  11.891  -56.905 0.0000000000
95134  -23.217  12.816  -58.587 0.0000000000
165696  -23.812  14.230  -59.381 0.0000000000
96044  -25.719  13.808  -57.259 0.0000000000
91171  -26.343  9.704  -55.421 0.0000000000
152056  -21.265  2.185  -54.963 0.0000000000
83638  -20.132  3.293  -54.907 0.0000000000
84839  -21.163  3.919  -56.255 0.0000000000
87126  -22.387  5.340  -56.930 0.0000000000
86053  -23.864  4.612  -56.152 0.0000000000
86031  -30.049  4.959  -53.519 0.0000000000
87084  -29.292  5.879  -52.996 0.0000000000
87103  -30.545  5.568  -54.789 0.0000000000
75581  -28.531  -3.285  -51.115 0.0000000000
76702  -29.881  -2.297  -53.259 0.0000000000
65449  -20.788  -11.346  -45.265 0.0000000000
66549  -20.739  -10.640  -45.658 0.0000000000
67774  -21.588  -10.150  -46.745 0.0000000000
172077  -21.965  -10.877  -45.798 0.0000000000
72278  -20.910  -6.155  -49.950 0.0000000000
72279  -22.136  -6.325  -50.447 0.0000000000
71250  -20.868  -6.964  -49.480 0.0000000000
70268  -21.690  -7.962  -49.416 0.0000000000
69123  -21.920  -8.829  -48.533 0.0000000000
93200  -23.097  10.609  -57.710 0.0000000000
94153  -25.077  11.601  -57.104 0.0000000000
92224  -23.855  10.058  -57.162 0.0000000000
91191  -23.653  8.765  -56.726 0.0000000000
166032  -25.455  8.333  -55.531 0.0000000000
77797  -20.619  -1.220  -52.836 0.0000000000
153463  -21.138  0.156  -53.997 0.0000000000
81339  -23.046  1.241  -55.164 0.0000000000
82506  -23.860  2.024  -55.837 0.0000000000
84827  -25.508  3.918  -54.626 0.0000000000
83626  -26.895  3.300  -53.242 0.0000000000
84799  -28.797  3.963  -52.490 0.0000000000
165147  -30.881  3.445  -54.461 0.0000000000
81358  -31.030  1.620  -55.937 0.0000000000
63496  -22.385  -12.980  -45.094 0.0000000000
64499  -23.331  -12.278  -45.921 0.0000000000
147950  -21.175  -1.830  -52.779 0.0000000000
76711  -22.957  -2.094  -53.048 0.0000000000
77799  -24.898  -1.031  -52.574 0.0000000000
78959  -27.816  -0.410  -51.891 0.0000000000
77772  -25.851  -1.761  -51.558 0.0000000000
146127  -26.347  -2.915  -50.822 0.0000000000
75568  -27.152  -3.595  -50.131 0.0000000000
72298  -23.330  -5.757  -50.652 0.0000000000
73343  -25.461  -5.253  -50.154 0.0000000000
73357  -27.632  -4.859  -49.724 0.0000000000
156285  -27.398  -6.675  -49.757 0.0000000000
70284  -27.781  -8.088  -50.509 0.0000000000
95116  -26.540  13.232  -56.189 0.0000000000
87124  -20.859  6.189  -56.848 0.0000000000
88103  -24.446  6.843  -55.700 0.0000000000
157360  -26.040  7.646  -54.930 0.0000000000
167186  -25.716  5.310  -54.222 0.0000000000
88089  -26.983  6.934  -53.819 0.0000000000
90158  -28.424  8.459  -53.272 0.0000000000
77801  -29.877  -1.469  -52.840 0.0000000000
162450  -30.071  -1.817  -55.182 0.0000000000
69110  -19.529  -8.388  -46.644 0.0000000000
67789  -20.401  -9.450  -46.912 0.0000000000
67804  -21.312  -9.501  -47.795 0.0000000000
67792  -22.984  -9.369  -47.308 0.0000000000
65465  -23.661  -11.662  -46.287 0.0000000000
66583  -24.415  -10.422  -46.972 0.0000000000
69114  -24.529  -8.996  -47.715 0.0000000000
88116  -18.995  7.087  -56.103 0.0000000000
80180  -25.499  0.770  -52.820 0.0000000000
80179  -24.709  0.702  -53.221 0.0000000000
81289  -26.284  0.778  -52.725 0.0000000000
81308  -27.436  1.455  -52.899 0.0000000000
81291  -27.686  0.830  -52.553 0.0000000000
80181  -29.322  0.613  -52.736 0.0000000000
80170  -28.012  0.294  -52.323 0.0000000000
73351  -20.804  -4.940  -50.819 0.0000000000
150402  -21.784  -4.049  -52.133 0.0000000000
73366  -21.980  -4.683  -51.684 0.0000000000
73367  -22.815  -4.806  -51.694 0.0000000000
73353  -22.277  -5.267  -51.227 0.0000000000
71251  -23.564  -7.323  -49.200 0.0000000000
70254  -23.600  -8.025  -48.578 0.0000000000
70255  -24.506  -7.978  -48.413 0.0000000000
69124  -24.187  -8.386  -48.121 0.0000000000
94161  -22.997  11.769  -58.142 0.0000000000
94160  -22.150  11.788  -57.849 0.0000000000
95126  -23.706  12.319  -58.205 0.0000000000
96053  -24.238  13.541  -58.493 0.0000000000
96055  -25.325  14.174  -57.871 0.0000000000
168778  -24.930  12.693  -57.513 0.0000000000
92205  -27.000  10.146  -54.938 0.0000000000
93182  -27.606  10.834  -54.816 0.0000000000
144652  -27.836  10.184  -54.303 0.0000000000
92202  -28.429  9.810  -53.803 0.0000000000
82503  -21.735  2.602  -55.983 0.0000000000
83639  -20.821  2.900  -55.136 0.0000000000
83653  -21.257  3.261  -55.910 0.0000000000
83652  -20.576  3.552  -55.538 0.0000000000
83654  -21.852  3.279  -56.374 0.0000000000
150377  -23.119  4.111  -56.533 0.0000000000
84842  -23.744  3.734  -56.073 0.0000000000
86044  -30.610  4.752  -54.596 0.0000000000
86043  -30.265  5.221  -54.049 0.0000000000
75595  -29.411  -3.804  -52.648 0.0000000000
74490  -29.168  -4.692  -52.424 0.0000000000
64473  -20.908  -12.032  -44.919 0.0000000000
65463  -21.398  -11.075  -45.592 0.0000000000
66568  -21.428  -10.540  -46.061 0.0000000000
164657  -22.054  -11.468  -45.537 0.0000000000
71266  -20.420  -6.364  -49.462 0.0000000000
171299  -20.263  -6.714  -49.128 0.0000000000
70253  -20.740  -8.209  -48.621 0.0000000000
69134  -21.431  -8.432  -48.949 0.0000000000
69122  -21.171  -8.978  -48.294 0.0000000000
92223  -21.523  9.880  -57.567 0.0000000000
145584  -22.672  9.997  -57.624 0.0000000000
164743  -22.285  9.486  -57.573 0.0000000000
144399  -22.007  7.867  -57.031 0.0000000000
90176  -23.172  8.286  -56.830 0.0000000000
91180  -24.552  8.668  -56.268 0.0000000000
149589  -23.965  7.998  -56.402 0.0000000000
77808  -21.343  -1.286  -53.282 0.0000000000
169400  -22.244  -0.478  -53.985 0.0000000000
81324  -24.371  1.443  -54.500 0.0000000000
80200  -23.129  0.852  -54.650 0.0000000000
81340  -24.234  1.519  -55.061 0.0000000000
82494  -23.784  1.624  -55.649 0.0000000000
163516  -24.420  1.919  -55.307 0.0000000000
83623  -24.915  2.391  -54.785 0.0000000000
83624  -25.542  2.538  -54.401 0.0000000000
82448  -28.833  2.550  -52.533 0.0000000000
151533  -28.573  3.174  -52.487 0.0000000000
83627  -29.425  3.205  -52.688 0.0000000000
84816  -30.132  3.542  -53.201 0.0000000000
83629  -30.546  2.826  -53.591 0.0000000000
82507  -31.014  2.259  -55.473 0.0000000000
82482  -30.836  2.129  -53.866 0.0000000000
79000  -30.967  -0.002  -54.429 0.0000000000
162230  -31.031  0.479  -55.168 0.0000000000
79022  -30.219  -1.248  -55.830 0.0000000000
63488  -22.537  -13.831  -44.922 0.0000000000
63497  -23.201  -13.759  -45.568 0.0000000000
76686  -20.189  -2.297  -51.688 0.0000000000
76696  -20.432  -1.727  -52.302 0.0000000000
76687  -20.966  -2.380  -52.290 0.0000000000
75592  -22.692  -3.108  -52.872 0.0000000000
75605  -22.658  -2.566  -52.962 0.0000000000
76699  -23.460  -2.545  -52.779 0.0000000000
77798  -24.292  -1.323  -52.773 0.0000000000
77783  -24.813  -1.762  -52.374 0.0000000000
77784  -25.507  -1.309  -52.093 0.0000000000
76689  -25.340  -2.099  -51.843 0.0000000000
73369  -24.643  -4.327  -51.526 0.0000000000
75567  -25.754  -3.253  -51.110 0.0000000000
158324  -26.900  -2.960  -50.532 0.0000000000
74476  -26.398  -3.732  -50.358 0.0000000000
72297  -22.578  -5.805  -50.796 0.0000000000
72280  -22.901  -6.311  -50.342 0.0000000000
71271  -24.686  -6.515  -49.275 0.0000000000
72282  -24.533  -5.991  -49.823 0.0000000000
72283  -25.812  -5.730  -49.510 0.0000000000
73344  -26.140  -5.141  -49.627 0.0000000000
72284  -26.746  -5.885  -49.083 0.0000000000
72285  -27.550  -5.727  -49.584 0.0000000000
72268  -26.117  -6.264  -49.090 0.0000000000
70273  -26.582  -7.712  -49.018 0.0000000000
71255  -26.826  -7.357  -49.374 0.0000000000
70274  -27.236  -7.945  -49.660 0.0000000000
69151  -28.387  -8.405  -50.624 0.0000000000
93203  -25.443  11.192  -56.546 0.0000000000
94154  -25.654  11.856  -56.533 0.0000000000
94143  -26.251  11.986  -55.988 0.0000000000
80186  -19.852  0.704  -53.536 0.0000000000
87097  -19.025  5.480  -55.270 0.0000000000
87113  -20.038  6.180  -56.482 0.0000000000
87114  -20.570  5.345  -56.755 0.0000000000
87116  -23.904  5.511  -56.169 0.0000000000
87115  -23.184  5.839  -56.719 0.0000000000
88104  -25.045  6.566  -55.021 0.0000000000
89128  -24.970  7.325  -55.401 0.0000000000
84828  -26.144  4.248  -54.000 0.0000000000
86041  -25.632  4.777  -54.368 0.0000000000
86029  -26.592  4.918  -53.415 0.0000000000
150906  -29.094  6.632  -53.068 0.0000000000
88090  -27.636  6.751  -53.092 0.0000000000
88091  -28.412  7.081  -53.057 0.0000000000
89118  -27.604  7.433  -53.604 0.0000000000
89120  -29.151  8.086  -53.224 0.0000000000
89121  -29.807  7.846  -53.623 0.0000000000
77787  -27.863  -1.145  -51.593 0.0000000000
77800  -29.255  -0.995  -52.303 0.0000000000
161429  -29.507  -1.822  -52.370 0.0000000000
76721  -29.968  -2.253  -54.535 0.0000000000
66548  -19.958  -10.236  -45.657 0.0000000000
69097  -19.845  -9.049  -46.596 0.0000000000
67790  -21.094  -9.745  -47.222 0.0000000000
67791  -21.685  -9.774  -47.465 0.0000000000
158504  -22.212  -9.494  -47.528 0.0000000000
67793  -23.996  -9.468  -47.219 0.0000000000
71240  -19.824  -7.179  -48.316 0.0000000000
70251  -19.594  -7.378  -47.736 0.0000000000
90186  -20.858  8.797  -57.388 0.0000000000
89155  -20.710  8.110  -57.052 0.0000000000
89156  -21.398  7.513  -57.070 0.0000000000
78986  -23.414  -0.202  -53.666 0.0000000000
80189  -23.183  0.352  -54.168 0.0000000000
146455  -23.692  0.557  -53.908 0.0000000000
81305  -24.642  1.567  -53.892 0.0000000000
82459  -25.258  1.876  -53.860 0.0000000000
82479  -26.453  2.127  -53.770 0.0000000000
82461  -26.950  1.828  -53.457 0.0000000000
153762  -27.837  1.941  -52.656 0.0000000000
82464  -29.133  1.904  -52.755 0.0000000000
81326  -30.738  1.404  -53.629 0.0000000000
81310  -29.565  1.301  -52.852 0.0000000000
80182  -30.026  0.680  -52.978 0.0000000000
78988  -30.417  -0.075  -53.151 0.0000000000
74474  -20.434  -4.217  -50.942 0.0000000000
74482  -20.650  -3.647  -51.468 0.0000000000
75590  -21.398  -3.045  -52.425 0.0000000000
74483  -21.217  -3.650  -52.063 0.0000000000
74495  -22.289  -3.682  -52.647 0.0000000000
75593  -23.322  -3.218  -52.772 0.0000000000
75594  -24.021  -3.099  -52.522 0.0000000000
74497  -23.718  -3.783  -52.521 0.0000000000
74486  -24.015  -4.314  -52.076 0.0000000000
169298  -24.190  -4.645  -51.617 0.0000000000
70283  -22.716  -7.410  -49.600 0.0000000000
71269  -23.231  -6.789  -49.808 0.0000000000
71252  -24.398  -7.023  -49.004 0.0000000000
71253  -25.168  -6.823  -48.776 0.0000000000
71254  -26.111  -6.878  -48.895 0.0000000000
70256  -25.362  -8.174  -48.462 0.0000000000
92229  -21.009  10.656  -56.793 0.0000000000
95124  -21.945  12.536  -57.482 0.0000000000
155336  -23.583  13.268  -58.730 0.0000000000
97031  -25.613  14.839  -58.131 0.0000000000
92214  -25.734  9.969  -56.064 0.0000000000
93191  -26.521  11.272  -55.661 0.0000000000
93181  -26.941  10.838  -55.207 0.0000000000
83637  -19.483  3.284  -54.403 0.0000000000
84824  -19.763  3.864  -55.062 0.0000000000
84838  -20.391  4.155  -55.691 0.0000000000
86051  -20.512  4.683  -56.201 0.0000000000
86064  -21.716  4.948  -57.010 0.0000000000
169122  -21.796  4.465  -56.844 0.0000000000
86052  -23.177  4.965  -56.685 0.0000000000
86040  -24.568  5.145  -55.526 0.0000000000
86017  -28.598  4.851  -52.486 0.0000000000
86016  -27.805  5.188  -52.595 0.0000000000
87072  -29.701  5.128  -53.095 0.0000000000
87085  -29.890  5.613  -53.533 0.0000000000
88107  -30.158  6.702  -54.148 0.0000000000
76690  -28.833  -2.509  -51.489 0.0000000000
76701  -29.702  -2.224  -52.710 0.0000000000
76691  -29.342  -2.639  -52.253 0.0000000000
75607  -29.736  -3.220  -53.718 0.0000000000
65448  -20.119  -10.933  -45.218 0.0000000000
67773  -20.701  -10.091  -46.402 0.0000000000
66569  -22.209  -10.474  -46.217 0.0000000000
73341  -20.501  -5.409  -50.188 0.0000000000
72295  -21.167  -5.608  -50.574 0.0000000000
72296  -21.843  -5.733  -50.781 0.0000000000
167696  -21.521  -6.163  -50.398 0.0000000000
71267  -21.599  -6.835  -50.041 0.0000000000
70266  -20.353  -7.356  -48.837 0.0000000000
70267  -21.093  -7.773  -49.189 0.0000000000
70282  -22.005  -7.447  -49.736 0.0000000000
149855  -22.229  -7.867  -49.446 0.0000000000
69135  -22.103  -8.298  -49.056 0.0000000000
92213  -20.192  10.228  -56.310 0.0000000000
92230  -21.317  10.420  -57.312 0.0000000000
93208  -22.499  11.161  -57.963 0.0000000000
93209  -23.462  11.223  -57.820 0.0000000000
94162  -24.536  12.088  -57.623 0.0000000000
93201  -24.033  10.785  -57.319 0.0000000000
168112  -24.586  10.452  -56.920 0.0000000000
91190  -22.596  8.846  -57.210 0.0000000000
91192  -24.265  9.334  -56.680 0.0000000000
92225  -24.888  9.897  -56.659 0.0000000000
91181  -25.176  9.240  -56.108 0.0000000000
150005  -25.857  9.348  -55.712 0.0000000000
144395  -26.204  9.037  -55.223 0.0000000000
78998  -22.656  0.107  -54.342 0.0000000000
80199  -22.505  0.653  -54.754 0.0000000000
81337  -21.501  1.374  -54.755 0.0000000000
82493  -22.924  1.672  -55.708 0.0000000000
82505  -23.338  2.158  -56.022 0.0000000000
83656  -23.439  2.467  -56.081 0.0000000000
84825  -24.278  3.271  -55.683 0.0000000000
83641  -24.579  2.760  -55.176 0.0000000000
84812  -25.881  3.292  -54.299 0.0000000000
84813  -26.731  4.115  -53.329 0.0000000000
83614  -27.399  2.906  -52.833 0.0000000000
169815  -27.333  3.417  -52.773 0.0000000000
84815  -27.875  4.377  -52.395 0.0000000000
84800  -29.664  3.968  -52.754 0.0000000000
171845  -30.294  3.997  -53.499 0.0000000000
147073  -30.943  3.682  -54.942 0.0000000000
154987  -31.001  2.901  -55.822 0.0000000000
82514  -30.995  2.372  -56.377 0.0000000000
81341  -30.948  1.436  -54.213 0.0000000000
73370  -28.783  -5.018  -51.226 0.0000000000
64474  -21.629  -12.431  -44.935 0.0000000000
64487  -22.190  -12.167  -45.277 0.0000000000
65450  -22.646  -11.925  -45.575 0.0000000000
77809  -22.145  -1.237  -53.548 0.0000000000
76697  -21.668  -2.467  -52.758 0.0000000000
76710  -22.456  -2.050  -53.206 0.0000000000
77810  -22.702  -1.459  -53.390 0.0000000000
77812  -23.821  -0.768  -53.194 0.0000000000
78972  -24.497  -0.390  -52.957 0.0000000000
80167  -26.144  -0.005  -52.462 0.0000000000
156236  -27.208  -0.279  -51.952 0.0000000000
78958  -26.693  -0.487  -51.930 0.0000000000
77785  -26.594  -1.181  -51.592 0.0000000000
77774  -26.937  -1.671  -51.158 0.0000000000
75580  -25.260  -2.862  -51.705 0.0000000000
76678  -26.639  -2.295  -50.909 0.0000000000
76679  -27.269  -2.324  -50.842 0.0000000000
76680  -28.048  -2.410  -51.045 0.0000000000
75569  -27.680  -3.192  -50.568 0.0000000000
74478  -28.328  -4.077  -50.756 0.0000000000
150309  -23.701  -5.332  -51.016 0.0000000000
73355  -24.322  -5.004  -51.084 0.0000000000
72281  -23.681  -6.167  -50.094 0.0000000000
73342  -24.804  -5.407  -50.427 0.0000000000
73356  -25.083  -4.795  -50.799 0.0000000000
74467  -26.562  -4.500  -49.742 0.0000000000
74468  -27.103  -4.234  -49.699 0.0000000000
73358  -28.258  -4.855  -50.407 0.0000000000
72300  -28.224  -5.725  -50.269 0.0000000000
72269  -26.756  -6.797  -49.300 0.0000000000
71272  -27.895  -7.549  -50.563 0.0000000000
94163  -25.276  12.323  -57.049 0.0000000000
95129  -26.104  13.452  -56.653 0.0000000000
95108  -26.657  12.644  -55.864 0.0000000000
88117  -19.544  6.847  -56.387 0.0000000000
88131  -21.528  6.623  -57.062 0.0000000000
89157  -22.260  7.039  -57.123 0.0000000000
87125  -21.592  5.707  -57.115 0.0000000000
88132  -22.349  6.185  -57.033 0.0000000000
89143  -23.806  7.172  -56.274 0.0000000000
89144  -24.415  7.476  -55.886 0.0000000000
90165  -25.517  7.809  -55.301 0.0000000000
150171  -26.623  8.635  -54.672 0.0000000000
157962  -24.431  4.165  -55.623 0.0000000000
171384  -25.027  5.235  -55.051 0.0000000000
87101  -25.813  5.865  -54.079 0.0000000000
87070  -27.667  6.005  -52.684 0.0000000000
87082  -26.867  6.340  -53.100 0.0000000000
88105  -25.699  6.560  -54.416 0.0000000000
89130  -26.358  7.137  -54.475 0.0000000000
148201  -27.183  8.165  -54.094 0.0000000000
90157  -27.726  8.736  -53.681 0.0000000000
165032  -28.999  9.471  -53.575 0.0000000000
78960  -28.540  -0.283  -52.258 0.0000000000
157595  -29.871  -0.561  -52.759 0.0000000000
78999  -30.620  -0.649  -53.815 0.0000000000
77813  -30.164  -1.604  -53.660 0.0000000000
69111  -20.100  -8.819  -47.213 0.0000000000
69112  -20.746  -9.268  -47.640 0.0000000000
67805  -21.743  -9.372  -48.007 0.0000000000
67806  -22.473  -9.018  -47.946 0.0000000000
69113  -23.452  -8.711  -47.836 0.0000000000
65464  -22.730  -11.222  -45.846 0.0000000000
66570  -23.083  -10.576  -46.318 0.0000000000
66571  -23.972  -10.925  -46.585 0.0000000000
66582  -23.492  -9.993  -46.746 0.0000000000
69137  -26.297  -8.442  -48.672 0.0000000000
70271  -24.871  -7.469  -48.606 0.0000000000
70281  -21.449  -7.456  -49.622 0.0000000000
71256  -27.315  -7.441  -49.888 0.0000000000
72299  -24.065  -5.601  -50.501 0.0000000000
73345  -27.037  -4.954  -49.246 0.0000000000
73354  -23.063  -5.317  -51.170 0.0000000000
73371  -28.993  -5.117  -51.897 0.0000000000
74466  -25.810  -4.585  -50.315 0.0000000000
74477  -27.702  -4.077  -50.087 0.0000000000
74485  -23.345  -4.353  -52.244 0.0000000000
74488  -25.038  -3.608  -51.639 0.0000000000
74494  -21.711  -3.541  -52.501 0.0000000000
74496  -23.037  -3.743  -52.651 0.0000000000
75578  -20.797  -2.989  -51.851 0.0000000000
75579  -24.663  -3.196  -52.066 0.0000000000
75582  -29.063  -3.498  -51.852 0.0000000000
75596  -29.680  -3.011  -52.942 0.0000000000
75604  -22.318  -2.553  -52.991 0.0000000000
76677  -25.940  -2.388  -51.252 0.0000000000
76688  -24.694  -2.551  -52.221 0.0000000000
76698  -22.966  -2.764  -52.843 0.0000000000
76709  -21.924  -1.907  -53.098 0.0000000000
76712  -29.919  -2.517  -53.939 0.0000000000
77773  -26.358  -1.751  -51.276 0.0000000000
77775  -27.584  -1.700  -51.276 0.0000000000
77786  -27.249  -0.996  -51.632 0.0000000000
77788  -28.447  -1.013  -51.845 0.0000000000
77811  -23.617  -1.710  -52.963 0.0000000000
77822  -30.314  -1.425  -54.382 0.0000000000
78957  -26.072  -0.772  -52.034 0.0000000000
78973  -25.358  -0.322  -52.650 0.0000000000
78974  -29.244  -0.114  -52.566 0.0000000000
78984  -21.461  -0.580  -53.744 0.0000000000
78989  -30.802  0.119  -53.694 0.0000000000
80169  -27.435  0.239  -52.249 0.0000000000
80171  -28.620  0.429  -52.591 0.0000000000
80187  -20.429  0.304  -53.675 0.0000000000
80188  -21.983  0.062  -54.261 0.0000000000
80191  -24.170  1.043  -53.870 0.0000000000
80192  -30.600  0.686  -53.409 0.0000000000
80198  -21.691  0.645  -54.589 0.0000000000
80201  -30.987  0.788  -54.535 0.0000000000
81290  -27.072  0.775  -52.666 0.0000000000
81292  -28.160  0.835  -52.590 0.0000000000
81307  -26.661  1.313  -53.191 0.0000000000
81309  -27.996  1.388  -52.641 0.0000000000
81325  -30.262  1.359  -53.189 0.0000000000
81338  -22.342  1.199  -55.124 0.0000000000
81347  -31.030  1.381  -55.070 0.0000000000
82460  -26.211  1.725  -53.708 0.0000000000
82463  -28.388  1.936  -52.655 0.0000000000
82465  -29.877  1.977  -52.973 0.0000000000
82477  -25.009  2.082  -54.483 0.0000000000
82478  -25.803  2.138  -54.049 0.0000000000
82480  -26.949  2.461  -53.432 0.0000000000
82492  -22.098  1.897  -55.443 0.0000000000
82495  -30.979  2.194  -54.613 0.0000000000
82504  -22.582  2.282  -56.120 0.0000000000
83615  -27.997  2.610  -52.503 0.0000000000
83616  -29.499  2.474  -52.746 0.0000000000
83622  -18.784  3.182  -53.785 0.0000000000
83625  -26.353  2.702  -53.988 0.0000000000
83628  -30.025  2.692  -53.098 0.0000000000
83640  -24.005  2.465  -55.697 0.0000000000
83642  -30.848  2.873  -54.204 0.0000000000
83655  -22.850  2.626  -56.387 0.0000000000
83657  -30.979  3.006  -55.021 0.0000000000
84798  -27.846  3.499  -52.431 0.0000000000
84811  -25.285  3.054  -54.803 0.0000000000
84814  -27.296  3.922  -52.771 0.0000000000
84817  -30.632  3.602  -53.843 0.0000000000
84826  -24.946  3.603  -55.236 0.0000000000
84829  -30.751  4.033  -54.444 0.0000000000
84840  -21.888  3.913  -56.661 0.0000000000
84841  -23.051  3.208  -56.325 0.0000000000
86015  -27.035  5.528  -52.912 0.0000000000
86018  -29.418  4.615  -52.700 0.0000000000
86019  -29.988  4.388  -53.187 0.0000000000
86028  -25.012  4.601  -54.933 0.0000000000
86032  -30.380  4.426  -53.842 0.0000000000
86042  -26.045  5.161  -53.905 0.0000000000
86063  -21.143  5.310  -57.027 0.0000000000
87071  -28.516  5.596  -52.632 0.0000000000
87083  -28.466  6.390  -52.661 0.0000000000
87099  -24.995  5.764  -55.050 0.0000000000
87100  -25.397  5.385  -54.625 0.0000000000
87102  -30.175  5.983  -54.101 0.0000000000
88092  -29.256  7.278  -53.315 0.0000000000
88106  -26.279  6.478  -53.793 0.0000000000
88118  -23.123  6.686  -56.819 0.0000000000
88119  -23.880  6.361  -56.261 0.0000000000
88129  -20.138  7.018  -56.714 0.0000000000
89117  -26.948  7.460  -54.198 0.0000000000
89119  -28.420  7.742  -53.193 0.0000000000
89129  -25.641  7.168  -54.949 0.0000000000
89141  -19.352  7.642  -56.506 0.0000000000
90156  -27.165  9.006  -54.228 0.0000000000
90166  -26.007  8.319  -55.123 0.0000000000
90167  -26.532  7.893  -54.608 0.0000000000
90177  -24.897  8.036  -55.831 0.0000000000
90188  -22.507  8.235  -57.023 0.0000000000
91165  -27.759  9.442  -53.941 0.0000000000
91166  -28.390  9.169  -53.464 0.0000000000
91172  -26.760  9.356  -54.832 0.0000000000
91182  -25.645  8.830  -55.576 0.0000000000
91189  -21.504  9.194  -57.659 0.0000000000
92215  -26.417  10.438  -55.582 0.0000000000
92231  -22.080  10.533  -57.668 0.0000000000
93190  -25.877  10.804  -56.065 0.0000000000
93202  -24.792  10.993  -56.953 0.0000000000
93210  -24.283  11.406  -57.415 0.0000000000
94142  -25.947  11.414  -56.147 0.0000000000
95125  -22.686  12.387  -58.205 0.0000000000
95128  -25.461  13.057  -57.095 0.0000000000
95135  -24.042  12.974  -58.340 0.0000000000
96060  -23.727  13.717  -58.961 0.0000000000
145398  -23.241  9.410  -57.147 0.0000000000
145853  -21.293  8.221  -57.104 0.0000000000
146440  -27.831  8.087  -53.549 0.0000000000
148639  -21.277  4.645  -56.716 0.0000000000
148698  -25.161  8.628  -55.856 0.0000000000
150307  -25.371  6.068  -54.582 0.0000000000
151288  -25.924  12.677  -56.397 0.0000000000
154301  -23.203  -1.176  -53.368 0.0000000000
155070  -29.742  6.469  -53.522 0.0000000000
158191  -27.038  -8.458  -49.129 0.0000000000
160170  -26.364  3.529  -53.748 0.0000000000
160409  -28.986  -1.769  -51.924 0.0000000000
160430  -22.362  3.179  -56.491 0.0000000000
160615  -26.392  5.761  -53.459 0.0000000000
161040  -25.203  -5.697  -49.861 0.0000000000
161810  -22.511  3.752  -56.583 0.0000000000
161831  -23.630  1.291  -55.013 0.0000000000
165175  -30.196  -0.841  -53.204 0.0000000000
167464  -29.143  5.233  -52.782 0.0000000000
167468  -23.684  2.991  -55.988 0.0000000000
168489  -26.083  -1.348  -51.661 0.0000000000
172768  -25.119  1.417  -53.315 0.0000000000
173287  -22.356  4.454  -56.891 0.0000000000
