#!ascii label  , from subject sub-v2s2x29065_ses-1 vox2ras=TkReg
1897
156156  -35.010  -45.838  -36.327 0.5000000000
156466  -35.688  -45.492  -35.581 0.6000000238
27345  -34.517  -45.185  -36.442 0.6000000238
26429  -33.400  -45.605  -37.057 0.6000000238
26425  -34.138  -45.718  -36.843 0.5000000000
26437  -33.179  -45.733  -37.429 0.6000000238
27352  -34.799  -44.427  -36.272 0.6999999881
26426  -35.952  -44.680  -35.484 0.6999999881
27351  -34.092  -44.773  -36.475 0.6999999881
27344  -33.732  -45.309  -36.684 0.6999999881
27350  -32.878  -45.242  -36.925 0.6999999881
27363  -32.465  -45.167  -37.888 0.5000000000
27356  -32.606  -45.344  -37.294 0.6999999881
26446  -33.473  -45.876  -38.082 0.5000000000
25347  -26.574  -46.399  -28.265 0.5000000000
27346  -35.515  -44.161  -35.853 0.6999999881
28253  -33.992  -44.058  -36.441 0.6999999881
28252  -32.642  -44.485  -36.775 0.6999999881
29172  -33.415  -43.312  -36.480 0.6999999881
29171  -32.339  -43.403  -36.673 0.6999999881
28263  -32.056  -44.439  -38.108 0.6000000238
29124  -35.526  -42.489  -32.203 0.6999999881
30106  -35.524  -41.976  -33.637 0.6999999881
28248  -35.660  -43.386  -35.509 0.6999999881
28247  -35.129  -42.938  -35.904 0.6999999881
160756  -26.454  -46.301  -28.968 0.6000000238
22711  -26.585  -48.515  -30.347 0.4000000060
28254  -35.006  -43.624  -36.156 0.6999999881
28257  -32.033  -44.743  -37.483 0.6999999881
28262  -31.560  -44.097  -37.777 0.6999999881
29177  -31.151  -43.532  -37.497 0.6999999881
29192  -31.527  -43.318  -38.744 0.6000000238
29106  -35.408  -42.085  -30.835 0.6999999881
152817  -35.469  -42.098  -31.603 0.6999999881
29137  -35.642  -42.576  -33.049 0.6999999881
30097  -35.517  -41.995  -32.791 0.6999999881
30083  -35.473  -41.709  -32.169 0.6999999881
27234  -27.731  -44.454  -28.311 0.6000000238
169007  -35.399  -41.732  -34.382 0.6999999881
29165  -34.750  -42.258  -35.852 0.6999999881
29161  -35.549  -42.305  -34.492 0.6999999881
30114  -35.356  -41.258  -33.932 0.6999999881
155839  -35.419  -41.261  -32.964 0.6999999881
156129  -26.256  -47.203  -30.669 0.5000000000
144632  -26.265  -47.258  -29.956 0.5000000000
30128  -32.162  -42.485  -36.571 0.6999999881
30129  -33.140  -42.489  -36.471 0.6999999881
31079  -35.139  -40.704  -34.340 0.6999999881
146439  -26.375  -48.075  -30.901 0.4000000060
29170  -31.450  -43.222  -36.848 0.6999999881
29164  -33.972  -42.527  -36.318 0.6999999881
30122  -34.725  -41.423  -35.487 0.6999999881
31085  -34.746  -40.766  -35.035 0.6999999881
147512  -27.421  -49.974  -32.472 0.4000000060
31084  -34.246  -40.826  -35.731 0.6999999881
32013  -34.426  -40.177  -35.269 0.6999999881
28251  -31.755  -44.016  -37.184 0.6999999881
30127  -31.233  -42.436  -36.571 0.6999999881
157627  -33.081  -40.358  -36.262 0.6999999881
29184  -31.175  -43.510  -38.147 0.6999999881
31093  -32.656  -40.953  -36.355 0.6999999881
29176  -30.667  -43.031  -37.888 0.6999999881
30134  -30.121  -42.624  -37.432 0.6999999881
160933  -31.275  -40.597  -39.563 0.5000000000
31117  -31.508  -41.407  -39.444 0.5000000000
158802  -33.920  -40.857  -39.137 0.4000000060
147482  -33.180  -41.166  -39.535 0.5000000000
31971  -35.460  -40.138  -31.825 0.6999999881
157198  -28.429  -43.845  -29.348 0.6000000238
30123  -35.244  -41.895  -35.074 0.6999999881
24465  -26.291  -46.663  -30.104 0.5000000000
31080  -35.324  -40.611  -33.551 0.6999999881
30120  -32.933  -41.662  -36.419 0.6999999881
29169  -30.765  -42.929  -37.096 0.6999999881
165346  -31.907  -40.977  -36.335 0.6999999881
31115  -29.506  -41.249  -38.797 0.6999999881
29183  -30.857  -42.947  -38.607 0.6999999881
31116  -30.077  -41.773  -38.798 0.6999999881
30141  -30.150  -42.445  -38.224 0.6999999881
155878  -30.411  -40.937  -39.234 0.6999999881
159582  -32.556  -41.292  -26.818 0.6999999881
157056  -33.624  -40.617  -27.287 0.6999999881
31929  -34.704  -39.675  -28.708 0.8000000119
159076  -35.046  -39.540  -29.397 0.8000000119
160624  -31.676  -41.294  -26.862 0.6000000238
30969  -32.090  -40.572  -26.859 0.6000000238
31894  -33.222  -40.050  -27.005 0.6000000238
162852  -35.276  -40.084  -29.968 0.8000000119
30001  -30.870  -41.371  -27.338 0.6000000238
30022  -30.340  -41.169  -28.147 0.6000000238
165630  -35.444  -40.148  -31.121 0.6999999881
28136  -29.276  -43.106  -28.024 0.6000000238
30000  -30.312  -41.891  -27.788 0.6000000238
27262  -28.057  -44.459  -29.891 0.6000000238
28162  -28.997  -43.325  -29.680 0.6000000238
152536  -35.416  -40.314  -32.697 0.6999999881
25394  -26.757  -46.105  -31.101 0.5000000000
26352  -27.266  -45.526  -30.907 0.6000000238
31986  -35.453  -39.842  -32.329 0.6999999881
160468  -34.590  -39.701  -34.824 0.6999999881
159852  -32.019  -41.655  -36.449 0.6999999881
32012  -33.777  -40.103  -35.891 0.6999999881
31103  -28.428  -41.388  -37.723 0.8000000119
30133  -29.598  -42.265  -37.676 0.6999999881
31092  -31.074  -41.585  -36.348 0.6999999881
161677  -32.971  -39.620  -36.181 0.6999999881
31114  -28.752  -41.249  -38.306 0.8000000119
30126  -30.388  -42.315  -36.623 0.6999999881
31091  -30.232  -41.303  -36.189 0.6999999881
32052  -33.318  -40.409  -39.188 0.5000000000
32051  -32.686  -40.084  -39.301 0.5000000000
31893  -32.537  -39.914  -26.926 0.6000000238
31912  -34.329  -39.794  -28.019 0.6999999881
32909  -34.421  -39.056  -28.217 0.8000000119
32922  -34.764  -38.960  -28.877 0.8999999762
30968  -31.289  -40.579  -27.164 0.6000000238
32923  -35.102  -38.830  -29.522 0.8000000119
146296  -35.287  -39.390  -30.051 0.8000000119
32968  -35.460  -38.769  -30.877 0.8000000119
30021  -30.047  -41.737  -28.654 0.6000000238
29089  -29.451  -42.713  -29.984 0.6000000238
152837  -35.477  -39.493  -31.244 0.8000000119
25406  -26.927  -46.304  -31.852 0.6000000238
164677  -28.481  -44.460  -30.628 0.6000000238
28161  -28.766  -43.952  -30.367 0.6000000238
32999  -35.281  -38.611  -33.174 0.6999999881
23611  -26.499  -47.751  -32.374 0.5000000000
32998  -34.937  -38.848  -33.940 0.6999999881
34033  -34.909  -38.135  -33.796 0.6999999881
22729  -26.623  -48.531  -32.689 0.5000000000
24492  -26.916  -47.271  -33.019 0.5000000000
33006  -34.538  -39.023  -34.740 0.6999999881
33016  -34.225  -39.524  -35.403 0.6999999881
32026  -27.700  -40.811  -37.364 0.8000000119
30125  -29.687  -42.151  -37.048 0.8000000119
165208  -30.389  -41.807  -36.366 0.6999999881
152490  -31.300  -40.510  -36.190 0.6999999881
33023  -31.999  -39.643  -36.173 0.6999999881
31090  -29.268  -41.637  -36.654 0.6999999881
168859  -32.733  -40.725  -39.535 0.5000000000
32893  -32.194  -39.220  -27.207 0.6999999881
32907  -32.718  -38.595  -27.475 0.6999999881
154184  -33.467  -38.701  -27.539 0.6999999881
33940  -34.087  -38.370  -27.926 0.8000000119
34969  -34.398  -37.804  -28.516 0.8000000119
30996  -30.677  -40.546  -27.763 0.6999999881
33939  -33.322  -38.080  -27.834 0.8000000119
34992  -35.267  -37.391  -29.969 0.8000000119
32943  -35.335  -38.752  -30.188 0.8000000119
30038  -29.938  -41.629  -29.602 0.6000000238
34012  -35.497  -38.088  -31.864 0.6999999881
26366  -27.993  -45.387  -31.687 0.6000000238
27272  -28.809  -44.373  -31.241 0.6000000238
34034  -35.179  -37.775  -33.205 0.8000000119
34021  -35.393  -37.985  -32.572 0.6999999881
25407  -27.701  -45.835  -32.282 0.6000000238
35074  -35.067  -37.161  -33.232 0.8000000119
22736  -27.029  -48.567  -33.738 0.4000000060
33015  -33.649  -39.356  -35.824 0.6999999881
147566  -33.967  -38.818  -35.476 0.6999999881
148084  -34.649  -38.396  -34.368 0.6999999881
20962  -27.895  -50.919  -34.816 0.4000000060
33014  -33.162  -38.691  -35.963 0.6999999881
34054  -34.272  -38.263  -34.952 0.6999999881
31098  -28.422  -41.317  -37.050 0.8000000119
157087  -29.455  -41.017  -36.136 0.8000000119
170987  -32.460  -39.028  -36.101 0.6999999881
155734  -31.065  -39.569  -36.067 0.6999999881
32047  -28.931  -40.659  -38.793 0.8000000119
173024  -30.721  -40.254  -39.512 0.5000000000
33058  -32.617  -39.408  -39.127 0.5000000000
32050  -31.975  -39.927  -39.472 0.5000000000
32033  -34.077  -40.043  -38.686 0.4000000060
32906  -31.739  -38.515  -27.672 0.6000000238
33938  -32.414  -37.888  -27.900 0.6999999881
34991  -34.806  -37.384  -29.224 0.8000000119
31910  -30.540  -39.875  -28.245 0.6999999881
144609  -30.124  -41.047  -29.060 0.6999999881
29090  -29.769  -42.136  -30.217 0.6000000238
35934  -35.060  -36.698  -29.705 0.8000000119
29104  -29.549  -42.611  -30.906 0.6000000238
155021  -35.500  -36.816  -31.007 0.8000000119
35044  -35.469  -37.376  -32.054 0.8000000119
26367  -28.321  -45.274  -32.456 0.6000000238
27286  -28.935  -44.317  -32.018 0.6000000238
35059  -35.311  -37.251  -32.696 0.8000000119
165394  -33.382  -37.487  -35.388 0.8000000119
34044  -34.513  -37.700  -34.395 0.8000000119
23618  -27.301  -47.661  -33.893 0.5000000000
34051  -32.114  -37.677  -35.789 0.8000000119
34053  -33.611  -38.095  -35.458 0.6999999881
23626  -27.595  -48.024  -34.925 0.4000000060
155753  -27.055  -40.412  -37.681 0.8000000119
31089  -28.723  -41.099  -36.468 0.8000000119
32020  -29.063  -40.313  -35.917 0.8000000119
158378  -30.125  -39.468  -35.834 0.8000000119
34061  -32.305  -38.342  -35.932 0.6999999881
32031  -27.932  -40.721  -38.119 0.8000000119
32021  -30.241  -40.349  -35.967 0.8000000119
147970  -31.704  -38.886  -36.047 0.6999999881
33021  -29.217  -39.242  -35.738 0.8000000119
33054  -28.275  -39.970  -38.788 0.8000000119
34050  -28.407  -38.984  -35.790 0.8000000119
155094  -30.493  -39.688  -39.608 0.6000000238
33055  -29.553  -39.740  -39.180 0.6000000238
33057  -31.887  -39.193  -39.428 0.5000000000
147297  -31.033  -38.376  -28.151 0.6000000238
34968  -33.830  -37.591  -28.219 0.6999999881
31909  -30.237  -39.898  -28.854 0.6000000238
35907  -33.489  -36.993  -28.424 0.6999999881
166425  -34.574  -36.637  -29.232 0.6999999881
31022  -29.941  -40.959  -29.918 0.6000000238
32904  -30.327  -39.308  -28.781 0.6000000238
33952  -30.725  -37.790  -28.667 0.6000000238
31040  -29.675  -40.951  -30.596 0.6000000238
35978  -35.408  -36.176  -30.718 0.8000000119
28195  -29.086  -43.544  -31.968 0.6000000238
30064  -29.600  -41.583  -30.917 0.6000000238
35958  -35.159  -36.094  -30.126 0.6999999881
26382  -28.234  -45.155  -32.983 0.5000000000
35991  -35.421  -36.573  -32.138 0.8000000119
26397  -27.903  -45.538  -33.444 0.3000000119
36029  -34.380  -36.517  -34.247 0.8000000119
36019  -34.776  -36.704  -33.624 0.8000000119
35091  -33.578  -37.008  -35.085 0.8000000119
36028  -33.769  -36.350  -34.798 0.8000000119
35106  -31.601  -37.178  -35.772 0.8000000119
32011  -27.217  -40.057  -36.486 0.8000000119
33022  -30.822  -38.782  -35.879 0.8000000119
34060  -31.411  -38.043  -35.877 0.8000000119
171561  -30.012  -38.756  -35.734 0.8000000119
34058  -29.272  -38.340  -35.712 0.8000000119
33056  -31.084  -39.036  -39.703 0.6000000238
34079  -33.245  -37.979  -38.842 0.3000000119
34965  -31.534  -37.003  -28.339 0.6000000238
34966  -32.203  -37.206  -28.241 0.6999999881
169604  -33.174  -35.855  -28.705 0.6999999881
36869  -33.580  -35.686  -28.929 0.6999999881
30094  -25.868  -41.876  -33.467 0.5000000000
31928  -30.106  -39.579  -29.330 0.6000000238
32920  -30.081  -38.846  -29.549 0.6000000238
36895  -34.823  -35.339  -30.019 0.6999999881
29136  -28.662  -43.310  -32.524 0.5000000000
170212  -29.425  -41.607  -31.206 0.5000000000
31948  -29.882  -39.586  -29.941 0.6000000238
37792  -35.177  -35.042  -30.628 0.6999999881
27316  -27.767  -44.926  -33.657 0.3000000119
28212  -28.837  -44.125  -32.599 0.5000000000
36915  -35.392  -35.586  -31.131 0.8000000119
37850  -35.149  -34.902  -32.320 0.8000000119
36950  -35.248  -35.760  -32.480 0.8000000119
36044  -33.203  -36.579  -35.236 0.8999999762
36966  -34.252  -35.820  -34.330 0.8999999762
36018  -34.574  -36.109  -33.846 0.8000000119
36949  -34.891  -35.174  -33.046 0.8000000119
24505  -27.608  -47.255  -34.720 0.4000000060
36042  -31.848  -36.320  -35.677 0.8999999762
35089  -32.333  -37.073  -35.664 0.8999999762
33031  -26.368  -39.826  -37.639 0.8000000119
33020  -26.496  -39.712  -36.802 0.8000000119
34059  -30.393  -38.121  -35.726 0.8000000119
170035  -26.591  -39.602  -38.202 0.8000000119
34090  -27.411  -39.283  -38.773 0.6999999881
149994  -30.199  -38.988  -39.605 0.6000000238
34093  -31.759  -38.277  -39.527 0.6000000238
34989  -30.969  -37.137  -28.541 0.6000000238
35905  -31.994  -36.574  -28.435 0.6000000238
35931  -32.589  -36.037  -28.610 0.6999999881
33951  -30.222  -37.982  -29.341 0.6000000238
36868  -32.947  -35.417  -28.751 0.6999999881
32942  -29.595  -38.895  -30.397 0.6000000238
37771  -33.504  -34.894  -29.068 0.8000000119
30080  -27.874  -41.748  -32.225 0.6000000238
170246  -28.979  -40.940  -31.383 0.5000000000
32967  -29.217  -39.415  -30.864 0.6000000238
36870  -34.173  -35.473  -29.384 0.6999999881
166145  -35.049  -34.514  -30.852 0.8000000119
28210  -27.275  -43.431  -33.198 0.4000000060
37813  -35.253  -34.894  -31.229 0.6999999881
27317  -28.038  -45.169  -33.402 0.4000000060
36935  -35.323  -35.282  -31.783 0.8000000119
36965  -33.630  -35.457  -34.862 0.8000000119
37857  -34.565  -34.628  -33.627 0.8000000119
36065  -30.991  -36.641  -35.744 0.8999999762
168463  -32.978  -35.464  -35.276 0.8000000119
36958  -34.579  -35.465  -33.749 0.8000000119
34057  -27.796  -38.434  -35.919 0.8000000119
154258  -29.575  -36.912  -35.806 0.8000000119
35105  -30.779  -37.402  -35.741 0.6999999881
34071  -25.917  -39.038  -37.201 0.8000000119
35104  -29.882  -37.535  -35.696 0.8000000119
155371  -26.625  -38.430  -36.440 0.8000000119
34091  -29.826  -38.269  -39.667 0.6999999881
36103  -30.398  -36.329  -40.371 0.6000000238
36104  -31.349  -36.133  -40.061 0.6000000238
35134  -31.714  -36.750  -39.657 0.6000000238
33975  -29.785  -38.101  -30.008 0.6000000238
165793  -31.908  -34.774  -28.469 0.8000000119
157954  -25.735  -40.416  -33.306 0.5000000000
32966  -28.769  -39.306  -31.231 0.5000000000
37772  -34.244  -34.710  -29.658 0.8000000119
31055  -26.839  -40.731  -32.461 0.5000000000
31057  -28.487  -40.751  -31.629 0.5000000000
38678  -33.744  -34.138  -29.313 0.8000000119
38679  -34.273  -34.035  -29.841 0.8000000119
30095  -26.431  -41.217  -32.826 0.5000000000
158569  -34.737  -34.435  -30.310 0.8000000119
37812  -35.091  -34.304  -31.367 0.8000000119
38733  -34.812  -33.605  -31.623 0.8000000119
37830  -35.203  -34.721  -31.737 0.8000000119
37849  -34.824  -34.266  -32.807 0.8000000119
159294  -34.808  -33.725  -32.300 0.8000000119
37867  -33.712  -34.602  -34.770 0.8000000119
36978  -31.784  -35.320  -35.669 0.8000000119
38773  -34.153  -34.061  -34.244 0.8000000119
35102  -27.471  -37.680  -36.220 0.8000000119
36064  -30.253  -36.248  -35.812 0.8000000119
34078  -26.201  -39.043  -38.181 0.8000000119
35118  -26.007  -38.115  -36.993 0.8000000119
146742  -28.552  -38.318  -39.306 0.6999999881
34089  -27.148  -38.510  -38.898 0.6999999881
35133  -30.451  -37.599  -39.943 0.6999999881
35131  -27.947  -37.611  -39.320 0.6999999881
36091  -28.935  -37.012  -40.070 0.6999999881
36092  -29.668  -36.881  -40.359 0.6999999881
36865  -29.972  -35.653  -28.697 0.8000000119
161061  -30.305  -36.220  -28.781 0.6000000238
36866  -30.752  -35.664  -28.544 0.6000000238
37769  -31.333  -35.163  -28.376 0.8000000119
35071  -23.806  -36.490  -34.212 0.6000000238
34019  -25.365  -38.154  -33.455 0.5000000000
35009  -29.274  -37.475  -30.104 0.6000000238
35956  -29.512  -36.900  -29.508 0.6000000238
37770  -32.647  -34.790  -28.694 0.8000000119
34008  -23.225  -37.492  -32.455 0.6000000238
35070  -23.141  -36.904  -34.295 0.6000000238
35072  -24.638  -36.381  -33.893 0.6000000238
146448  -27.024  -37.767  -31.788 0.5000000000
33997  -28.031  -38.009  -31.127 0.5000000000
151284  -24.792  -35.882  -30.274 0.5000000000
35041  -24.297  -36.594  -31.466 0.5000000000
35990  -23.901  -35.411  -33.039 0.6000000238
36017  -24.166  -35.769  -34.001 0.6000000238
32981  -26.874  -39.289  -32.240 0.5000000000
34011  -27.475  -38.259  -31.614 0.5000000000
38696  -33.918  -33.473  -29.548 0.8000000119
38697  -34.452  -33.473  -30.272 0.8000000119
145236  -24.376  -35.759  -31.531 0.5000000000
32983  -28.122  -38.901  -31.457 0.5000000000
35926  -24.992  -36.517  -29.073 0.4000000060
157147  -27.866  -40.247  -31.787 0.5000000000
38714  -34.619  -33.126  -30.997 0.6999999881
39683  -34.209  -33.106  -33.934 0.8000000119
38752  -34.627  -33.421  -32.833 0.8000000119
151845  -34.663  -33.106  -32.237 0.6999999881
150994  -32.512  -35.100  -35.441 0.8000000119
149865  -34.463  -33.066  -33.334 0.8000000119
149093  -33.658  -33.969  -34.758 0.8000000119
38771  -33.306  -33.571  -34.999 0.8000000119
36073  -25.645  -37.487  -37.548 0.8999999762
36061  -26.941  -36.995  -36.559 0.8999999762
36063  -29.391  -36.282  -35.970 0.8000000119
36041  -31.072  -35.837  -35.765 0.8000000119
36062  -28.536  -36.912  -36.066 1.0000000000
36997  -29.808  -35.683  -36.004 0.8000000119
35130  -26.280  -38.143  -38.607 0.8000000119
158022  -26.678  -37.447  -39.066 0.6999999881
37767  -29.330  -35.182  -28.774 0.8000000119
37768  -30.594  -35.041  -28.373 0.8000000119
144248  -31.255  -34.369  -28.279 0.8000000119
36957  -24.502  -35.244  -33.734 0.6000000238
147863  -28.686  -36.169  -29.477 0.6000000238
36864  -29.257  -35.911  -29.061 0.6000000238
144272  -32.229  -34.172  -28.479 0.8000000119
145489  -31.679  -33.527  -28.311 0.8000000119
153064  -23.699  -36.149  -32.488 0.5000000000
36002  -24.056  -35.458  -33.645 0.6000000238
36948  -25.852  -35.567  -32.838 0.6000000238
35954  -28.174  -36.464  -29.992 0.6000000238
38677  -32.712  -33.405  -28.541 0.8000000119
39587  -33.414  -32.885  -29.044 0.8000000119
39605  -34.038  -32.757  -29.854 0.6999999881
36933  -24.563  -34.499  -32.964 0.5000000000
153002  -26.953  -35.973  -31.020 0.6000000238
35955  -28.885  -36.796  -29.766 0.6000000238
147669  -24.847  -35.900  -29.554 0.4000000060
151015  -24.704  -34.352  -30.925 0.4000000060
144023  -24.655  -34.330  -31.985 0.4000000060
37846  -24.928  -34.329  -33.200 0.4000000060
39606  -34.422  -32.602  -30.510 0.6999999881
37789  -24.634  -34.337  -30.196 0.4000000060
37809  -24.839  -33.831  -31.740 0.4000000060
37810  -26.557  -34.164  -31.662 0.4000000060
39639  -34.640  -32.790  -31.661 0.6999999881
38711  -24.887  -32.632  -31.387 0.4000000060
40657  -25.823  -32.372  -31.681 0.5000000000
39655  -34.536  -32.626  -32.818 0.6999999881
38693  -24.493  -32.996  -30.349 0.3000000119
40656  -25.284  -32.123  -31.742 0.5000000000
39638  -26.055  -33.012  -32.111 0.5000000000
37881  -32.087  -34.661  -35.574 0.8000000119
38783  -32.733  -33.750  -35.288 0.8000000119
38772  -33.773  -33.389  -34.552 0.8000000119
39670  -34.343  -32.476  -33.478 0.8000000119
39669  -34.048  -32.399  -33.918 0.8000000119
36060  -25.868  -36.658  -37.156 0.8000000119
36996  -29.091  -35.369  -36.271 0.8000000119
37893  -29.386  -34.470  -36.317 0.8000000119
152560  -30.115  -34.905  -36.067 0.8000000119
37880  -31.498  -34.498  -35.732 0.8000000119
38782  -32.037  -33.936  -35.551 0.8000000119
38794  -30.584  -33.529  -35.904 0.8000000119
35123  -25.656  -38.319  -37.832 0.8000000119
37892  -28.362  -34.835  -36.563 0.8000000119
37894  -30.070  -34.049  -36.117 0.8000000119
36082  -25.760  -37.482  -38.344 0.8999999762
36089  -26.912  -36.412  -39.664 0.6999999881
154418  -27.862  -36.785  -39.731 0.6999999881
169500  -28.259  -35.925  -40.359 0.6999999881
36102  -29.250  -36.277  -40.467 0.6999999881
37028  -30.118  -35.508  -40.673 0.6999999881
37027  -29.193  -35.359  -40.770 0.6999999881
37030  -31.777  -35.432  -39.966 0.6000000238
37029  -31.004  -35.480  -40.327 0.6000000238
144249  -30.314  -34.322  -28.298 0.8000000119
38676  -30.751  -33.571  -28.293 0.8000000119
36003  -25.007  -35.742  -33.608 0.5000000000
37791  -27.990  -35.001  -29.509 0.8000000119
37766  -28.683  -34.579  -28.941 0.8000000119
144540  -29.530  -34.399  -28.515 0.8000000119
36946  -24.610  -34.793  -33.440 0.5000000000
36934  -26.171  -35.087  -32.337 0.6000000238
36913  -26.549  -35.100  -31.489 0.5000000000
36894  -28.651  -35.461  -29.203 0.8000000119
39586  -32.750  -32.673  -28.561 0.6999999881
37827  -24.973  -33.898  -32.626 0.4000000060
38732  -26.144  -33.676  -32.306 0.5000000000
165090  -27.962  -34.371  -29.297 0.6999999881
36892  -27.363  -35.241  -30.114 0.6999999881
39585  -32.031  -32.787  -28.342 0.6999999881
40608  -33.622  -32.146  -29.452 0.6999999881
146025  -24.728  -33.596  -30.867 0.3000000119
40625  -34.146  -32.013  -30.139 0.6999999881
40626  -34.431  -31.934  -30.701 0.6999999881
40641  -34.546  -31.515  -31.258 0.6999999881
40622  -25.723  -31.478  -30.807 0.5000000000
41733  -34.565  -31.444  -32.014 0.6999999881
40621  -24.869  -31.456  -31.256 0.4000000060
41719  -25.084  -31.268  -31.129 0.4000000060
39681  -33.310  -32.955  -34.821 0.8000000119
40691  -34.442  -31.901  -33.084 0.6999999881
153095  -32.291  -33.200  -35.348 0.8000000119
152901  -31.707  -33.283  -35.581 0.8000000119
40701  -32.128  -31.782  -34.952 0.6999999881
38792  -28.853  -33.997  -36.489 0.8000000119
38781  -31.294  -33.752  -35.744 0.8000000119
36072  -25.134  -37.030  -37.895 0.8999999762
37891  -26.743  -35.374  -36.936 0.8000000119
38791  -27.823  -34.254  -36.740 0.8000000119
36081  -25.655  -36.861  -38.748 0.8999999762
36090  -26.429  -37.065  -39.143 0.8999999762
36093  -32.495  -36.624  -39.337 0.4000000060
37021  -27.414  -35.588  -40.197 0.8000000119
37026  -28.430  -35.194  -40.697 0.6999999881
38827  -31.855  -33.699  -39.217 0.5000000000
38675  -29.911  -33.612  -28.434 0.6999999881
143701  -28.731  -33.065  -28.880 0.6999999881
149685  -30.639  -32.143  -28.505 0.6999999881
39636  -25.268  -32.561  -31.908 0.4000000060
39581  -27.621  -32.463  -29.343 0.6000000238
39583  -29.523  -32.938  -28.645 0.6999999881
40607  -33.063  -32.147  -28.811 0.6999999881
160659  -33.294  -31.615  -29.120 0.6999999881
41711  -33.741  -31.435  -29.744 0.6999999881
40623  -26.324  -31.839  -30.326 0.5000000000
41712  -34.312  -31.242  -30.464 0.6999999881
166703  -25.463  -31.105  -30.456 0.4000000060
169040  -34.572  -30.953  -31.661 0.6999999881
42765  -24.432  -30.209  -29.934 0.3000000119
41709  -24.991  -30.789  -30.287 0.3000000119
41692  -26.407  -31.039  -29.330 0.5000000000
39691  -32.644  -32.542  -34.986 0.6999999881
40690  -34.183  -31.844  -33.655 0.6999999881
151549  -34.567  -30.803  -32.246 0.6999999881
172677  -26.186  -30.715  -29.148 0.4000000060
40702  -32.909  -31.795  -34.616 0.6999999881
41771  -34.331  -31.236  -33.286 0.6999999881
40703  -33.642  -31.920  -34.191 0.6999999881
39690  -31.749  -32.546  -35.367 0.6999999881
146094  -29.523  -33.825  -36.312 0.8000000119
38793  -29.909  -33.363  -36.180 0.8000000119
39706  -30.337  -32.735  -35.885 0.8000000119
147109  -29.232  -33.360  -36.401 0.8000000119
37906  -25.175  -35.513  -37.347 0.8000000119
158488  -24.899  -36.025  -38.701 0.8000000119
37915  -24.558  -36.001  -37.946 0.8000000119
37006  -25.101  -36.334  -37.546 0.8999999762
37020  -25.854  -36.109  -39.326 0.8999999762
37922  -25.608  -35.440  -39.514 0.8000000119
37932  -27.862  -34.672  -40.725 0.8000000119
37935  -30.728  -34.783  -40.356 0.6999999881
37924  -31.261  -34.229  -39.714 0.6000000238
37933  -29.022  -34.523  -40.929 0.6999999881
39761  -27.321  -33.005  -40.794 0.6999999881
145490  -30.289  -32.859  -28.453 0.6999999881
156960  -29.004  -31.247  -29.114 0.6000000238
40604  -29.547  -31.569  -28.966 0.6000000238
149686  -29.891  -32.218  -28.686 0.6999999881
156958  -30.984  -31.317  -28.651 0.6999999881
40605  -31.517  -32.092  -28.361 0.6999999881
40606  -32.390  -32.088  -28.420 0.6999999881
40624  -26.884  -32.241  -29.748 0.5000000000
39604  -27.823  -33.196  -29.295 0.6000000238
42751  -31.656  -30.658  -28.743 0.6999999881
41694  -31.992  -31.383  -28.479 0.6999999881
159617  -32.755  -31.471  -28.688 0.6999999881
163106  -28.154  -31.987  -29.140 0.6000000238
41708  -24.445  -30.891  -30.627 0.3000000119
40601  -26.675  -31.602  -29.533 0.5000000000
40602  -27.519  -31.713  -29.234 0.5000000000
165156  -29.435  -30.921  -29.140 0.6000000238
161564  -33.819  -30.703  -29.964 0.6999999881
42746  -26.706  -30.449  -28.950 0.4000000060
159380  -27.140  -31.045  -29.140 0.5000000000
171021  -27.905  -30.992  -29.106 0.6000000238
160774  -34.280  -30.504  -30.470 0.6999999881
160462  -34.433  -30.645  -32.886 0.6999999881
42781  -34.571  -30.356  -31.743 0.6999999881
157812  -34.145  -30.576  -33.432 0.6999999881
43772  -25.831  -29.085  -28.404 0.3000000119
41785  -33.262  -31.184  -34.249 0.6999999881
39705  -29.540  -32.768  -36.199 0.8000000119
171712  -30.407  -32.058  -35.704 0.8000000119
40709  -30.756  -31.705  -35.495 0.6999999881
41783  -31.667  -31.063  -34.910 0.6999999881
154024  -32.411  -30.245  -34.380 0.6999999881
144582  -28.424  -33.448  -36.595 0.8000000119
40725  -29.787  -32.098  -35.906 0.8000000119
37907  -26.657  -34.588  -37.030 0.8000000119
39704  -28.896  -32.890  -36.434 0.8000000119
37914  -24.519  -35.440  -38.581 0.8000000119
165418  -25.102  -32.700  -36.990 0.8000000119
39702  -26.893  -32.582  -36.678 0.8000000119
40722  -27.295  -31.703  -36.480 0.8000000119
41810  -26.966  -31.009  -36.359 0.8000000119
38826  -31.129  -33.505  -39.539 0.6000000238
38839  -30.469  -33.993  -40.152 0.6999999881
38835  -26.451  -33.897  -40.431 0.8000000119
153815  -28.595  -33.819  -41.017 0.6000000238
40775  -27.088  -32.329  -40.620 0.6999999881
39740  -28.146  -32.159  -40.466 0.6000000238
39762  -29.194  -33.176  -40.663 0.6000000238
156959  -30.145  -30.924  -29.045 0.6000000238
158883  -28.716  -30.540  -29.159 0.6000000238
163958  -32.098  -30.204  -28.957 0.6999999881
41695  -32.434  -30.771  -28.748 0.6999999881
42749  -29.632  -30.330  -29.258 0.6000000238
42752  -32.712  -30.150  -29.214 0.6999999881
42753  -33.405  -30.093  -29.658 0.6999999881
153319  -27.159  -29.830  -28.802 0.4000000060
42747  -27.688  -30.298  -29.016 0.4000000060
156981  -29.932  -29.663  -29.397 0.5000000000
158094  -32.176  -29.582  -29.302 0.6999999881
167426  -33.995  -30.007  -30.191 0.6999999881
42748  -28.369  -29.659  -29.157 0.5000000000
156982  -29.174  -29.675  -29.319 0.5000000000
43802  -34.177  -29.365  -30.449 0.6999999881
42773  -34.519  -29.976  -31.271 0.6999999881
43783  -26.416  -29.677  -28.610 0.3000000119
43784  -27.221  -29.095  -28.773 0.3000000119
41784  -32.459  -31.027  -34.568 0.6999999881
43817  -34.558  -29.672  -31.806 0.6999999881
44778  -26.129  -28.379  -28.400 0.3000000119
44779  -26.910  -28.307  -28.708 0.3000000119
42817  -34.328  -29.917  -33.066 0.6999999881
42815  -33.075  -29.907  -33.998 0.6999999881
43845  -34.165  -29.085  -33.274 0.6999999881
42845  -31.299  -30.351  -34.815 0.6999999881
158820  -31.916  -30.511  -34.643 0.6999999881
44845  -33.571  -28.507  -33.647 0.6999999881
42831  -31.757  -29.893  -34.510 0.6999999881
43843  -32.918  -29.092  -33.936 0.6999999881
38808  -27.164  -33.635  -36.860 0.8000000119
39703  -28.129  -32.768  -36.566 0.8000000119
41796  -30.846  -30.994  -35.216 0.6999999881
43862  -32.313  -29.518  -34.220 0.6999999881
44854  -32.167  -28.769  -34.060 0.6999999881
38807  -25.632  -34.503  -37.231 0.8000000119
40724  -28.933  -32.194  -36.254 0.8000000119
41813  -29.307  -31.369  -35.832 0.8000000119
167814  -29.717  -30.976  -35.576 0.8000000119
42830  -31.073  -29.583  -34.656 0.8000000119
44853  -31.449  -28.355  -34.223 0.6999999881
40723  -28.019  -31.988  -36.418 0.8000000119
41812  -28.583  -30.811  -35.888 0.8000000119
42844  -29.789  -29.692  -35.179 0.8000000119
37905  -24.356  -35.320  -37.684 0.8000000119
38806  -24.314  -34.472  -37.528 0.8000000119
40721  -26.276  -31.780  -36.626 0.8000000119
41811  -27.903  -31.219  -36.216 0.8000000119
43876  -29.156  -28.929  -35.173 0.8000000119
38824  -24.460  -34.732  -38.997 0.8000000119
42859  -27.654  -30.256  -35.932 0.8000000119
43875  -28.363  -28.689  -35.363 0.8000000119
39739  -24.177  -33.916  -39.051 0.8000000119
42858  -26.405  -30.148  -36.163 0.8000000119
39759  -25.310  -34.112  -39.795 0.8000000119
38838  -29.911  -33.382  -40.308 0.6000000238
39738  -23.969  -32.979  -39.245 0.8000000119
152835  -24.993  -32.864  -39.923 0.8000000119
38825  -30.580  -33.260  -39.870 0.6000000238
39742  -30.348  -32.692  -39.870 0.6000000238
39741  -29.112  -32.453  -40.342 0.6000000238
160034  -29.723  -32.732  -40.201 0.6000000238
42750  -30.855  -30.468  -29.038 0.6999999881
156979  -31.467  -29.878  -29.118 0.6999999881
170509  -32.411  -29.181  -29.524 0.6999999881
43789  -32.914  -29.431  -29.598 0.6999999881
43787  -30.308  -29.055  -29.562 0.5000000000
43788  -31.932  -28.954  -29.546 0.6999999881
43785  -28.038  -28.993  -29.085 0.4000000060
44787  -28.399  -28.354  -29.301 0.4000000060
44788  -29.127  -28.343  -29.553 0.5000000000
170675  -33.869  -28.923  -30.256 0.6999999881
43810  -34.437  -29.307  -31.110 0.6999999881
45753  -27.378  -27.597  -29.076 0.3000000119
147411  -28.024  -27.296  -29.522 0.3000000119
44810  -34.137  -27.879  -30.888 0.6999999881
160415  -34.519  -29.053  -31.772 0.6999999881
45743  -25.710  -27.897  -28.369 0.3000000119
162011  -28.014  -26.710  -29.783 0.3000000119
44816  -34.482  -28.524  -32.127 0.6999999881
169665  -27.520  -26.426  -29.746 0.3000000119
44832  -34.169  -28.177  -33.205 0.6999999881
162519  -30.071  -30.608  -35.349 0.8000000119
44844  -32.797  -28.427  -33.916 0.6999999881
160779  -30.578  -30.079  -34.997 0.6999999881
43861  -31.579  -29.156  -34.330 0.6999999881
44843  -32.180  -27.981  -34.046 0.6999999881
157400  -28.585  -31.522  -36.139 0.8000000119
43860  -30.881  -28.794  -34.491 0.8000000119
39720  -25.668  -33.597  -37.105 0.8000000119
43859  -30.224  -28.464  -34.721 0.8000000119
39719  -24.331  -33.704  -37.457 0.8000000119
42842  -28.646  -29.310  -35.423 0.8000000119
44861  -28.820  -28.141  -35.168 0.8000000119
39718  -23.762  -33.149  -37.628 0.8000000119
39727  -23.746  -34.034  -37.896 0.8000000119
40720  -25.079  -31.774  -36.769 0.8000000119
43896  -26.969  -29.338  -35.745 0.8000000119
44867  -26.669  -28.713  -35.755 0.8000000119
45818  -28.648  -27.648  -35.414 0.8000000119
39726  -23.439  -33.261  -38.365 0.8000000119
40739  -23.214  -32.395  -38.027 0.8000000119
41809  -25.782  -31.009  -36.535 0.8000000119
43895  -25.835  -29.306  -36.081 0.8000000119
45824  -27.955  -27.667  -35.707 0.8000000119
40755  -26.218  -32.020  -40.392 0.8000000119
163759  -30.258  -30.238  -29.248 0.6000000238
156980  -30.667  -29.760  -29.363 0.6000000238
44786  -27.684  -28.353  -29.016 0.3000000119
43786  -28.784  -28.987  -29.323 0.5000000000
149512  -31.159  -29.128  -29.478 0.6000000238
44789  -29.893  -28.382  -29.710 0.5000000000
44791  -31.410  -28.486  -29.668 0.6999999881
44792  -32.120  -28.161  -29.829 0.6999999881
44799  -33.035  -28.211  -30.027 0.6999999881
150282  -30.286  -27.750  -29.850 0.6000000238
45764  -33.497  -27.656  -30.394 0.6999999881
170009  -26.897  -27.000  -29.117 0.3000000119
46779  -28.494  -27.023  -29.760 0.3000000119
45762  -31.937  -27.385  -30.016 0.6999999881
46778  -26.190  -26.614  -29.069 0.3000000119
47901  -29.141  -25.778  -30.237 0.3000000119
46796  -33.756  -27.223  -30.825 0.6999999881
49054  -26.513  -24.790  -31.051 0.3000000119
169565  -27.303  -24.981  -30.772 0.3000000119
49038  -28.791  -25.140  -30.564 0.3000000119
50206  -25.667  -24.198  -31.959 0.3000000119
45806  -33.103  -27.703  -33.883 0.6999999881
44852  -30.745  -27.980  -34.496 0.8000000119
44851  -30.055  -27.709  -34.810 0.8000000119
145679  -29.366  -27.622  -35.143 0.8000000119
40733  -23.962  -32.152  -37.291 0.8000000119
41808  -24.445  -31.187  -36.896 0.8000000119
42868  -24.006  -30.453  -37.151 0.8000000119
42857  -25.130  -30.232  -36.465 0.8000000119
44866  -26.008  -28.721  -36.046 0.8000000119
44876  -26.620  -28.267  -36.101 0.8000000119
164401  -27.343  -28.167  -35.702 0.8000000119
40753  -23.363  -32.391  -38.874 0.8000000119
43894  -25.274  -28.929  -36.468 0.8000000119
40754  -24.617  -32.095  -39.896 0.8000000119
147680  -25.875  -31.369  -40.227 0.6999999881
151481  -27.042  -31.184  -40.137 0.6000000238
44790  -30.697  -28.431  -29.718 0.6000000238
45763  -32.718  -27.542  -30.134 0.6999999881
46791  -29.501  -26.431  -30.022 0.4000000060
46793  -31.103  -26.543  -30.125 0.6000000238
169461  -32.445  -26.980  -30.193 0.6999999881
46795  -33.160  -26.903  -30.465 0.6999999881
47903  -30.809  -25.868  -30.280 0.4000000060
46809  -33.679  -26.606  -31.055 0.6999999881
45769  -34.103  -27.172  -31.379 0.6999999881
45784  -34.380  -27.928  -32.551 0.6999999881
50189  -28.901  -24.111  -31.353 0.3000000119
49041  -31.343  -25.255  -30.582 0.4000000060
46808  -33.119  -26.170  -30.753 0.6000000238
46819  -33.946  -26.092  -32.512 0.6999999881
45799  -34.150  -27.334  -33.031 0.6999999881
155261  -33.646  -27.111  -33.630 0.6999999881
46831  -33.938  -26.575  -33.150 0.6999999881
165253  -33.056  -26.965  -33.987 0.6999999881
46847  -32.704  -26.519  -34.256 0.6999999881
43878  -30.391  -29.245  -34.819 0.8000000119
44862  -29.561  -28.262  -34.970 0.8000000119
45813  -30.672  -27.225  -34.711 0.8000000119
44860  -28.084  -28.103  -35.416 0.8000000119
46863  -29.860  -26.574  -35.990 0.8000000119
147049  -28.014  -27.296  -36.406 0.8000000119
154492  -23.179  -30.522  -38.297 0.8000000119
157853  -24.737  -29.597  -36.636 0.8000000119
44875  -25.835  -28.319  -36.611 0.8000000119
45831  -26.548  -27.796  -36.727 0.8000000119
167930  -24.571  -29.106  -37.092 0.8000000119
41853  -28.184  -31.237  -39.887 0.6000000238
41850  -23.633  -31.678  -39.374 0.8000000119
41851  -24.831  -31.129  -39.954 0.6999999881
147523  -25.223  -30.190  -39.845 0.6999999881
46782  -30.664  -27.126  -29.971 0.6000000238
45761  -31.331  -27.117  -30.024 0.6000000238
162996  -31.838  -26.728  -30.159 0.6000000238
49039  -29.601  -25.215  -30.532 0.3000000119
49057  -29.236  -24.632  -30.916 0.3000000119
49059  -30.924  -24.708  -30.926 0.3000000119
158373  -32.234  -25.316  -30.726 0.5000000000
49060  -31.874  -24.678  -31.115 0.5000000000
47931  -33.728  -25.627  -31.921 0.6999999881
50229  -27.916  -23.692  -32.151 0.3000000119
50209  -29.443  -23.647  -31.758 0.3000000119
49079  -33.158  -24.601  -31.761 0.4000000060
51221  -27.846  -23.167  -32.785 0.3000000119
159715  -33.812  -25.876  -33.190 0.6000000238
46848  -33.261  -25.902  -34.308 0.6000000238
46845  -31.219  -26.838  -34.651 0.8000000119
46846  -31.875  -26.698  -34.456 0.6999999881
47978  -33.231  -25.392  -34.719 0.6000000238
46855  -31.559  -26.362  -34.937 0.6999999881
47977  -32.413  -26.030  -34.760 0.6999999881
45820  -30.042  -26.980  -35.221 0.8000000119
46854  -30.862  -26.630  -35.093 0.8000000119
47985  -31.308  -26.075  -35.517 0.6999999881
47986  -31.942  -25.886  -35.283 0.6999999881
45819  -29.270  -27.133  -35.624 0.8000000119
46864  -30.600  -26.354  -35.764 0.8000000119
47994  -31.181  -25.770  -36.344 0.6999999881
45825  -28.614  -27.238  -35.960 0.8000000119
46862  -29.199  -26.748  -36.324 0.8000000119
151184  -30.820  -25.719  -37.009 0.6999999881
41822  -23.392  -31.432  -37.714 0.8000000119
43912  -23.998  -29.694  -37.634 0.8000000119
45823  -27.276  -27.716  -36.134 0.8000000119
46871  -29.114  -26.511  -37.197 0.8000000119
45830  -25.690  -27.855  -37.442 0.8000000119
46870  -28.208  -26.863  -37.293 0.8000000119
41833  -22.894  -31.595  -38.586 0.8000000119
43925  -23.635  -29.534  -38.627 0.8000000119
44874  -24.912  -28.410  -37.376 0.8000000119
155895  -26.533  -27.408  -37.605 0.8000000119
145800  -23.582  -29.957  -39.338 0.8000000119
143851  -28.594  -30.487  -39.210 0.6000000238
42893  -23.407  -30.845  -39.396 0.8000000119
152939  -24.828  -29.572  -39.723 0.6999999881
44909  -25.734  -29.030  -39.895 0.6999999881
47918  -32.995  -25.524  -30.967 0.5000000000
47919  -33.560  -25.886  -31.298 0.5000000000
50190  -29.725  -24.129  -31.281 0.3000000119
50210  -30.281  -23.693  -31.682 0.3000000119
49080  -33.572  -24.927  -32.097 0.5000000000
47947  -33.777  -25.380  -32.591 0.6000000238
51207  -30.055  -23.192  -32.155 0.3000000119
51209  -31.622  -23.509  -32.031 0.3000000119
159412  -33.652  -24.665  -32.744 0.6000000238
47964  -33.722  -25.170  -33.259 0.6000000238
51236  -27.466  -22.747  -33.418 0.3000000119
52236  -29.380  -22.367  -33.349 0.3000000119
167029  -32.233  -22.921  -32.840 0.3000000119
52254  -28.696  -22.365  -33.504 0.3000000119
47979  -33.603  -25.177  -33.988 0.6000000238
52252  -27.207  -22.333  -34.004 0.3000000119
47987  -32.661  -25.390  -35.384 0.6999999881
154605  -31.914  -25.583  -35.889 0.6999999881
46885  -28.746  -26.475  -37.890 0.8000000119
48002  -29.747  -26.157  -37.494 0.6999999881
48003  -30.274  -25.914  -37.280 0.6999999881
45844  -27.355  -27.015  -37.896 0.8000000119
46884  -28.075  -26.592  -38.276 0.6999999881
44873  -24.311  -28.152  -38.202 0.8000000119
45829  -24.754  -27.842  -38.149 0.6999999881
45842  -25.557  -27.374  -38.442 0.8000000119
46883  -27.107  -26.629  -38.887 0.6000000238
42880  -29.901  -30.121  -38.405 0.6000000238
43944  -23.827  -29.246  -39.375 0.6999999881
44907  -23.790  -28.154  -39.344 0.6999999881
43945  -26.308  -29.475  -39.566 0.6999999881
43946  -27.534  -29.290  -39.187 0.6999999881
45918  -26.152  -27.059  -42.171 0.5000000000
165251  -27.234  -27.263  -41.995 0.5000000000
49101  -33.710  -24.372  -33.504 0.6000000238
50248  -33.670  -23.717  -34.206 0.6000000238
49132  -33.625  -24.146  -34.989 0.6000000238
49145  -32.977  -24.276  -36.287 0.6999999881
48005  -31.884  -25.231  -36.588 0.6999999881
52287  -25.119  -21.888  -35.410 0.3000000119
48004  -31.353  -25.337  -37.125 0.6999999881
47995  -32.498  -25.008  -36.104 0.6999999881
49157  -31.936  -24.745  -37.257 0.6999999881
45843  -26.554  -27.078  -38.391 0.6999999881
48018  -30.057  -25.774  -38.030 0.6999999881
43911  -24.116  -28.829  -38.106 0.6999999881
45840  -24.142  -27.790  -38.612 0.6999999881
45865  -25.950  -26.813  -39.116 0.6999999881
165113  -26.247  -26.356  -39.602 0.6000000238
45863  -24.055  -27.223  -39.764 0.6999999881
42895  -28.086  -29.851  -39.095 0.6000000238
168636  -29.042  -29.856  -38.628 0.5000000000
44927  -25.148  -28.506  -40.588 0.6999999881
44928  -26.498  -28.460  -40.172 0.6999999881
45884  -27.232  -27.914  -40.745 0.6000000238
50239  -33.530  -23.589  -33.337 0.5000000000
51241  -33.435  -23.014  -33.947 0.4000000060
169237  -33.592  -23.215  -34.437 0.5000000000
155832  -33.467  -22.830  -34.650 0.5000000000
50256  -33.607  -23.362  -34.980 0.6000000238
169409  -33.292  -23.700  -36.092 0.6000000238
53371  -25.618  -21.427  -35.952 0.3000000119
53372  -26.410  -21.382  -35.766 0.3000000119
49144  -32.368  -24.719  -36.661 0.6999999881
49156  -31.398  -24.952  -37.725 0.6000000238
48019  -30.816  -25.426  -37.761 0.6000000238
46899  -27.998  -26.320  -39.076 0.6000000238
49168  -30.451  -25.291  -38.630 0.6000000238
45864  -24.833  -26.943  -39.432 0.6999999881
48016  -28.781  -26.243  -38.664 0.6000000238
46898  -25.184  -26.354  -39.920 0.6999999881
46917  -25.711  -25.842  -40.269 0.6000000238
44937  -24.687  -27.778  -41.140 0.6999999881
44911  -28.025  -28.700  -39.121 0.6000000238
44912  -29.410  -28.386  -38.939 0.5000000000
164373  -27.679  -28.291  -39.840 0.6000000238
44929  -28.731  -28.123  -39.482 0.6000000238
44930  -29.662  -27.830  -39.519 0.5000000000
45900  -25.396  -27.377  -41.674 0.6000000238
45885  -28.356  -27.719  -40.382 0.5000000000
44938  -25.944  -27.984  -41.034 0.5000000000
45902  -27.966  -27.476  -41.412 0.5000000000
45919  -27.985  -27.222  -42.171 0.5000000000
46951  -28.456  -26.953  -42.553 0.5000000000
51250  -33.139  -22.421  -34.342 0.4000000060
52292  -33.279  -22.274  -35.036 0.4000000060
52274  -30.541  -21.591  -34.317 0.4000000060
50264  -33.425  -23.153  -35.798 0.6000000238
53388  -26.932  -20.972  -36.182 0.3000000119
53390  -28.301  -20.913  -35.838 0.3000000119
49158  -32.573  -24.212  -36.984 0.6000000238
54604  -26.642  -20.188  -37.122 0.3000000119
49170  -31.748  -24.460  -38.004 0.6000000238
49185  -30.736  -24.781  -39.084 0.5000000000
50287  -31.630  -24.225  -38.582 0.6000000238
48032  -28.530  -25.838  -39.568 0.6000000238
49183  -29.351  -25.278  -39.796 0.6000000238
48048  -27.718  -25.420  -40.232 0.6000000238
49184  -30.132  -25.046  -39.389 0.6000000238
48031  -27.183  -26.098  -39.814 0.6000000238
48049  -28.636  -25.311  -40.134 0.6000000238
46897  -24.368  -26.624  -40.307 0.6999999881
48047  -26.399  -25.338  -40.541 0.6000000238
45899  -24.556  -27.076  -41.382 0.6999999881
45901  -26.689  -27.520  -41.527 0.5000000000
46968  -27.861  -26.302  -42.966 0.5000000000
52275  -31.982  -21.763  -34.306 0.4000000060
52276  -32.686  -21.844  -34.788 0.4000000060
51254  -33.470  -22.778  -35.219 0.5000000000
53361  -32.384  -21.279  -35.386 0.4000000060
51258  -33.316  -22.389  -35.728 0.4000000060
51257  -33.169  -22.670  -36.430 0.4000000060
151995  -33.025  -23.511  -36.580 0.5000000000
54586  -27.425  -20.571  -36.570 0.3000000119
54606  -27.905  -20.189  -36.967 0.3000000119
151436  -28.094  -20.550  -36.420 0.4000000060
50279  -32.635  -23.632  -37.232 0.4000000060
55644  -27.694  -19.777  -37.490 0.3000000119
54576  -29.554  -20.564  -35.860 0.4000000060
50278  -32.230  -24.071  -37.615 0.6000000238
50298  -31.230  -24.207  -39.183 0.5000000000
49206  -30.603  -24.471  -39.675 0.5000000000
50320  -30.941  -23.861  -39.892 0.5000000000
49203  -28.160  -24.847  -40.539 0.6000000238
46933  -25.007  -25.900  -41.408 0.6000000238
49217  -25.867  -24.772  -41.227 0.6000000238
46948  -25.257  -25.745  -42.154 0.5000000000
45917  -25.031  -26.531  -41.873 0.5000000000
46966  -25.721  -25.697  -42.689 0.5000000000
46967  -26.500  -26.060  -42.980 0.5000000000
165738  -27.874  -25.617  -43.306 0.5000000000
48081  -28.750  -25.895  -43.190 0.5000000000
167615  -32.073  -21.439  -34.854 0.4000000060
52291  -32.909  -21.715  -35.643 0.4000000060
52297  -33.036  -21.987  -36.349 0.4000000060
162265  -32.558  -21.150  -35.985 0.4000000060
148844  -32.934  -22.184  -36.993 0.4000000060
51286  -32.627  -22.434  -37.782 0.4000000060
51293  -31.876  -22.916  -39.068 0.4000000060
50289  -32.438  -23.350  -37.767 0.5000000000
55662  -26.426  -19.257  -37.893 0.3000000119
51292  -31.471  -23.453  -39.519 0.4000000060
170388  -30.426  -24.097  -40.181 0.5000000000
51310  -31.131  -23.204  -40.174 0.4000000060
49204  -29.051  -24.824  -40.353 0.6000000238
49205  -29.874  -24.585  -40.106 0.5000000000
50336  -30.602  -23.574  -40.459 0.5000000000
49202  -27.028  -24.783  -40.792 0.6000000238
50335  -29.005  -23.699  -40.898 0.5000000000
50319  -29.891  -23.821  -40.611 0.5000000000
48070  -25.531  -25.074  -42.371 0.5000000000
49227  -25.772  -24.536  -41.945 0.6000000238
50333  -26.947  -23.559  -41.630 0.6000000238
50334  -28.023  -23.602  -41.149 0.6000000238
49228  -26.273  -23.895  -42.186 0.6000000238
48079  -25.982  -25.196  -43.005 0.5000000000
48080  -26.980  -25.485  -43.214 0.5000000000
48082  -29.713  -26.070  -43.165 0.5000000000
49238  -25.984  -24.473  -42.609 0.5000000000
58904  -25.995  -16.914  -39.340 0.3000000119
58905  -26.738  -16.781  -39.207 0.4000000060
58906  -27.484  -16.705  -39.149 0.4000000060
51327  -27.511  -23.041  -41.769 0.5000000000
60050  -25.867  -15.724  -39.977 0.4000000060
51341  -26.773  -23.265  -42.381 0.5000000000
52368  -28.906  -21.801  -41.871 0.5000000000
52369  -29.858  -21.643  -41.618 0.5000000000
51347  -26.942  -23.101  -43.038 0.5000000000
49239  -26.451  -24.575  -43.209 0.5000000000
163891  -26.883  -23.401  -43.390 0.6000000238
48096  -29.310  -25.385  -43.515 0.5000000000
48095  -28.317  -25.147  -43.520 0.6000000238
49250  -28.700  -24.425  -43.765 0.5000000000
154859  -30.363  -24.445  -44.061 0.4000000060
60033  -27.095  -16.157  -39.483 0.4000000060
57765  -28.823  -17.355  -38.952 0.4000000060
51342  -27.353  -22.764  -42.514 0.5000000000
51348  -27.411  -22.624  -43.179 0.5000000000
51357  -27.716  -22.853  -43.762 0.5000000000
52383  -27.854  -22.143  -43.479 0.5000000000
49249  -27.761  -24.412  -43.612 0.5000000000
50359  -27.548  -23.590  -43.713 0.5000000000
50369  -30.439  -23.675  -44.275 0.4000000060
50360  -28.519  -23.434  -43.954 0.5000000000
50361  -29.543  -24.035  -44.017 0.5000000000
60052  -28.197  -15.717  -39.763 0.4000000060
61199  -26.527  -14.436  -40.616 0.4000000060
52367  -27.970  -22.153  -42.432 0.5000000000
53464  -29.144  -21.263  -42.100 0.4000000060
51358  -28.521  -22.536  -44.100 0.4000000060
51366  -29.838  -22.652  -44.427 0.4000000060
51359  -29.356  -23.261  -44.175 0.5000000000
52394  -30.824  -22.351  -44.745 0.3000000119
53472  -28.979  -20.690  -42.703 0.4000000060
52392  -28.932  -21.876  -44.351 0.4000000060
53499  -31.633  -21.688  -45.680 0.4000000060
53498  -30.480  -21.083  -45.606 0.4000000060
53488  -29.143  -21.299  -44.629 0.4000000060
54699  -32.738  -20.694  -45.632 0.4000000060
52393  -29.833  -21.889  -44.707 0.4000000060
53508  -31.678  -21.093  -46.234 0.4000000060
55750  -29.119  -19.680  -45.598 0.4000000060
53509  -32.346  -21.008  -46.510 0.4000000060
53501  -32.539  -21.266  -46.081 0.4000000060
155152  -32.745  -19.879  -45.961 0.4000000060
164402  -32.750  -19.984  -44.862 0.4000000060
54697  -29.594  -20.328  -45.723 0.4000000060
54706  -31.816  -20.521  -46.644 0.4000000060
158557  -29.820  -19.779  -46.244 0.4000000060
55751  -29.516  -19.135  -45.916 0.4000000060
54705  -30.945  -19.852  -46.610 0.3000000119
55759  -32.090  -19.895  -46.923 0.4000000060
53510  -32.569  -20.645  -46.410 0.4000000060
56749  -32.761  -18.861  -45.733 0.4000000060
55761  -32.262  -19.197  -47.295 0.4000000060
56756  -32.727  -19.177  -46.857 0.5000000000
55757  -30.258  -19.215  -46.437 0.4000000060
55758  -31.307  -19.236  -46.830 0.4000000060
145702  -35.402  -40.501  -30.602 0.6999999881
27261  -27.227  -45.170  -29.924 0.6000000238
32908  -33.930  -39.178  -27.635 0.6999999881
32991  -35.449  -38.740  -32.345 0.8000000119
33954  -35.180  -38.107  -29.686 0.8000000119
32905  -30.850  -39.151  -28.106 0.6000000238
34967  -33.054  -37.405  -28.163 0.6999999881
36004  -34.880  -35.975  -33.279 0.8000000119
29150  -26.464  -43.089  -33.455 0.4000000060
33012  -27.366  -39.358  -36.102 0.8000000119
161144  -31.371  -35.685  -28.476 0.6000000238
32989  -25.708  -39.178  -33.220 0.5000000000
146744  -34.817  -33.915  -30.872 0.8000000119
38762  -34.511  -33.754  -33.488 0.8000000119
145346  -33.083  -34.151  -28.802 0.8000000119
36893  -28.007  -35.756  -29.703 0.6000000238
37847  -25.164  -34.336  -33.327 0.5000000000
37790  -27.365  -34.421  -29.963 0.6000000238
146116  -30.962  -32.302  -35.580 0.6999999881
41696  -33.184  -30.883  -29.238 0.6999999881
43897  -27.975  -29.352  -35.611 0.8000000119
43800  -32.626  -28.790  -29.724 0.6999999881
45805  -32.323  -27.183  -34.088 0.6999999881
46807  -32.529  -25.855  -30.597 0.6000000238
46838  -33.509  -26.385  -33.835 0.6999999881
46792  -30.304  -26.478  -30.077 0.6000000238
49078  -32.543  -24.433  -31.557 0.5000000000
49169  -31.162  -24.782  -38.441 0.6000000238
163472  -32.886  -21.629  -36.851 0.4000000060
52384  -28.202  -21.713  -43.917 0.4000000060
25453  -34.600  -46.211  -36.889 0.5000000000
26430  -33.878  -45.966  -37.263 0.5000000000
26411  -36.180  -45.204  -34.785 0.6999999881
28264  -33.004  -44.471  -38.801 0.5000000000
26283  -27.370  -45.462  -27.371 0.5000000000
28272  -31.632  -43.863  -38.278 0.6999999881
30065  -35.459  -41.472  -31.447 0.6999999881
31058  -35.451  -40.943  -32.062 0.6999999881
30121  -33.975  -41.679  -36.193 0.6999999881
32022  -32.342  -40.323  -36.273 0.6999999881
31083  -33.502  -40.903  -36.210 0.6999999881
30150  -30.759  -42.153  -38.976 0.6999999881
158593  -32.347  -41.379  -39.678 0.5000000000
168740  -30.811  -41.369  -39.230 0.6000000238
32049  -31.252  -39.782  -39.609 0.5000000000
29073  -29.294  -42.808  -28.937 0.6000000238
31999  -34.945  -39.594  -34.139 0.6999999881
30140  -29.337  -41.798  -38.107 0.6999999881
171151  -30.767  -42.140  -27.268 0.6000000238
31949  -35.407  -39.823  -30.606 0.8000000119
159664  -35.215  -39.289  -33.488 0.6999999881
32032  -33.318  -39.655  -38.857 0.4000000060
33953  -34.793  -38.244  -29.027 0.8000000119
167558  -29.259  -43.302  -30.602 0.6000000238
28176  -29.090  -43.784  -31.072 0.6000000238
32019  -27.875  -40.678  -36.594 0.8000000119
32892  -31.410  -39.235  -27.506 0.6999999881
154478  -35.461  -37.427  -30.698 0.6999999881
25418  -27.901  -45.806  -33.131 0.5000000000
35084  -34.542  -37.081  -34.125 0.8000000119
34990  -34.166  -36.950  -28.679 0.6999999881
29123  -29.375  -42.778  -31.576 0.6000000238
156431  -35.504  -36.306  -31.388 0.8000000119
34052  -32.836  -37.773  -35.691 0.8000000119
154302  -29.052  -39.044  -39.225 0.6999999881
35933  -34.127  -36.174  -29.049 0.6999999881
31969  -29.368  -40.235  -30.821 0.6000000238
154366  -30.302  -36.946  -35.730 0.8999999762
35103  -28.820  -37.597  -35.821 0.8000000119
34092  -30.802  -38.287  -39.806 0.6000000238
35135  -32.870  -37.245  -39.016 0.4000000060
29149  -25.823  -42.665  -33.808 0.3000000119
30081  -28.736  -42.018  -32.033 0.5000000000
29135  -27.774  -42.983  -32.794 0.5000000000
28211  -28.236  -43.805  -32.998 0.5000000000
28224  -26.715  -43.828  -33.665 0.4000000060
36979  -32.463  -35.791  -35.469 0.8999999762
35929  -30.965  -36.121  -28.583 0.6000000238
34988  -30.388  -37.304  -29.014 0.6000000238
35930  -31.700  -36.036  -28.526 0.6000000238
33974  -29.312  -38.137  -30.506 0.5000000000
29134  -26.926  -42.693  -33.001 0.4000000060
30079  -27.092  -41.454  -32.494 0.5000000000
31056  -27.639  -40.927  -32.043 0.5000000000
37866  -33.236  -34.202  -35.112 0.8000000119
35132  -29.436  -37.539  -39.936 0.6999999881
36105  -32.126  -35.997  -39.756 0.4000000060
153739  -30.036  -36.815  -29.110 0.6000000238
31998  -25.293  -39.775  -33.691 0.5000000000
31067  -26.220  -40.584  -32.877 0.5000000000
151474  -28.886  -38.601  -30.967 0.5000000000
31982  -27.218  -40.138  -32.121 0.5000000000
35928  -29.708  -36.345  -29.077 0.6000000238
34032  -24.496  -37.157  -34.054 0.5000000000
35042  -26.464  -37.339  -32.306 0.6000000238
32990  -26.212  -38.711  -32.730 0.5000000000
167966  -25.860  -37.125  -32.923 0.6000000238
32997  -24.923  -38.808  -33.898 0.5000000000
35028  -28.741  -37.778  -30.691 0.5000000000
155136  -23.484  -36.024  -33.559 0.6000000238
34010  -26.795  -38.291  -32.146 0.5000000000
35026  -27.516  -37.300  -31.141 0.6000000238
35976  -26.965  -36.622  -31.361 0.6000000238
32982  -27.400  -38.845  -31.843 0.5000000000
35027  -28.077  -37.421  -30.754 0.5000000000
36891  -24.693  -35.056  -30.080 0.4000000060
39623  -34.543  -32.340  -31.150 0.6999999881
157255  -34.604  -32.506  -32.195 0.6999999881
36977  -30.968  -35.050  -35.834 0.8000000119
156624  -28.544  -36.185  -36.220 0.8999999762
37848  -25.643  -34.615  -32.981 0.5000000000
35975  -26.511  -35.821  -31.855 0.6000000238
149532  -26.471  -36.521  -32.142 0.6000000238
35953  -27.482  -35.961  -30.333 0.6000000238
36914  -26.939  -35.430  -30.685 0.6000000238
38730  -25.373  -33.336  -32.285 0.4000000060
38731  -25.685  -33.460  -32.427 0.4000000060
38713  -26.841  -33.929  -30.863 0.5000000000
38712  -26.490  -33.438  -31.660 0.5000000000
40658  -34.586  -32.087  -31.788 0.6999999881
40639  -25.115  -31.681  -31.550 0.4000000060
164085  -26.068  -31.938  -31.023 0.5000000000
162821  -26.503  -32.471  -30.783 0.5000000000
145029  -33.271  -32.366  -34.619 0.6999999881
36995  -27.652  -35.848  -36.572 0.8000000119
37934  -29.897  -34.716  -40.741 0.6999999881
39584  -31.128  -32.828  -28.328 0.6999999881
37765  -28.315  -33.815  -29.033 0.6999999881
38674  -29.106  -33.726  -28.679 0.6999999881
38695  -27.690  -33.907  -29.454 0.6000000238
41720  -34.497  -30.635  -31.067 0.6999999881
41710  -26.047  -31.335  -29.978 0.5000000000
41753  -34.503  -31.328  -32.675 0.6999999881
37923  -26.758  -35.280  -40.080 0.8000000119
149503  -29.175  -32.328  -28.862 0.6000000238
39582  -28.399  -32.474  -29.054 0.6000000238
38694  -27.225  -33.618  -30.056 0.6000000238
39622  -26.767  -33.216  -30.859 0.5000000000
41691  -25.731  -30.851  -29.582 0.3000000119
41770  -33.894  -31.220  -33.794 0.6999999881
42797  -34.543  -30.102  -32.412 0.6999999881
42745  -25.948  -30.350  -28.968 0.3000000119
37931  -26.697  -34.632  -40.309 0.8000000119
37921  -25.455  -34.766  -39.699 0.8000000119
38836  -27.604  -33.812  -40.881 0.6000000238
38837  -29.298  -33.794  -40.797 0.6000000238
156206  -28.371  -33.037  -40.866 0.6000000238
39760  -25.954  -33.148  -40.346 0.8000000119
41693  -28.379  -31.386  -29.126 0.6000000238
164849  -30.224  -31.619  -28.774 0.6999999881
42832  -33.522  -30.576  -33.864 0.6999999881
41795  -30.138  -31.412  -35.592 0.8000000119
38817  -24.064  -34.751  -38.169 0.8000000119
42766  -33.646  -29.434  -29.984 0.6999999881
149672  -29.537  -29.002  -29.499 0.5000000000
44801  -34.211  -28.699  -30.685 0.6999999881
43832  -34.493  -29.271  -32.524 0.6999999881
156377  -26.414  -27.553  -28.690 0.3000000119
42816  -33.855  -29.901  -33.565 0.6999999881
172323  -34.378  -28.589  -32.810 0.6999999881
41794  -29.320  -30.453  -35.547 0.8000000119
42843  -29.108  -29.672  -35.385 0.8000000119
43801  -33.335  -28.842  -29.952 0.6999999881
165449  -28.048  -27.844  -29.277 0.3000000119
45754  -28.663  -27.667  -29.625 0.5000000000
44800  -33.747  -28.344  -30.324 0.6999999881
147538  -34.409  -28.530  -31.344 0.6999999881
146056  -27.486  -26.912  -29.467 0.3000000119
45755  -29.479  -27.713  -29.795 0.5000000000
46780  -29.111  -27.041  -29.835 0.4000000060
45770  -34.361  -27.844  -31.714 0.6999999881
47884  -26.444  -25.909  -29.672 0.3000000119
45756  -31.194  -27.780  -29.854 0.6000000238
47902  -29.957  -25.832  -30.249 0.3000000119
159103  -27.810  -24.665  -31.031 0.3000000119
41852  -26.368  -30.649  -39.926 0.6999999881
47904  -31.763  -25.964  -30.349 0.6000000238
46794  -32.487  -26.412  -30.378 0.6000000238
49040  -30.443  -25.248  -30.537 0.4000000060
149779  -33.971  -26.451  -31.809 0.6999999881
45783  -34.281  -27.206  -32.158 0.6999999881
166563  -34.139  -26.712  -32.534 0.6999999881
158479  -33.620  -25.701  -33.738 0.6000000238
47993  -30.424  -26.114  -36.529 0.8000000119
46861  -28.627  -26.895  -36.600 0.8000000119
45832  -27.352  -27.359  -36.969 0.8000000119
42894  -26.966  -29.929  -39.536 0.6000000238
147254  -27.627  -30.501  -39.613 0.6000000238
49058  -30.074  -24.680  -30.883 0.3000000119
50191  -30.563  -24.187  -31.254 0.3000000119
51205  -28.466  -23.331  -32.410 0.3000000119
49088  -33.439  -24.264  -32.310 0.5000000000
49117  -33.338  -24.868  -35.062 0.6000000238
46872  -29.780  -26.340  -36.800 0.6999999881
50211  -31.108  -23.821  -31.665 0.3000000119
51238  -28.783  -22.828  -32.900 0.3000000119
52253  -28.042  -22.249  -33.869 0.3000000119
49118  -33.644  -24.596  -34.392 0.6000000238
49131  -33.167  -24.630  -35.626 0.6000000238
44908  -24.354  -28.924  -40.109 0.6999999881
44925  -23.890  -27.818  -39.883 0.6999999881
50255  -33.451  -23.866  -35.641 0.6000000238
48033  -29.568  -25.690  -38.901 0.6000000238
45883  -24.172  -27.283  -40.644 0.6999999881
43947  -28.429  -29.227  -38.806 0.5000000000
51240  -32.944  -22.637  -33.758 0.4000000060
46916  -24.823  -26.032  -40.686 0.6000000238
48046  -25.358  -25.420  -40.995 0.6000000238
45920  -28.820  -27.259  -42.033 0.4000000060
52258  -32.544  -22.169  -34.000 0.4000000060
149468  -30.137  -21.244  -34.846 0.4000000060
53389  -27.611  -20.957  -36.042 0.3000000119
54585  -26.759  -20.566  -36.692 0.3000000119
54605  -27.240  -20.199  -37.077 0.3000000119
51285  -32.156  -23.090  -38.390 0.5000000000
46932  -24.530  -26.556  -41.082 0.5000000000
51273  -32.835  -22.945  -37.131 0.4000000060
155726  -28.491  -20.192  -36.778 0.4000000060
55645  -28.516  -19.777  -37.351 0.4000000060
50299  -31.750  -23.639  -38.848 0.5000000000
52305  -32.792  -21.640  -37.434 0.4000000060
168106  -30.190  -23.238  -40.796 0.5000000000
50351  -26.519  -23.754  -42.916 0.6000000238
58907  -28.255  -16.692  -39.176 0.4000000060
52352  -27.944  -22.610  -41.878 0.5000000000
60034  -27.845  -16.121  -39.427 0.4000000060
53497  -29.381  -20.817  -45.092 0.4000000060
54691  -28.897  -20.184  -45.042 0.4000000060
56754  -29.998  -18.564  -46.089 0.4000000060
170529  -34.104  -47.256  -29.930 0.5000000000
24479  -34.614  -47.138  -30.915 0.5000000000
24406  -32.537  -47.538  -26.997 0.4000000060
24434  -33.063  -46.990  -28.079 0.5000000000
154320  -33.413  -47.607  -28.561 0.5000000000
148318  -33.784  -47.275  -29.323 0.5000000000
25382  -34.423  -46.854  -30.278 0.6000000238
25397  -35.242  -45.898  -31.126 0.6000000238
24419  -32.567  -47.006  -27.476 0.5000000000
25333  -32.099  -46.442  -27.264 0.5000000000
25368  -33.832  -46.096  -28.674 0.5000000000
25369  -34.325  -45.928  -29.273 0.5000000000
26286  -32.370  -45.775  -27.391 0.5000000000
26340  -34.798  -45.377  -29.723 0.6000000238
26355  -35.362  -45.141  -30.975 0.6000000238
26354  -35.045  -45.606  -30.438 0.6000000238
27287  -35.605  -44.856  -31.655 0.6000000238
172887  -36.069  -44.307  -32.949 0.6000000238
157137  -35.835  -43.812  -32.634 0.6000000238
27304  -36.232  -44.739  -33.293 0.6000000238
27319  -36.323  -44.617  -34.075 0.6000000238
28227  -36.278  -44.003  -34.256 0.6000000238
26287  -33.068  -45.694  -27.719 0.5000000000
156473  -34.529  -45.190  -29.132 0.5000000000
26341  -35.204  -44.705  -30.194 0.6000000238
26266  -31.565  -45.761  -27.060 0.5000000000
165945  -32.716  -45.067  -27.401 0.5000000000
27273  -35.439  -44.339  -31.019 0.6000000238
26264  -29.983  -45.405  -26.652 0.5000000000
26265  -30.741  -45.335  -26.835 0.5000000000
145042  -35.607  -44.075  -31.802 0.6000000238
28226  -36.130  -43.420  -34.074 0.6000000238
164794  -36.009  -44.030  -35.364 0.6000000238
26307  -34.420  -44.640  -28.711 0.5000000000
27249  -34.844  -44.652  -29.365 0.5000000000
155000  -32.025  -45.056  -27.127 0.5000000000
27236  -33.482  -44.103  -27.630 0.5000000000
27220  -33.323  -44.936  -27.729 0.5000000000
163254  -34.722  -44.002  -28.938 0.5000000000
28163  -35.339  -43.793  -30.401 0.6000000238
27201  -30.046  -44.711  -26.800 0.5000000000
27218  -31.613  -44.243  -26.981 0.5000000000
28177  -35.450  -43.521  -31.187 0.6000000238
27200  -29.465  -44.943  -26.735 0.5000000000
27215  -29.385  -44.308  -26.940 0.5000000000
144053  -35.663  -43.073  -32.600 0.6000000238
28213  -35.922  -43.259  -33.278 0.6000000238
27347  -36.114  -43.665  -34.814 0.6000000238
28241  -35.863  -42.980  -34.699 0.6000000238
159317  -32.773  -43.898  -27.233 0.5000000000
29076  -34.976  -42.883  -29.184 0.5000000000
28150  -34.958  -43.494  -29.228 0.6000000238
29091  -35.241  -42.406  -29.882 0.6000000238
28122  -32.396  -43.291  -27.022 0.5000000000
163793  -35.119  -43.990  -29.631 0.6000000238
146910  -35.371  -42.963  -30.595 0.6000000238
155699  -27.996  -45.170  -27.026 0.5000000000
26305  -27.140  -45.120  -28.214 0.5000000000
29151  -35.798  -42.734  -33.869 0.6000000238
29166  -35.419  -42.583  -35.286 0.6000000238
29048  -32.708  -42.663  -27.053 0.5000000000
28123  -33.124  -43.339  -27.321 0.5000000000
29075  -34.585  -42.516  -28.506 0.5000000000
160686  -34.946  -42.259  -29.147 0.6000000238
27216  -30.096  -43.942  -26.940 0.5000000000
27214  -28.752  -44.154  -27.283 0.5000000000
28119  -30.257  -43.244  -27.196 0.6000000238
30004  -33.762  -41.920  -27.511 0.6000000238
29061  -34.145  -42.417  -27.867 0.5000000000
30039  -34.746  -41.761  -28.735 0.5000000000
31014  -35.261  -40.935  -29.874 0.6000000238
29046  -31.010  -42.801  -27.060 0.6000000238
30003  -33.046  -41.984  -27.068 0.6000000238
30052  -35.311  -41.674  -30.158 0.6000000238
27248  -28.266  -43.936  -28.453 0.5000000000
29044  -29.805  -42.966  -27.587 0.5000000000
146217  -31.358  -42.034  -26.939 0.6000000238
26325  -26.940  -45.245  -29.032 0.4000000060
30002  -32.193  -41.993  -26.853 0.6000000238
30971  -33.374  -41.287  -27.109 0.6000000238
30997  -34.018  -41.235  -27.632 0.6000000238
30998  -34.499  -41.148  -28.276 0.5000000000
31013  -34.907  -41.046  -29.008 0.6000000238
31041  -35.444  -40.745  -31.299 0.6000000238
159671  -34.619  -40.418  -28.511 0.6999999881
145918  -31.303  -37.528  -39.731 0.5000000000
148805  -31.434  -27.442  -34.317 0.6000000238
40756  -27.416  -31.727  -40.362 0.5000000000
41854  -29.021  -31.057  -39.424 0.5000000000
44910  -27.005  -28.841  -39.449 0.5000000000
57859  -32.909  -18.315  -46.563 0.4000000060
57851  -33.063  -17.437  -46.041 0.3000000119
60122  -33.717  -16.155  -45.862 0.3000000119
60123  -34.113  -15.590  -46.227 0.3000000119
23532  -32.545  -48.105  -26.314 0.4000000060
23561  -33.065  -48.158  -27.042 0.5000000000
23562  -33.531  -48.306  -27.857 0.5000000000
24487  -35.333  -46.910  -32.149 0.5000000000
24418  -32.017  -46.991  -26.950 0.4000000060
25408  -35.073  -46.667  -31.375 0.6000000238
26383  -35.775  -45.477  -32.221 0.6000000238
26384  -36.141  -45.456  -33.031 0.5000000000
26398  -36.275  -45.359  -33.864 0.5000000000
24384  -31.328  -47.400  -25.990 0.4000000060
25314  -30.705  -46.312  -26.520 0.5000000000
25312  -29.005  -46.134  -26.274 0.5000000000
151071  -30.472  -45.847  -26.697 0.5000000000
25311  -28.226  -46.308  -26.377 0.3000000119
25330  -26.782  -46.638  -27.594 0.4000000060
158426  -26.364  -47.686  -29.484 0.4000000060
146274  -32.465  -37.882  -39.079 0.4000000060
159794  -32.090  -37.376  -39.323 0.4000000060
46781  -29.880  -27.080  -29.907 0.5000000000
40757  -29.065  -31.691  -39.885 0.5000000000
41855  -29.740  -31.271  -39.300 0.5000000000
41834  -29.410  -30.600  -38.875 0.5000000000
50232  -33.566  -24.069  -32.873 0.4000000060
58996  -33.497  -16.890  -46.608 0.3000000119
61259  -34.501  -15.032  -46.621 0.3000000119
23546  -31.975  -47.502  -26.420 0.4000000060
145411  -35.455  -42.735  -31.391 0.6000000238
166070  -27.965  -44.257  -29.012 0.5000000000
27213  -27.693  -44.762  -27.608 0.5000000000
27235  -28.193  -44.222  -27.750 0.6000000238
40758  -29.945  -32.048  -39.756 0.5000000000
25332  -27.741  -45.854  -26.769 0.4000000060
23576  -32.996  -47.592  -27.706 0.4000000060
164931  -33.898  -46.574  -29.150 0.5000000000
164800  -34.613  -46.135  -30.010 0.6000000238
25348  -33.634  -45.526  -28.162 0.5000000000
24404  -30.970  -46.867  -26.315 0.5000000000
27237  -34.224  -43.905  -28.189 0.5000000000
28137  -33.745  -43.420  -27.702 0.5000000000
27217  -30.765  -44.459  -26.903 0.5000000000
28121  -31.654  -43.394  -26.951 0.5000000000
155785  -33.331  -17.767  -47.326 0.4000000060
24382  -29.816  -47.201  -25.637 0.4000000060
25419  -35.809  -46.288  -32.756 0.4000000060
25420  -36.112  -46.104  -33.639 0.4000000060
25293  -29.482  -46.660  -26.000 0.4000000060
31997  -24.704  -40.043  -34.293 0.4000000060
31072  -25.248  -40.585  -33.826 0.3000000119
31066  -25.823  -41.090  -33.278 0.4000000060
29133  -26.326  -42.447  -33.295 0.4000000060
33005  -23.416  -38.850  -35.208 0.4000000060
158140  -24.417  -39.264  -34.474 0.4000000060
32964  -23.995  -39.128  -31.484 0.4000000060
32988  -22.769  -38.137  -32.886 0.4000000060
34042  -22.507  -38.189  -34.849 0.4000000060
34031  -23.540  -37.327  -34.566 0.4000000060
31947  -25.603  -39.510  -29.562 0.3000000119
31966  -24.700  -39.638  -30.970 0.3000000119
32919  -25.541  -38.885  -28.968 0.4000000060
35055  -22.743  -37.213  -34.321 0.4000000060
32965  -25.306  -39.101  -30.407 0.4000000060
153168  -24.537  -38.563  -31.092 0.5000000000
33973  -25.290  -38.247  -30.302 0.4000000060
33972  -25.295  -37.420  -29.979 0.4000000060
32980  -23.930  -37.800  -31.659 0.5000000000
35927  -25.191  -36.714  -29.584 0.4000000060
50213  -32.862  -24.033  -32.040 0.3000000119
50212  -31.975  -24.010  -31.714 0.3000000119
50231  -33.242  -23.667  -32.622 0.3000000119
50230  -32.444  -23.409  -32.364 0.3000000119
51328  -28.449  -23.040  -41.306 0.4000000060
52257  -31.604  -22.153  -33.628 0.3000000119
152680  -31.246  -21.777  -34.093 0.3000000119
51329  -29.452  -23.034  -41.041 0.4000000060
52353  -28.695  -22.418  -41.529 0.4000000060
53359  -30.889  -21.215  -34.844 0.3000000119
53375  -29.030  -20.913  -35.571 0.3000000119
54587  -28.893  -20.455  -36.236 0.3000000119
51330  -30.684  -22.940  -40.729 0.4000000060
161072  -30.119  -22.736  -41.003 0.3000000119
52354  -29.608  -22.279  -41.305 0.4000000060
52377  -28.359  -21.470  -42.797 0.4000000060
146696  -28.386  -21.112  -43.465 0.3000000119
157950  -31.422  -21.422  -34.578 0.3000000119
53360  -31.594  -21.051  -35.244 0.3000000119
53378  -32.040  -20.823  -35.926 0.3000000119
53377  -30.668  -20.902  -35.335 0.3000000119
54578  -31.278  -20.535  -35.864 0.3000000119
54590  -31.758  -20.303  -36.475 0.3000000119
53391  -32.776  -21.370  -36.413 0.3000000119
54589  -30.858  -20.045  -36.525 0.3000000119
54609  -31.542  -19.815  -37.051 0.3000000119
54611  -32.418  -20.523  -37.372 0.3000000119
53412  -32.613  -21.027  -37.762 0.3000000119
54607  -29.157  -19.989  -36.860 0.3000000119
54588  -29.790  -20.192  -36.366 0.3000000119
52314  -32.255  -22.331  -38.574 0.3000000119
55665  -28.942  -19.239  -37.868 0.3000000119
55664  -28.173  -19.296  -37.877 0.3000000119
161648  -27.940  -18.755  -38.212 0.3000000119
51311  -31.623  -22.732  -39.777 0.3000000119
52336  -31.267  -22.513  -40.495 0.3000000119
52356  -31.367  -21.749  -40.760 0.3000000119
58924  -26.329  -16.265  -39.593 0.3000000119
52355  -30.580  -22.204  -41.121 0.3000000119
60051  -26.671  -15.622  -39.868 0.3000000119
60073  -25.330  -15.185  -40.387 0.3000000119
157252  -28.686  -20.694  -44.514 0.3000000119
150647  -32.048  -20.231  -37.036 0.3000000119
162577  -30.203  -19.326  -37.471 0.3000000119
55647  -30.892  -19.512  -37.247 0.3000000119
52315  -32.605  -21.659  -38.140 0.3000000119
52323  -32.318  -21.702  -38.775 0.3000000119
55646  -29.399  -19.533  -37.403 0.3000000119
54608  -30.039  -19.750  -36.961 0.3000000119
55648  -31.443  -19.376  -37.564 0.3000000119
54627  -32.384  -20.392  -38.117 0.3000000119
53422  -32.481  -21.035  -38.495 0.3000000119
55666  -29.783  -19.062  -37.887 0.3000000119
55667  -30.850  -18.971  -37.962 0.3000000119
52322  -31.982  -22.177  -39.258 0.3000000119
56650  -27.403  -18.373  -38.368 0.3000000119
56651  -28.600  -18.754  -38.266 0.3000000119
56652  -29.359  -18.689  -38.278 0.3000000119
52337  -31.739  -21.967  -39.986 0.3000000119
53452  -31.510  -21.039  -40.856 0.3000000119
57764  -27.882  -17.312  -38.866 0.3000000119
53451  -30.774  -21.280  -41.404 0.3000000119
155614  -27.512  -15.549  -39.852 0.3000000119
61182  -28.185  -15.259  -40.110 0.3000000119
61181  -27.649  -14.994  -40.251 0.3000000119
53465  -29.849  -20.956  -41.923 0.3000000119
54676  -28.848  -19.964  -43.303 0.3000000119
158127  -28.519  -20.610  -43.732 0.3000000119
54610  -31.980  -19.855  -37.679 0.3000000119
55668  -31.665  -19.202  -38.158 0.3000000119
54626  -32.110  -19.740  -38.521 0.3000000119
54636  -32.300  -20.411  -38.907 0.3000000119
56670  -29.731  -18.214  -38.615 0.3000000119
56654  -30.870  -18.435  -38.570 0.3000000119
55682  -31.427  -18.646  -38.600 0.3000000119
55683  -31.838  -19.111  -38.893 0.3000000119
53421  -32.128  -21.300  -39.325 0.3000000119
57748  -28.158  -18.086  -38.558 0.3000000119
57766  -29.694  -17.673  -38.939 0.3000000119
53437  -31.820  -21.164  -40.158 0.3000000119
54659  -31.343  -20.497  -41.238 0.3000000119
54646  -31.853  -20.273  -40.328 0.3000000119
58908  -28.982  -16.639  -39.305 0.3000000119
60035  -28.601  -16.130  -39.516 0.3000000119
158368  -31.109  -19.868  -41.573 0.3000000119
60053  -28.938  -15.570  -40.013 0.3000000119
54670  -30.574  -20.525  -41.800 0.3000000119
61201  -28.168  -14.766  -40.547 0.3000000119
61183  -28.726  -15.056  -40.412 0.3000000119
54669  -30.359  -19.859  -42.098 0.3000000119
164391  -29.803  -20.383  -42.185 0.3000000119
54677  -29.501  -19.880  -42.574 0.3000000119
54682  -28.611  -20.054  -44.200 0.3000000119
166046  -31.888  -19.030  -39.516 0.3000000119
171564  -30.336  -17.444  -39.262 0.3000000119
57767  -30.909  -17.691  -39.469 0.3000000119
56673  -31.646  -18.560  -39.282 0.3000000119
54635  -32.095  -19.727  -39.400 0.3000000119
156677  -32.089  -20.549  -39.613 0.3000000119
56690  -31.737  -18.659  -39.996 0.3000000119
57784  -29.781  -16.954  -39.380 0.3000000119
57785  -30.632  -17.148  -39.803 0.3000000119
58925  -29.466  -16.185  -39.672 0.3000000119
60074  -29.404  -15.173  -40.609 0.3000000119
60075  -29.947  -15.349  -40.954 0.3000000119
55722  -30.955  -19.140  -41.817 0.3000000119
61202  -28.897  -14.659  -40.923 0.3000000119
61203  -29.693  -14.869  -41.177 0.3000000119
55731  -30.144  -19.187  -42.454 0.3000000119
55730  -29.337  -19.283  -43.065 0.3000000119
55738  -28.858  -19.410  -43.822 0.3000000119
55744  -28.773  -19.529  -44.724 0.3000000119
56706  -31.712  -18.944  -40.708 0.3000000119
57786  -31.128  -17.600  -40.228 0.3000000119
55711  -31.671  -19.689  -40.890 0.3000000119
60054  -29.913  -15.784  -40.405 0.3000000119
58944  -30.510  -16.358  -40.889 0.3000000119
170251  -31.117  -18.596  -41.667 0.3000000119
62372  -29.259  -13.981  -41.791 0.3000000119
149973  -30.300  -15.788  -41.173 0.3000000119
61215  -29.294  -14.455  -41.428 0.3000000119
61216  -29.920  -14.564  -41.829 0.3000000119
60088  -30.229  -15.259  -41.561 0.3000000119
56727  -29.258  -18.875  -43.539 0.3000000119
56742  -29.024  -18.883  -44.223 0.3000000119
56747  -29.098  -18.991  -45.120 0.3000000119
161551  -31.470  -18.226  -40.657 0.3000000119
58927  -30.845  -16.992  -40.578 0.3000000119
57803  -31.116  -17.562  -41.044 0.3000000119
56718  -31.200  -18.156  -41.451 0.3000000119
57821  -30.881  -16.896  -41.370 0.3000000119
57822  -30.858  -17.539  -41.882 0.3000000119
62373  -29.868  -14.040  -42.195 0.3000000119
168959  -30.424  -15.749  -41.639 0.3000000119
164492  -30.376  -17.846  -42.540 0.3000000119
62383  -30.363  -14.355  -42.449 0.3000000119
61229  -30.482  -15.007  -42.255 0.3000000119
60100  -30.570  -15.734  -42.162 0.3000000119
58960  -30.572  -16.251  -41.692 0.3000000119
56728  -29.839  -18.489  -42.922 0.3000000119
56736  -29.460  -18.315  -43.703 0.3000000119
56743  -29.364  -18.322  -44.519 0.3000000119
56755  -30.697  -18.625  -46.607 0.3000000119
57857  -30.435  -18.105  -46.248 0.3000000119
153296  -30.161  -13.732  -42.620 0.3000000119
144321  -30.693  -16.850  -42.027 0.3000000119
57830  -30.443  -17.206  -42.582 0.3000000119
62384  -30.720  -13.989  -42.938 0.3000000119
58968  -30.609  -16.505  -42.490 0.3000000119
145991  -29.955  -17.726  -43.186 0.3000000119
57837  -29.746  -17.693  -43.941 0.3000000119
58983  -30.688  -16.674  -44.736 0.3000000119
58988  -31.151  -16.731  -46.172 0.3000000119
57843  -30.306  -17.247  -45.147 0.3000000119
57848  -30.060  -17.908  -45.632 0.3000000119
167082  -31.213  -17.413  -46.753 0.3000000119
57849  -30.670  -17.436  -46.028 0.3000000119
63470  -30.520  -13.310  -43.051 0.3000000119
62393  -31.028  -13.563  -43.382 0.3000000119
60101  -30.750  -15.433  -42.744 0.3000000119
60108  -30.982  -15.569  -43.540 0.3000000119
58969  -30.684  -16.131  -42.996 0.3000000119
58974  -30.280  -16.992  -43.338 0.3000000119
61246  -31.411  -15.273  -44.310 0.3000000119
58975  -30.666  -16.447  -43.881 0.3000000119
60120  -31.111  -16.345  -45.282 0.3000000119
58982  -30.158  -17.119  -44.280 0.3000000119
167927  -31.446  -16.113  -45.827 0.3000000119
148439  -30.782  -16.861  -45.449 0.3000000119
57858  -31.053  -18.021  -46.715 0.3000000119
60128  -31.585  -16.207  -46.667 0.3000000119
56758  -32.491  -18.638  -47.578 0.3000000119
57860  -31.873  -17.925  -47.416 0.3000000119
149624  -32.938  -18.443  -47.436 0.3000000119
63480  -30.891  -12.911  -43.499 0.3000000119
62394  -31.391  -13.184  -43.777 0.3000000119
147075  -31.146  -14.228  -43.442 0.3000000119
61241  -31.630  -14.408  -44.107 0.3000000119
60114  -31.498  -15.733  -45.141 0.3000000119
60113  -31.090  -16.028  -44.469 0.3000000119
58994  -31.608  -16.989  -47.213 0.3000000119
57861  -32.804  -18.112  -47.776 0.3000000119
57862  -33.196  -18.064  -47.725 0.3000000119
165714  -31.420  -13.794  -43.744 0.3000000119
25444  -36.107  -45.950  -34.419 0.4000000060
31967  -25.353  -39.802  -30.343 0.3000000119
34030  -22.788  -37.512  -34.572 0.4000000060
149088  -24.481  -37.948  -34.145 0.4000000060
161989  -23.624  -38.393  -31.902 0.4000000060
35007  -24.894  -36.641  -30.541 0.4000000060
33995  -24.656  -37.470  -30.981 0.4000000060
144687  -32.986  -23.054  -33.130 0.3000000119
54591  -32.406  -20.734  -36.598 0.3000000119
57747  -27.480  -17.795  -38.651 0.3000000119
57763  -27.136  -17.299  -38.882 0.3000000119
61179  -26.182  -15.070  -40.256 0.3000000119
61180  -26.997  -14.990  -40.198 0.3000000119
31965  -23.838  -39.826  -31.585 0.4000000060
31981  -23.077  -39.828  -32.186 0.4000000060
157187  -22.156  -39.167  -33.514 0.4000000060
34029  -22.444  -37.768  -34.542 0.4000000060
31927  -25.527  -39.595  -28.658 0.3000000119
54577  -30.329  -20.503  -35.869 0.3000000119
57749  -29.046  -18.148  -38.611 0.3000000119
56653  -30.189  -18.537  -38.347 0.3000000119
61200  -27.429  -14.404  -40.651 0.3000000119
56671  -30.447  -17.966  -38.856 0.3000000119
56672  -31.152  -18.197  -39.076 0.3000000119
162853  -31.463  -19.275  -41.287 0.3000000119
56689  -31.430  -18.099  -39.777 0.3000000119
55696  -31.884  -19.341  -40.112 0.3000000119
58926  -30.253  -16.530  -40.076 0.3000000119
56729  -30.723  -18.413  -42.118 0.3000000119
62371  -28.437  -13.662  -41.562 0.3000000119
57842  -29.779  -17.757  -44.808 0.3000000119
61230  -30.841  -14.770  -42.962 0.3000000119
61240  -31.203  -14.847  -43.645 0.3000000119
58997  -32.393  -17.383  -47.869 0.3000000119
61247  -31.886  -14.944  -45.052 0.3000000119
152553  -32.249  -14.453  -45.419 0.3000000119
30062  -24.812  -41.085  -30.709 0.4000000060
34094  -32.557  -38.608  -39.176 0.4000000060
166147  -27.248  -49.344  -33.894 0.3000000119
158906  -27.457  -49.983  -33.460 0.3000000119
158121  -27.468  -48.938  -34.724 0.3000000119
22724  -26.456  -48.351  -31.769 0.3000000119
33936  -25.443  -38.369  -28.679 0.3000000119
34964  -25.433  -37.764  -28.753 0.3000000119
34963  -25.157  -37.475  -28.464 0.3000000119
31995  -21.808  -40.259  -34.954 0.3000000119
31980  -22.432  -39.805  -32.873 0.3000000119
32994  -22.204  -38.544  -34.748 0.3000000119
32979  -22.629  -39.071  -32.839 0.3000000119
32004  -22.785  -39.435  -35.611 0.3000000119
33003  -22.296  -38.956  -35.188 0.3000000119
161047  -22.783  -40.414  -32.380 0.3000000119
31989  -21.915  -39.698  -33.779 0.3000000119
33043  -33.269  -38.868  -38.851 0.3000000119
20963  -27.879  -51.473  -35.508 0.4000000060
21818  -27.572  -49.907  -34.563 0.3000000119
21824  -27.617  -50.119  -35.340 0.3000000119
22725  -26.786  -49.033  -31.029 0.4000000060
22730  -26.769  -49.204  -32.111 0.3000000119
23531  -31.817  -48.085  -25.679 0.4000000060
23597  -26.349  -47.870  -30.152 0.5000000000
23605  -26.313  -47.483  -31.527 0.5000000000
24383  -30.584  -47.277  -25.754 0.4000000060
24403  -30.253  -46.716  -26.106 0.4000000060
24405  -31.537  -47.037  -26.522 0.4000000060
24435  -33.497  -46.833  -28.694 0.5000000000
24452  -26.306  -46.923  -29.374 0.6000000238
24453  -34.194  -46.676  -29.664 0.5000000000
24478  -26.444  -46.723  -31.328 0.5000000000
24485  -26.623  -46.984  -32.123 0.5000000000
24493  -27.552  -46.694  -33.844 0.4000000060
25313  -29.909  -46.067  -26.373 0.5000000000
25315  -31.418  -46.488  -26.811 0.5000000000
25331  -27.210  -46.202  -27.150 0.4000000060
25334  -32.736  -46.413  -27.712 0.5000000000
25367  -26.393  -46.284  -29.624 0.5000000000
25381  -26.610  -45.939  -30.262 0.5000000000
25395  -27.315  -45.821  -31.573 0.6000000238
25396  -34.829  -46.378  -30.687 0.6000000238
25409  -35.479  -46.118  -31.846 0.6000000238
25417  -27.282  -46.475  -32.749 0.6000000238
25430  -27.686  -46.068  -33.937 0.3000000119
26262  -28.454  -45.628  -26.607 0.5000000000
26263  -29.262  -45.500  -26.538 0.5000000000
26282  -26.799  -45.865  -27.788 0.5000000000
26284  -28.747  -44.871  -26.867 0.5000000000
26285  -31.336  -44.987  -27.001 0.5000000000
26304  -26.655  -45.732  -28.581 0.5000000000
26306  -33.906  -44.744  -28.149 0.5000000000
26324  -26.605  -45.718  -29.397 0.4000000060
26326  -34.159  -45.363  -28.647 0.5000000000
26339  -28.165  -44.936  -30.894 0.6000000238
26353  -28.626  -44.890  -31.856 0.6000000238
26368  -35.491  -45.486  -31.553 0.6000000238
26424  -33.179  -45.392  -36.860 0.6999999881
26436  -32.965  -45.482  -37.117 0.6999999881
27219  -32.408  -44.423  -27.144 0.5000000000
27247  -27.441  -44.712  -29.061 0.5000000000
27302  -28.352  -44.628  -33.109 0.4000000060
27303  -35.923  -44.674  -32.491 0.6000000238
27315  -27.019  -44.555  -33.927 0.4000000060
27318  -36.181  -44.016  -33.494 0.6000000238
27334  -36.218  -44.360  -34.821 0.6000000238
27357  -32.852  -45.617  -37.725 0.5000000000
28118  -29.442  -43.581  -27.335 0.6000000238
28120  -30.880  -43.650  -26.976 0.5000000000
28135  -28.718  -43.659  -27.832 0.5000000000
28138  -34.211  -43.057  -28.009 0.5000000000
28148  -28.800  -43.409  -28.672 0.6000000238
28149  -34.643  -43.318  -28.642 0.5000000000
28196  -29.118  -43.900  -31.577 0.6000000238
28197  -35.556  -43.278  -31.950 0.6000000238
28225  -27.659  -44.219  -33.436 0.3000000119
28246  -33.381  -44.910  -36.649 0.6999999881
29045  -30.318  -42.571  -27.450 0.6000000238
29047  -31.872  -42.683  -26.921 0.6000000238
29049  -33.552  -42.690  -27.478 0.5000000000
29074  -29.752  -42.232  -29.277 0.6000000238
29105  -29.700  -42.010  -30.799 0.6000000238
29121  -28.280  -42.489  -32.422 0.5000000000
29122  -29.013  -42.749  -32.079 0.5000000000
29173  -34.423  -43.075  -36.269 0.6999999881
30023  -34.333  -41.843  -28.061 0.5000000000
30040  -35.117  -41.688  -29.456 0.6000000238
30051  -29.808  -41.562  -30.379 0.6000000238
30063  -29.547  -42.082  -31.289 0.6000000238
30082  -29.069  -41.525  -31.534 0.5000000000
30096  -27.381  -42.216  -32.618 0.4000000060
30113  -35.141  -41.276  -34.741 0.6999999881
30119  -29.969  -41.883  -36.527 0.6999999881
30970  -32.911  -40.610  -26.899 0.6999999881
30995  -30.300  -40.462  -28.551 0.6999999881
31012  -30.070  -40.260  -29.433 0.6000000238
31023  -35.401  -41.238  -30.711 0.6000000238
31036  -24.355  -40.488  -31.133 0.4000000060
31037  -25.155  -40.401  -30.603 0.3000000119
31039  -29.319  -41.057  -31.099 0.5000000000
31099  -29.071  -41.820  -37.402 0.8000000119
31118  -32.101  -40.652  -39.634 0.5000000000
31891  -31.058  -39.883  -27.603 0.6999999881
31892  -31.730  -39.885  -27.127 0.6999999881
31911  -33.796  -39.920  -27.439 0.6999999881
31930  -35.005  -40.286  -29.245 0.6999999881
31968  -28.976  -39.837  -31.165 0.5000000000
31970  -29.784  -40.276  -30.238 0.6000000238
31983  -27.642  -39.552  -31.796 0.5000000000
31984  -28.426  -39.850  -31.490 0.5000000000
31985  -28.943  -40.437  -31.270 0.5000000000
31990  -25.970  -39.939  -33.021 0.5000000000
31991  -26.565  -40.039  -32.559 0.5000000000
31992  -35.389  -39.456  -32.781 0.6999999881
31996  -21.868  -39.433  -34.861 0.3000000119
32000  -35.290  -39.912  -33.436 0.6999999881
32005  -23.871  -39.762  -35.057 0.3000000119
32006  -34.822  -40.183  -34.594 0.6999999881
32007  -35.141  -40.201  -34.022 0.6999999881
32048  -29.960  -40.408  -39.240 0.5000000000
32894  -33.151  -39.321  -27.140 0.6000000238
32903  -25.351  -38.984  -28.445 0.3000000119
32921  -30.466  -38.538  -28.748 0.6000000238
32940  -25.545  -38.777  -29.730 0.4000000060
32941  -29.581  -39.676  -30.474 0.6000000238
32984  -35.510  -38.789  -31.595 0.8000000119
32987  -22.208  -38.364  -33.930 0.4000000060
32995  -23.033  -38.053  -34.937 0.4000000060
32996  -23.969  -38.339  -34.603 0.4000000060
33004  -22.727  -38.664  -35.194 0.3000000119
33013  -28.133  -39.827  -35.949 0.8000000119
33032  -26.977  -40.279  -37.100 0.8000000119
33042  -27.114  -40.039  -38.217 0.8000000119
33935  -25.216  -38.267  -28.361 0.3000000119
33937  -31.455  -37.659  -28.122 0.6000000238
33941  -34.504  -38.461  -28.456 0.8000000119
33950  -25.509  -38.117  -29.342 0.3000000119
33976  -35.401  -38.099  -30.419 0.8000000119
33996  -27.393  -37.717  -31.422 0.5000000000
33998  -35.502  -38.115  -31.150 0.6999999881
34009  -23.751  -37.006  -32.005 0.5000000000
34017  -22.429  -37.576  -34.025 0.4000000060
34018  -22.771  -37.167  -33.540 0.4000000060
34020  -26.035  -37.829  -32.778 0.6000000238
34043  -33.956  -37.584  -35.018 0.8000000119
34056  -26.698  -39.003  -36.406 0.8000000119
34962  -24.494  -37.178  -28.400 0.3000000119
34986  -25.272  -37.137  -28.934 0.4000000060
34987  -25.399  -37.415  -29.265 0.3000000119
35008  -28.454  -37.147  -30.291 0.5000000000
35010  -29.891  -37.431  -29.573 0.6000000238
35029  -35.530  -37.449  -31.395 0.8000000119
35040  -23.172  -36.633  -33.093 0.6000000238
35043  -26.959  -37.226  -31.647 0.6000000238
35056  -23.107  -36.656  -33.986 0.6000000238
35057  -25.379  -36.592  -33.385 0.6000000238
35058  -25.866  -36.494  -32.878 0.6000000238
35073  -34.830  -37.436  -33.721 0.8000000119
35083  -34.178  -37.033  -34.632 0.8000000119
35090  -32.970  -37.059  -35.444 0.8000000119
35143  -30.203  -37.065  -40.193 0.6999999881
35144  -30.936  -36.902  -40.023 0.5000000000
35903  -24.969  -36.918  -28.636 0.3000000119
35904  -31.244  -36.549  -28.486 0.6000000238
35906  -32.795  -36.743  -28.429 0.6999999881
35932  -33.450  -36.330  -28.652 0.6999999881
35957  -34.667  -36.061  -29.580 0.6999999881
35977  -27.649  -36.732  -30.668 0.6000000238
36005  -35.153  -36.576  -32.918 0.8000000119
36016  -23.620  -36.278  -33.951 0.6000000238
36043  -32.638  -36.472  -35.480 0.8999999762
36867  -32.085  -35.405  -28.582 0.6000000238
36896  -35.266  -35.625  -30.484 0.6999999881
36912  -24.601  -35.017  -31.102 0.4000000060
36932  -24.140  -34.892  -33.251 0.5000000000
36947  -25.095  -34.896  -33.509 0.6000000238
36964  -33.156  -34.879  -35.186 0.8000000119
36980  -33.110  -36.024  -35.225 0.8000000119
36998  -30.466  -35.528  -35.871 0.8000000119
37015  -25.002  -36.492  -38.290 0.8000000119
37811  -26.839  -34.732  -30.753 0.5000000000
37828  -26.174  -34.384  -32.374 0.4000000060
37829  -35.021  -34.250  -32.019 0.8000000119
37868  -34.235  -35.008  -34.304 0.8000000119
37882  -32.630  -34.426  -35.383 0.8000000119
37895  -30.757  -34.288  -35.880 0.8000000119
37936  -31.482  -34.886  -39.967 0.6000000238
38750  -25.283  -33.986  -32.877 0.4000000060
38751  -25.661  -34.072  -32.824 0.5000000000
39603  -27.096  -32.923  -29.978 0.5000000000
39620  -25.033  -32.007  -31.597 0.4000000060
39621  -26.365  -32.861  -31.541 0.5000000000
39637  -25.549  -32.789  -32.026 0.4000000060
39682  -33.730  -32.684  -34.342 0.6999999881
39689  -31.119  -33.019  -35.704 0.8000000119
40603  -28.807  -31.827  -29.049 0.6000000238
40640  -25.396  -31.761  -31.469 0.5000000000
40675  -34.561  -31.974  -32.441 0.6999999881
42767  -34.365  -29.955  -30.735 0.6999999881
42860  -28.568  -29.980  -35.630 0.8000000119
43773  -26.496  -28.924  -28.515 0.3000000119
43844  -33.554  -29.313  -33.697 0.6999999881
43874  -27.541  -28.662  -35.556 0.8000000119
43877  -29.820  -28.901  -34.943 0.8000000119
43924  -23.797  -28.724  -39.032 0.6999999881
43943  -23.836  -28.499  -39.721 0.6999999881
44886  -23.940  -28.160  -38.763 0.6999999881
44926  -24.069  -28.172  -40.490 0.6999999881
45807  -33.793  -27.756  -33.529 0.6999999881
45841  -24.421  -27.448  -38.922 0.6999999881
45862  -23.928  -27.716  -39.215 0.6999999881
46949  -25.835  -26.365  -42.552 0.5000000000
46950  -27.168  -26.782  -42.506 0.5000000000
47930  -33.394  -25.186  -31.473 0.5000000000
48017  -29.378  -26.169  -38.050 0.6999999881
48061  -25.373  -25.185  -41.692 0.6000000238
49037  -28.039  -25.069  -30.621 0.3000000119
49061  -32.758  -24.913  -31.214 0.5000000000
49075  -26.014  -24.481  -31.583 0.3000000119
49218  -26.432  -24.178  -41.452 0.6000000238
49219  -28.585  -24.285  -40.762 0.5000000000
49240  -27.367  -24.892  -43.442 0.5000000000
49248  -26.940  -24.014  -43.450 0.5000000000
49251  -29.851  -24.865  -43.817 0.4000000060
50288  -31.991  -23.825  -38.220 0.5000000000
50318  -29.335  -24.283  -40.576 0.6000000238
51237  -28.159  -22.681  -33.288 0.3000000119
51356  -27.196  -23.055  -43.471 0.5000000000
51367  -31.139  -23.119  -44.677 0.3000000119
52405  -30.683  -21.775  -45.142 0.4000000060
53376  -29.811  -20.905  -35.381 0.4000000060
53387  -26.239  -20.981  -36.329 0.3000000119
53403  -32.681  -21.124  -37.066 0.3000000119
53480  -28.513  -21.217  -44.147 0.4000000060
53489  -29.870  -21.364  -45.018 0.4000000060
53490  -32.739  -21.374  -45.251 0.4000000060
54698  -30.665  -20.437  -46.250 0.3000000119
54707  -32.374  -20.510  -46.773 0.4000000060
55760  -32.543  -20.001  -46.748 0.5000000000
55762  -32.511  -19.436  -47.105 0.5000000000
56748  -29.546  -18.433  -45.389 0.3000000119
56757  -31.635  -18.625  -47.095 0.4000000060
56759  -32.683  -18.861  -47.373 0.3000000119
57863  -33.478  -17.614  -47.800 0.3000000119
57864  -33.227  -17.683  -47.996 0.3000000119
60130  -33.878  -16.283  -46.975 0.3000000119
62363  -28.808  -14.181  -41.321 0.3000000119
146236  -27.528  -49.304  -35.390 0.3000000119
146272  -35.428  -35.889  -31.788 0.8000000119
147834  -29.817  -42.451  -28.195 0.6000000238
148045  -30.992  -45.973  -26.811 0.5000000000
150360  -35.470  -39.423  -32.024 0.8000000119
151055  -29.306  -43.329  -31.349 0.6000000238
152271  -25.339  -37.214  -33.426 0.6000000238
152618  -25.080  -33.198  -31.940 0.4000000060
153062  -26.414  -46.508  -30.691 0.5000000000
153083  -21.963  -38.978  -34.316 0.3000000119
153204  -28.702  -44.769  -32.543 0.5000000000
153417  -31.362  -31.728  -35.279 0.6999999881
153548  -27.536  -24.168  -40.968 0.6000000238
153736  -35.325  -44.949  -36.050 0.6000000238
154433  -32.916  -18.460  -47.607 0.3000000119
157498  -31.419  -18.700  -41.288 0.3000000119
157754  -29.253  -42.259  -31.721 0.5000000000
157787  -24.272  -34.865  -32.426 0.5000000000
157896  -35.364  -36.743  -30.332 0.8000000119
158117  -26.276  -39.459  -32.729 0.5000000000
158938  -27.705  -29.574  -28.959 0.4000000060
159771  -32.183  -43.832  -27.036 0.5000000000
160546  -28.346  -41.391  -31.867 0.5000000000
160839  -26.899  -49.301  -33.072 0.3000000119
161133  -35.214  -43.258  -29.815 0.6000000238
161193  -30.594  -36.672  -28.723 0.6000000238
161268  -29.742  -34.073  -40.674 0.6000000238
161324  -28.740  -28.668  -38.904 0.5000000000
161497  -34.212  -40.530  -27.815 0.8000000119
161716  -26.779  -47.975  -33.114 0.5000000000
161720  -23.318  -39.087  -32.086 0.3000000119
161797  -26.961  -26.441  -29.478 0.3000000119
162489  -26.578  -41.926  -32.933 0.4000000060
162752  -32.929  -30.601  -34.200 0.6999999881
163800  -33.412  -33.605  -28.998 0.8000000119
164128  -33.323  -46.284  -28.168 0.5000000000
164257  -29.944  -34.937  -28.499 0.8000000119
164265  -32.872  -33.192  -35.137 0.8000000119
164397  -29.226  -36.444  -29.371 0.6000000238
165073  -35.519  -36.894  -31.595 0.8000000119
166907  -26.419  -46.837  -28.691 0.5000000000
168849  -35.414  -39.260  -30.603 0.8000000119
169919  -28.247  -44.619  -27.280 0.5000000000
170011  -26.154  -41.523  -33.088 0.5000000000
170502  -31.677  -29.380  -29.359 0.6999999881
171432  -29.270  -35.861  -36.092 0.8000000119
171443  -32.957  -44.477  -27.416 0.5000000000
172842  -31.224  -38.819  -27.817 0.6000000238
