#!ascii label  , from subject sub-v2s2x29082_ses-1 vox2ras=TkReg
1777
5725  -28.722  -81.537  -31.489 0.5000000000
5756  -27.880  -81.256  -32.360 0.6000000238
9375  -29.211  -75.479  -25.244 0.3000000119
5177  -26.666  -81.486  -33.094 0.5000000000
8070  -31.500  -77.675  -26.151 0.4000000060
8692  -31.012  -76.841  -25.931 0.4000000060
9391  -30.496  -75.457  -25.987 0.4000000060
184393  -29.807  -75.261  -25.595 0.3000000119
8702  -31.966  -76.894  -26.427 0.4000000060
179021  -27.803  -78.931  -30.828 0.5000000000
6932  -28.340  -79.598  -31.279 0.5000000000
5741  -29.023  -81.069  -31.680 0.5000000000
6919  -27.025  -78.825  -30.857 0.6000000238
6931  -27.522  -79.401  -31.350 0.5000000000
6351  -27.707  -80.593  -32.366 0.6000000238
10679  -28.475  -74.480  -24.132 0.3000000119
6350  -26.838  -80.295  -32.488 0.5000000000
7465  -32.084  -79.129  -27.081 0.5000000000
184929  -31.372  -78.822  -26.579 0.5000000000
10680  -28.971  -74.242  -24.843 0.3000000119
6938  -25.811  -79.736  -32.079 0.6000000238
166388  -26.733  -80.846  -33.109 0.5000000000
8071  -32.518  -77.809  -26.674 0.5000000000
176180  -31.156  -75.338  -26.525 0.4000000060
10691  -30.230  -74.103  -26.158 0.3000000119
10690  -29.607  -74.128  -25.506 0.3000000119
8083  -33.338  -77.851  -27.312 0.4000000060
9393  -32.201  -76.155  -26.852 0.4000000060
10026  -31.735  -75.392  -27.001 0.4000000060
9408  -33.127  -76.395  -27.430 0.4000000060
8743  -27.859  -76.658  -28.946 0.6999999881
8118  -28.485  -77.305  -29.304 0.6999999881
7494  -28.526  -78.013  -29.834 0.6999999881
5727  -29.858  -81.040  -30.931 0.5000000000
8724  -27.369  -76.062  -28.369 0.6999999881
8099  -27.113  -76.850  -28.671 0.6999999881
185621  -27.802  -77.852  -29.875 0.8000000119
182789  -28.143  -78.472  -30.308 0.5000000000
7507  -26.609  -78.395  -30.294 0.6999999881
5695  -30.882  -80.837  -30.008 0.5000000000
8116  -26.698  -77.492  -29.160 0.6999999881
187845  -31.760  -80.402  -28.931 0.4000000060
6891  -31.976  -79.793  -27.712 0.5000000000
11358  -28.850  -73.203  -23.543 0.3000000119
7506  -25.838  -78.516  -30.103 0.6000000238
6899  -32.698  -79.711  -28.365 0.5000000000
7466  -32.945  -78.640  -27.290 0.5000000000
11370  -29.021  -73.061  -24.341 0.3000000119
6918  -26.211  -78.820  -30.795 0.5000000000
7481  -33.262  -78.985  -27.964 0.5000000000
8749  -34.148  -77.162  -29.011 0.4000000060
8101  -34.005  -77.598  -28.332 0.4000000060
174340  -32.409  -75.824  -27.327 0.4000000060
10700  -30.961  -74.040  -27.113 0.4000000060
10699  -30.674  -74.196  -26.643 0.4000000060
8727  -34.213  -76.944  -28.485 0.3000000119
9409  -33.749  -76.423  -28.098 0.4000000060
189683  -25.077  -75.838  -30.580 0.5000000000
10076  -26.062  -74.958  -29.546 0.6000000238
10090  -26.232  -75.158  -30.364 0.6000000238
10064  -27.346  -75.037  -29.178 0.6000000238
9418  -27.814  -75.635  -28.646 0.6000000238
188850  -23.591  -76.592  -30.197 0.5000000000
9438  -24.155  -76.187  -30.094 0.5000000000
159107  -24.429  -75.752  -29.442 0.6000000238
10063  -26.659  -74.923  -28.954 0.6000000238
10050  -27.160  -75.185  -28.493 0.6999999881
6920  -29.550  -79.447  -30.712 0.6000000238
9979  -30.730  -74.938  -22.462 0.3000000119
8740  -22.506  -77.168  -28.859 0.6999999881
8742  -23.689  -76.326  -29.508 0.6000000238
9417  -24.053  -75.630  -28.190 0.6000000238
10061  -25.328  -75.016  -28.481 0.6000000238
10048  -25.809  -74.995  -27.917 0.6999999881
8714  -26.705  -76.033  -27.703 0.6999999881
7510  -30.056  -78.856  -30.028 0.6000000238
7511  -31.134  -79.217  -29.834 0.6000000238
6327  -30.801  -80.518  -30.345 0.5000000000
8115  -21.992  -77.588  -29.444 0.6999999881
9416  -23.443  -76.136  -28.114 0.6000000238
9406  -23.701  -75.841  -27.434 0.6000000238
10047  -24.929  -75.116  -27.838 0.6000000238
8701  -25.766  -76.152  -26.572 0.6999999881
8097  -25.839  -77.631  -27.923 0.6999999881
6329  -31.738  -80.229  -29.670 0.5000000000
10644  -28.775  -73.766  -22.964 0.3000000119
163925  -21.908  -77.610  -28.611 0.6999999881
8721  -22.433  -77.115  -28.001 0.6000000238
8711  -22.673  -76.770  -27.176 0.6999999881
9389  -24.932  -75.796  -26.182 0.6000000238
8057  -25.398  -76.675  -26.084 0.6000000238
7491  -25.565  -78.285  -29.358 0.6999999881
162169  -31.579  -78.443  -29.182 0.5000000000
180427  -32.568  -78.942  -28.958 0.5000000000
9405  -23.239  -76.245  -26.964 0.6000000238
9373  -24.515  -76.164  -25.566 0.6000000238
7444  -25.436  -77.831  -27.129 0.6000000238
7490  -24.994  -78.690  -28.973 0.6000000238
6907  -25.108  -78.771  -29.776 0.6000000238
8121  -31.962  -77.971  -29.103 0.5000000000
185255  -29.783  -72.919  -25.449 0.3000000119
8699  -22.455  -76.938  -26.516 0.6999999881
8700  -22.816  -76.517  -26.026 0.6000000238
9388  -24.180  -75.810  -26.205 0.6000000238
8688  -24.861  -76.701  -25.570 0.6000000238
8056  -25.050  -77.312  -25.780 0.5000000000
6871  -24.517  -78.663  -26.765 0.5000000000
6915  -24.020  -79.618  -29.509 0.5000000000
6916  -24.527  -79.285  -30.206 0.5000000000
8748  -33.673  -77.684  -28.939 0.5000000000
10082  -33.416  -75.807  -30.133 0.3000000119
10068  -33.382  -75.761  -29.281 0.3000000119
10053  -33.155  -75.751  -28.510 0.3000000119
10052  -32.052  -74.939  -28.098 0.4000000060
10038  -31.470  -74.739  -27.408 0.4000000060
6325  -23.889  -79.750  -30.156 0.5000000000
8780  -33.563  -76.589  -30.328 0.3000000119
8765  -33.960  -76.676  -29.635 0.3000000119
9420  -32.829  -75.806  -27.820 0.4000000060
162784  -23.571  -76.950  -31.360 0.5000000000
8776  -24.255  -76.527  -31.255 0.5000000000
8790  -24.645  -76.543  -31.758 0.5000000000
9470  -25.258  -76.258  -31.674 0.5000000000
8148  -21.746  -77.951  -31.972 0.5000000000
8149  -22.674  -77.405  -31.483 0.5000000000
8774  -23.210  -76.955  -30.709 0.5000000000
9452  -24.514  -76.163  -30.636 0.5000000000
9454  -25.621  -75.738  -30.968 0.5000000000
10091  -27.801  -75.051  -30.816 0.6000000238
10079  -28.323  -75.109  -30.073 0.6000000238
8141  -21.908  -77.762  -31.103 0.5000000000
10066  -28.763  -75.364  -29.519 0.6000000238
8119  -29.703  -77.125  -29.100 0.8000000119
9980  -32.333  -74.719  -22.993 0.3000000119
8140  -21.251  -78.147  -30.827 0.6000000238
8132  -21.880  -77.700  -30.288 0.6000000238
162102  -22.517  -77.336  -30.574 0.6000000238
176707  -29.341  -75.654  -29.642 0.4000000060
180656  -31.465  -74.263  -22.667 0.3000000119
8114  -21.506  -78.063  -29.068 0.6999999881
8746  -30.333  -76.818  -29.276 0.5000000000
7495  -29.376  -77.936  -29.499 0.6000000238
11344  -30.074  -73.313  -22.319 0.3000000119
12068  -29.602  -72.239  -22.752 0.3000000119
7477  -21.298  -78.169  -28.321 0.6999999881
9442  -30.504  -76.388  -29.682 0.4000000060
12085  -29.437  -71.894  -23.349 0.3000000119
8079  -21.439  -77.961  -27.472 0.6000000238
8080  -22.048  -77.395  -27.208 0.6999999881
160232  -31.257  -77.329  -29.194 0.4000000060
11384  -29.961  -73.463  -25.806 0.3000000119
8065  -20.974  -78.076  -26.832 0.6000000238
8066  -21.396  -77.649  -26.396 0.6999999881
9363  -23.494  -76.382  -25.013 0.6000000238
8043  -24.592  -77.255  -25.149 0.5000000000
7429  -24.567  -77.949  -25.563 0.5000000000
179633  -24.549  -79.065  -28.667 0.6000000238
8763  -32.195  -77.106  -29.920 0.4000000060
8747  -32.390  -77.637  -29.273 0.4000000060
9477  -32.916  -75.905  -31.674 0.3000000119
9458  -33.436  -76.127  -30.721 0.3000000119
10752  -32.626  -74.829  -31.407 0.3000000119
10739  -32.649  -74.888  -30.642 0.3000000119
10067  -32.298  -74.820  -29.034 0.4000000060
11395  -30.566  -73.423  -26.637 0.3000000119
8667  -22.997  -76.644  -24.618 0.6000000238
185141  -23.803  -77.715  -24.463 0.5000000000
6848  -23.386  -78.898  -24.922 0.5000000000
7443  -24.321  -78.580  -26.113 0.5000000000
6301  -23.686  -79.722  -28.238 0.5000000000
6315  -23.569  -79.901  -28.934 0.6000000238
159746  -23.421  -80.024  -29.666 0.5000000000
8779  -32.938  -76.884  -30.668 0.3000000119
8796  -33.060  -76.458  -31.253 0.3000000119
8021  -23.581  -77.366  -24.199 0.5000000000
6859  -23.417  -79.139  -25.629 0.5000000000
6287  -23.215  -79.907  -27.728 0.5000000000
6285  -22.112  -80.436  -27.216 0.5000000000
8161  -21.429  -78.098  -34.312 0.5000000000
8162  -22.345  -77.826  -33.649 0.5000000000
8806  -23.854  -77.207  -32.694 0.5000000000
8807  -24.419  -77.158  -33.399 0.5000000000
174837  -25.038  -76.830  -32.824 0.5000000000
9471  -25.958  -76.046  -31.772 0.5000000000
8147  -20.719  -78.246  -32.284 0.5000000000
8788  -23.293  -77.306  -32.152 0.5000000000
9488  -27.123  -76.272  -32.735 0.4000000060
171747  -21.272  -78.130  -31.532 0.5000000000
10105  -27.789  -75.311  -31.548 0.4000000060
9339  -33.153  -75.127  -23.304 0.3000000119
9981  -33.203  -74.340  -23.129 0.3000000119
7518  -20.451  -78.350  -31.558 0.6000000238
10106  -28.263  -75.278  -31.339 0.4000000060
10080  -29.149  -75.384  -30.212 0.4000000060
162789  -20.250  -78.750  -29.955 0.6000000238
7489  -20.835  -78.458  -29.131 0.6000000238
173692  -30.983  -73.450  -22.434 0.3000000119
11345  -30.554  -72.664  -22.316 0.3000000119
7476  -20.504  -78.672  -28.453 0.6000000238
172791  -30.713  -76.394  -30.478 0.4000000060
165685  -20.027  -78.841  -27.896 0.6000000238
9476  -30.497  -76.519  -31.461 0.4000000060
8778  -31.830  -76.860  -30.662 0.4000000060
12086  -29.587  -71.749  -23.950 0.3000000119
8078  -20.782  -78.430  -27.660 0.6999999881
173985  -31.984  -76.843  -31.314 0.3000000119
8795  -32.519  -76.687  -31.735 0.3000000119
8820  -23.071  -77.621  -33.992 0.5000000000
180340  -23.683  -77.394  -33.434 0.5000000000
8821  -23.854  -77.404  -34.319 0.5000000000
159289  -25.265  -77.011  -33.735 0.4000000060
167690  -21.212  -78.178  -32.906 0.5000000000
8808  -26.040  -76.907  -33.717 0.4000000060
9487  -26.252  -76.463  -32.700 0.4000000060
161381  -20.085  -77.906  -33.973 0.6000000238
9489  -27.877  -76.212  -32.740 0.4000000060
9474  -28.271  -75.720  -32.018 0.4000000060
172453  -32.381  -73.248  -22.679 0.3000000119
10648  -32.395  -73.943  -22.875 0.3000000119
177848  -19.231  -79.124  -30.069 0.6000000238
9456  -28.969  -75.520  -31.429 0.4000000060
9457  -29.753  -75.794  -30.836 0.4000000060
183973  -30.285  -76.743  -32.245 0.4000000060
8793  -30.976  -76.830  -32.171 0.4000000060
8777  -31.349  -76.831  -31.397 0.3000000119
8815  -32.053  -76.616  -32.473 0.3000000119
7462  -20.207  -78.535  -27.114 0.6000000238
8168  -22.235  -77.878  -34.736 0.5000000000
8836  -23.089  -77.645  -35.090 0.5000000000
8837  -23.985  -77.284  -35.418 0.4000000060
8822  -24.723  -77.204  -34.550 0.4000000060
8160  -20.543  -78.030  -34.684 0.5000000000
8172  -21.243  -77.501  -35.998 0.5000000000
8824  -26.576  -77.045  -34.472 0.4000000060
8154  -19.795  -77.908  -33.175 0.6000000238
186334  -20.060  -77.680  -34.170 0.6000000238
8835  -20.290  -77.274  -35.171 0.6000000238
8809  -26.831  -76.789  -33.583 0.4000000060
7524  -19.608  -78.275  -32.385 0.6000000238
8826  -28.235  -77.133  -34.094 0.4000000060
8811  -28.958  -76.982  -33.503 0.4000000060
7516  -18.793  -78.601  -31.342 0.6000000238
8792  -29.554  -76.783  -32.733 0.4000000060
8812  -29.745  -76.996  -33.559 0.4000000060
8813  -30.436  -76.892  -32.867 0.4000000060
8828  -30.605  -76.837  -33.519 0.4000000060
12069  -30.236  -71.904  -22.466 0.3000000119
176671  -30.914  -71.416  -22.382 0.3000000119
7503  -18.543  -78.954  -30.749 0.6000000238
8829  -31.529  -76.585  -33.110 0.4000000060
12891  -29.976  -71.335  -24.381 0.3000000119
12860  -29.909  -71.511  -22.965 0.3000000119
7487  -18.861  -79.291  -29.306 0.6000000238
7461  -19.440  -78.947  -27.444 0.6000000238
7486  -17.614  -79.132  -29.750 0.6999999881
8113  -17.901  -77.588  -29.978 0.6999999881
7474  -18.022  -79.383  -28.817 0.6000000238
185598  -17.362  -78.068  -29.951 0.6999999881
8738  -18.015  -77.090  -29.395 0.6999999881
7473  -17.052  -79.198  -29.056 0.6000000238
9426  -19.291  -76.041  -29.292 0.6999999881
10059  -19.798  -75.367  -28.828 0.6000000238
8095  -16.663  -78.030  -28.919 0.6999999881
9415  -19.154  -75.897  -28.497 0.6999999881
161024  -23.097  -77.414  -35.868 0.5000000000
8852  -23.572  -77.075  -36.292 0.5000000000
8849  -20.748  -77.084  -35.827 0.5000000000
8850  -21.348  -76.708  -36.384 0.5000000000
174560  -21.874  -77.226  -36.358 0.5000000000
8853  -24.481  -76.941  -36.144 0.5000000000
8838  -24.989  -77.088  -35.425 0.4000000060
8839  -25.655  -76.986  -35.445 0.4000000060
9497  -20.054  -76.939  -33.991 0.6000000238
180254  -20.557  -76.237  -35.047 0.6000000238
10140  -21.008  -75.876  -35.678 0.6000000238
9517  -21.263  -75.864  -36.382 0.6000000238
8841  -27.110  -77.113  -34.917 0.4000000060
8153  -19.559  -77.928  -32.574 0.6000000238
10120  -20.974  -75.607  -33.752 0.6000000238
10141  -21.421  -75.038  -35.450 0.6000000238
161038  -27.808  -77.159  -34.662 0.4000000060
8772  -18.967  -77.908  -31.671 0.6000000238
8787  -19.593  -76.937  -32.461 0.6000000238
9469  -20.131  -76.106  -32.438 0.6000000238
163242  -20.934  -75.467  -32.687 0.6000000238
10103  -21.629  -75.035  -33.228 0.6000000238
8827  -29.043  -77.093  -34.179 0.4000000060
9509  -30.154  -76.371  -34.950 0.4000000060
8773  -19.025  -77.316  -31.369 0.6000000238
9468  -19.785  -76.332  -31.791 0.6000000238
179184  -20.716  -75.470  -31.903 0.6000000238
183881  -21.629  -74.945  -32.419 0.6000000238
11455  -23.177  -73.585  -32.579 0.6000000238
8843  -29.747  -76.860  -34.634 0.4000000060
9510  -30.764  -76.330  -34.308 0.4000000060
168797  -18.448  -77.965  -31.181 0.6000000238
9451  -19.967  -75.933  -31.073 0.5000000000
10102  -20.344  -75.682  -31.519 0.6000000238
10762  -21.463  -74.725  -31.216 0.6000000238
10750  -22.530  -74.186  -31.358 0.6000000238
11456  -23.663  -73.171  -32.082 0.6999999881
7502  -17.862  -78.773  -30.471 0.6999999881
8758  -18.398  -77.490  -30.674 0.6000000238
10089  -20.506  -75.222  -30.738 0.6000000238
184599  -21.307  -74.537  -30.638 0.6000000238
11443  -23.746  -73.406  -31.121 0.6000000238
12228  -24.176  -72.707  -31.654 0.6000000238
13014  -24.375  -71.188  -31.753 0.6000000238
10737  -21.763  -74.063  -30.327 0.6000000238
162595  -23.201  -73.514  -30.249 0.6000000238
11432  -24.415  -72.889  -30.804 0.6000000238
12985  -25.119  -71.765  -30.653 0.6000000238
10072  -19.942  -75.531  -29.611 0.6000000238
10074  -20.906  -74.685  -30.276 0.6000000238
165419  -22.644  -73.319  -29.483 0.5000000000
12193  -24.390  -72.876  -29.936 0.6000000238
12986  -25.398  -71.788  -29.982 0.6000000238
11429  -21.786  -73.662  -29.630 0.5000000000
8720  -17.743  -76.925  -28.802 0.6999999881
10033  -19.632  -75.203  -27.942 0.6999999881
183020  -20.530  -74.067  -28.342 0.5000000000
10718  -21.041  -73.644  -28.615 0.6000000238
11410  -22.629  -72.964  -28.776 0.5000000000
12173  -24.062  -72.680  -28.997 0.5000000000
11409  -22.121  -72.904  -28.381 0.6000000238
15183  -19.912  -69.042  -27.392 0.6000000238
15165  -19.614  -69.087  -26.488 0.6000000238
14469  -18.478  -69.865  -26.980 0.6000000238
8861  -23.048  -76.629  -36.802 0.5000000000
9526  -22.450  -75.929  -37.055 0.5000000000
8862  -24.012  -76.530  -36.753 0.5000000000
8864  -25.711  -76.583  -36.485 0.5000000000
163736  -26.569  -76.981  -35.394 0.4000000060
10802  -21.865  -74.272  -35.006 0.5000000000
165130  -21.651  -74.153  -36.188 0.5000000000
182016  -21.758  -73.382  -36.695 0.5000000000
8866  -27.213  -76.803  -36.081 0.4000000060
9518  -27.695  -76.315  -36.404 0.4000000060
11500  -22.152  -72.378  -35.791 0.5000000000
161060  -28.370  -77.135  -34.670 0.4000000060
9519  -28.586  -76.453  -36.004 0.4000000060
10153  -29.405  -75.866  -35.738 0.4000000060
11466  -22.850  -73.176  -33.507 0.5000000000
12246  -22.794  -72.314  -33.814 0.5000000000
183123  -22.306  -73.486  -34.474 0.5000000000
8858  -29.306  -76.783  -35.200 0.4000000060
11467  -23.287  -72.760  -32.943 0.6000000238
12247  -23.099  -71.850  -33.323 0.6000000238
171644  -24.047  -71.780  -32.011 0.6000000238
13013  -23.476  -71.295  -32.876 0.5000000000
13813  -25.250  -70.397  -30.966 0.4000000060
14522  -24.793  -69.741  -31.612 0.4000000060
170149  -24.295  -69.826  -32.247 0.4000000060
167393  -25.755  -71.304  -29.556 0.6000000238
13002  -25.408  -71.214  -30.497 0.6000000238
190239  -25.648  -69.215  -30.752 0.5000000000
15258  -25.358  -68.754  -31.228 0.4000000060
14539  -24.913  -69.029  -31.703 0.4000000060
16034  -25.771  -67.429  -31.861 0.4000000060
171168  -16.379  -77.554  -28.153 0.6999999881
12174  -24.921  -72.375  -29.546 0.6000000238
13799  -26.191  -70.079  -29.783 0.5000000000
164727  -26.077  -67.379  -31.244 0.4000000060
10708  -20.154  -74.338  -27.686 0.6000000238
12156  -23.764  -72.484  -28.323 0.5000000000
12157  -24.458  -72.255  -28.275 0.5000000000
13786  -26.393  -70.173  -29.092 0.5000000000
15997  -26.585  -67.899  -29.946 0.5000000000
16013  -26.124  -67.906  -30.618 0.4000000060
16745  -26.560  -67.230  -30.496 0.4000000060
11408  -21.183  -73.247  -28.074 0.6000000238
13770  -25.868  -71.064  -27.995 0.5000000000
170262  -21.815  -68.597  -27.900 0.6999999881
15185  -21.569  -68.731  -27.151 0.6000000238
167206  -22.398  -68.471  -27.049 0.6999999881
15166  -20.523  -68.912  -26.831 0.6000000238
15149  -22.816  -68.372  -25.787 0.6000000238
14451  -18.499  -69.849  -25.778 0.6000000238
15148  -21.207  -68.764  -25.589 0.6000000238
181810  -22.577  -68.583  -25.240 0.6000000238
16675  -23.198  -67.638  -24.790 0.6000000238
181200  -23.756  -67.445  -23.531 0.6000000238
13736  -18.176  -70.267  -26.376 0.5000000000
14419  -19.220  -69.487  -24.482 0.6000000238
15127  -20.933  -68.842  -24.635 0.6000000238
166157  -22.472  -68.719  -24.475 0.6000000238
15877  -23.360  -68.122  -24.384 0.6000000238
8863  -24.920  -76.504  -36.670 0.5000000000
13725  -17.724  -71.038  -25.498 0.5000000000
14433  -18.456  -69.950  -25.125 0.5000000000
15111  -22.183  -69.061  -23.588 0.5000000000
15112  -23.081  -68.662  -23.833 0.5000000000
10160  -21.912  -75.038  -37.081 0.4000000060
10161  -22.727  -75.068  -37.182 0.5000000000
9530  -26.170  -76.024  -36.833 0.5000000000
9531  -26.908  -76.120  -36.669 0.4000000060
12872  -18.579  -70.710  -23.676 0.5000000000
14403  -19.549  -69.704  -23.689 0.5000000000
186314  -21.992  -69.556  -23.058 0.5000000000
15093  -23.416  -69.210  -22.880 0.5000000000
11521  -22.434  -73.295  -37.362 0.5000000000
10166  -27.372  -75.388  -36.789 0.4000000060
186860  -27.944  -74.593  -36.541 0.4000000060
169870  -28.860  -74.022  -36.206 0.4000000060
12886  -17.710  -71.498  -24.355 0.5000000000
13696  -19.249  -70.439  -23.288 0.5000000000
14387  -20.721  -69.870  -22.958 0.6000000238
180010  -22.379  -70.101  -22.673 0.6000000238
10167  -28.717  -75.202  -36.396 0.4000000060
12066  -19.377  -72.120  -23.107 0.6000000238
12854  -20.053  -71.054  -22.923 0.6000000238
13677  -21.113  -70.454  -22.785 0.6999999881
12266  -22.481  -71.843  -34.907 0.4000000060
171991  -22.662  -71.514  -34.200 0.5000000000
9348  -16.868  -75.466  -23.882 0.6000000238
13029  -23.275  -70.478  -33.555 0.5000000000
13840  -23.690  -69.898  -33.072 0.4000000060
9370  -17.248  -76.145  -25.341 0.6000000238
13822  -23.644  -70.645  -32.780 0.4000000060
187070  -17.732  -76.060  -26.113 0.6000000238
9386  -18.638  -75.812  -27.038 0.6000000238
15304  -24.900  -68.058  -32.774 0.4000000060
10698  -20.001  -74.090  -26.366 0.6000000238
9404  -18.932  -75.820  -27.765 0.6999999881
12143  -22.153  -72.529  -27.283 0.6000000238
12128  -22.750  -72.356  -26.751 0.6000000238
12144  -22.932  -72.426  -27.562 0.5000000000
12146  -24.798  -71.879  -27.558 0.5000000000
15941  -22.368  -67.854  -27.564 0.6999999881
177414  -22.878  -67.486  -26.120 0.6999999881
166555  -22.035  -66.518  -25.047 0.6000000238
16674  -22.781  -67.069  -24.948 0.6000000238
180769  -22.055  -66.037  -23.581 0.6000000238
188042  -23.234  -67.037  -23.754 0.6000000238
17436  -23.108  -66.136  -22.499 0.6999999881
17450  -23.827  -66.714  -22.547 0.6000000238
16651  -24.028  -67.414  -23.001 0.6000000238
10149  -23.636  -74.490  -36.751 0.5000000000
10162  -24.270  -75.247  -36.865 0.5000000000
9528  -24.447  -75.865  -36.942 0.5000000000
10164  -25.840  -75.430  -36.933 0.5000000000
15862  -24.127  -68.210  -22.887 0.6000000238
16652  -24.506  -67.637  -22.482 0.5000000000
10151  -25.317  -74.982  -36.393 0.5000000000
10165  -26.618  -75.296  -36.822 0.5000000000
189293  -23.929  -70.334  -22.476 0.6000000238
181445  -23.701  -69.844  -22.481 0.6000000238
184193  -24.917  -67.979  -22.212 0.5000000000
11511  -22.498  -72.334  -37.185 0.5000000000
9992  -17.419  -74.883  -23.793 0.6000000238
165217  -18.179  -73.617  -23.383 0.4000000060
11356  -18.283  -72.900  -23.239 0.6000000238
12874  -21.160  -71.467  -23.245 0.6000000238
12857  -22.443  -70.913  -22.799 0.6000000238
14390  -24.350  -69.814  -22.311 0.6000000238
12282  -22.396  -71.525  -36.096 0.4000000060
12297  -23.106  -71.545  -37.021 0.4000000060
9993  -18.268  -74.729  -23.993 0.5000000000
11367  -19.322  -73.594  -23.928 0.5000000000
12080  -19.567  -72.772  -23.525 0.6000000238
12081  -20.044  -72.101  -23.377 0.6999999881
12083  -21.543  -71.876  -23.940 0.6000000238
12876  -22.852  -71.483  -23.232 0.6000000238
12859  -23.829  -70.865  -22.713 0.6000000238
13043  -22.601  -70.991  -35.147 0.5000000000
10000  -17.599  -75.338  -24.139 0.6000000238
11368  -20.039  -73.109  -24.440 0.6000000238
12094  -21.092  -72.287  -24.526 0.6000000238
12887  -23.232  -71.843  -23.943 0.6000000238
12878  -24.407  -71.127  -23.152 0.6000000238
14406  -25.885  -70.061  -23.168 0.6000000238
10002  -18.816  -74.729  -24.672 0.5000000000
10678  -19.741  -73.784  -24.932 0.6000000238
12109  -21.264  -72.457  -25.366 0.6000000238
12096  -23.525  -72.059  -24.877 0.6000000238
12889  -24.609  -71.511  -24.385 0.6000000238
10011  -18.600  -75.369  -25.747 0.6000000238
10697  -19.577  -74.602  -26.344 0.6000000238
10688  -19.672  -74.213  -25.709 0.6000000238
12110  -21.938  -72.359  -25.728 0.6000000238
12111  -22.696  -72.259  -25.336 0.6000000238
12127  -21.999  -72.453  -26.500 0.6000000238
159347  -21.041  -73.163  -27.396 0.6000000238
12130  -24.413  -71.955  -26.922 0.5000000000
12930  -25.415  -71.368  -27.443 0.5000000000
16699  -21.952  -67.105  -27.725 0.6999999881
16690  -22.448  -67.087  -26.444 0.6999999881
17513  -20.434  -65.899  -28.137 0.6999999881
18325  -20.756  -65.555  -26.403 0.6999999881
174952  -21.281  -66.019  -26.020 0.6999999881
17487  -21.375  -65.911  -25.261 0.6999999881
18285  -21.655  -65.362  -23.347 0.6000000238
18272  -22.003  -64.976  -22.592 0.6000000238
19090  -23.054  -64.171  -21.796 0.5000000000
18254  -22.667  -65.275  -22.216 0.6999999881
18255  -23.548  -64.808  -21.844 0.5000000000
172679  -23.988  -65.416  -21.961 0.5000000000
17438  -24.452  -66.025  -22.067 0.5000000000
10150  -24.458  -74.802  -36.442 0.4000000060
10817  -25.699  -74.559  -35.594 0.5000000000
10804  -27.262  -74.151  -35.438 0.5000000000
167576  -27.511  -74.305  -36.124 0.5000000000
10805  -28.191  -73.803  -35.720 0.4000000060
11512  -23.506  -72.469  -36.950 0.4000000060
10816  -24.820  -74.342  -35.639 0.4000000060
15080  -25.827  -68.314  -22.207 0.6000000238
14392  -25.583  -69.805  -22.657 0.6000000238
15096  -26.281  -68.745  -22.621 0.6000000238
13699  -26.171  -70.166  -23.884 0.6000000238
15113  -26.617  -69.092  -23.312 0.6000000238
12899  -24.167  -71.915  -25.571 0.6000000238
166205  -24.794  -71.565  -25.211 0.6000000238
15114  -27.088  -68.695  -23.942 0.6000000238
171962  -22.547  -72.350  -26.060 0.6000000238
13715  -26.378  -70.141  -24.809 0.5000000000
12113  -24.100  -72.028  -26.316 0.6000000238
12901  -25.379  -71.202  -25.649 0.5000000000
12913  -25.495  -71.153  -26.619 0.5000000000
18342  -19.481  -64.852  -27.935 0.6999999881
18324  -20.145  -65.123  -26.829 0.6999999881
19156  -20.364  -64.742  -25.193 0.6999999881
18309  -20.835  -65.351  -25.625 0.6999999881
19135  -20.510  -64.484  -24.355 0.6000000238
18284  -21.090  -64.924  -23.901 0.6999999881
18271  -21.417  -64.608  -23.117 0.4000000060
19197  -18.966  -64.388  -27.841 0.6999999881
19176  -19.575  -64.480  -26.446 0.6999999881
19155  -19.818  -64.352  -25.576 0.6000000238
19972  -20.239  -63.714  -24.059 0.6000000238
19089  -22.149  -63.681  -22.151 0.5000000000
20050  -17.852  -63.671  -29.378 0.6999999881
20016  -18.275  -64.037  -27.756 0.6999999881
20859  -23.037  -62.752  -21.843 0.5000000000
20030  -17.267  -63.473  -28.721 0.6999999881
19951  -23.428  -63.423  -21.787 0.5000000000
20048  -16.635  -63.254  -29.448 0.6000000238
20027  -15.389  -63.010  -28.943 0.6000000238
20958  -14.647  -62.954  -29.100 0.6000000238
20956  -12.833  -62.820  -28.958 0.5000000000
20941  -12.545  -62.403  -28.104 0.5000000000
10803  -26.281  -74.237  -34.909 0.4000000060
10793  -27.797  -73.797  -34.763 0.4000000060
15131  -27.161  -69.036  -24.762 0.6000000238
19973  -20.634  -63.234  -23.476 0.5000000000
19961  -21.182  -63.466  -23.017 0.5000000000
19175  -18.835  -63.973  -26.438 0.6000000238
19988  -18.885  -63.559  -25.548 0.6000000238
19981  -19.702  -63.388  -24.484 0.6000000238
165125  -20.079  -62.905  -23.883 0.6000000238
184731  -21.517  -62.412  -22.739 0.5000000000
173407  -21.672  -63.033  -22.532 0.5000000000
21811  -22.637  -62.167  -22.010 0.5000000000
20015  -17.578  -63.631  -27.624 0.6999999881
163081  -17.653  -63.447  -26.709 0.6000000238
20899  -18.445  -62.920  -25.100 0.6000000238
19980  -19.144  -63.159  -24.848 0.6000000238
21848  -19.758  -61.565  -24.234 0.6000000238
21823  -23.676  -61.250  -22.088 0.5000000000
20014  -16.841  -63.297  -27.816 0.6999999881
19998  -17.070  -63.213  -26.943 0.6000000238
20897  -17.029  -62.478  -25.720 0.6000000238
21845  -17.716  -61.574  -24.892 0.6000000238
22718  -19.410  -60.953  -24.559 0.6000000238
20013  -16.182  -63.053  -27.967 0.6000000238
20912  -16.690  -62.719  -26.365 0.6000000238
178667  -16.747  -61.165  -25.202 0.6000000238
21844  -17.413  -60.986  -25.021 0.6000000238
20927  -15.046  -62.384  -27.485 0.6000000238
21876  -14.930  -61.438  -26.195 0.6000000238
22729  -16.142  -60.710  -25.479 0.6000000238
22730  -17.025  -60.527  -25.343 0.6000000238
163819  -14.126  -62.297  -27.621 0.5000000000
20942  -13.432  -62.559  -28.240 0.5000000000
21875  -14.114  -61.243  -26.381 0.5000000000
22728  -15.426  -60.555  -25.767 0.6000000238
23648  -16.668  -60.047  -25.697 0.6000000238
11486  -27.439  -73.490  -33.757 0.4000000060
159414  -11.186  -62.319  -29.087 0.5000000000
21874  -13.390  -61.136  -26.625 0.5000000000
23646  -15.127  -60.051  -26.076 0.6000000238
23669  -16.607  -59.516  -26.279 0.6000000238
21903  -11.302  -61.856  -28.428 0.5000000000
22762  -12.180  -61.102  -27.490 0.5000000000
22763  -12.781  -61.132  -26.972 0.4000000060
23666  -13.701  -60.049  -26.714 0.5000000000
23668  -15.689  -59.447  -26.546 0.6000000238
21831  -21.496  -61.394  -23.154 0.6000000238
22688  -22.145  -61.298  -22.669 0.5000000000
177612  -22.261  -61.784  -22.314 0.5000000000
22701  -21.225  -60.868  -23.761 0.6000000238
22721  -21.715  -60.359  -23.830 0.5000000000
22689  -23.279  -60.634  -22.383 0.5000000000
23634  -20.543  -60.070  -24.964 0.6999999881
23635  -21.274  -59.876  -24.781 0.6999999881
22732  -18.500  -60.442  -25.029 0.6000000238
23652  -19.766  -60.158  -25.064 0.6999999881
23650  -18.308  -59.925  -25.522 0.6000000238
23673  -19.799  -59.582  -25.907 0.6999999881
23671  -18.158  -59.475  -26.177 0.6000000238
176169  -19.590  -59.179  -26.687 0.6999999881
24641  -18.012  -59.098  -26.898 0.6000000238
24662  -19.443  -58.880  -27.495 0.6999999881
21902  -9.815  -61.278  -29.517 0.5000000000
23695  -11.879  -60.525  -28.215 0.5000000000
23683  -13.619  -59.612  -27.491 0.4000000060
24658  -15.810  -58.909  -27.478 0.6000000238
24660  -17.799  -58.777  -27.647 0.6000000238
22787  -11.148  -60.668  -28.718 0.5000000000
189214  -13.001  -59.763  -27.812 0.4000000060
24678  -15.590  -58.680  -28.489 0.5000000000
23604  -23.632  -59.890  -22.860 0.5000000000
23623  -22.975  -59.523  -23.627 0.5000000000
23636  -21.792  -59.936  -24.268 0.6000000238
24612  -22.263  -59.131  -25.029 0.5000000000
25586  -23.434  -58.301  -24.969 0.5000000000
23653  -20.974  -59.585  -25.498 0.6999999881
23674  -20.617  -59.362  -26.091 0.6999999881
24643  -20.236  -59.173  -26.561 0.6000000238
24661  -18.639  -58.848  -27.611 0.6999999881
24663  -20.633  -58.497  -27.497 0.6000000238
185484  -16.422  -58.792  -27.562 0.6000000238
24680  -18.393  -58.596  -28.372 0.6000000238
23710  -11.797  -59.799  -28.978 0.5000000000
24677  -14.788  -58.793  -28.810 0.4000000060
24679  -16.456  -58.583  -28.258 0.6000000238
24692  -13.146  -58.699  -29.695 0.4000000060
24694  -14.541  -58.579  -29.685 0.4000000060
24695  -15.409  -58.493  -29.549 0.5000000000
160866  -16.091  -58.452  -29.073 0.5000000000
24627  -22.038  -58.762  -25.797 0.6000000238
185615  -22.965  -58.063  -25.450 0.5000000000
24644  -22.047  -58.188  -26.243 0.6000000238
24645  -22.473  -57.747  -25.894 0.5000000000
25617  -21.546  -57.977  -26.780 0.6000000238
25627  -20.975  -57.867  -27.442 0.6000000238
26595  -22.027  -56.694  -26.526 0.5000000000
26606  -21.038  -57.091  -27.590 0.6000000238
170255  -19.873  -58.210  -28.741 0.6999999881
26619  -20.561  -57.487  -28.103 0.5000000000
161000  -18.239  -58.346  -29.108 0.6000000238
24697  -17.528  -58.234  -29.418 0.5000000000
25654  -14.974  -58.167  -30.148 0.4000000060
24705  -16.912  -58.078  -29.886 0.5000000000
24610  -12.799  -58.826  -24.382 0.4000000060
25583  -14.062  -58.225  -24.617 0.3000000119
25602  -13.643  -57.801  -25.151 0.4000000060
27528  -23.104  -55.777  -25.755 0.5000000000
25600  -12.128  -57.583  -25.525 0.3000000119
26577  -13.666  -57.270  -25.627 0.4000000060
190094  -21.308  -56.720  -27.310 0.5000000000
27545  -22.527  -56.229  -26.124 0.5000000000
166398  -11.459  -56.399  -26.583 0.3000000119
26590  -12.876  -56.705  -26.095 0.4000000060
27561  -21.055  -56.336  -27.679 0.5000000000
27556  -11.607  -55.632  -27.781 0.3000000119
26618  -20.330  -57.024  -28.719 0.6000000238
25647  -18.781  -58.002  -29.961 0.6999999881
26628  -20.026  -57.250  -29.672 0.6000000238
25655  -16.311  -57.834  -30.272 0.5000000000
25657  -18.445  -57.812  -30.323 0.5000000000
25663  -17.913  -57.612  -30.589 0.4000000060
26647  -19.449  -56.827  -30.901 0.4000000060
24576  -14.491  -58.778  -22.162 0.3000000119
25571  -14.501  -58.610  -23.850 0.3000000119
25585  -15.636  -57.892  -24.249 0.3000000119
25604  -15.119  -57.651  -25.049 0.3000000119
26578  -14.466  -57.157  -25.683 0.4000000060
27544  -22.084  -55.995  -26.551 0.5000000000
27538  -12.831  -55.856  -26.761 0.4000000060
27540  -14.566  -55.594  -26.831 0.4000000060
28516  -21.740  -54.835  -27.391 0.5000000000
28510  -12.868  -54.252  -27.984 0.4000000060
164681  -13.513  -53.959  -28.055 0.4000000060
27569  -20.567  -56.289  -28.436 0.5000000000
28523  -21.232  -54.946  -28.011 0.5000000000
165790  -12.737  -54.374  -28.207 0.4000000060
27580  -20.536  -55.625  -28.994 0.5000000000
26640  -19.826  -56.930  -30.563 0.5000000000
28531  -20.326  -55.701  -30.074 0.5000000000
164404  -15.992  -56.691  -30.388 0.3000000119
168828  -16.746  -56.895  -30.641 0.4000000060
27598  -18.931  -56.528  -31.032 0.4000000060
28546  -20.540  -55.009  -30.577 0.4000000060
25546  -14.419  -58.173  -21.667 0.3000000119
25572  -15.295  -58.345  -23.606 0.3000000119
184616  -16.181  -56.959  -25.597 0.4000000060
26593  -15.554  -56.350  -26.311 0.4000000060
29398  -24.548  -54.173  -25.244 0.4000000060
27541  -15.396  -55.451  -26.925 0.4000000060
30339  -23.992  -53.660  -25.721 0.4000000060
27539  -13.678  -55.678  -26.765 0.4000000060
27559  -15.251  -54.430  -27.541 0.4000000060
29413  -22.582  -54.037  -26.873 0.4000000060
166940  -14.401  -54.600  -27.430 0.4000000060
192451  -20.887  -55.085  -28.666 0.5000000000
28521  -13.688  -53.634  -28.498 0.4000000060
28530  -14.825  -54.354  -29.691 0.3000000119
29436  -21.174  -54.477  -28.768 0.5000000000
28544  -18.198  -54.904  -30.805 0.3000000119
25562  -15.499  -58.189  -22.852 0.3000000119
25564  -16.588  -57.457  -23.376 0.3000000119
183296  -16.663  -57.193  -24.789 0.3000000119
26580  -16.956  -56.776  -25.454 0.4000000060
27542  -16.802  -55.959  -26.446 0.4000000060
28514  -17.741  -55.038  -26.845 0.3000000119
28495  -17.092  -55.364  -26.848 0.4000000060
30341  -25.611  -53.135  -25.129 0.4000000060
31275  -26.832  -52.307  -25.237 0.4000000060
28512  -16.291  -54.664  -27.381 0.4000000060
30354  -23.641  -53.245  -26.289 0.4000000060
29428  -22.141  -54.124  -27.394 0.4000000060
29423  -14.691  -53.452  -28.335 0.3000000119
30362  -22.074  -53.588  -28.063 0.4000000060
29432  -13.676  -53.614  -28.767 0.3000000119
29433  -14.646  -53.104  -28.808 0.3000000119
165541  -16.703  -54.186  -30.349 0.3000000119
28558  -20.130  -55.088  -31.153 0.4000000060
27498  -16.266  -56.492  -22.364 0.3000000119
26563  -17.346  -56.876  -24.666 0.4000000060
27527  -18.158  -55.960  -25.654 0.4000000060
166883  -18.228  -55.473  -26.248 0.4000000060
32311  -27.303  -51.864  -25.324 0.4000000060
31273  -26.090  -52.340  -25.342 0.4000000060
29426  -17.705  -54.256  -27.358 0.4000000060
31286  -24.538  -52.313  -26.048 0.4000000060
29424  -16.278  -53.912  -27.806 0.4000000060
30364  -23.316  -52.889  -26.931 0.4000000060
31296  -24.330  -51.773  -26.730 0.4000000060
29434  -15.357  -53.168  -28.486 0.3000000119
31294  -23.070  -52.557  -27.631 0.4000000060
30394  -15.883  -52.322  -29.709 0.3000000119
29449  -21.582  -53.779  -28.817 0.5000000000
29446  -15.066  -53.399  -29.375 0.3000000119
29462  -16.309  -53.242  -30.099 0.3000000119
30386  -21.618  -53.328  -29.733 0.5000000000
29464  -19.070  -54.705  -31.036 0.3000000119
29466  -20.854  -54.378  -30.620 0.4000000060
28556  -19.021  -55.653  -31.073 0.4000000060
27499  -16.958  -56.330  -22.797 0.3000000119
190956  -19.048  -53.640  -27.183 0.3000000119
187330  -18.434  -53.192  -27.691 0.3000000119
161066  -26.992  -51.195  -25.612 0.4000000060
30358  -17.151  -53.547  -27.824 0.3000000119
32309  -25.662  -51.675  -25.715 0.4000000060
33336  -26.083  -51.020  -25.856 0.3000000119
31305  -16.416  -51.874  -28.750 0.3000000119
31295  -23.677  -52.177  -27.205 0.4000000060
182324  -24.850  -51.277  -26.569 0.4000000060
31335  -16.718  -51.534  -30.211 0.3000000119
31349  -17.821  -51.875  -30.780 0.3000000119
190411  -22.398  -52.559  -28.760 0.4000000060
29463  -17.385  -53.890  -30.619 0.3000000119
30411  -20.076  -53.278  -31.294 0.3000000119
174943  -20.311  -54.167  -31.251 0.3000000119
30397  -21.685  -52.882  -30.712 0.3000000119
30374  -18.362  -52.295  -28.119 0.3000000119
32342  -19.224  -51.238  -28.275 0.3000000119
31306  -17.056  -51.329  -28.830 0.3000000119
33352  -26.063  -50.446  -26.215 0.3000000119
32331  -24.605  -51.082  -27.139 0.4000000060
33368  -25.598  -50.202  -26.759 0.4000000060
33422  -18.348  -50.717  -30.846 0.3000000119
31310  -23.391  -51.855  -27.881 0.4000000060
33367  -24.957  -50.453  -27.318 0.4000000060
30396  -17.554  -52.609  -30.708 0.3000000119
30410  -18.747  -52.967  -30.984 0.3000000119
31324  -22.581  -52.032  -29.075 0.3000000119
31337  -21.644  -52.317  -31.447 0.3000000119
34504  -18.611  -49.720  -30.599 0.3000000119
32379  -19.202  -51.442  -31.100 0.3000000119
32345  -24.342  -50.728  -27.817 0.3000000119
35567  -25.509  -49.057  -27.512 0.3000000119
32380  -20.243  -51.492  -31.457 0.3000000119
33393  -23.330  -50.823  -28.927 0.3000000119
181519  -21.497  -52.103  -31.720 0.3000000119
32355  -22.291  -51.843  -29.945 0.3000000119
35613  -20.138  -48.328  -30.855 0.3000000119
36757  -20.391  -47.732  -30.735 0.3000000119
33424  -20.227  -50.664  -31.479 0.3000000119
161965  -24.310  -50.198  -28.278 0.3000000119
35630  -20.914  -48.923  -31.467 0.3000000119
36769  -21.048  -47.586  -31.323 0.3000000119
28557  -19.745  -55.414  -31.271 0.4000000060
28542  -16.554  -54.889  -30.343 0.3000000119
189389  -18.246  -54.311  -30.819 0.3000000119
176747  -29.007  -78.619  -30.184 0.6000000238
6933  -29.761  -80.303  -31.095 0.5000000000
6337  -28.974  -80.446  -31.564 0.5000000000
6939  -27.256  -79.853  -31.915 0.5000000000
6339  -30.202  -80.675  -30.836 0.5000000000
165679  -31.329  -80.189  -28.048 0.5000000000
8117  -27.478  -77.303  -29.322 0.6999999881
8745  -29.379  -76.387  -29.125 0.6999999881
8098  -26.435  -77.192  -28.384 0.6999999881
7492  -26.263  -78.015  -29.668 0.6999999881
6306  -31.205  -80.599  -28.712 0.4000000060
7480  -25.990  -77.761  -28.890 0.6999999881
189517  -32.623  -79.597  -28.913 0.5000000000
12098  -29.683  -71.972  -24.636 0.3000000119
8122  -33.541  -78.296  -28.246 0.5000000000
8764  -33.736  -77.115  -29.710 0.3000000119
10104  -27.189  -75.333  -31.355 0.6000000238
10077  -26.807  -74.913  -29.761 0.6000000238
9455  -26.437  -75.462  -31.163 0.5000000000
8761  -23.000  -76.920  -29.944 0.6000000238
10049  -26.521  -75.074  -28.165 0.6999999881
10647  -30.417  -74.104  -22.349 0.3000000119
10034  -24.249  -75.561  -26.891 0.6000000238
10036  -25.565  -75.234  -27.215 0.6000000238
8713  -26.269  -76.433  -27.153 0.6999999881
8120  -30.844  -77.540  -29.144 0.5000000000
6908  -32.002  -79.652  -29.432 0.6000000238
6922  -31.297  -80.065  -30.052 0.5000000000
8068  -25.482  -77.303  -26.452 0.6000000238
170705  -25.298  -78.183  -27.793 0.6999999881
185965  -23.977  -76.347  -25.082 0.5000000000
6887  -24.383  -78.976  -27.408 0.5000000000
12114  -30.004  -72.282  -25.405 0.3000000119
174271  -21.754  -76.887  -25.131 0.6000000238
6886  -23.781  -79.479  -27.512 0.5000000000
10081  -32.634  -74.957  -29.838 0.3000000119
9430  -29.739  -76.108  -29.431 0.5000000000
12115  -30.705  -71.900  -26.111 0.3000000119
6885  -23.206  -79.701  -26.894 0.5000000000
8810  -27.615  -76.759  -33.478 0.4000000060
11346  -31.555  -72.784  -22.494 0.3000000119
9485  -19.845  -76.988  -33.205 0.6000000238
8130  -17.800  -78.125  -30.565 0.6999999881
171523  -19.438  -76.152  -30.076 0.6000000238
10717  -20.649  -74.202  -28.966 0.6000000238
9486  -20.268  -76.181  -33.406 0.6000000238
10812  -21.690  -74.194  -36.798 0.5000000000
8857  -27.881  -77.045  -35.578 0.4000000060
10778  -22.175  -74.542  -32.735 0.6000000238
10789  -22.108  -74.431  -33.766 0.5000000000
10749  -21.846  -74.348  -30.954 0.6000000238
192505  -23.882  -71.073  -32.292 0.4000000060
9402  -17.803  -76.308  -26.941 0.6000000238
10707  -19.624  -74.857  -27.110 0.6999999881
171930  -19.397  -69.144  -25.747 0.6000000238
9527  -23.410  -75.930  -37.036 0.4000000060
162121  -22.235  -71.986  -36.706 0.4000000060
14555  -24.185  -69.090  -32.947 0.4000000060
13785  -25.881  -71.254  -28.779 0.4000000060
8709  -16.730  -76.866  -27.278 0.6000000238
15167  -21.871  -68.681  -26.378 0.6000000238
14404  -20.349  -69.476  -23.448 0.6000000238
10152  -26.217  -74.973  -36.475 0.5000000000
12853  -18.386  -71.395  -23.386 0.5000000000
15094  -24.088  -69.044  -22.495 0.6000000238
182218  -18.304  -72.121  -23.244 0.4000000060
11393  -20.890  -73.062  -26.529 0.5000000000
13063  -22.706  -70.988  -36.409 0.5000000000
12095  -22.791  -72.094  -24.551 0.6000000238
11381  -20.324  -73.211  -25.228 0.5000000000
174894  -15.758  -63.180  -30.534 0.6000000238
20940  -11.825  -62.166  -28.176 0.5000000000
20875  -20.174  -62.051  -23.871 0.5000000000
20898  -17.687  -62.769  -25.460 0.6000000238
20886  -18.544  -62.279  -24.731 0.6000000238
176117  -20.817  -60.497  -24.391 0.6000000238
20911  -16.035  -62.356  -26.548 0.6000000238
22773  -10.775  -61.340  -28.808 0.5000000000
23637  -22.319  -59.512  -24.311 0.5000000000
24682  -19.960  -58.549  -28.072 0.6000000238
23711  -12.575  -59.651  -28.608 0.5000000000
25649  -19.780  -57.920  -29.447 0.6000000238
25581  -12.469  -58.128  -25.079 0.3000000119
25618  -22.004  -57.474  -26.412 0.5000000000
186713  -15.615  -57.615  -30.438 0.3000000119
28482  -23.170  -55.074  -25.854 0.4000000060
29414  -22.919  -54.434  -26.288 0.4000000060
27597  -18.226  -56.752  -30.875 0.4000000060
27588  -16.452  -55.862  -30.408 0.3000000119
29448  -21.190  -54.060  -29.699 0.5000000000
163458  -24.826  -52.788  -25.575 0.4000000060
26542  -16.531  -57.041  -22.791 0.3000000119
30384  -15.642  -52.424  -29.132 0.3000000119
30375  -22.526  -52.896  -28.143 0.4000000060
29480  -20.779  -53.866  -31.268 0.3000000119
31321  -16.185  -51.275  -29.412 0.3000000119
31323  -22.053  -52.574  -29.638 0.4000000060
27500  -18.000  -55.794  -23.323 0.3000000119
32354  -17.069  -50.434  -30.126 0.3000000119
32344  -23.721  -51.197  -28.191 0.4000000060
34523  -19.361  -49.934  -31.060 0.3000000119
5079  -19.217  -81.788  -25.638 0.5000000000
5648  -19.905  -81.433  -25.528 0.5000000000
5656  -20.965  -81.070  -26.679 0.5000000000
5657  -21.568  -80.773  -26.992 0.4000000060
5051  -18.791  -81.772  -24.342 0.5000000000
5629  -19.168  -81.710  -24.935 0.5000000000
5631  -20.446  -81.047  -25.046 0.5000000000
5649  -20.829  -81.021  -25.760 0.5000000000
6268  -22.096  -80.226  -25.903 0.5000000000
6276  -22.490  -80.117  -26.671 0.4000000060
5601  -18.483  -81.525  -23.313 0.4000000060
5612  -19.890  -80.985  -23.946 0.5000000000
6256  -21.090  -80.595  -24.892 0.5000000000
6857  -22.506  -79.768  -25.189 0.4000000060
159676  -19.831  -80.635  -23.343 0.5000000000
6241  -20.443  -80.345  -23.673 0.5000000000
6255  -20.470  -80.800  -24.395 0.5000000000
6230  -20.094  -80.050  -22.927 0.5000000000
6832  -21.138  -79.863  -23.685 0.5000000000
187048  -21.301  -79.320  -23.173 0.5000000000
6833  -21.862  -79.342  -23.630 0.5000000000
7401  -22.931  -78.242  -23.629 0.4000000060
6229  -19.378  -80.463  -22.712 0.5000000000
6817  -21.020  -78.938  -22.625 0.5000000000
186497  -21.972  -78.143  -22.809 0.5000000000
8020  -23.044  -77.575  -23.751 0.5000000000
175732  -17.165  -78.025  -22.086 0.5000000000
6802  -19.322  -79.187  -21.543 0.5000000000
7358  -19.047  -78.468  -21.202 0.5000000000
7369  -19.724  -78.476  -21.573 0.5000000000
8627  -19.839  -77.177  -22.278 0.5000000000
7990  -20.695  -77.715  -22.121 0.5000000000
7998  -20.545  -77.126  -22.585 0.5000000000
8000  -21.792  -77.575  -22.770 0.5000000000
8647  -22.376  -76.844  -23.983 0.5000000000
7996  -18.381  -77.442  -22.346 0.5000000000
7383  -17.943  -77.880  -23.138 0.5000000000
6846  -17.359  -79.682  -25.101 0.5000000000
7997  -19.229  -77.125  -22.611 0.5000000000
7400  -18.208  -78.178  -23.959 0.5000000000
7424  -18.004  -79.204  -25.169 0.5000000000
8644  -19.969  -76.970  -22.967 0.5000000000
8018  -19.355  -77.153  -23.550 0.5000000000
7413  -19.050  -78.211  -25.029 0.5000000000
8664  -20.825  -76.882  -24.147 0.5000000000
8041  -20.229  -77.249  -24.760 0.5000000000
8632  -21.345  -77.041  -23.050 0.5000000000
8646  -21.765  -76.911  -23.611 0.5000000000
8666  -22.356  -76.698  -24.789 0.5000000000
8064  -15.551  -77.929  -27.046 0.5000000000
8077  -15.795  -78.244  -27.765 0.6000000238
6855  -17.700  -79.545  -25.872 0.5000000000
7425  -18.494  -78.934  -25.637 0.5000000000
6883  -17.001  -79.478  -27.666 0.5000000000
7440  -19.551  -78.624  -26.597 0.5000000000
165932  -18.905  -79.091  -27.093 0.5000000000
8055  -21.011  -77.123  -25.120 0.5000000000
7441  -20.305  -78.122  -26.360 0.5000000000
8665  -21.626  -76.786  -24.309 0.5000000000
8663  -16.369  -76.415  -24.898 0.5000000000
8684  -16.561  -76.579  -25.749 0.5000000000
8094  -16.163  -78.526  -28.410 0.6000000238
14499  -19.100  -69.194  -29.382 0.5000000000
15200  -19.701  -68.971  -28.874 0.6000000238
15236  -19.971  -68.498  -30.350 0.5000000000
15217  -19.928  -68.756  -29.652 0.5000000000
161622  -20.338  -68.928  -28.329 0.6000000238
15219  -21.601  -68.312  -29.081 0.6000000238
179915  -20.603  -68.456  -29.895 0.5000000000
15977  -21.502  -67.790  -29.436 0.6000000238
161022  -21.225  -67.310  -29.874 0.5000000000
15958  -22.138  -68.048  -28.181 0.6000000238
16714  -21.533  -67.009  -28.553 0.6000000238
17549  -20.245  -66.024  -29.872 0.5000000000
17533  -20.892  -66.448  -28.586 0.6000000238
17515  -21.373  -66.525  -27.295 0.6000000238
18391  -19.706  -65.265  -30.373 0.5000000000
17532  -20.308  -65.974  -28.965 0.5000000000
19222  -18.309  -63.850  -29.948 0.5000000000
20071  -17.839  -63.495  -30.312 0.6000000238
165181  -15.628  -63.206  -31.519 0.6000000238
20084  -16.168  -63.193  -32.077 0.5000000000
19212  -18.869  -64.342  -28.699 0.6000000238
18375  -19.271  -64.718  -29.069 0.5000000000
20069  -16.843  -63.258  -30.460 0.5000000000
20045  -14.249  -63.123  -30.118 0.6000000238
20067  -15.011  -63.192  -30.818 0.6000000238
20957  -13.782  -62.917  -29.108 0.6000000238
182761  -31.100  -72.129  -26.955 0.3000000119
183506  -32.056  -71.693  -27.874 0.3000000119
10720  -31.533  -73.894  -28.535 0.3000000119
12972  -33.320  -71.707  -29.044 0.3000000119
11396  -30.965  -73.340  -27.342 0.3000000119
191903  -30.850  -72.994  -27.041 0.3000000119
6847  -22.851  -79.252  -24.626 0.4000000060
8053  -19.680  -77.848  -25.288 0.5000000000
6896  -17.437  -79.416  -28.208 0.5000000000
14484  -18.580  -69.722  -27.745 0.5000000000
6257  -21.837  -80.173  -25.035 0.4000000060
167266  -22.223  -79.638  -24.426 0.5000000000
6816  -20.364  -79.328  -22.448 0.5000000000
7356  -17.583  -78.388  -20.718 0.5000000000
7980  -18.730  -77.880  -21.258 0.5000000000
174765  -17.338  -78.268  -22.942 0.5000000000
7399  -17.628  -78.608  -23.719 0.5000000000
8017  -18.631  -77.462  -23.296 0.5000000000
6856  -18.068  -79.383  -26.404 0.5000000000
12147  -31.091  -72.638  -27.424 0.3000000119
11421  -31.795  -72.728  -29.380 0.3000000119
12951  -32.162  -71.875  -28.658 0.3000000119
12158  -31.478  -72.490  -28.130 0.3000000119
163388  -31.833  -72.326  -28.747 0.3000000119
12971  -32.605  -71.842  -29.208 0.3000000119
34442  -25.867  -49.436  -26.940 0.3000000119
5060  -18.383  -81.996  -24.712 0.5000000000
5602  -19.229  -81.136  -23.447 0.5000000000
5610  -18.808  -81.578  -23.866 0.4000000060
5611  -19.304  -81.432  -24.210 0.5000000000
5630  -19.875  -81.261  -24.677 0.5000000000
5655  -20.236  -81.370  -26.406 0.5000000000
5711  -30.362  -81.017  -30.571 0.5000000000
5726  -29.329  -81.261  -31.175 0.5000000000
5740  -28.400  -81.181  -32.122 0.6000000238
5755  -26.133  -80.942  -33.292 0.5000000000
6219  -19.110  -79.977  -21.963 0.5000000000
6242  -21.535  -80.036  -24.294 0.5000000000
6267  -21.485  -80.577  -25.563 0.5000000000
6274  -21.496  -80.718  -26.253 0.5000000000
6275  -21.954  -80.462  -26.614 0.4000000060
6286  -22.682  -80.134  -27.391 0.5000000000
6307  -32.164  -80.165  -29.099 0.5000000000
6314  -22.974  -80.293  -29.076 0.6000000238
6317  -30.715  -80.951  -29.409 0.5000000000
6318  -31.464  -80.555  -29.420 0.4000000060
6324  -22.752  -80.520  -29.900 0.5000000000
6328  -31.291  -80.466  -29.927 0.5000000000
6338  -29.635  -80.888  -31.310 0.5000000000
6352  -28.412  -80.853  -32.080 0.6000000238
6363  -27.276  -81.092  -32.784 0.5000000000
6803  -19.959  -79.018  -21.909 0.5000000000
6815  -19.728  -79.694  -22.239 0.5000000000
6818  -21.682  -78.708  -22.913 0.5000000000
6831  -20.723  -79.654  -23.106 0.5000000000
6834  -22.620  -78.986  -23.905 0.4000000060
6858  -22.875  -79.671  -25.978 0.4000000060
6869  -17.137  -79.649  -26.830 0.5000000000
6870  -23.921  -79.112  -26.713 0.5000000000
6884  -18.008  -79.428  -27.221 0.5000000000
6892  -32.761  -79.377  -27.709 0.5000000000
6897  -24.234  -79.262  -28.119 0.6000000238
6898  -31.966  -80.227  -28.520 0.4000000060
6905  -24.107  -79.472  -28.794 0.6000000238
6906  -24.544  -79.144  -29.325 0.5000000000
6917  -25.353  -78.937  -30.585 0.5000000000
6921  -30.549  -79.937  -30.580 0.5000000000
6930  -26.714  -79.250  -31.384 0.5000000000
6940  -28.082  -80.124  -31.830 0.5000000000
7357  -18.310  -78.377  -20.904 0.5000000000
7368  -17.286  -78.016  -21.243 0.5000000000
7370  -20.493  -78.465  -22.037 0.5000000000
7382  -17.683  -77.766  -22.451 0.5000000000
7384  -21.368  -78.150  -22.378 0.5000000000
7385  -22.318  -78.549  -23.262 0.5000000000
7402  -23.441  -77.960  -24.059 0.5000000000
7411  -17.845  -78.978  -24.490 0.5000000000
7412  -18.424  -78.574  -24.756 0.5000000000
7414  -23.214  -78.632  -24.223 0.4000000060
7415  -23.715  -78.290  -24.603 0.5000000000
7416  -24.165  -77.835  -24.920 0.5000000000
7426  -19.244  -78.480  -25.821 0.5000000000
7427  -19.825  -78.154  -25.941 0.5000000000
7428  -23.955  -78.553  -25.364 0.5000000000
7439  -18.747  -79.003  -26.455 0.5000000000
7442  -23.813  -78.949  -26.018 0.5000000000
7448  -31.935  -78.437  -26.577 0.5000000000
7459  -16.450  -79.144  -28.339 0.6000000238
7460  -18.526  -79.301  -27.844 0.5000000000
7463  -24.925  -78.439  -27.258 0.5000000000
7464  -31.215  -79.312  -26.940 0.5000000000
7475  -19.784  -79.082  -28.610 0.6000000238
7478  -24.851  -78.724  -28.106 0.6999999881
7479  -25.397  -78.193  -28.534 0.6999999881
7488  -19.990  -78.987  -29.233 0.6000000238
7493  -27.017  -77.887  -29.827 0.6999999881
7496  -30.479  -78.066  -29.261 0.6000000238
7497  -32.982  -79.018  -28.443 0.5000000000
7501  -17.369  -78.491  -29.994 0.6999999881
7504  -19.436  -78.857  -30.771 0.6000000238
7505  -20.393  -78.520  -30.738 0.6000000238
7508  -27.371  -78.386  -30.348 0.5000000000
7509  -28.617  -79.115  -30.755 0.5000000000
7515  -18.258  -78.395  -31.030 0.6000000238
7517  -19.527  -78.560  -31.498 0.6000000238
7523  -19.071  -78.319  -31.826 0.6000000238
7979  -18.013  -77.914  -21.180 0.5000000000
7986  -17.807  -77.716  -21.775 0.5000000000
7987  -18.422  -77.641  -21.620 0.5000000000
7988  -19.129  -77.473  -21.844 0.5000000000
7989  -19.969  -77.749  -21.797 0.5000000000
7999  -21.204  -77.459  -22.464 0.5000000000
8001  -22.449  -77.744  -23.214 0.5000000000
8019  -20.087  -76.993  -23.856 0.5000000000
8039  -18.849  -77.795  -24.200 0.5000000000
8040  -19.523  -77.485  -24.465 0.5000000000
8042  -24.082  -77.250  -24.671 0.5000000000
8054  -20.324  -77.675  -25.605 0.5000000000
8067  -21.894  -77.340  -26.419 0.6999999881
8081  -25.884  -77.160  -27.114 0.6999999881
8082  -26.269  -76.985  -27.659 0.6999999881
8084  -33.885  -77.279  -27.747 0.4000000060
8096  -21.813  -77.643  -27.939 0.6999999881
8100  -33.738  -78.202  -27.796 0.5000000000
8112  -16.988  -78.301  -29.539 0.6999999881
8131  -21.223  -78.208  -29.895 0.6000000238
8139  -18.724  -78.193  -31.570 0.6000000238
8146  -19.255  -78.086  -32.018 0.6000000238
8155  -20.119  -78.217  -33.215 0.6000000238
8156  -22.339  -77.754  -32.629 0.5000000000
8159  -20.243  -77.669  -34.614 0.6000000238
8166  -20.609  -77.658  -35.372 0.5000000000
8167  -21.281  -77.918  -35.306 0.5000000000
8633  -22.081  -77.105  -23.306 0.5000000000
8634  -22.654  -77.188  -23.575 0.5000000000
8645  -20.695  -76.860  -23.311 0.5000000000
8648  -23.098  -77.002  -24.041 0.6000000238
8668  -23.683  -76.764  -24.608 0.5000000000
8669  -24.337  -76.731  -25.042 0.5000000000
8685  -21.540  -77.253  -25.799 0.6999999881
8686  -22.270  -76.841  -25.696 0.6000000238
8687  -23.037  -76.406  -25.341 0.6000000238
8698  -16.101  -77.036  -26.595 0.5000000000
8703  -32.934  -77.050  -27.016 0.5000000000
8708  -15.997  -77.477  -27.445 0.6000000238
8710  -17.426  -76.726  -27.986 0.6000000238
8712  -25.784  -76.723  -26.622 0.6000000238
8719  -17.003  -77.337  -28.701 0.6999999881
8722  -22.969  -76.609  -28.444 0.6000000238
8723  -26.734  -76.555  -27.924 0.6999999881
8725  -28.136  -76.054  -28.808 0.6999999881
8726  -28.723  -76.017  -29.063 0.6999999881
8737  -17.279  -77.645  -29.389 0.6999999881
8739  -18.675  -76.811  -29.866 0.6999999881
8741  -23.027  -76.719  -29.172 0.6000000238
8744  -28.697  -76.552  -29.011 0.6999999881
8750  -34.157  -76.722  -29.040 0.3000000119
8759  -19.095  -76.737  -30.661 0.6000000238
8760  -22.409  -77.352  -29.939 0.6999999881
8762  -31.244  -76.991  -29.468 0.4000000060
8775  -23.883  -76.554  -30.711 0.5000000000
8781  -33.783  -76.418  -30.137 0.3000000119
8786  -19.315  -77.564  -32.174 0.6000000238
8789  -24.021  -76.890  -31.931 0.5000000000
8791  -25.512  -76.517  -32.324 0.5000000000
8794  -31.738  -76.814  -32.030 0.3000000119
8804  -19.623  -77.605  -32.952 0.6000000238
8805  -23.123  -77.510  -33.037 0.5000000000
8814  -31.256  -76.787  -32.724 0.3000000119
8816  -32.617  -76.367  -32.121 0.3000000119
8819  -19.902  -77.620  -33.747 0.6000000238
8823  -25.672  -77.082  -34.715 0.4000000060
8825  -27.400  -77.095  -34.294 0.4000000060
8834  -20.083  -77.409  -34.420 0.6000000238
8840  -26.274  -77.022  -35.144 0.4000000060
8842  -29.112  -77.026  -34.651 0.4000000060
8844  -30.370  -76.730  -34.223 0.4000000060
8851  -22.186  -77.633  -35.790 0.5000000000
8854  -25.291  -76.887  -36.018 0.4000000060
8855  -25.980  -76.890  -35.745 0.4000000060
8856  -27.150  -77.033  -35.431 0.4000000060
8860  -22.139  -76.656  -36.707 0.5000000000
8865  -26.509  -76.771  -36.141 0.4000000060
9360  -16.312  -75.975  -24.155 0.5000000000
9361  -17.040  -75.866  -24.396 0.6000000238
9362  -17.674  -75.676  -24.788 0.6000000238
9371  -18.031  -75.712  -25.528 0.6000000238
9372  -23.766  -76.184  -25.525 0.6000000238
9374  -25.224  -76.191  -25.984 0.6000000238
9377  -30.596  -76.169  -25.846 0.4000000060
9384  -17.022  -76.451  -26.353 0.6000000238
9385  -18.346  -75.756  -26.312 0.6000000238
9387  -23.389  -76.144  -26.155 0.6000000238
9390  -26.310  -75.807  -27.237 0.6999999881
9392  -31.318  -76.060  -26.307 0.4000000060
9403  -18.264  -76.220  -27.582 0.6999999881
9407  -26.927  -75.545  -27.875 0.6999999881
9414  -18.381  -76.371  -28.257 0.6999999881
9419  -28.325  -75.543  -29.033 0.6000000238
9421  -33.999  -76.338  -28.787 0.3000000119
9425  -18.578  -76.522  -29.002 0.6999999881
9427  -23.526  -76.201  -28.739 0.6000000238
9428  -24.652  -75.348  -28.709 0.6000000238
9429  -29.041  -75.823  -29.291 0.6000000238
9431  -33.947  -76.317  -29.456 0.3000000119
9437  -20.030  -75.683  -30.357 0.6000000238
9439  -24.818  -75.738  -30.040 0.6000000238
9440  -25.504  -75.373  -30.143 0.5000000000
9441  -29.856  -75.895  -29.991 0.4000000060
9443  -31.252  -76.778  -29.986 0.4000000060
9444  -33.825  -76.312  -30.007 0.3000000119
9450  -19.444  -76.531  -31.274 0.5000000000
9453  -24.895  -76.168  -31.139 0.5000000000
9467  -19.401  -76.891  -31.848 0.6000000238
9472  -26.732  -75.864  -31.942 0.4000000060
9473  -27.487  -75.732  -32.050 0.4000000060
9475  -29.696  -76.218  -31.827 0.4000000060
9490  -28.639  -76.478  -32.757 0.4000000060
9498  -20.422  -76.219  -34.298 0.6000000238
9507  -20.267  -76.788  -34.753 0.6000000238
9508  -20.572  -76.651  -35.484 0.6000000238
9516  -20.930  -76.454  -36.023 0.5000000000
9520  -30.766  -75.578  -34.626 0.4000000060
9525  -21.652  -75.922  -36.844 0.5000000000
9529  -25.395  -75.959  -36.891 0.5000000000
9532  -28.059  -75.598  -36.618 0.4000000060
10001  -18.332  -75.235  -24.854 0.6000000238
10012  -19.073  -74.845  -25.547 0.5000000000
10013  -29.349  -74.796  -25.323 0.3000000119
10014  -30.009  -74.745  -25.829 0.3000000119
10020  -19.045  -75.253  -26.467 0.6000000238
10021  -24.721  -75.568  -26.584 0.6000000238
10022  -25.289  -75.475  -26.632 0.6000000238
10023  -25.857  -75.627  -26.841 0.6999999881
10024  -30.607  -74.755  -26.356 0.4000000060
10025  -31.091  -74.737  -26.842 0.4000000060
10035  -24.864  -75.314  -27.065 0.6000000238
10037  -26.287  -75.320  -27.419 0.6999999881
10045  -20.177  -74.647  -28.505 0.5000000000
10046  -24.340  -75.424  -27.475 0.6000000238
10051  -27.706  -75.309  -28.790 0.6000000238
10060  -20.293  -74.816  -29.261 0.6000000238
10062  -25.955  -74.873  -28.702 0.6999999881
10065  -28.028  -75.187  -29.362 0.6000000238
10073  -20.421  -74.998  -29.991 0.6000000238
10075  -25.237  -75.200  -29.308 0.6000000238
10078  -27.551  -74.977  -29.946 0.6000000238
10092  -28.599  -75.188  -30.791 0.4000000060
10132  -20.982  -75.671  -34.751 0.6000000238
10133  -21.561  -75.041  -34.284 0.5000000000
10148  -21.403  -75.032  -36.290 0.5000000000
10159  -21.494  -75.181  -36.717 0.4000000060
10163  -25.025  -75.452  -36.888 0.5000000000
10661  -17.216  -74.405  -23.720 0.6000000238
10662  -17.887  -74.267  -23.570 0.4000000060
10663  -18.591  -74.007  -23.660 0.5000000000
10665  -28.726  -73.712  -24.244 0.3000000119
10677  -19.031  -74.271  -24.269 0.5000000000
10689  -20.271  -73.553  -25.940 0.5000000000
10709  -31.257  -73.978  -27.780 0.3000000119
10719  -31.255  -73.177  -28.005 0.3000000119
10728  -20.776  -74.396  -29.663 0.6000000238
10729  -21.172  -73.880  -29.356 0.5000000000
10736  -21.277  -74.156  -29.999 0.6000000238
10763  -21.971  -74.593  -31.770 0.6000000238
10764  -22.715  -74.154  -32.219 0.6000000238
10779  -22.660  -73.951  -33.166 0.6000000238
10792  -26.932  -73.928  -34.341 0.4000000060
10813  -22.004  -73.194  -37.050 0.5000000000
10818  -26.839  -74.770  -36.387 0.5000000000
10827  -22.150  -74.076  -37.246 0.5000000000
10828  -22.895  -74.192  -37.153 0.5000000000
10829  -27.165  -74.804  -36.522 0.5000000000
10830  -29.383  -73.373  -36.042 0.4000000060
11342  -18.849  -72.495  -23.071 0.6000000238
11343  -29.290  -73.167  -22.639 0.3000000119
11355  -17.566  -73.763  -23.590 0.4000000060
11357  -18.820  -73.296  -23.311 0.6000000238
11369  -20.664  -72.736  -24.939 0.6000000238
11371  -29.430  -72.657  -24.824 0.3000000119
11382  -20.797  -72.902  -25.722 0.5000000000
11383  -29.292  -73.443  -25.027 0.3000000119
11394  -21.353  -72.576  -26.164 0.6000000238
11401  -20.417  -73.708  -26.986 0.6000000238
11402  -21.659  -72.843  -27.825 0.6000000238
11407  -20.707  -73.657  -27.873 0.6000000238
11411  -31.565  -73.020  -28.702 0.3000000119
11418  -22.005  -73.226  -28.990 0.5000000000
11419  -23.213  -72.970  -29.066 0.5000000000
11420  -23.599  -73.129  -29.660 0.6000000238
11430  -22.383  -73.777  -30.169 0.6000000238
11431  -23.926  -73.219  -30.362 0.6000000238
11442  -23.229  -73.841  -31.693 0.6000000238
11484  -22.522  -72.657  -34.441 0.5000000000
11499  -21.859  -73.307  -35.984 0.5000000000
11510  -21.996  -72.638  -36.732 0.5000000000
12067  -19.637  -71.559  -23.031 0.6000000238
12070  -30.966  -72.108  -22.331 0.3000000119
12071  -31.757  -71.877  -22.303 0.3000000119
12079  -17.778  -72.515  -23.575 0.4000000060
12082  -20.771  -71.958  -23.733 0.6999999881
12084  -22.417  -71.893  -23.910 0.6000000238
12093  -20.378  -72.487  -24.099 0.6000000238
12097  -29.243  -72.406  -23.956 0.3000000119
12112  -23.366  -72.242  -25.966 0.6000000238
12129  -23.577  -72.211  -26.896 0.6000000238
12131  -30.255  -72.756  -26.093 0.3000000119
12132  -30.763  -72.632  -26.730 0.3000000119
12142  -21.477  -72.690  -26.990 0.6000000238
12145  -23.894  -72.259  -27.664 0.5000000000
12154  -22.285  -72.630  -27.884 0.6000000238
12155  -22.722  -72.666  -28.221 0.6000000238
12159  -31.796  -72.054  -28.212 0.3000000119
12172  -23.251  -72.714  -28.566 0.5000000000
12175  -32.157  -72.170  -29.331 0.3000000119
12194  -24.884  -72.347  -30.362 0.6000000238
12267  -22.904  -71.010  -33.942 0.5000000000
12296  -22.499  -71.568  -36.841 0.4000000060
12855  -20.777  -71.025  -22.910 0.6999999881
12856  -21.560  -70.997  -22.892 0.6000000238
12858  -23.214  -71.075  -22.800 0.6000000238
12870  -17.880  -71.769  -23.719 0.4000000060
12871  -18.058  -71.097  -24.050 0.5000000000
12873  -20.386  -71.518  -23.154 0.6999999881
12875  -22.006  -71.466  -23.248 0.6000000238
12877  -23.696  -71.417  -23.278 0.6000000238
12879  -24.874  -71.240  -23.812 0.6000000238
12888  -23.953  -71.699  -24.139 0.6000000238
12890  -25.290  -71.198  -24.630 0.6000000238
12892  -30.487  -70.893  -24.834 0.3000000119
12900  -24.797  -71.616  -26.193 0.6000000238
12912  -25.009  -71.564  -26.950 0.5000000000
12950  -25.308  -71.761  -28.289 0.5000000000
12970  -25.436  -71.843  -29.166 0.6000000238
13001  -24.908  -71.192  -31.118 0.4000000060
13044  -23.058  -70.404  -34.599 0.5000000000
13080  -23.600  -71.010  -36.495 0.5000000000
13675  -19.798  -70.606  -22.965 0.5000000000
13676  -20.392  -70.492  -22.869 0.6999999881
13678  -21.789  -70.492  -22.742 0.6000000238
13679  -23.232  -70.486  -22.589 0.6000000238
13680  -24.568  -70.512  -22.628 0.6000000238
13681  -25.325  -70.340  -22.854 0.6000000238
13697  -25.067  -70.880  -23.248 0.6000000238
13698  -25.629  -70.561  -23.536 0.6000000238
13712  -17.847  -70.988  -24.822 0.5000000000
13713  -18.330  -70.407  -24.532 0.5000000000
13726  -18.082  -70.447  -25.447 0.5000000000
13751  -18.127  -70.325  -27.235 0.6000000238
13752  -25.889  -70.853  -27.271 0.5000000000
13798  -25.766  -70.708  -30.113 0.6000000238
13812  -24.603  -70.467  -31.638 0.4000000060
13823  -24.063  -70.507  -32.264 0.4000000060
13854  -23.379  -69.835  -34.128 0.4000000060
14380  -25.566  -69.153  -22.289 0.6000000238
14386  -19.967  -70.033  -23.074 0.6000000238
14388  -21.503  -69.908  -22.863 0.6000000238
14389  -23.097  -69.851  -22.635 0.6000000238
14391  -25.046  -69.841  -22.349 0.6000000238
14393  -26.088  -69.482  -22.847 0.6000000238
14402  -18.860  -70.035  -23.999 0.5000000000
14405  -21.249  -69.364  -23.317 0.6000000238
14407  -26.329  -69.709  -23.444 0.6000000238
14418  -18.708  -69.832  -24.670 0.5000000000
14420  -20.042  -69.110  -24.281 0.6000000238
14421  -26.831  -69.583  -24.957 0.6000000238
14434  -18.912  -69.470  -25.265 0.6000000238
14452  -18.961  -69.404  -26.102 0.6000000238
14470  -19.036  -69.402  -27.023 0.6000000238
14485  -19.378  -69.224  -28.016 0.6000000238
14500  -26.526  -69.430  -29.413 0.5000000000
14509  -19.198  -68.958  -30.168 0.5000000000
14510  -25.722  -69.882  -30.505 0.5000000000
14511  -26.069  -69.318  -30.216 0.5000000000
14523  -25.272  -69.502  -31.119 0.4000000060
14538  -24.637  -68.671  -32.400 0.4000000060
15079  -25.198  -68.499  -22.127 0.6000000238
15081  -26.373  -68.012  -22.513 0.6000000238
15092  -22.732  -69.378  -23.033 0.5000000000
15095  -24.819  -69.163  -22.220 0.6000000238
15109  -20.777  -69.071  -23.876 0.6000000238
15110  -21.549  -68.900  -24.067 0.5000000000
15128  -21.850  -68.718  -24.973 0.6000000238
15129  -22.987  -68.372  -24.940 0.6000000238
15130  -26.692  -69.509  -24.157 0.6000000238
15146  -19.601  -69.056  -25.100 0.6000000238
15147  -20.352  -68.865  -25.093 0.6000000238
15168  -22.544  -68.501  -26.342 0.6000000238
15169  -22.790  -68.285  -26.568 0.6999999881
15184  -20.939  -68.849  -27.726 0.6000000238
15186  -22.330  -68.319  -27.729 0.6999999881
15201  -21.336  -68.646  -28.516 0.6000000238
15202  -21.958  -68.336  -28.412 0.6000000238
15218  -20.793  -68.655  -29.224 0.5000000000
15238  -21.169  -68.170  -29.741 0.5000000000
15239  -26.317  -68.608  -30.056 0.4000000060
15259  -25.830  -68.609  -30.693 0.4000000060
15281  -25.086  -68.316  -31.923 0.4000000060
15303  -24.512  -68.423  -33.140 0.4000000060
15850  -25.405  -67.818  -22.126 0.5000000000
15851  -25.986  -67.612  -22.218 0.6000000238
15863  -24.615  -68.459  -22.365 0.6000000238
15878  -23.720  -67.877  -23.579 0.6000000238
15893  -23.089  -68.085  -25.285 0.6000000238
15910  -22.949  -67.993  -26.020 0.6000000238
15926  -22.618  -68.201  -27.154 0.6999999881
15978  -21.871  -67.923  -28.779 0.6000000238
16012  -25.597  -67.950  -31.366 0.4000000060
16637  -24.385  -66.757  -22.282 0.5000000000
16638  -24.943  -67.342  -22.207 0.5000000000
16650  -23.481  -66.977  -23.240 0.6000000238
16661  -22.307  -66.567  -24.230 0.6000000238
16662  -23.493  -67.497  -24.010 0.6000000238
16684  -22.581  -67.044  -25.689 0.6000000238
16685  -23.009  -67.565  -25.502 0.6000000238
16691  -22.741  -67.805  -26.728 0.6999999881
16715  -22.008  -67.584  -28.370 0.6000000238
16729  -21.687  -67.426  -29.109 0.6000000238
17437  -23.816  -66.052  -22.164 0.6000000238
17449  -22.309  -65.752  -22.852 0.6000000238
17463  -22.723  -66.567  -23.415 0.6000000238
17475  -21.540  -65.823  -24.296 0.6000000238
17488  -21.884  -66.538  -25.804 0.6999999881
17499  -21.269  -66.222  -26.701 0.6999999881
17500  -21.900  -66.820  -26.949 0.6999999881
17514  -21.143  -66.498  -27.929 0.6000000238
17550  -21.002  -66.776  -29.361 0.5000000000
18253  -22.413  -64.463  -22.036 0.5000000000
18256  -24.682  -65.417  -22.043 0.5000000000
18296  -20.940  -65.178  -24.791 0.6999999881
18308  -20.229  -64.942  -26.005 0.6999999881
18343  -20.006  -65.260  -27.659 0.6999999881
18344  -20.723  -65.864  -27.258 0.6999999881
18359  -19.265  -64.675  -28.398 0.5000000000
18360  -19.742  -65.251  -28.500 0.5000000000
18376  -19.700  -65.339  -29.435 0.5000000000
19103  -21.362  -64.018  -22.963 0.5000000000
19104  -21.816  -64.260  -22.529 0.4000000060
19120  -20.864  -64.072  -23.539 0.5000000000
19134  -19.988  -64.097  -24.801 0.6000000238
19154  -19.303  -64.045  -25.818 0.6000000238
19196  -18.650  -64.146  -27.212 0.6000000238
19198  -19.535  -64.731  -27.293 0.6999999881
19211  -18.476  -64.147  -28.365 0.6999999881
19223  -18.799  -64.253  -29.525 0.6000000238
19232  -18.776  -64.056  -30.513 0.5000000000
19950  -22.746  -63.477  -21.845 0.5000000000
19952  -24.081  -63.378  -22.149 0.5000000000
19962  -21.639  -63.683  -22.645 0.5000000000
19989  -19.444  -63.805  -25.152 0.6000000238
19999  -18.152  -63.814  -26.941 0.6000000238
20028  -16.043  -63.121  -28.775 0.6000000238
20029  -16.600  -63.252  -28.547 0.6000000238
20031  -17.943  -63.864  -28.485 0.6999999881
20046  -15.186  -63.117  -29.827 0.6000000238
20047  -15.899  -63.147  -29.614 0.6000000238
20049  -17.330  -63.398  -29.809 0.6999999881
20066  -13.496  -63.266  -31.020 0.6000000238
20068  -16.305  -63.198  -30.249 0.6000000238
20070  -17.353  -63.328  -30.641 0.6000000238
20083  -14.802  -63.274  -31.793 0.6000000238
20858  -22.339  -62.900  -22.035 0.5000000000
20860  -23.743  -62.667  -21.958 0.5000000000
20866  -21.184  -62.077  -23.091 0.6000000238
20876  -20.637  -62.445  -23.478 0.6000000238
20885  -17.984  -62.266  -24.930 0.6000000238
20887  -18.935  -62.574  -24.666 0.6000000238
20888  -19.509  -62.520  -24.295 0.5000000000
20896  -16.367  -62.128  -25.867 0.6000000238
20910  -15.308  -62.070  -26.676 0.6000000238
20913  -17.344  -63.064  -26.146 0.6000000238
20926  -13.153  -62.066  -27.473 0.5000000000
20928  -15.757  -62.609  -27.340 0.6000000238
20929  -16.404  -62.918  -27.153 0.6000000238
20943  -14.869  -62.714  -28.282 0.6000000238
20944  -15.553  -62.844  -28.136 0.6000000238
21810  -22.002  -62.348  -22.350 0.5000000000
21812  -23.343  -61.982  -21.889 0.5000000000
21821  -21.745  -61.871  -22.709 0.5000000000
21822  -22.872  -61.385  -22.184 0.5000000000
21830  -20.845  -61.667  -23.565 0.6000000238
21846  -18.345  -61.646  -24.712 0.6000000238
21847  -19.039  -61.813  -24.515 0.6000000238
21849  -20.457  -61.212  -24.014 0.6000000238
21859  -15.449  -61.135  -25.711 0.6000000238
21860  -16.151  -61.480  -25.525 0.6000000238
21861  -16.783  -61.866  -25.394 0.6000000238
21862  -17.364  -62.136  -25.179 0.6000000238
21877  -15.687  -61.748  -26.012 0.6000000238
21890  -12.408  -61.733  -27.486 0.5000000000
21891  -13.039  -61.477  -27.047 0.5000000000
21892  -13.679  -61.653  -26.917 0.5000000000
21893  -14.500  -61.843  -26.807 0.5000000000
21904  -11.850  -61.695  -27.877 0.5000000000
22690  -24.065  -60.589  -22.366 0.5000000000
22702  -22.006  -60.682  -23.216 0.5000000000
22703  -22.771  -60.206  -22.976 0.5000000000
22716  -18.070  -60.975  -24.841 0.6000000238
22717  -18.737  -61.043  -24.709 0.6000000238
22719  -20.120  -60.710  -24.498 0.6999999881
22720  -21.346  -60.295  -24.209 0.6000000238
22731  -17.785  -60.418  -25.166 0.6000000238
22733  -19.094  -60.496  -24.916 0.6000000238
22745  -13.229  -60.639  -26.738 0.4000000060
22746  -13.877  -60.661  -26.369 0.5000000000
22747  -14.705  -60.760  -26.005 0.5000000000
22774  -11.519  -61.339  -28.163 0.5000000000
23622  -22.229  -59.995  -23.666 0.5000000000
23647  -15.897  -60.028  -25.866 0.6000000238
23649  -17.467  -59.910  -25.675 0.6000000238
23651  -19.061  -59.986  -25.375 0.6000000238
23654  -21.649  -59.353  -25.380 0.6000000238
23667  -14.401  -60.059  -26.341 0.6000000238
23670  -17.409  -59.437  -26.283 0.6000000238
23672  -18.953  -59.518  -26.053 0.6999999881
23684  -14.405  -59.476  -27.065 0.5000000000
23685  -15.144  -59.210  -27.016 0.6000000238
23696  -12.495  -60.279  -27.611 0.5000000000
23697  -13.441  -59.325  -28.433 0.4000000060
23712  -13.248  -59.013  -29.244 0.4000000060
24591  -14.768  -58.740  -22.916 0.3000000119
24600  -13.991  -59.053  -23.338 0.3000000119
24611  -13.680  -58.723  -24.154 0.4000000060
24613  -22.867  -59.027  -24.473 0.5000000000
24626  -21.307  -59.093  -26.051 0.6000000238
24628  -22.487  -58.316  -25.774 0.5000000000
24639  -16.446  -59.027  -27.023 0.6000000238
24640  -17.208  -59.030  -26.915 0.6000000238
24642  -18.815  -59.133  -26.816 0.6999999881
24656  -14.195  -59.095  -28.074 0.5000000000
24657  -14.980  -58.965  -27.772 0.5000000000
24659  -16.969  -58.729  -27.612 0.6000000238
24676  -14.020  -58.909  -29.060 0.4000000060
24681  -19.238  -58.598  -28.362 0.6999999881
24691  -12.537  -59.116  -29.359 0.5000000000
24693  -13.794  -58.635  -29.706 0.4000000060
24696  -16.185  -58.215  -29.720 0.5000000000
24698  -18.811  -58.209  -29.469 0.6000000238
24699  -19.379  -58.281  -29.091 0.6999999881
24706  -17.548  -58.005  -29.970 0.5000000000
24707  -18.198  -58.086  -29.800 0.5000000000
25547  -15.061  -58.354  -22.216 0.3000000119
25548  -15.541  -57.793  -22.280 0.3000000119
25563  -16.055  -57.638  -22.812 0.3000000119
25573  -15.972  -57.902  -23.459 0.3000000119
25582  -13.266  -58.227  -24.854 0.3000000119
25584  -14.852  -58.110  -24.417 0.3000000119
25601  -12.886  -57.529  -25.479 0.3000000119
25603  -14.315  -57.733  -25.110 0.4000000060
25638  -20.126  -57.733  -28.830 0.5000000000
25639  -20.317  -58.099  -28.111 0.6000000238
25646  -15.671  -58.085  -30.078 0.5000000000
25648  -19.258  -58.000  -29.772 0.6999999881
25653  -14.220  -58.327  -30.041 0.4000000060
25656  -17.173  -57.736  -30.398 0.5000000000
25658  -19.064  -57.750  -30.326 0.6999999881
25659  -19.616  -57.591  -30.116 0.6999999881
26525  -15.920  -57.145  -22.304 0.3000000119
26544  -17.572  -56.359  -23.349 0.3000000119
26552  -17.007  -57.190  -23.992 0.3000000119
26561  -15.916  -57.455  -24.923 0.4000000060
26562  -16.369  -57.594  -24.109 0.3000000119
26579  -15.315  -57.049  -25.678 0.3000000119
26581  -23.088  -56.567  -25.625 0.5000000000
26591  -13.709  -56.557  -26.201 0.4000000060
26592  -14.575  -56.443  -26.251 0.4000000060
26594  -16.495  -56.467  -26.097 0.4000000060
26596  -22.495  -57.009  -26.013 0.5000000000
26607  -21.509  -57.173  -27.010 0.5000000000
26636  -16.519  -57.504  -30.643 0.3000000119
26637  -17.273  -57.395  -30.753 0.4000000060
26638  -18.719  -57.357  -30.810 0.4000000060
26639  -19.369  -57.333  -30.575 0.5000000000
26646  -17.927  -57.242  -30.810 0.4000000060
26648  -19.810  -56.390  -30.992 0.4000000060
27477  -15.617  -56.597  -22.082 0.3000000119
27525  -17.134  -56.357  -25.952 0.4000000060
27526  -17.676  -56.407  -25.353 0.4000000060
27536  -11.417  -55.961  -27.201 0.3000000119
27537  -12.065  -56.139  -26.665 0.3000000119
27543  -17.576  -55.911  -26.195 0.4000000060
27557  -12.751  -54.902  -27.446 0.4000000060
27558  -13.563  -54.719  -27.375 0.4000000060
27560  -16.206  -55.379  -26.954 0.4000000060
27562  -21.583  -56.269  -27.026 0.5000000000
27579  -20.277  -56.401  -29.329 0.5000000000
27589  -17.415  -56.562  -30.731 0.4000000060
27590  -18.062  -55.869  -30.759 0.4000000060
27591  -20.020  -56.129  -30.737 0.4000000060
27599  -19.584  -56.146  -31.132 0.4000000060
27600  -19.924  -55.759  -31.105 0.4000000060
28453  -17.649  -55.342  -22.968 0.3000000119
28454  -18.333  -55.133  -23.183 0.3000000119
28480  -18.711  -55.651  -25.493 0.4000000060
28497  -22.271  -54.698  -26.827 0.4000000060
28498  -22.538  -55.371  -26.311 0.5000000000
28508  -12.047  -55.092  -27.954 0.3000000119
28509  -12.377  -54.657  -27.944 0.4000000060
28511  -14.142  -53.711  -28.152 0.4000000060
28513  -17.072  -54.602  -27.313 0.4000000060
28515  -21.340  -55.551  -27.450 0.5000000000
28520  -13.187  -53.947  -28.445 0.4000000060
28522  -20.880  -55.610  -28.140 0.5000000000
28529  -14.107  -54.295  -29.335 0.3000000119
28532  -20.809  -54.909  -29.652 0.5000000000
28543  -17.344  -54.915  -30.594 0.3000000119
28545  -20.201  -55.375  -30.880 0.4000000060
29397  -23.704  -54.486  -25.643 0.4000000060
29410  -18.424  -54.770  -26.752 0.3000000119
29415  -23.379  -53.842  -26.037 0.4000000060
29422  -14.109  -53.367  -28.619 0.4000000060
29425  -16.958  -53.943  -27.677 0.3000000119
29427  -18.464  -54.004  -27.258 0.3000000119
29435  -16.290  -53.156  -28.224 0.4000000060
29437  -21.637  -54.275  -28.031 0.4000000060
29445  -14.311  -53.499  -28.988 0.3000000119
29447  -15.556  -52.852  -29.526 0.3000000119
29461  -15.938  -53.850  -29.978 0.3000000119
29465  -20.439  -54.685  -31.028 0.4000000060
29478  -20.006  -54.740  -31.255 0.4000000060
29479  -20.385  -54.524  -31.163 0.4000000060
30326  -25.196  -53.868  -24.999 0.4000000060
30340  -24.704  -53.407  -25.393 0.4000000060
30353  -23.050  -53.619  -26.603 0.4000000060
30355  -24.218  -52.954  -25.878 0.4000000060
30359  -17.729  -53.425  -27.762 0.4000000060
30363  -22.686  -53.370  -27.379 0.4000000060
30371  -15.209  -52.802  -29.007 0.3000000119
30372  -15.582  -52.628  -28.724 0.3000000119
30373  -16.821  -52.772  -28.244 0.3000000119
30385  -21.205  -53.569  -30.686 0.4000000060
30395  -16.672  -52.578  -30.304 0.3000000119
31272  -25.227  -52.281  -25.587 0.4000000060
31285  -23.934  -52.547  -26.500 0.4000000060
31304  -15.984  -52.332  -28.713 0.3000000119
31308  -22.030  -53.103  -28.820 0.5000000000
31309  -22.859  -52.248  -28.326 0.4000000060
31320  -15.944  -51.898  -29.245 0.3000000119
31322  -16.586  -50.722  -29.778 0.3000000119
31334  -16.139  -51.779  -29.786 0.3000000119
31336  -21.236  -52.949  -31.326 0.3000000119
31350  -19.067  -52.226  -31.068 0.3000000119
31352  -21.368  -52.458  -31.563 0.3000000119
32310  -26.503  -51.732  -25.488 0.4000000060
32320  -25.325  -51.144  -26.166 0.4000000060
32330  -24.017  -51.468  -27.502 0.4000000060
32343  -23.097  -51.580  -28.595 0.4000000060
32356  -22.778  -51.384  -29.396 0.3000000119
32365  -17.162  -50.902  -30.444 0.3000000119
32378  -18.125  -51.232  -30.844 0.3000000119
33337  -26.717  -50.538  -25.918 0.3000000119
33350  -25.132  -50.786  -26.710 0.4000000060
33351  -25.619  -50.703  -26.347 0.3000000119
33390  -17.523  -50.054  -30.043 0.3000000119
33406  -17.568  -50.491  -30.554 0.3000000119
33407  -18.079  -50.151  -30.568 0.3000000119
33423  -19.102  -50.543  -31.071 0.3000000119
34456  -24.772  -50.068  -27.859 0.3000000119
34457  -25.290  -49.784  -27.404 0.3000000119
34470  -24.556  -49.692  -28.294 0.3000000119
34505  -19.102  -49.195  -30.593 0.3000000119
34524  -20.101  -49.835  -31.364 0.3000000119
34525  -20.985  -49.731  -31.618 0.3000000119
35629  -20.017  -49.006  -31.012 0.3000000119
37870  -20.636  -47.116  -30.688 0.3000000119
37882  -21.224  -46.930  -31.276 0.3000000119
159419  -23.443  -79.327  -26.255 0.5000000000
159716  -20.934  -75.064  -31.194 0.6000000238
159782  -28.571  -77.077  -35.158 0.4000000060
159836  -22.909  -73.865  -30.856 0.6000000238
160682  -21.549  -73.150  -28.529 0.6000000238
161940  -20.922  -77.651  -26.028 0.5000000000
162197  -22.906  -76.500  -26.567 0.6000000238
162262  -22.235  -68.631  -25.749 0.6000000238
162538  -16.374  -63.200  -31.217 0.5000000000
162646  -21.156  -58.408  -27.042 0.6000000238
163459  -24.635  -72.041  -31.204 0.6000000238
163735  -27.751  -77.156  -34.980 0.4000000060
163948  -21.038  -52.911  -31.488 0.3000000119
163956  -23.586  -75.180  -36.981 0.4000000060
164266  -29.763  -76.967  -34.161 0.4000000060
164298  -20.855  -58.866  -26.756 0.6000000238
164380  -19.102  -64.354  -27.047 0.6999999881
165011  -16.132  -55.988  -26.553 0.4000000060
165283  -26.686  -74.555  -35.928 0.5000000000
165299  -19.977  -74.327  -26.915 0.6000000238
165396  -24.946  -78.046  -26.398 0.5000000000
165803  -17.176  -55.643  -30.553 0.3000000119
165996  -16.780  -58.338  -29.171 0.5000000000
166195  -23.660  -72.279  -32.458 0.6000000238
166503  -26.993  -75.017  -30.581 0.6000000238
166562  -22.619  -60.816  -22.637 0.5000000000
166676  -21.973  -52.279  -30.581 0.3000000119
166819  -18.357  -64.039  -29.057 0.6000000238
166913  -20.695  -78.208  -33.832 0.5000000000
167020  -33.107  -78.325  -28.798 0.5000000000
167148  -20.098  -56.527  -30.156 0.6000000238
167204  -22.464  -67.325  -27.127 0.6999999881
167582  -26.119  -80.394  -32.811 0.5000000000
167769  -29.014  -76.128  -32.167 0.4000000060
167868  -23.011  -79.366  -25.258 0.4000000060
168145  -20.210  -68.902  -25.884 0.6000000238
168258  -25.810  -70.673  -24.314 0.6000000238
168326  -21.271  -76.861  -23.646 0.5000000000
168800  -24.239  -64.793  -21.988 0.5000000000
168858  -24.323  -71.428  -23.721 0.6000000238
169132  -19.502  -53.968  -31.107 0.3000000119
169927  -21.268  -75.034  -31.830 0.6000000238
170200  -17.467  -58.505  -28.512 0.6000000238
170208  -20.709  -56.862  -28.076 0.5000000000
170377  -23.286  -72.501  -28.085 0.5000000000
170560  -29.347  -74.794  -36.094 0.4000000060
170974  -24.393  -61.259  -22.251 0.5000000000
171567  -33.119  -75.551  -30.900 0.3000000119
171621  -23.325  -58.636  -24.640 0.5000000000
171809  -20.949  -48.228  -31.359 0.3000000119
171846  -17.815  -70.793  -26.024 0.5000000000
172000  -22.795  -58.609  -25.233 0.5000000000
172623  -23.051  -76.435  -27.704 0.6999999881
173242  -22.597  -77.173  -29.472 0.6999999881
173757  -29.881  -72.617  -22.418 0.3000000119
174123  -21.582  -77.752  -26.867 0.6999999881
174546  -26.119  -70.713  -29.303 0.6000000238
174718  -12.059  -55.347  -27.498 0.4000000060
174971  -24.935  -51.703  -26.103 0.4000000060
175086  -14.939  -59.645  -26.558 0.5000000000
175165  -19.372  -77.979  -21.404 0.5000000000
175718  -23.751  -75.873  -26.715 0.6000000238
176163  -18.899  -71.659  -23.039 0.6000000238
176360  -21.100  -62.770  -23.034 0.5000000000
176524  -19.221  -75.396  -27.261 0.6999999881
176693  -17.469  -52.465  -28.217 0.3000000119
177075  -22.652  -77.146  -36.323 0.5000000000
177102  -18.845  -58.426  -28.920 0.6000000238
178003  -21.534  -58.592  -26.503 0.6000000238
178271  -20.339  -59.744  -25.513 0.6999999881
178402  -23.323  -65.430  -21.980 0.5000000000
178461  -19.151  -79.205  -28.294 0.6000000238
178547  -21.898  -55.446  -26.889 0.5000000000
178876  -24.058  -75.831  -28.931 0.6000000238
178879  -29.089  -79.780  -31.164 0.5000000000
179300  -17.868  -57.856  -30.233 0.5000000000
179634  -25.448  -75.841  -26.417 0.6000000238
179899  -20.173  -58.860  -27.221 0.6000000238
180470  -19.384  -71.060  -22.998 0.6000000238
180782  -23.022  -67.088  -24.225 0.6000000238
180915  -32.111  -75.344  -27.525 0.4000000060
181369  -21.061  -68.801  -26.365 0.6000000238
181556  -17.050  -78.795  -29.534 0.6999999881
181967  -22.778  -80.190  -27.969 0.5000000000
182227  -17.451  -55.893  -23.004 0.3000000119
182858  -33.199  -77.344  -29.726 0.3000000119
182881  -24.488  -76.865  -32.445 0.5000000000
183066  -29.192  -72.538  -23.211 0.3000000119
183289  -27.896  -81.530  -32.104 0.6000000238
183674  -20.941  -74.866  -30.694 0.6000000238
183945  -24.867  -72.240  -28.845 0.5000000000
184157  -28.264  -76.791  -33.322 0.4000000060
185281  -18.295  -53.690  -30.852 0.3000000119
185634  -12.736  -60.667  -27.106 0.5000000000
185748  -15.568  -53.906  -27.896 0.4000000060
186137  -23.602  -68.451  -23.330 0.5000000000
186254  -16.727  -78.694  -28.975 0.6000000238
186258  -14.203  -62.708  -28.452 0.6000000238
186735  -24.235  -71.763  -24.830 0.6000000238
186805  -21.869  -59.569  -24.779 0.5000000000
186830  -26.490  -79.647  -31.858 0.6000000238
187021  -13.068  -60.112  -27.125 0.4000000060
187210  -20.945  -80.351  -24.187 0.5000000000
187436  -25.362  -70.967  -23.890 0.6000000238
187494  -17.199  -61.536  -25.099 0.6000000238
187509  -18.602  -69.731  -26.443 0.6000000238
187526  -21.948  -72.189  -24.797 0.6000000238
188274  -18.859  -71.047  -23.147 0.5000000000
188958  -24.243  -49.876  -28.528 0.3000000119
189020  -31.783  -73.546  -22.654 0.3000000119
189441  -22.989  -64.839  -21.905 0.5000000000
189518  -25.606  -71.264  -30.032 0.6000000238
189591  -17.682  -55.468  -26.527 0.4000000060
189826  -22.100  -68.524  -27.508 0.6999999881
189884  -21.646  -78.097  -33.449 0.5000000000
190131  -29.128  -75.386  -30.813 0.4000000060
190163  -28.133  -77.148  -35.014 0.4000000060
190300  -24.518  -69.260  -32.134 0.4000000060
190302  -21.730  -66.554  -26.374 0.6999999881
190529  -22.567  -63.967  -21.884 0.5000000000
190679  -31.616  -75.719  -26.669 0.4000000060
190787  -21.486  -73.449  -29.067 0.6000000238
190827  -27.463  -75.493  -28.353 0.6999999881
190861  -25.029  -65.966  -22.084 0.5000000000
190997  -17.457  -53.214  -30.665 0.3000000119
191069  -19.585  -76.199  -30.702 0.6000000238
191236  -24.206  -67.104  -22.538 0.6000000238
191360  -18.321  -79.164  -30.155 0.6999999881
191395  -18.123  -63.415  -25.997 0.6000000238
191418  -19.278  -74.377  -25.034 0.5000000000
191627  -22.236  -74.056  -30.692 0.6000000238
191695  -23.927  -50.614  -28.395 0.3000000119
191865  -25.619  -76.770  -33.034 0.4000000060
191909  -17.024  -59.718  -25.941 0.6000000238
191972  -19.657  -58.437  -28.626 0.6999999881
192433  -20.243  -77.357  -22.162 0.5000000000
192542  -24.984  -76.618  -32.176 0.5000000000
