#!ascii label  , from subject sub-v2s2x29082_ses-1 vox2ras=TkReg
1299
176439  -25.446  -19.498  -34.826 0.4285714328
73508  -26.110  -17.916  -35.184 0.2857142985
72359  -25.399  -18.107  -35.441 0.4285714328
73509  -26.757  -17.730  -34.903 0.4285714328
74763  -28.012  -17.229  -34.431 0.4285714328
74791  -25.460  -16.482  -35.485 0.2857142985
184808  -26.966  -16.423  -35.101 0.4285714328
76076  -27.497  -16.054  -34.987 0.4285714328
77394  -25.502  -14.921  -35.735 0.4285714328
77395  -26.698  -14.746  -35.377 0.4285714328
77410  -25.513  -14.265  -36.250 0.4285714328
79594  -26.682  -13.297  -36.010 0.4285714328
79629  -25.549  -13.260  -38.356 0.5714285970
79616  -25.784  -13.215  -37.447 0.5714285970
79606  -26.440  -12.992  -36.481 0.4285714328
80778  -27.269  -12.049  -36.321 0.2857142985
80791  -26.117  -12.716  -37.953 0.7142857313
80792  -26.629  -12.243  -37.566 0.7142857313
83245  -27.601  -11.151  -37.590 0.7142857313
188277  -27.928  -10.918  -37.085 0.4285714328
82007  -27.039  -11.683  -38.033 0.7142857313
80793  -27.148  -11.790  -37.138 0.5714285970
83257  -28.284  -10.314  -38.375 0.5714285970
82008  -27.457  -11.165  -38.526 0.5714285970
83269  -27.854  -10.667  -38.878 0.5714285970
83270  -28.266  -10.193  -39.145 0.5714285970
84434  -28.724  -9.806  -38.717 0.5714285970
82019  -27.391  -11.042  -39.454 0.5714285970
84435  -29.254  -9.392  -38.354 0.4285714328
84462  -29.068  -9.303  -39.986 0.5714285970
85630  -30.094  -8.601  -39.337 0.5714285970
84460  -27.889  -9.854  -40.547 0.7142857313
85644  -29.585  -8.927  -39.716 0.7142857313
85645  -30.128  -8.488  -40.328 0.7142857313
86896  -30.544  -8.300  -39.663 0.5714285970
84461  -28.518  -9.557  -40.253 0.5714285970
84477  -26.742  -9.998  -41.177 0.5714285970
164854  -29.052  -8.789  -41.075 0.8571428657
86911  -30.746  -8.136  -40.232 0.7142857313
85663  -28.342  -8.809  -41.167 0.7142857313
85662  -27.496  -8.718  -41.291 0.5714285970
88067  -30.735  -7.560  -41.343 0.7142857313
86912  -31.165  -7.773  -40.481 0.5714285970
178120  -29.652  -8.550  -40.896 0.7142857313
86929  -30.630  -7.999  -40.921 0.7142857313
183403  -31.300  -7.348  -41.664 0.5714285970
86928  -29.500  -8.281  -41.203 0.7142857313
88068  -31.859  -7.221  -41.557 0.5714285970
86927  -28.781  -8.319  -41.304 0.5714285970
88065  -29.153  -7.516  -41.229 0.7142857313
88066  -29.991  -7.210  -41.262 0.7142857313
89390  -30.848  -6.637  -41.675 0.7142857313
88086  -29.145  -6.559  -41.224 0.7142857313
89389  -29.986  -6.442  -41.257 0.7142857313
90554  -30.990  -5.088  -41.546 0.7142857313
90570  -31.372  -6.471  -42.171 0.5714285970
90569  -29.087  -5.543  -41.105 0.7142857313
88084  -27.617  -6.948  -41.877 0.5714285970
91567  -31.360  -4.280  -41.481 0.5714285970
91568  -31.818  -4.592  -42.146 0.5714285970
89410  -28.350  -5.954  -41.479 0.8571428657
91566  -30.773  -4.014  -41.010 0.7142857313
91583  -29.488  -4.820  -41.019 0.8571428657
161185  -30.249  -4.669  -41.019 0.7142857313
94860  -31.044  -1.856  -41.425 0.8571428657
93761  -32.036  -2.814  -41.490 0.5714285970
92605  -30.241  -2.993  -41.116 0.8571428657
92623  -29.396  -3.180  -41.451 0.8571428657
168623  -29.396  -4.009  -41.168 0.8571428657
91565  -30.004  -3.743  -41.031 0.8571428657
165754  -30.213  -0.973  -41.993 0.8571428657
96107  -31.169  -0.258  -42.033 0.8571428657
97400  -30.650  0.995  -42.668 0.8571428657
93735  -30.256  -2.093  -41.478 0.8571428657
96106  -30.406  -0.265  -42.189 0.8571428657
96134  -29.166  0.269  -43.125 1.0000000000
97399  -30.237  0.450  -42.600 1.0000000000
94884  -29.682  -1.520  -41.943 0.8571428657
164855  -29.961  1.005  -42.932 1.0000000000
191234  -29.403  -0.211  -42.750 1.0000000000
99723  -29.205  2.041  -43.660 1.0000000000
185164  -28.281  2.640  -44.758 0.7142857313
98568  -29.592  1.500  -43.250 1.0000000000
98593  -28.932  1.337  -43.758 1.0000000000
100714  -29.118  2.872  -43.663 1.0000000000
105136  -29.481  6.518  -44.708 1.0000000000
105147  -28.555  6.556  -45.579 0.8571428657
107402  -28.703  8.061  -45.988 0.8571428657
106315  -29.252  7.684  -45.354 1.0000000000
186918  -29.738  11.856  -46.936 0.8571428657
109388  -29.365  10.335  -46.503 0.8571428657
108425  -29.388  9.618  -46.112 1.0000000000
113600  -30.046  14.177  -47.785 0.8571428657
113584  -30.490  13.645  -47.400 0.8571428657
177569  -29.235  14.062  -48.059 0.7142857313
169130  -28.346  12.751  -48.394 0.5714285970
114630  -28.490  15.091  -48.831 0.7142857313
115573  -29.436  15.945  -48.941 0.5714285970
113613  -26.567  13.533  -49.913 0.5714285970
112501  -27.322  13.223  -49.417 0.5714285970
113625  -26.383  14.123  -50.345 0.4285714328
115599  -26.601  15.968  -50.964 0.4285714328
116458  -26.939  16.665  -51.032 0.4285714328
115586  -24.285  15.228  -50.262 0.2857142985
115570  -24.134  15.330  -49.067 0.2857142985
114643  -24.887  14.436  -50.472 0.2857142985
173794  -24.305  16.143  -49.386 0.2857142985
73528  -25.650  -17.269  -35.465 0.2857142985
84444  -28.654  -9.729  -39.524 0.5714285970
92607  -31.681  -3.459  -41.416 0.5714285970
93736  -30.876  -2.565  -41.114 0.8571428657
191419  -31.575  -1.381  -41.570 0.8571428657
94886  -30.958  -0.959  -41.780 0.8571428657
97373  -30.930  0.338  -42.370 0.8571428657
101785  -28.800  4.167  -44.301 0.8571428657
116412  -25.791  16.871  -47.773 0.1428571492
73541  -24.462  -17.218  -35.921 0.2857142985
76092  -24.956  -16.101  -35.695 0.2857142985
76093  -25.660  -15.713  -35.436 0.2857142985
76075  -26.659  -15.665  -35.228 0.4285714328
77396  -27.268  -14.440  -35.341 0.4285714328
77409  -24.872  -14.907  -36.376 0.2857142985
78565  -25.591  -13.687  -36.858 0.4285714328
78551  -27.525  -13.849  -35.411 0.4285714328
78576  -24.750  -14.253  -37.670 0.5714285970
79617  -26.276  -12.782  -37.145 0.5714285970
80804  -25.966  -12.672  -38.822 0.2857142985
80805  -26.509  -12.176  -38.432 0.7142857313
83256  -27.859  -10.755  -38.189 0.4285714328
85619  -30.279  -8.477  -38.017 0.4285714328
82031  -27.034  -10.970  -40.273 0.7142857313
83284  -27.612  -10.503  -40.092 0.7142857313
84445  -29.159  -9.362  -39.192 0.7142857313
85629  -29.638  -8.952  -38.878 0.5714285970
178454  -30.052  -8.625  -38.620 0.4285714328
85664  -29.423  -8.890  -40.492 0.7142857313
85665  -30.029  -8.258  -41.009 0.7142857313
84495  -27.055  -9.325  -41.294 0.5714285970
84478  -27.748  -9.266  -40.959 0.5714285970
89391  -31.883  -6.935  -42.042 0.5714285970
88051  -31.600  -7.471  -40.809 0.5714285970
163447  -30.081  -7.908  -41.230 0.7142857313
86945  -28.205  -7.580  -41.399 0.8571428657
90553  -30.048  -5.570  -41.202 0.7142857313
94861  -31.789  -2.039  -41.397 0.5714285970
93760  -29.506  -2.370  -41.681 1.0000000000
98569  -30.309  1.596  -42.917 1.0000000000
96153  -28.434  -0.013  -43.702 1.0000000000
99722  -28.658  2.348  -44.215 0.8571428657
169414  -28.046  4.291  -45.296 0.7142857313
102897  -28.978  5.021  -44.431 1.0000000000
102877  -29.409  4.597  -43.897 1.0000000000
104020  -28.534  5.487  -44.933 0.7142857313
104004  -29.628  5.360  -44.096 1.0000000000
102913  -28.011  5.106  -45.473 0.7142857313
105148  -29.084  6.911  -45.222 0.8571428657
110376  -29.409  11.145  -46.874 0.8571428657
108416  -29.680  9.159  -45.675 1.0000000000
107404  -30.291  8.967  -45.290 1.0000000000
112486  -28.770  13.333  -48.150 0.7142857313
114645  -26.359  14.863  -50.689 0.7142857313
112485  -28.117  13.288  -48.752 0.5714285970
113615  -27.897  13.966  -49.073 0.7142857313
167830  -28.143  15.423  -49.256 0.7142857313
112511  -25.933  13.236  -50.066 0.4285714328
115587  -24.917  15.022  -51.021 0.2857142985
115598  -25.821  15.753  -51.428 0.4285714328
115572  -28.225  15.954  -49.672 0.4285714328
173602  -24.216  16.033  -50.381 0.2857142985
115597  -25.121  15.631  -51.522 0.4285714328
80827  -25.999  -11.893  -39.930 0.4285714328
82047  -26.233  -11.242  -40.358 0.4285714328
114644  -25.631  14.453  -50.853 0.4285714328
114646  -27.055  14.801  -50.030 0.7142857313
114661  -25.693  15.121  -51.192 0.2857142985
115596  -24.516  15.731  -51.076 0.2857142985
72344  -25.814  -18.664  -35.005 0.4285714328
72346  -27.251  -18.232  -34.543 0.4285714328
73527  -24.910  -17.607  -35.717 0.2857142985
72358  -24.679  -18.317  -35.637 0.2857142985
73497  -27.899  -17.976  -34.291 0.4285714328
74774  -26.878  -17.046  -35.027 0.4285714328
74790  -24.949  -16.868  -35.715 0.2857142985
165624  -26.030  -14.350  -35.622 0.4285714328
78549  -26.110  -13.637  -36.172 0.4285714328
78564  -25.042  -14.224  -36.978 0.4285714328
78577  -25.240  -13.762  -37.718 0.4285714328
79642  -25.423  -13.128  -39.222 0.2857142985
80777  -26.744  -12.393  -36.768 0.4285714328
80815  -26.327  -12.091  -39.254 0.5714285970
82018  -26.915  -11.621  -38.918 0.5714285970
169488  -27.876  -10.524  -39.509 0.5714285970
83285  -28.154  -10.081  -39.857 0.5714285970
187559  -28.940  -9.202  -40.636 0.7142857313
86885  -30.520  -8.225  -38.815 0.5714285970
184673  -27.356  -9.791  -40.956 0.7142857313
84479  -28.456  -9.242  -40.856 0.7142857313
83307  -27.231  -10.347  -40.692 0.7142857313
86930  -31.231  -7.546  -41.235 0.5714285970
184236  -30.672  -7.235  -41.559 0.7142857313
86926  -27.919  -8.189  -41.308 0.7142857313
88085  -28.335  -6.769  -41.449 0.8571428657
186859  -30.682  -5.651  -41.472 0.7142857313
92606  -31.180  -3.329  -41.041 0.8571428657
94885  -30.407  -1.462  -41.710 0.8571428657
91582  -28.808  -3.529  -41.683 0.8571428657
96105  -29.619  -0.658  -42.382 1.0000000000
98592  -28.603  1.629  -44.331 1.0000000000
101784  -28.286  3.628  -44.903 0.8571428657
172186  -29.652  12.473  -47.237 0.8571428657
112468  -29.606  13.335  -47.591 0.8571428657
114614  -28.884  14.651  -48.425 0.7142857313
113599  -28.518  13.979  -48.493 0.5714285970
113614  -27.199  14.046  -49.709 0.5714285970
113624  -25.599  13.856  -50.389 0.4285714328
115588  -26.885  15.474  -50.410 0.4285714328
115557  -24.555  16.070  -48.272 0.2857142985
185225  -25.248  16.559  -48.139 0.1428571492
76108  -24.541  -15.722  -36.210 0.2857142985
115571  -27.583  15.461  -49.777 0.5714285970
118962  -27.367  19.863  -52.667 0.2857142985
119865  -26.423  20.659  -53.446 0.1428571492
118108  -26.915  18.525  -51.910 0.2857142985
119842  -28.278  19.778  -52.172 0.2857142985
118960  -25.659  19.118  -52.765 0.1428571492
120723  -25.560  20.746  -53.421 0.1428571492
182577  -25.121  17.001  -51.900 0.1428571492
117294  -26.569  17.803  -51.763 0.2857142985
118106  -25.185  17.872  -52.335 0.1428571492
118952  -29.766  19.497  -51.465 0.2857142985
178304  -28.176  19.197  -51.746 0.2857142985
117275  -33.692  17.090  -50.276 0.2857142985
118083  -31.387  18.085  -50.302 0.2857142985
168985  -25.184  20.233  -53.266 0.1428571492
117282  -27.191  17.439  -51.118 0.2857142985
116433  -30.977  16.426  -48.941 0.2857142985
118094  -28.809  18.399  -50.839 0.2857142985
118092  -27.446  18.147  -51.306 0.2857142985
114619  -33.262  14.409  -48.544 0.1428571492
116448  -31.375  16.944  -49.430 0.2857142985
118082  -30.468  17.969  -50.235 0.2857142985
118959  -25.103  18.970  -52.658 0.1428571492
117283  -29.047  17.875  -50.407 0.2857142985
118093  -28.127  18.413  -51.102 0.2857142985
111470  -33.559  12.075  -50.275 0.1428571492
112512  -33.700  13.041  -49.516 0.1428571492
116435  -32.590  16.350  -49.138 0.4285714328
191357  -29.535  16.387  -49.227 0.2857142985
110365  -32.989  11.431  -46.907 0.2857142985
113602  -32.010  14.098  -47.544 0.4285714328
115574  -30.652  15.961  -48.584 0.2857142985
115589  -27.504  16.166  -50.354 0.2857142985
108433  -33.600  9.531  -46.881 0.1428571492
112472  -33.188  12.571  -47.726 0.2857142985
180463  -31.185  15.291  -48.092 0.4285714328
111411  -31.476  12.474  -46.684 0.5714285970
113601  -30.763  14.246  -47.652 0.7142857313
107408  -33.378  8.375  -45.445 0.1428571492
109392  -33.341  10.084  -46.525 0.1428571492
113585  -31.286  13.808  -47.348 0.7142857313
177057  -30.036  15.580  -48.430 0.4285714328
110364  -32.376  11.439  -46.410 0.4285714328
105138  -33.543  6.450  -44.780 0.2857142985
107396  -32.673  7.838  -44.549 0.7142857313
177288  -30.932  12.669  -46.837 0.7142857313
106316  -30.018  8.181  -45.040 0.8571428657
107406  -32.105  8.948  -45.041 0.8571428657
110363  -31.611  11.342  -46.204 0.5714285970
102898  -33.675  5.040  -44.638 0.2857142985
104023  -33.615  5.720  -44.665 0.2857142985
109390  -31.359  10.651  -45.938 0.7142857313
109400  -28.772  10.444  -47.150 0.5714285970
109389  -30.578  10.422  -45.951 0.8571428657
164978  -33.726  4.338  -44.567 0.1428571492
106295  -32.049  7.044  -44.006 0.7142857313
100717  -33.746  3.738  -44.014 0.1428571492
94957  -26.688  -1.584  -45.431 0.5714285970
97440  -27.798  0.676  -44.780 0.8571428657
98609  -28.056  1.243  -44.957 0.8571428657
97450  -27.513  0.722  -45.281 0.4285714328
99754  -28.043  1.615  -45.449 0.5714285970
104021  -29.197  5.792  -44.568 0.8571428657
182893  -30.674  4.340  -43.032 0.8571428657
105137  -30.089  6.732  -44.370 0.8571428657
100716  -33.647  3.179  -43.442 0.2857142985
103991  -31.023  5.506  -43.476 0.8571428657
106294  -31.529  7.278  -44.177 0.8571428657
108418  -30.886  9.469  -45.397 0.8571428657
99744  -34.293  2.339  -44.209 0.4285714328
103994  -32.632  5.208  -43.336 0.7142857313
105128  -32.135  6.474  -43.700 0.7142857313
93854  -26.431  -1.974  -45.527 0.2857142985
96165  -27.685  -0.064  -44.551 0.5714285970
96164  -27.175  -0.586  -45.118 0.5714285970
97425  -28.658  0.760  -43.713 0.8571428657
100715  -29.745  3.300  -43.303 0.8571428657
101760  -29.970  4.219  -43.338 0.8571428657
102863  -30.528  4.936  -43.368 0.8571428657
104005  -30.336  5.657  -43.748 0.8571428657
99724  -33.297  2.582  -42.851 0.4285714328
101739  -32.030  3.807  -42.714 0.8571428657
102864  -31.255  4.875  -43.052 0.8571428657
98594  -33.784  1.822  -42.992 0.4285714328
189862  -26.762  -6.289  -43.176 0.7142857313
90605  -26.616  -5.296  -43.902 0.4285714328
89425  -27.325  -5.716  -42.512 0.7142857313
90589  -27.681  -4.474  -42.241 0.8571428657
91614  -27.236  -4.067  -43.878 0.5714285970
92678  -27.094  -2.876  -44.940 0.5714285970
92694  -26.250  -3.225  -45.674 0.4285714328
92643  -27.873  -2.898  -43.142 0.8571428657
190796  -27.561  -2.684  -43.872 0.5714285970
183993  -27.094  -2.126  -45.008 0.5714285970
183969  -29.078  -1.953  -42.146 0.8571428657
94927  -27.899  -1.305  -43.956 0.7142857313
93819  -27.443  -1.769  -44.710 0.5714285970
97374  -31.673  0.169  -42.232 0.7142857313
98551  -31.425  0.906  -42.558 0.7142857313
99695  -31.526  2.212  -42.887 0.7142857313
100683  -30.996  2.882  -43.085 0.8571428657
96137  -33.929  -0.651  -43.101 0.2857142985
177373  -33.180  0.767  -42.478 0.4285714328
98595  -33.754  1.080  -42.772 0.5714285970
177541  -27.266  -8.212  -41.617 0.4285714328
86958  -26.979  -7.197  -42.337 0.4285714328
89438  -26.380  -6.158  -43.664 0.4285714328
167040  -28.613  -4.392  -41.494 0.7142857313
93780  -28.244  -2.257  -42.901 0.8571428657
174554  -32.591  -1.246  -41.841 0.7142857313
96136  -33.491  -0.685  -42.485 0.2857142985
96109  -32.842  -0.661  -42.030 0.5714285970
97375  -32.353  -0.063  -42.185 0.5714285970
85680  -26.665  -8.678  -41.766 0.4285714328
85693  -26.062  -8.229  -42.390 0.5714285970
88098  -27.147  -6.415  -42.620 0.5714285970
90568  -28.145  -5.187  -41.636 0.7142857313
93762  -32.500  -2.997  -42.085 0.4285714328
166403  -32.834  -2.529  -42.434 0.4285714328
94911  -33.531  -1.565  -43.052 0.4285714328
94910  -33.044  -1.569  -42.358 0.4285714328
83306  -26.520  -10.645  -40.857 0.5714285970
88052  -31.946  -7.095  -40.555 0.4285714328
90590  -32.684  -6.540  -43.829 0.4285714328
90555  -31.723  -5.849  -42.459 0.4285714328
91585  -32.351  -5.573  -43.768 0.4285714328
92625  -32.380  -4.378  -42.928 0.4285714328
175255  -27.882  -13.173  -35.429 0.1428571492
178616  -32.457  -6.847  -42.267 0.4285714328
89412  -32.866  -6.764  -42.940 0.4285714328
90572  -32.996  -6.778  -43.364 0.4285714328
80779  -27.795  -11.720  -35.802 0.1428571492
178512  -28.164  -11.168  -36.023 0.1428571492
84424  -29.445  -9.382  -37.512 0.2857142985
165797  -31.889  -6.611  -38.143 0.2857142985
90524  -32.800  -5.014  -39.324 0.2857142985
89373  -32.234  -6.230  -39.884 0.2857142985
86886  -30.993  -7.708  -38.508 0.4285714328
191384  -32.976  -4.947  -40.134 0.2857142985
88037  -31.551  -7.352  -39.835 0.2857142985
90539  -33.009  -5.572  -41.239 0.2857142985
89393  -32.782  -6.618  -42.020 0.4285714328
80762  -28.246  -12.350  -35.334 0.1428571492
80780  -28.542  -11.458  -35.439 0.1428571492
79607  -26.942  -12.720  -36.135 0.1428571492
83232  -29.140  -10.388  -35.741 0.2857142985
184569  -28.873  -10.274  -36.359 0.2857142985
86831  -31.138  -7.928  -36.802 0.2857142985
87992  -31.970  -6.752  -37.445 0.2857142985
86887  -31.478  -7.171  -38.088 0.2857142985
85610  -30.665  -8.276  -37.366 0.2857142985
175513  -29.211  -11.502  -34.969 0.1428571492
83234  -30.601  -9.352  -35.347 0.2857142985
81974  -29.602  -10.976  -34.911 0.2857142985
84410  -30.183  -9.208  -36.169 0.2857142985
83233  -29.476  -9.810  -36.056 0.2857142985
83231  -28.269  -10.710  -36.623 0.2857142985
85579  -30.681  -8.565  -36.541 0.2857142985
74775  -27.478  -16.787  -34.806 0.2857142985
78534  -27.891  -14.506  -35.166 0.1428571492
77377  -27.492  -15.182  -35.129 0.2857142985
78535  -28.917  -13.846  -34.881 0.1428571492
164807  -26.829  -19.616  -34.083 0.2857142985
71200  -26.039  -19.859  -34.282 0.2857142985
77378  -28.214  -15.067  -34.910 0.2857142985
71201  -27.623  -19.381  -33.803 0.1428571492
71212  -25.287  -20.161  -34.352 0.2857142985
192086  -25.134  -20.543  -33.857 0.1428571492
81973  -29.132  -10.892  -35.336 0.1428571492
83210  -30.324  -9.904  -34.830 0.2857142985
175617  -31.309  -8.338  -35.927 0.2857142985
89311  -32.265  -6.154  -37.742 0.2857142985
86863  -31.059  -7.706  -37.638 0.2857142985
89360  -32.085  -6.182  -38.715 0.2857142985
89374  -32.653  -5.855  -40.505 0.2857142985
91570  -33.356  -5.214  -41.792 0.2857142985
169428  -26.995  -4.841  -43.506 0.7142857313
91569  -33.087  -6.531  -42.608 0.4285714328
93802  -27.825  -2.145  -43.759 0.5714285970
91584  -32.202  -5.826  -43.297 0.4285714328
172514  -32.309  -2.248  -41.627 0.4285714328
93783  -33.117  -2.722  -43.086 0.2857142985
165251  -33.874  -1.429  -43.739 0.2857142985
97402  -33.787  0.187  -42.696 0.5714285970
107413  -29.093  8.870  -46.002 0.7142857313
99696  -32.389  2.350  -42.686 0.7142857313
106303  -29.873  7.320  -44.774 0.8571428657
111424  -28.889  12.522  -47.824 0.4285714328
111409  -29.164  11.821  -47.377 0.5714285970
110377  -30.215  11.535  -46.556 0.7142857313
97426  -34.283  0.668  -43.173 0.2857142985
106305  -31.430  7.785  -44.477 0.8571428657
110361  -30.041  10.802  -46.321 0.8571428657
104008  -33.346  6.032  -44.213 0.5714285970
184323  -28.957  16.935  -49.833 0.2857142985
110366  -33.378  10.772  -47.043 0.4285714328
111402  -32.520  12.054  -46.841 0.4285714328
118936  -24.844  19.424  -51.100 0.1428571492
115577  -32.828  15.730  -48.879 0.2857142985
113616  -33.549  14.046  -48.998 0.1428571492
118938  -30.213  18.982  -51.049 0.2857142985
72331  -27.780  -18.721  -34.163 0.1428571492
72343  -25.078  -18.846  -35.258 0.2857142985
74764  -28.652  -16.943  -34.202 0.1428571492
79580  -28.558  -13.171  -35.117 0.1428571492
80763  -29.823  -11.491  -34.604 0.1428571492
81975  -30.150  -10.700  -34.540 0.1428571492
160754  -28.640  -10.239  -37.036 0.2857142985
83248  -29.651  -9.399  -36.764 0.2857142985
87993  -32.576  -6.431  -37.055 0.2857142985
85608  -29.786  -8.945  -38.090 0.2857142985
89341  -32.600  -5.606  -38.062 0.2857142985
86943  -26.770  -7.889  -42.059 0.5714285970
88109  -25.837  -6.788  -43.576 0.2857142985
91550  -33.371  -4.354  -40.419 0.2857142985
92626  -33.748  -4.837  -42.363 0.2857142985
89439  -26.929  -5.704  -43.187 0.7142857313
90567  -27.613  -5.323  -42.086 0.5714285970
91646  -25.758  -3.829  -45.414 0.4285714328
90618  -26.931  -4.427  -44.283 0.5714285970
94966  -26.069  -1.470  -45.827 0.2857142985
92696  -26.951  -2.591  -45.100 0.5714285970
90573  -33.192  -6.313  -43.035 0.2857142985
89411  -32.336  -6.788  -42.666 0.4285714328
92661  -27.405  -3.244  -44.122 0.7142857313
96189  -26.461  -0.835  -45.745 0.2857142985
183129  -32.797  -6.226  -43.941 0.1428571492
188145  -32.873  -5.432  -44.482 0.4285714328
93782  -32.670  -3.707  -43.044 0.4285714328
167179  -33.082  -4.310  -44.779 0.1428571492
100682  -30.289  2.787  -43.191 0.8571428657
93803  -33.431  -2.821  -43.980 0.1428571492
97401  -33.031  0.085  -42.296 0.5714285970
179089  -34.240  -0.025  -43.263 0.2857142985
98572  -32.970  1.585  -42.615 0.5714285970
183331  -32.567  4.579  -42.999 0.7142857313
189599  -30.692  8.535  -44.937 0.8571428657
99755  -34.424  2.268  -44.938 0.2857142985
100741  -33.926  3.466  -44.780 0.1428571492
116455  -24.745  16.289  -51.620 0.2857142985
102879  -33.150  4.930  -43.531 0.4285714328
99743  -33.998  3.010  -44.094 0.4285714328
183231  -33.731  4.708  -45.097 0.1428571492
108421  -32.947  9.002  -45.435 0.5714285970
161398  -33.737  5.350  -45.287 0.1428571492
106318  -33.573  7.654  -45.492 0.1428571492
162103  -33.623  8.917  -46.568 0.1428571492
118105  -24.853  18.120  -52.140 0.1428571492
109391  -32.144  10.770  -46.104 0.5714285970
182119  -33.753  7.763  -46.682 0.1428571492
109401  -33.594  10.122  -47.236 0.1428571492
115576  -32.164  15.871  -48.603 0.2857142985
113603  -32.774  14.086  -47.941 0.2857142985
161251  -33.442  12.058  -47.931 0.2857142985
110393  -33.645  11.414  -48.272 0.1428571492
171027  -33.623  11.602  -49.678 0.1428571492
111454  -33.689  12.324  -49.590 0.1428571492
116450  -33.036  16.865  -49.761 0.2857142985
116451  -33.672  16.427  -49.957 0.2857142985
171765  -34.021  15.098  -50.466 0.1428571492
114647  -33.867  14.559  -50.196 0.1428571492
73489  -29.668  -17.857  -33.335 0.1428571492
79581  -29.216  -13.120  -34.800 0.1428571492
94928  -34.182  -1.244  -44.234 0.2857142985
112539  -33.524  13.210  -51.315 0.1428571492
116460  -34.154  16.587  -50.551 0.2857142985
188466  -24.745  -19.447  -35.140 0.2857142985
71214  -27.090  -18.982  -34.389 0.2857142985
73498  -28.530  -17.701  -34.032 0.1428571492
74776  -28.110  -16.492  -34.609 0.1428571492
76067  -28.781  -16.183  -34.394 0.1428571492
79595  -27.204  -13.233  -35.713 0.1428571492
80761  -27.531  -12.526  -35.759 0.1428571492
83246  -28.187  -10.556  -37.527 0.4285714328
81998  -27.682  -11.309  -36.603 0.1428571492
84423  -28.796  -9.914  -37.773 0.2857142985
86897  -31.003  -7.856  -39.509 0.4285714328
89409  -27.722  -6.101  -41.943 0.5714285970
86944  -27.456  -7.658  -41.742 0.4285714328
178024  -32.130  -4.842  -42.831 0.4285714328
183823  -27.906  -5.621  -41.763 0.7142857313
92622  -28.664  -2.687  -42.174 0.7142857313
98570  -31.085  1.601  -42.777 0.7142857313
97424  -28.178  0.557  -44.249 0.8571428657
94909  -28.965  -1.283  -42.579 0.8571428657
96133  -28.434  -0.877  -43.335 0.8571428657
99693  -29.949  2.135  -43.172 0.8571428657
100740  -28.677  3.226  -44.213 0.8571428657
112469  -30.313  12.952  -47.131 0.7142857313
114616  -30.549  14.917  -47.989 0.5714285970
168658  -28.735  15.687  -49.086 0.2857142985
116432  -30.115  16.308  -48.987 0.2857142985
116459  -27.757  17.044  -50.505 0.2857142985
94887  -32.163  -1.545  -41.617 0.4285714328
78552  -28.231  -13.863  -35.175 0.1428571492
85609  -30.071  -8.859  -37.197 0.2857142985
96152  -27.961  -0.605  -44.034 0.5714285970
105126  -30.502  6.463  -43.928 0.8571428657
107405  -31.164  9.010  -45.115 0.8571428657
116457  -26.111  16.371  -51.554 0.2857142985
117269  -28.574  17.312  -50.208 0.2857142985
117281  -26.348  17.045  -51.635 0.2857142985
182004  -25.683  16.768  -51.870 0.2857142985
91598  -28.171  -3.588  -42.288 0.8571428657
118950  -27.377  19.205  -52.184 0.2857142985
192048  -26.655  20.044  -53.133 0.1428571492
118961  -26.533  19.476  -52.836 0.2857142985
119853  -25.134  19.604  -53.084 0.1428571492
118107  -25.868  18.271  -52.376 0.2857142985
118951  -28.891  19.373  -51.609 0.2857142985
118115  -25.320  18.518  -52.537 0.1428571492
117293  -25.716  17.418  -52.068 0.1428571492
118110  -28.513  18.865  -51.289 0.2857142985
117273  -32.502  17.368  -49.922 0.2857142985
168066  -30.730  18.510  -50.672 0.2857142985
117272  -30.952  17.469  -49.860 0.2857142985
118948  -24.833  18.855  -52.055 0.1428571492
116447  -30.531  16.893  -49.456 0.2857142985
116449  -32.192  16.910  -49.516 0.2857142985
115575  -31.348  15.876  -48.451 0.2857142985
118095  -29.773  18.361  -50.640 0.2857142985
114618  -32.231  14.752  -47.940 0.2857142985
177629  -33.772  15.149  -49.786 0.1428571492
185690  -33.721  14.388  -49.586 0.1428571492
117271  -30.109  17.411  -49.879 0.2857142985
172448  -33.678  12.801  -50.187 0.1428571492
187607  -33.592  13.316  -48.908 0.1428571492
112524  -33.725  13.495  -50.066 0.1428571492
115590  -33.647  15.829  -49.701 0.1428571492
109410  -33.618  10.716  -47.721 0.1428571492
172673  -31.511  13.075  -47.000 0.5714285970
113587  -32.434  13.498  -47.430 0.4285714328
114617  -31.411  14.661  -47.773 0.5714285970
181675  -33.695  9.972  -47.926 0.1428571492
108427  -33.442  8.933  -45.951 0.1428571492
112487  -33.018  13.232  -47.823 0.2857142985
183212  -33.613  12.147  -48.455 0.2857142985
112471  -32.646  12.733  -47.288 0.4285714328
111401  -31.857  11.996  -46.515 0.5714285970
111400  -31.033  11.938  -46.477 0.7142857313
107407  -32.799  8.420  -44.937 0.4285714328
108420  -32.444  9.606  -45.541 0.5714285970
105129  -33.091  6.799  -44.334 0.5714285970
107395  -32.104  8.224  -44.605 0.7142857313
108419  -31.631  9.559  -45.387 0.7142857313
104007  -33.019  5.597  -43.712 0.5714285970
101761  -33.458  3.848  -43.397 0.4285714328
105127  -31.332  6.677  -43.874 0.8571428657
94942  -27.058  -1.368  -45.215 0.5714285970
97439  -27.269  0.104  -45.158 0.5714285970
97449  -27.272  0.741  -45.704 0.4285714328
96177  -26.848  -0.618  -45.477 0.4285714328
101737  -30.568  3.571  -43.018 0.8571428657
161688  -31.823  4.534  -42.780 0.8571428657
190672  -33.271  3.341  -42.968 0.4285714328
99725  -33.923  2.473  -43.499 0.5714285970
103993  -32.303  5.773  -43.440 0.8571428657
100684  -31.727  2.894  -42.872 0.7142857313
88097  -26.474  -6.794  -43.028 0.5714285970
90588  -27.271  -5.064  -42.730 0.7142857313
181574  -27.280  -4.412  -43.036 0.7142857313
91597  -27.585  -3.768  -43.102 0.7142857313
91633  -26.876  -4.026  -44.931 0.4285714328
91634  -27.248  -3.617  -44.769 0.5714285970
93801  -27.359  -2.502  -44.491 0.5714285970
91647  -27.037  -3.227  -45.159 0.4285714328
94908  -28.322  -1.626  -43.125 0.8571428657
98552  -32.343  0.733  -42.449 0.5714285970
98571  -31.942  1.571  -42.667 0.7142857313
86957  -26.298  -7.521  -42.655 0.5714285970
88038  -31.871  -6.727  -39.560 0.2857142985
89392  -32.348  -6.797  -41.296 0.4285714328
90571  -32.550  -6.759  -43.378 0.4285714328
171599  -32.975  -6.623  -43.548 0.4285714328
92644  -32.634  -5.288  -44.015 0.4285714328
83247  -29.118  -9.803  -36.904 0.2857142985
88022  -31.685  -6.887  -38.872 0.2857142985
181935  -32.548  -5.626  -39.636 0.2857142985
88021  -31.322  -7.370  -38.967 0.2857142985
79596  -28.858  -12.589  -35.015 0.1428571492
159133  -28.850  -12.026  -35.079 0.1428571492
83209  -29.671  -10.307  -35.237 0.2857142985
86864  -31.625  -7.373  -37.158 0.2857142985
167296  -30.015  -9.674  -35.482 0.2857142985
84411  -30.776  -8.865  -35.837 0.2857142985
71190  -27.832  -19.839  -33.309 0.1428571492
70108  -26.495  -20.090  -33.658 0.1428571492
167062  -28.823  -19.623  -33.015 0.1428571492
169029  -32.856  -4.384  -44.105 0.2857142985
118935  -24.709  18.617  -51.329 0.1428571492
72323  -28.847  -19.006  -33.412 0.1428571492
74754  -29.765  -17.091  -33.500 0.1428571492
164846  -24.490  17.685  -50.695 0.1428571492
108432  -28.243  9.044  -46.919 0.5714285970
105153  -27.576  6.895  -46.870 0.4285714328
106322  -27.601  7.659  -47.080 0.4285714328
107412  -28.139  8.197  -46.681 0.5714285970
105154  -28.071  6.542  -46.174 0.4285714328
106323  -28.124  7.382  -46.449 0.5714285970
108424  -28.781  9.207  -46.386 0.4285714328
101817  -27.320  3.637  -46.001 0.4285714328
102930  -27.541  5.082  -45.988 0.4285714328
104048  -27.149  5.427  -46.560 0.4285714328
104049  -27.745  5.736  -46.061 0.5714285970
165388  -28.624  7.172  -45.811 0.5714285970
189634  -28.137  2.126  -45.289 0.5714285970
91533  -33.547  -3.592  -38.828 0.1428571492
91532  -33.143  -4.217  -39.428 0.1428571492
79628  -25.063  -13.617  -38.893 0.2857142985
89361  -32.514  -5.571  -38.961 0.1428571492
92548  -34.885  -2.630  -38.095 0.1428571492
91504  -33.749  -3.736  -38.065 0.1428571492
93675  -35.531  -2.277  -38.491 0.1428571492
92547  -34.106  -3.054  -38.359 0.1428571492
93699  -36.157  -2.041  -39.022 0.1428571492
78593  -24.736  -14.029  -38.395 0.2857142985
89312  -32.850  -5.802  -37.320 0.1428571492
90474  -33.747  -4.732  -37.148 0.1428571492
91474  -34.092  -3.997  -37.375 0.1428571492
92550  -36.485  -2.932  -37.996 0.1428571492
91475  -34.892  -3.616  -37.061 0.1428571492
91551  -38.572  -4.154  -40.661 0.1428571492
92573  -37.219  -2.882  -38.947 0.1428571492
92591  -38.034  -3.323  -40.087 0.1428571492
77439  -24.326  -14.570  -38.018 0.2857142985
77449  -23.467  -14.315  -38.699 0.2857142985
86809  -31.984  -7.930  -35.582 0.1428571492
87952  -33.113  -7.052  -35.661 0.1428571492
87970  -32.830  -6.726  -36.373 0.1428571492
86832  -31.773  -7.644  -36.353 0.1428571492
89281  -33.166  -6.100  -36.673 0.1428571492
90475  -34.596  -4.375  -36.754 0.1428571492
89282  -33.846  -5.786  -36.328 0.1428571492
91476  -35.804  -3.489  -36.934 0.1428571492
90450  -34.140  -5.091  -36.554 0.1428571492
92530  -36.570  -3.498  -37.348 0.1428571492
91534  -37.781  -4.211  -39.050 0.1428571492
165573  -38.465  -4.751  -40.180 0.1428571492
92574  -37.715  -3.451  -39.324 0.1428571492
172107  -23.371  -15.061  -37.861 0.2857142985
183788  -23.360  -15.378  -37.541 0.2857142985
83235  -31.154  -8.922  -35.240 0.1428571492
86810  -32.678  -7.670  -35.161 0.1428571492
87971  -33.526  -6.450  -36.038 0.1428571492
90440  -35.520  -5.058  -35.783 0.1428571492
91478  -36.890  -4.202  -37.039 0.1428571492
178184  -37.471  -4.291  -38.347 0.1428571492
90574  -39.300  -4.854  -41.554 0.1428571492
83211  -31.070  -9.507  -34.574 0.1428571492
174737  -32.052  -8.639  -34.468 0.1428571492
83212  -31.874  -9.307  -34.104 0.1428571492
86781  -33.907  -7.269  -34.321 0.1428571492
85524  -33.393  -8.289  -33.896 0.1428571492
89262  -35.867  -5.587  -35.212 0.1428571492
86811  -33.381  -7.340  -34.978 0.1428571492
90441  -36.130  -5.108  -35.672 0.1428571492
89261  -35.179  -5.855  -35.282 0.1428571492
90453  -36.400  -4.871  -36.111 0.1428571492
90526  -38.143  -4.978  -39.561 0.1428571492
90505  -37.450  -4.929  -38.035 0.1428571492
90541  -38.955  -5.252  -40.780 0.1428571492
183455  -32.080  -9.936  -33.760 0.1428571492
86759  -34.924  -7.922  -33.299 0.1428571492
85501  -34.231  -7.963  -33.468 0.1428571492
84352  -32.594  -8.794  -33.969 0.1428571492
87924  -34.567  -6.861  -34.338 0.1428571492
176642  -33.861  -7.693  -33.861 0.1428571492
165811  -32.672  -8.218  -34.452 0.1428571492
89284  -37.032  -5.829  -36.157 0.1428571492
87927  -36.595  -6.761  -34.812 0.1428571492
89342  -37.411  -5.552  -37.691 0.1428571492
90442  -36.604  -5.379  -35.853 0.1428571492
90525  -37.740  -4.954  -38.764 0.1428571492
90454  -36.907  -4.986  -36.506 0.1428571492
179040  -35.665  -8.801  -33.005 0.1428571492
84354  -34.097  -9.137  -33.239 0.1428571492
84353  -33.353  -9.054  -33.656 0.1428571492
171078  -36.680  -7.873  -34.077 0.1428571492
184002  -35.990  -8.510  -33.148 0.1428571492
87955  -37.108  -6.732  -35.709 0.1428571492
87913  -36.402  -7.391  -34.147 0.1428571492
89362  -37.627  -5.611  -38.422 0.1428571492
87994  -37.289  -6.470  -36.764 0.1428571492
86760  -35.376  -7.762  -33.395 0.1428571492
86780  -33.291  -7.754  -34.444 0.1428571492
89229  -35.170  -6.485  -34.524 0.1428571492
89283  -34.635  -5.440  -35.979 0.1428571492
87969  -32.178  -7.015  -36.715 0.1428571492
175295  -39.640  -5.670  -41.439 0.1428571492
187879  -40.058  -5.031  -42.163 0.1428571492
91535  -38.130  -4.118  -39.795 0.1428571492
92529  -36.030  -3.069  -37.474 0.1428571492
160580  -37.371  -3.557  -38.549 0.1428571492
90503  -32.871  -4.964  -38.340 0.1428571492
92571  -33.885  -2.909  -39.175 0.1428571492
76121  -24.197  -15.313  -36.826 0.2857142985
89363  -37.979  -5.684  -39.133 0.1428571492
90540  -38.557  -5.343  -40.152 0.1428571492
90556  -40.294  -5.567  -41.898 0.1428571492
90575  -40.967  -5.315  -42.335 0.1428571492
101800  -27.828  3.621  -45.471 0.4285714328
92590  -37.494  -2.715  -39.663 0.1428571492
92609  -38.890  -3.776  -41.481 0.1428571492
92589  -33.712  -3.302  -40.052 0.1428571492
164210  -33.753  -3.926  -41.056 0.1428571492
168871  -28.224  9.797  -47.409 0.4285714328
110375  -28.697  11.151  -47.573 0.4285714328
115605  -34.526  16.037  -51.841 0.1428571492
109387  -28.730  9.774  -46.668 0.4285714328
77423  -23.861  -15.051  -37.543 0.2857142985
117286  -33.820  17.674  -50.623 0.1428571492
81951  -30.815  -10.267  -34.316 0.1428571492
85549  -31.704  -8.520  -35.146 0.1428571492
91599  -33.276  -6.029  -43.615 0.1428571492
91503  -33.154  -4.257  -38.589 0.1428571492
183217  -33.483  -3.613  -39.546 0.1428571492
91505  -34.463  -3.293  -37.683 0.1428571492
92572  -34.429  -2.564  -38.666 0.1428571492
92549  -35.749  -2.649  -37.909 0.1428571492
92528  -35.299  -3.070  -37.477 0.1428571492
90504  -33.418  -4.454  -37.825 0.1428571492
93676  -36.175  -2.444  -38.373 0.1428571492
93697  -34.507  -2.230  -39.283 0.1428571492
94823  -35.703  -1.544  -39.675 0.1428571492
93677  -36.702  -2.531  -38.624 0.1428571492
89313  -33.436  -5.432  -36.926 0.1428571492
90473  -33.090  -5.130  -37.574 0.1428571492
166462  -36.994  -3.014  -38.374 0.1428571492
92551  -36.995  -3.400  -37.934 0.1428571492
91457  -35.329  -3.954  -36.662 0.1428571492
188610  -32.182  -8.185  -34.955 0.1428571492
86833  -32.430  -7.347  -35.995 0.1428571492
187363  -34.847  -4.865  -36.284 0.1428571492
90451  -35.405  -4.440  -36.310 0.1428571492
89260  -34.302  -6.146  -35.698 0.1428571492
91477  -36.336  -3.888  -36.805 0.1428571492
91458  -35.925  -4.033  -36.435 0.1428571492
91506  -37.231  -3.841  -38.000 0.1428571492
87953  -33.896  -6.776  -35.184 0.1428571492
90452  -35.996  -4.572  -36.057 0.1428571492
90476  -37.215  -4.902  -37.291 0.1428571492
83188  -31.465  -10.032  -33.996 0.1428571492
83189  -32.633  -9.520  -33.688 0.1428571492
86782  -34.586  -7.370  -33.585 0.1428571492
89264  -36.677  -6.037  -35.406 0.1428571492
89231  -36.136  -6.193  -34.802 0.1428571492
87954  -34.642  -6.436  -35.040 0.1428571492
86748  -35.839  -8.403  -33.241 0.1428571492
87925  -35.164  -7.009  -33.747 0.1428571492
89314  -37.234  -5.619  -36.942 0.1428571492
178633  -37.512  -6.208  -38.060 0.1428571492
87926  -36.061  -6.967  -34.191 0.1428571492
183192  -35.976  -7.468  -33.674 0.1428571492
70103  -22.186  -20.533  -34.304 0.1428571492
70118  -24.126  -20.290  -34.710 0.1428571492
70114  -21.446  -19.627  -34.459 0.1428571492
70117  -23.487  -20.273  -34.831 0.1428571492
165342  -24.722  -19.994  -34.798 0.1428571492
71210  -23.210  -19.674  -35.212 0.1428571492
72356  -23.249  -18.468  -35.770 0.1428571492
73525  -23.600  -17.858  -36.008 0.1428571492
73538  -22.505  -17.155  -36.102 0.1428571492
74804  -22.875  -16.629  -36.465 0.1428571492
73540  -23.908  -17.226  -36.123 0.1428571492
177871  -23.916  -15.986  -36.601 0.1428571492
74789  -21.751  -17.027  -35.930 0.1428571492
74803  -22.141  -16.542  -36.370 0.1428571492
76106  -22.543  -16.061  -36.793 0.1428571492
76119  -22.985  -15.666  -37.220 0.1428571492
182330  -21.702  -15.043  -37.373 0.1428571492
77435  -21.526  -14.556  -37.720 0.1428571492
78591  -22.726  -14.066  -38.602 0.1428571492
77437  -22.948  -14.686  -38.139 0.1428571492
78604  -23.177  -13.862  -39.026 0.2857142985
78592  -24.149  -14.330  -38.709 0.1428571492
78615  -23.822  -13.838  -39.262 0.1428571492
178814  -24.849  -13.446  -39.527 0.1428571492
79641  -23.164  -13.390  -39.417 0.2857142985
80814  -25.750  -12.555  -39.581 0.2857142985
84493  -25.472  -9.626  -42.012 0.4285714328
98620  -27.596  1.344  -45.889 0.2857142985
100774  -27.200  2.650  -46.085 0.2857142985
100756  -27.954  2.807  -45.281 0.2857142985
104073  -25.891  6.375  -48.280 0.2857142985
106328  -27.064  7.201  -47.499 0.2857142985
166850  -27.635  8.444  -47.330 0.4285714328
77438  -23.715  -14.698  -38.188 0.1428571492
78603  -22.573  -13.465  -39.077 0.1428571492
79656  -25.143  -12.916  -39.832 0.1428571492
72355  -22.503  -18.405  -35.628 0.1428571492
74802  -21.394  -16.416  -36.221 0.1428571492
76117  -21.443  -15.405  -36.975 0.1428571492
77436  -22.125  -14.322  -38.165 0.1428571492
183785  -21.962  -13.663  -38.630 0.1428571492
79653  -22.634  -12.687  -39.568 0.2857142985
79655  -24.447  -13.040  -39.945 0.2857142985
79654  -23.631  -13.028  -39.822 0.2857142985
80825  -23.980  -12.361  -40.262 0.2857142985
80826  -24.679  -12.514  -40.177 0.2857142985
82029  -25.302  -12.255  -40.146 0.2857142985
83305  -25.693  -10.913  -40.976 0.4285714328
191089  -25.160  -10.629  -41.467 0.4285714328
83320  -24.349  -9.945  -42.061 0.2857142985
97461  -26.690  0.093  -45.850 0.2857142985
98632  -26.727  1.102  -46.872 0.2857142985
99764  -27.276  1.686  -46.521 0.2857142985
99775  -26.062  1.818  -47.657 0.2857142985
172610  -26.827  3.218  -46.421 0.2857142985
102929  -27.196  4.577  -46.265 0.2857142985
104047  -26.567  5.453  -47.259 0.2857142985
181097  -24.789  4.655  -48.442 0.2857142985
105161  -27.081  6.502  -47.331 0.2857142985
80838  -24.546  -11.845  -40.628 0.2857142985
97460  -26.529  0.438  -46.437 0.2857142985
99763  -26.589  1.735  -47.232 0.2857142985
97470  -25.936  0.389  -46.925 0.2857142985
100790  -26.051  2.456  -47.301 0.2857142985
101831  -25.800  4.050  -47.622 0.2857142985
101816  -26.775  3.979  -46.587 0.2857142985
170910  -26.337  4.204  -47.118 0.2857142985
102944  -25.474  4.731  -48.055 0.2857142985
99773  -24.835  1.888  -48.051 0.2857142985
100788  -25.055  2.546  -47.979 0.2857142985
100789  -25.500  3.162  -47.712 0.2857142985
83322  -25.839  -10.201  -41.457 0.4285714328
84494  -26.277  -9.480  -41.669 0.4285714328
74805  -23.591  -16.641  -36.430 0.1428571492
82046  -25.458  -11.563  -40.530 0.4285714328
72357  -23.982  -18.445  -35.767 0.1428571492
71221  -23.633  -19.088  -35.517 0.1428571492
104061  -26.999  5.949  -47.120 0.2857142985
102945  -26.161  4.792  -47.528 0.2857142985
181969  -24.296  -13.569  -39.646 0.1428571492
77421  -22.234  -14.885  -37.700 0.1428571492
76118  -22.221  -15.480  -37.217 0.1428571492
70116  -22.716  -20.135  -34.789 0.1428571492
71219  -22.250  -18.918  -35.316 0.1428571492
170886  -22.112  -17.712  -35.730 0.1428571492
73539  -23.233  -17.239  -36.212 0.1428571492
76105  -21.801  -15.953  -36.679 0.1428571492
76104  -21.072  -15.805  -36.483 0.1428571492
83321  -25.002  -10.140  -41.870 0.4285714328
104060  -26.533  6.105  -47.674 0.2857142985
164023  -24.861  -11.138  -41.096 0.4285714328
100805  -24.854  3.428  -48.163 0.2857142985
85692  -25.327  -8.534  -42.698 0.2857142985
85679  -25.795  -8.977  -42.185 0.2857142985
88096  -25.895  -7.252  -43.150 0.2857142985
120730  -32.997  21.155  -52.497 0.1428571492
119860  -34.179  20.248  -52.294 0.1428571492
119847  -32.791  19.917  -51.684 0.1428571492
118941  -32.481  18.844  -51.052 0.1428571492
117285  -33.419  18.136  -50.680 0.1428571492
121631  -33.457  21.520  -52.865 0.1428571492
118955  -32.195  19.432  -51.384 0.1428571492
119844  -30.215  20.040  -51.864 0.1428571492
120739  -28.799  21.946  -53.515 0.1428571492
86956  -25.615  -7.829  -42.958 0.2857142985
86969  -25.333  -7.352  -43.428 0.2857142985
117287  -34.373  17.628  -51.068 0.1428571492
118963  -34.821  19.546  -52.367 0.1428571492
117274  -33.112  17.646  -50.269 0.1428571492
118956  -33.460  19.382  -51.469 0.1428571492
184581  -34.058  18.847  -51.378 0.1428571492
118084  -32.290  17.924  -50.233 0.1428571492
118953  -30.635  19.530  -51.430 0.1428571492
118097  -32.023  18.458  -50.685 0.1428571492
120728  -30.993  21.129  -52.602 0.1428571492
121626  -29.666  21.646  -53.128 0.1428571492
119857  -29.794  20.536  -52.336 0.1428571492
119856  -28.843  20.501  -52.574 0.1428571492
120725  -28.061  20.825  -53.040 0.1428571492
118940  -31.760  18.954  -51.103 0.1428571492
118939  -31.037  19.008  -51.086 0.1428571492
120715  -32.360  20.689  -52.173 0.1428571492
121629  -32.087  21.893  -52.774 0.1428571492
119848  -33.577  19.924  -51.840 0.1428571492
119845  -31.055  20.061  -51.812 0.1428571492
120714  -31.451  20.599  -52.222 0.1428571492
121644  -33.004  22.511  -53.439 0.1428571492
119858  -30.629  20.564  -52.274 0.1428571492
119849  -34.168  19.490  -51.810 0.1428571492
98643  -25.142  1.213  -47.832 0.1428571492
98644  -25.788  0.916  -47.469 0.1428571492
99774  -25.542  1.645  -47.870 0.1428571492
100804  -24.294  3.596  -48.364 0.1428571492
101828  -21.954  4.293  -47.477 0.1428571492
102943  -22.975  5.091  -48.281 0.1428571492
97459  -26.013  -0.140  -46.424 0.1428571492
101844  -24.054  4.287  -48.539 0.1428571492
160930  -23.201  5.832  -48.655 0.1428571492
188018  -24.412  6.688  -48.985 0.1428571492
105171  -24.377  7.181  -49.140 0.2857142985
90617  -26.425  -4.829  -44.448 0.2857142985
91631  -25.152  -4.484  -45.059 0.1428571492
94965  -25.501  -1.547  -46.031 0.1428571492
178953  -25.681  -0.952  -46.186 0.1428571492
97458  -25.620  0.068  -46.724 0.1428571492
98596  -34.452  1.091  -43.772 0.1428571492
98642  -24.444  1.521  -47.743 0.1428571492
102956  -25.043  5.413  -48.342 0.1428571492
106335  -25.757  7.134  -48.480 0.1428571492
106334  -25.014  7.485  -48.974 0.1428571492
108439  -26.264  9.068  -48.645 0.2857142985
110405  -24.591  11.818  -49.304 0.2857142985
112499  -25.328  12.860  -49.818 0.2857142985
116444  -24.315  16.480  -50.935 0.1428571492
174256  -24.059  15.052  -47.071 0.1428571492
108431  -27.696  9.178  -47.722 0.2857142985
107423  -25.501  8.598  -48.797 0.2857142985
109408  -27.117  10.033  -48.505 0.2857142985
111423  -28.229  12.090  -48.378 0.2857142985
110390  -26.778  10.576  -48.796 0.2857142985
110388  -24.634  10.891  -49.134 0.2857142985
191832  -27.353  12.090  -49.138 0.2857142985
110406  -25.457  11.395  -49.463 0.2857142985
172069  -26.550  12.961  -49.784 0.2857142985
113623  -24.989  14.028  -50.013 0.1428571492
111420  -23.339  12.310  -48.136 0.2857142985
116430  -24.266  16.707  -50.069 0.1428571492
117250  -25.458  17.073  -48.504 0.1428571492
179669  -23.918  10.813  -48.574 0.1428571492
109405  -23.647  10.388  -48.316 0.1428571492
106332  -23.643  7.535  -48.894 0.2857142985
110387  -23.789  11.554  -48.655 0.2857142985
112498  -24.795  13.346  -49.367 0.1428571492
112483  -24.197  13.192  -48.817 0.2857142985
114613  -24.223  14.564  -48.853 0.1428571492
113597  -23.745  13.767  -48.179 0.1428571492
159405  -22.224  6.330  -47.794 0.2857142985
112466  -22.553  12.677  -46.885 0.1428571492
114592  -24.079  15.003  -45.999 0.1428571492
181906  -23.236  13.542  -47.480 0.1428571492
105141  -20.539  6.013  -45.958 0.1428571492
98610  -34.513  1.561  -44.485 0.1428571492
94944  -33.825  -2.102  -44.531 0.1428571492
93853  -25.824  -1.913  -45.871 0.1428571492
96186  -25.097  -0.409  -46.547 0.1428571492
170027  -34.673  0.889  -45.091 0.1428571492
97457  -24.224  0.100  -46.682 0.1428571492
99762  -22.232  2.117  -46.706 0.1428571492
173024  -21.723  2.762  -46.667 0.1428571492
100786  -23.232  2.912  -47.682 0.1428571492
192045  -24.332  4.635  -48.654 0.1428571492
191276  -22.710  6.280  -48.328 0.1428571492
104072  -25.322  6.026  -48.479 0.1428571492
162928  -23.121  7.058  -48.793 0.2857142985
108438  -25.489  9.413  -48.739 0.1428571492
172947  -26.287  9.884  -48.738 0.2857142985
109406  -24.282  10.271  -48.641 0.1428571492
109407  -25.159  10.099  -48.853 0.1428571492
112456  -22.732  13.285  -46.631 0.1428571492
111407  -22.843  12.220  -47.425 0.2857142985
112467  -22.946  12.868  -47.496 0.1428571492
113582  -23.645  14.235  -47.332 0.1428571492
114628  -24.522  14.536  -49.678 0.1428571492
114591  -23.658  14.405  -46.420 0.1428571492
166423  -24.124  15.304  -48.088 0.1428571492
96166  -34.456  -0.698  -44.547 0.1428571492
97427  -34.482  0.238  -43.931 0.1428571492
97441  -34.601  0.171  -44.800 0.1428571492
111422  -27.665  11.785  -48.852 0.2857142985
111440  -26.914  12.388  -49.477 0.2857142985
112500  -26.028  12.529  -49.851 0.2857142985
113612  -25.257  13.523  -49.887 0.2857142985
113583  -23.938  14.511  -48.062 0.1428571492
117249  -24.755  16.932  -49.208 0.1428571492
109398  -27.708  9.864  -48.125 0.2857142985
92708  -26.278  -2.400  -45.749 0.1428571492
92706  -25.179  -2.754  -45.932 0.1428571492
110392  -28.098  11.254  -48.332 0.2857142985
93820  -33.475  -3.446  -44.996 0.1428571492
105160  -26.492  6.792  -47.907 0.1428571492
168395  -26.996  7.987  -47.666 0.1428571492
107424  -26.347  8.371  -48.299 0.1428571492
97469  -25.400  0.577  -47.291 0.1428571492
99772  -23.978  2.204  -47.804 0.1428571492
171914  -24.019  3.006  -48.038 0.1428571492
98630  -22.806  1.433  -46.759 0.1428571492
98631  -23.477  0.755  -46.752 0.1428571492
101830  -23.487  3.751  -48.108 0.1428571492
101829  -23.415  4.490  -48.420 0.1428571492
102955  -24.349  5.301  -48.603 0.1428571492
96187  -25.794  -0.437  -46.368 0.1428571492
105169  -23.129  6.504  -48.783 0.1428571492
104071  -24.530  6.091  -48.776 0.1428571492
105172  -25.057  6.720  -48.814 0.1428571492
175143  -24.936  -1.090  -46.237 0.1428571492
160265  -25.649  7.879  -48.667 0.2857142985
161026  -25.045  8.035  -49.017 0.2857142985
108440  -27.017  9.357  -48.327 0.2857142985
188336  -26.675  8.873  -48.340 0.2857142985
111439  -26.181  11.879  -49.516 0.2857142985
111437  -24.675  12.607  -49.396 0.2857142985
115546  -24.609  15.564  -46.483 0.1428571492
109409  -27.602  10.530  -48.477 0.2857142985
110391  -27.304  11.164  -48.836 0.2857142985
110407  -26.428  11.218  -49.170 0.2857142985
185330  -27.007  11.733  -49.204 0.2857142985
113598  -24.295  13.887  -48.812 0.1428571492
112482  -23.524  13.035  -48.193 0.2857142985
117262  -25.254  17.475  -49.099 0.1428571492
107422  -24.696  8.441  -48.888 0.1428571492
108437  -24.628  9.635  -48.617 0.2857142985
80812  -21.137  -11.594  -39.206 0.1428571492
80824  -23.096  -12.025  -40.136 0.1428571492
80836  -23.072  -11.347  -40.501 0.1428571492
82026  -21.210  -10.912  -39.622 0.1428571492
83282  -21.058  -9.833  -39.976 0.1428571492
83301  -21.390  -9.622  -40.263 0.1428571492
82028  -22.428  -11.260  -40.180 0.1428571492
84475  -21.502  -9.195  -40.623 0.1428571492
82043  -22.803  -10.827  -40.660 0.1428571492
80837  -23.674  -11.635  -40.603 0.1428571492
84476  -22.276  -9.459  -41.056 0.1428571492
83319  -23.632  -10.106  -41.573 0.1428571492
83304  -24.389  -10.590  -41.573 0.1428571492
84491  -23.811  -9.402  -41.991 0.1428571492
85661  -21.644  -8.673  -41.091 0.1428571492
84489  -22.355  -8.799  -41.567 0.1428571492
84492  -24.455  -9.309  -42.335 0.1428571492
159624  -24.145  -8.192  -42.796 0.1428571492
184087  -24.650  -6.788  -43.851 0.1428571492
89437  -25.717  -6.282  -44.038 0.1428571492
79639  -21.230  -12.370  -38.931 0.1428571492
82017  -20.717  -10.974  -39.257 0.1428571492
82027  -21.718  -10.792  -40.007 0.1428571492
179792  -23.185  11.714  -47.952 0.1428571492
89447  -26.114  -5.631  -44.203 0.1428571492
85678  -25.067  -9.164  -42.394 0.1428571492
80823  -22.338  -11.893  -39.823 0.1428571492
80813  -21.825  -12.119  -39.389 0.1428571492
82045  -24.086  -11.178  -41.072 0.1428571492
85691  -24.632  -8.690  -42.656 0.1428571492
80822  -21.778  -11.419  -39.705 0.1428571492
83281  -20.533  -9.473  -39.851 0.1428571492
83283  -21.580  -10.159  -40.140 0.1428571492
83302  -21.920  -9.852  -40.508 0.1428571492
175208  -23.183  -10.502  -41.092 0.1428571492
82044  -23.401  -11.053  -40.911 0.1428571492
84490  -23.049  -9.428  -41.560 0.1428571492
187643  -23.722  -10.709  -41.284 0.1428571492
85677  -23.201  -8.763  -41.953 0.1428571492
85660  -20.947  -8.508  -40.744 0.1428571492
80803  -20.743  -12.002  -38.764 0.1428571492
70104  -22.986  -20.714  -34.383 0.1428571492
70107  -25.742  -20.294  -33.769 0.2857142985
70115  -21.982  -19.884  -34.630 0.1428571492
71191  -28.292  -19.510  -33.367 0.1428571492
71202  -28.208  -19.036  -33.750 0.1428571492
71211  -24.059  -19.734  -35.170 0.1428571492
71213  -26.303  -19.204  -34.577 0.2857142985
71220  -22.880  -19.035  -35.468 0.1428571492
71222  -24.374  -19.012  -35.463 0.2857142985
72345  -26.555  -18.450  -34.772 0.4285714328
73499  -29.155  -17.405  -33.770 0.1428571492
73510  -27.382  -17.494  -34.666 0.4285714328
73524  -22.873  -17.815  -35.929 0.1428571492
73526  -24.270  -17.802  -35.925 0.1428571492
74792  -26.240  -16.557  -35.274 0.2857142985
74806  -24.335  -16.551  -36.112 0.2857142985
76077  -28.176  -15.725  -34.773 0.1428571492
76094  -26.045  -15.016  -35.374 0.4285714328
76107  -23.251  -16.118  -36.804 0.1428571492
76120  -23.604  -15.621  -37.138 0.2857142985
77420  -21.123  -14.835  -37.225 0.1428571492
77422  -22.870  -15.185  -37.602 0.1428571492
77424  -24.522  -14.748  -37.238 0.2857142985
78550  -26.750  -13.906  -35.616 0.4285714328
78605  -24.504  -13.882  -39.155 0.2857142985
79597  -29.432  -12.268  -34.740 0.1428571492
79605  -25.995  -13.215  -36.779 0.5714285970
81988  -28.647  -10.775  -35.867 0.1428571492
82030  -26.682  -11.506  -39.713 0.4285714328
82042  -22.175  -10.524  -40.378 0.1428571492
83303  -22.569  -10.211  -40.818 0.1428571492
83318  -22.963  -9.959  -41.205 0.1428571492
84382  -31.532  -8.962  -34.672 0.1428571492
85525  -33.938  -8.559  -33.469 0.1428571492
85620  -30.694  -8.071  -38.063 0.2857142985
86747  -35.434  -8.270  -33.271 0.1428571492
86761  -35.728  -7.980  -33.352 0.1428571492
87912  -35.622  -7.322  -33.654 0.1428571492
88108  -25.220  -6.832  -43.829 0.1428571492
89230  -35.643  -6.155  -34.771 0.1428571492
89263  -36.277  -5.627  -35.387 0.1428571492
89436  -25.023  -6.325  -44.137 0.1428571492
91459  -36.420  -4.389  -36.457 0.1428571492
91632  -26.037  -4.492  -44.977 0.2857142985
92624  -32.085  -3.760  -42.042 0.5714285970
92695  -26.775  -2.676  -45.416 0.4285714328
92707  -25.872  -2.566  -45.953 0.1428571492
93737  -31.533  -2.668  -41.074 0.8571428657
93781  -28.648  -1.950  -42.543 0.8571428657
93837  -26.685  -2.325  -45.400 0.5714285970
93838  -26.790  -1.933  -45.324 0.2857142985
93855  -26.532  -1.828  -45.435 0.2857142985
94888  -32.631  -1.983  -41.937 0.4285714328
94943  -27.454  -0.924  -44.646 0.5714285970
94945  -34.197  -1.570  -44.802 0.2857142985
94967  -26.369  -1.497  -45.603 0.2857142985
96108  -31.912  -0.692  -41.820 0.7142857313
96135  -29.758  0.030  -42.635 0.8571428657
96154  -34.265  -0.612  -43.753 0.2857142985
96188  -26.130  -0.804  -46.017 0.1428571492
97398  -29.322  0.921  -43.271 1.0000000000
97468  -24.473  0.820  -47.273 0.1428571492
97471  -26.276  0.674  -46.991 0.2857142985
98621  -27.699  1.146  -45.455 0.4285714328
98633  -27.060  0.897  -46.246 0.2857142985
98641  -23.672  1.474  -47.303 0.1428571492
99694  -30.762  2.259  -43.006 0.8571428657
99726  -34.273  1.789  -43.645 0.1428571492
99742  -28.369  1.867  -44.901 0.5714285970
99753  -27.816  2.090  -45.780 0.2857142985
99771  -23.031  2.148  -47.260 0.1428571492
100681  -29.587  2.621  -43.316 0.8571428657
100685  -32.657  3.158  -42.759 0.4285714328
100742  -34.201  2.798  -44.644 0.2857142985
100755  -27.599  2.931  -45.649 0.4285714328
100758  -34.190  2.880  -45.251 0.1428571492
100773  -26.650  2.498  -46.684 0.2857142985
100787  -24.570  3.039  -48.121 0.2857142985
101738  -31.229  4.089  -42.789 0.8571428657
101740  -32.911  3.870  -42.930 0.4285714328
101759  -29.238  3.737  -43.721 0.8571428657
101762  -33.544  4.480  -43.874 0.4285714328
101818  -27.664  4.407  -45.730 0.4285714328
101832  -26.264  3.367  -47.036 0.2857142985
101845  -24.576  4.117  -48.439 0.1428571492
101846  -25.156  4.020  -48.163 0.1428571492
102865  -32.040  5.089  -43.129 0.7142857313
102878  -29.978  4.966  -43.682 1.0000000000
102880  -33.503  5.241  -44.115 0.2857142985
102896  -28.418  4.636  -44.879 0.7142857313
102914  -33.724  4.712  -45.627 0.1428571492
102928  -26.700  4.765  -46.869 0.2857142985
102954  -23.758  5.066  -48.619 0.1428571492
103992  -31.634  5.459  -43.340 0.8571428657
104006  -32.785  6.273  -43.851 0.5714285970
104022  -29.873  6.100  -44.220 0.8571428657
104036  -28.290  5.945  -45.567 0.8571428657
104037  -28.821  6.221  -45.075 0.7142857313
104038  -33.686  6.072  -45.182 0.2857142985
104070  -23.815  5.884  -48.810 0.1428571492
104083  -23.467  6.241  -48.941 0.1428571492
105116  -30.911  6.093  -43.686 0.8571428657
105117  -31.551  6.008  -43.566 0.8571428657
105170  -23.769  6.670  -49.043 0.1428571492
106293  -30.760  7.190  -44.308 0.8571428657
106296  -32.556  6.806  -43.971 0.7142857313
106304  -30.678  7.935  -44.676 0.8571428657
106306  -32.075  7.608  -44.297 0.7142857313
106307  -32.593  7.282  -44.243 0.7142857313
106308  -33.464  7.184  -44.909 0.1428571492
106317  -33.268  7.852  -44.939 0.7142857313
106327  -26.386  7.566  -48.071 0.1428571492
106333  -24.457  7.816  -49.061 0.2857142985
107394  -31.373  8.430  -44.787 0.8571428657
107403  -29.461  8.511  -45.496 1.0000000000
107414  -33.652  8.214  -46.145 0.1428571492
107417  -27.080  8.687  -47.964 0.2857142985
107418  -33.727  8.333  -46.940 0.1428571492
108417  -30.254  9.709  -45.695 1.0000000000
108426  -33.124  9.560  -45.941 0.1428571492
109382  -31.105  10.015  -45.642 0.8571428657
109383  -31.917  10.159  -45.732 0.7142857313
109384  -32.684  10.183  -46.033 0.5714285970
109399  -28.213  10.485  -47.886 0.4285714328
110362  -30.808  11.118  -46.219 0.8571428657
110378  -33.083  12.044  -47.350 0.4285714328
110379  -33.430  11.411  -47.516 0.2857142985
110389  -25.811  10.625  -49.153 0.1428571492
110429  -33.386  11.379  -50.342 0.1428571492
111408  -28.610  11.768  -47.889 0.5714285970
111410  -30.307  12.256  -46.812 0.8571428657
111412  -32.015  12.578  -46.890 0.5714285970
111421  -24.006  12.415  -48.802 0.2857142985
111438  -25.329  12.150  -49.681 0.2857142985
111441  -33.686  11.867  -48.975 0.2857142985
111480  -33.438  12.588  -50.933 0.1428571492
112470  -32.094  13.094  -47.148 0.4285714328
112484  -27.746  12.503  -48.951 0.2857142985
112502  -33.453  12.793  -48.297 0.1428571492
113586  -31.865  13.529  -47.270 0.4285714328
113604  -33.358  13.660  -48.390 0.1428571492
113626  -33.764  14.044  -49.970 0.1428571492
113633  -33.800  14.000  -50.527 0.1428571492
114615  -29.636  14.820  -48.135 0.7142857313
114629  -27.806  14.782  -49.299 0.7142857313
114631  -29.180  15.330  -48.560 0.5714285970
114632  -33.055  15.084  -48.727 0.2857142985
114633  -33.512  14.762  -49.132 0.1428571492
114679  -34.289  15.280  -51.940 0.1428571492
115558  -25.320  16.311  -47.472 0.1428571492
115559  -30.759  15.545  -48.272 0.2857142985
115560  -31.815  15.322  -48.165 0.2857142985
115561  -32.490  15.296  -48.370 0.2857142985
115578  -33.386  15.485  -49.218 0.1428571492
115600  -34.053  15.800  -50.352 0.2857142985
116423  -24.851  16.577  -48.668 0.1428571492
116431  -28.981  16.345  -49.482 0.2857142985
116434  -31.790  16.427  -48.967 0.2857142985
116436  -33.245  16.168  -49.368 0.1428571492
116445  -28.333  16.641  -50.001 0.2857142985
116446  -29.626  16.857  -49.527 0.2857142985
116456  -25.382  16.226  -51.816 0.4285714328
117270  -29.327  17.393  -49.997 0.2857142985
117284  -29.737  17.809  -50.230 0.2857142985
118091  -24.579  17.865  -51.513 0.1428571492
118096  -31.394  18.604  -50.776 0.2857142985
118098  -32.794  18.300  -50.641 0.1428571492
118099  -33.953  18.242  -50.975 0.1428571492
118109  -27.775  18.727  -51.575 0.2857142985
118114  -25.047  18.426  -52.489 0.1428571492
118937  -29.315  18.932  -51.111 0.2857142985
118942  -33.304  18.745  -51.024 0.1428571492
118949  -26.464  18.928  -52.409 0.2857142985
118954  -31.434  19.516  -51.418 0.1428571492
119841  -24.811  19.589  -52.206 0.1428571492
119843  -29.306  19.968  -51.979 0.1428571492
119846  -31.884  20.052  -51.755 0.1428571492
119854  -25.745  19.921  -53.331 0.1428571492
119855  -27.983  20.264  -52.695 0.2857142985
119859  -33.272  20.508  -52.133 0.1428571492
120724  -27.305  20.426  -53.096 0.1428571492
121630  -32.858  21.891  -52.888 0.1428571492
121640  -29.425  22.410  -53.542 0.1428571492
122569  -32.397  22.552  -53.180 0.1428571492
159215  -28.118  17.830  -50.725 0.2857142985
159691  -33.680  6.781  -45.492 0.2857142985
161376  -31.282  3.414  -42.875 0.8571428657
161600  -24.923  9.032  -48.749 0.1428571492
163523  -25.458  -3.245  -45.776 0.1428571492
164144  -34.586  0.824  -44.405 0.1428571492
164155  -29.922  10.185  -46.083 1.0000000000
164541  -26.273  -0.197  -46.133 0.1428571492
165038  -27.446  6.187  -46.682 0.4285714328
165262  -25.890  5.555  -47.970 0.2857142985
166027  -33.668  13.339  -50.720 0.1428571492
169135  -25.604  2.274  -47.719 0.2857142985
169198  -24.847  -9.653  -42.178 0.2857142985
169504  -33.203  4.366  -43.311 0.4285714328
170956  -37.241  -4.300  -37.687 0.1428571492
170965  -26.302  15.409  -50.979 0.4285714328
171522  -29.008  -0.458  -42.932 0.8571428657
172367  -36.909  -2.224  -39.300 0.1428571492
172427  -24.739  13.962  -49.418 0.1428571492
173151  -30.912  13.238  -47.124 0.7142857313
173572  -31.786  17.462  -49.871 0.2857142985
174112  -28.345  1.069  -44.314 0.8571428657
174231  -33.650  12.586  -48.934 0.1428571492
176213  -32.868  10.797  -46.473 0.4285714328
176399  -24.993  0.210  -46.945 0.1428571492
177396  -26.199  1.290  -47.416 0.2857142985
177803  -33.690  13.727  -49.483 0.1428571492
178671  -34.182  17.184  -50.700 0.1428571492
179680  -34.380  16.115  -51.016 0.2857142985
181383  -33.701  9.560  -47.462 0.1428571492
181451  -25.043  -15.435  -35.780 0.2857142985
181553  -26.557  -3.716  -45.350 0.4285714328
183527  -32.783  14.749  -48.282 0.2857142985
183588  -26.349  -17.301  -35.215 0.2857142985
184497  -24.509  2.536  -48.021 0.2857142985
184514  -34.205  1.306  -43.203 0.2857142985
184799  -37.023  -3.803  -37.563 0.1428571492
184836  -35.650  -6.716  -34.258 0.1428571492
185187  -28.316  14.503  -48.787 0.7142857313
185251  -22.735  4.366  -48.001 0.1428571492
185966  -33.049  7.413  -44.573 0.5714285970
186212  -33.455  9.415  -46.359 0.1428571492
186313  -29.675  0.562  -42.894 1.0000000000
187027  -26.191  0.220  -46.556 0.1428571492
187808  -33.630  4.787  -44.276 0.1428571492
188172  -27.062  0.229  -45.499 0.4285714328
190877  -31.261  2.563  -43.058 0.8571428657
191353  -32.841  19.269  -51.316 0.1428571492
191425  -25.166  -13.682  -38.361 0.4285714328
192109  -26.137  13.638  -50.282 0.4285714328
192296  -28.571  8.678  -46.375 0.5714285970
