#!ascii label  , from subject sub-v2s2x29082_ses-1 vox2ras=TkReg
2108
35922  25.696  -46.213  -20.879 0.8999999762
35935  25.283  -46.829  -21.195 0.8000000119
35934  25.676  -46.317  -21.626 0.8000000119
34885  24.603  -47.106  -22.436 0.6999999881
34895  24.499  -46.583  -23.100 0.8000000119
35923  25.251  -46.748  -20.340 0.8999999762
35945  26.107  -45.829  -22.090 1.0000000000
35946  25.373  -46.275  -22.398 0.8999999762
165762  24.732  -46.522  -22.848 0.8000000119
35952  24.177  -46.043  -23.362 0.8000000119
36926  24.721  -45.951  -23.057 0.8999999762
34894  24.622  -46.892  -23.618 0.8000000119
186697  24.479  -46.692  -24.314 0.6999999881
34911  24.684  -47.071  -25.131 0.6999999881
35895  24.497  -46.501  -19.270 0.8000000119
35910  25.085  -46.201  -19.696 0.8999999762
36893  25.412  -45.485  -19.926 0.8999999762
192818  24.571  -45.876  -19.331 0.8999999762
35897  22.488  -46.623  -18.711 0.8999999762
36904  26.185  -45.757  -21.364 0.8999999762
36916  26.546  -45.243  -21.854 1.0000000000
37937  25.814  -44.847  -24.049 1.0000000000
36933  25.166  -45.444  -23.487 0.8999999762
36934  24.021  -45.613  -23.555 0.8999999762
35962  23.988  -46.206  -23.666 0.8000000119
34912  23.782  -46.716  -25.527 0.6999999881
37880  25.706  -44.730  -20.129 0.8999999762
37868  24.941  -44.747  -19.601 0.8999999762
37869  24.240  -45.204  -19.275 0.8999999762
185945  23.522  -45.378  -19.096 0.8999999762
36882  22.072  -45.762  -19.068 0.8999999762
36892  26.009  -45.492  -20.597 0.8999999762
36903  26.471  -45.094  -21.215 0.8999999762
36924  26.491  -45.281  -22.569 1.0000000000
36935  23.428  -45.680  -23.837 0.8000000119
35963  23.402  -46.133  -24.029 0.8000000119
35978  23.129  -46.224  -24.909 0.8000000119
35979  22.327  -46.067  -25.220 0.8000000119
34922  22.393  -47.123  -26.380 0.8000000119
166941  21.088  -46.572  -26.540 0.8000000119
171248  24.209  -44.430  -19.357 0.8999999762
186308  22.007  -44.904  -19.284 0.8999999762
36883  21.386  -45.229  -19.366 0.8999999762
38985  26.003  -43.971  -20.359 0.8999999762
38971  22.175  -43.816  -19.617 0.8999999762
38972  21.508  -43.960  -19.733 0.8000000119
36894  20.367  -45.282  -19.848 0.8000000119
37896  26.633  -44.496  -21.163 0.8999999762
38988  21.672  -43.315  -19.928 0.6999999881
37883  20.312  -44.588  -20.052 0.6999999881
36895  19.792  -45.085  -20.256 0.6999999881
37910  27.161  -44.145  -21.998 0.8999999762
37884  19.639  -44.228  -20.494 0.6999999881
37897  19.002  -44.220  -20.891 0.6999999881
37919  27.316  -44.173  -22.700 1.0000000000
40073  19.158  -42.998  -20.948 0.6000000238
166003  26.899  -44.704  -23.031 1.0000000000
37953  27.161  -43.969  -24.185 1.0000000000
37936  26.696  -44.553  -23.794 1.0000000000
172695  25.507  -44.432  -24.734 1.0000000000
37938  24.776  -44.983  -24.164 0.8999999762
37954  26.388  -44.274  -24.516 1.0000000000
37969  24.589  -44.457  -24.897 0.8999999762
37956  23.970  -44.803  -24.506 0.8000000119
36950  23.178  -45.509  -24.216 0.8000000119
35965  22.230  -45.818  -24.960 0.8000000119
36966  21.703  -45.541  -25.594 0.8000000119
35981  21.287  -46.056  -25.990 0.8000000119
36967  21.082  -45.465  -26.300 0.8000000119
192820  21.438  -44.917  -26.114 0.8000000119
36983  20.559  -45.391  -27.130 0.8000000119
37881  25.320  -43.965  -19.921 0.8999999762
37870  23.436  -44.588  -19.235 0.8999999762
38987  24.885  -43.228  -19.916 0.8999999762
40037  24.081  -43.177  -19.692 0.8999999762
38970  22.944  -43.803  -19.475 0.8999999762
40039  22.465  -43.087  -19.798 0.8999999762
39006  26.904  -43.330  -21.187 0.8999999762
38989  20.324  -43.826  -20.210 0.6999999881
39005  27.206  -43.625  -21.679 0.8999999762
40057  20.412  -43.082  -20.330 0.6000000238
40072  19.895  -42.630  -20.714 0.6000000238
188912  27.922  -43.134  -22.772 1.0000000000
40090  18.791  -42.490  -21.475 0.5000000000
39044  27.681  -43.503  -23.789 1.0000000000
42277  19.170  -41.102  -22.278 0.5000000000
39056  27.459  -43.303  -24.474 1.0000000000
39057  26.799  -43.656  -24.832 1.0000000000
39067  26.415  -43.304  -25.380 1.0000000000
37955  26.068  -43.919  -25.142 1.0000000000
39069  24.424  -43.926  -25.585 0.8999999762
37957  23.014  -44.927  -24.869 0.8000000119
39087  24.192  -43.299  -26.150 0.8999999762
39070  23.523  -43.873  -25.753 0.8000000119
37971  22.866  -44.509  -25.385 0.8000000119
40161  23.868  -42.633  -26.551 0.8999999762
39071  22.636  -43.835  -25.972 0.8000000119
40162  22.991  -42.529  -26.619 0.8999999762
39089  21.835  -43.778  -26.325 0.8000000119
177894  20.429  -44.045  -27.399 0.8000000119
40171  20.086  -42.485  -27.722 0.8000000119
166803  20.050  -43.912  -28.142 0.8000000119
40053  23.593  -42.562  -19.924 0.8999999762
38986  25.656  -43.272  -20.236 0.8999999762
40050  25.925  -42.570  -20.566 0.8999999762
174308  22.434  -42.361  -20.122 0.6999999881
41118  21.902  -42.008  -20.410 0.8000000119
192362  27.101  -42.833  -21.305 0.8999999762
41137  26.948  -41.764  -21.134 0.8999999762
162477  20.861  -41.866  -20.794 0.6999999881
41145  20.222  -41.848  -21.059 0.6000000238
41146  19.446  -42.171  -21.247 0.6000000238
42248  20.843  -41.273  -21.227 0.6999999881
192300  20.289  -41.320  -21.410 0.6000000238
41163  19.738  -41.340  -21.647 0.5000000000
39030  28.085  -43.016  -23.384 1.0000000000
42276  19.871  -40.661  -22.253 0.5000000000
42291  19.335  -40.456  -22.745 0.5000000000
40121  27.998  -42.827  -24.079 1.0000000000
40134  27.088  -43.020  -25.082 1.0000000000
40146  26.641  -42.591  -25.607 1.0000000000
39085  25.947  -42.964  -25.824 1.0000000000
39086  25.144  -43.305  -25.932 0.8999999762
41213  27.069  -41.925  -25.515 1.0000000000
41214  26.421  -41.889  -25.933 0.8999999762
40159  25.495  -42.555  -26.229 0.8999999762
40160  24.720  -42.656  -26.424 0.8999999762
41225  25.107  -41.953  -26.561 0.8999999762
41228  22.555  -41.859  -26.804 0.8999999762
177678  21.556  -42.554  -26.828 0.8999999762
42344  24.675  -41.234  -26.749 0.8999999762
41227  23.454  -41.932  -26.786 0.8999999762
41230  20.758  -42.088  -27.249 0.8999999762
41237  22.900  -41.220  -26.950 0.8999999762
40051  25.157  -42.567  -20.266 0.8999999762
40052  24.358  -42.545  -20.031 0.8999999762
41117  23.056  -42.002  -20.214 0.8999999762
41116  23.823  -41.947  -20.267 0.8999999762
171581  23.386  -41.478  -20.532 1.0000000000
41142  22.776  -41.385  -20.648 0.8000000119
42241  26.491  -41.166  -21.048 0.8999999762
41144  21.427  -41.620  -20.792 0.6999999881
40089  27.767  -42.799  -22.175 0.8999999762
41162  27.611  -41.570  -21.541 0.8999999762
42247  21.642  -40.996  -21.219 0.6999999881
42275  21.173  -40.616  -21.768 0.6999999881
180249  20.421  -40.888  -21.790 0.5000000000
41189  28.406  -42.197  -23.578 1.0000000000
42290  19.971  -40.152  -22.719 0.5000000000
43412  19.580  -39.884  -23.140 0.5000000000
42320  28.516  -41.369  -23.992 1.0000000000
42321  28.089  -41.342  -24.725 1.0000000000
43436  27.837  -40.529  -25.083 1.0000000000
42334  26.781  -41.222  -25.796 1.0000000000
43447  27.138  -40.520  -25.637 1.0000000000
180169  26.131  -41.195  -26.235 0.8999999762
173103  25.437  -41.210  -26.550 0.8999999762
42353  24.747  -39.942  -26.920 0.8999999762
42387  25.832  -41.132  -29.624 0.6999999881
42405  25.560  -40.656  -29.981 0.8000000119
41281  24.329  -41.692  -30.394 0.8000000119
42407  23.480  -40.677  -31.007 0.8000000119
42240  27.206  -41.049  -21.238 0.8999999762
42242  26.104  -40.548  -21.154 1.0000000000
41140  24.767  -41.269  -20.926 1.0000000000
42244  24.146  -40.737  -21.240 1.0000000000
42245  23.289  -40.892  -21.089 0.6999999881
42246  22.412  -40.867  -21.160 0.6999999881
40088  27.973  -42.067  -22.125 0.8999999762
42272  27.852  -40.853  -21.515 0.8999999762
42274  21.963  -40.422  -21.693 0.6999999881
43410  21.144  -39.651  -22.770 0.6000000238
188885  28.668  -40.827  -23.927 1.0000000000
167041  28.644  -41.433  -23.302 0.8999999762
41161  28.186  -41.300  -22.059 0.8999999762
44632  20.327  -39.067  -23.374 0.4000000060
174603  28.479  -40.612  -24.395 1.0000000000
43446  27.464  -39.682  -25.560 1.0000000000
43457  26.349  -39.772  -26.375 1.0000000000
43456  26.885  -39.315  -26.159 1.0000000000
43520  20.717  -40.069  -29.882 0.8999999762
43541  28.549  -40.390  -31.861 0.6000000238
43514  27.069  -40.232  -30.249 0.6000000238
173529  26.140  -40.109  -30.133 0.8000000119
43517  24.291  -40.185  -30.788 0.8000000119
175192  22.757  -40.968  -30.968 0.8999999762
42408  21.694  -40.718  -30.588 0.8999999762
43399  28.103  -40.192  -21.527 0.8999999762
192886  26.791  -40.622  -21.117 0.8999999762
43389  23.561  -40.240  -21.630 0.8000000119
42273  22.754  -40.325  -21.627 0.6999999881
44625  22.524  -39.391  -22.464 0.6999999881
44630  22.002  -38.958  -22.776 0.6000000238
45693  20.609  -38.495  -23.465 0.4000000060
42288  28.910  -40.226  -23.139 1.0000000000
42289  28.647  -40.819  -22.647 0.8999999762
43423  28.815  -40.391  -23.817 1.0000000000
43435  28.279  -39.718  -24.818 1.0000000000
44669  27.998  -38.981  -25.359 1.0000000000
44670  27.410  -38.849  -25.935 1.0000000000
45740  27.408  -38.186  -26.427 1.0000000000
44721  20.908  -38.853  -28.983 0.8999999762
45775  20.978  -38.047  -29.434 0.8999999762
45786  20.902  -38.688  -29.919 0.8999999762
44738  22.760  -39.323  -31.054 0.8999999762
43519  21.347  -39.896  -30.533 0.8999999762
44760  29.547  -39.573  -31.719 0.6000000238
43540  28.876  -40.301  -32.018 0.6000000238
43530  28.129  -39.792  -31.427 0.6000000238
43531  27.451  -39.646  -30.873 0.8000000119
179113  25.786  -39.611  -30.483 0.8000000119
180587  23.401  -39.970  -31.057 0.8999999762
43385  26.599  -40.025  -21.101 0.8999999762
43386  25.673  -39.854  -21.246 0.8999999762
44616  24.884  -39.577  -21.536 0.6999999881
165509  26.432  -39.174  -21.071 0.8999999762
44614  25.416  -38.978  -21.285 0.8999999762
44624  23.212  -39.191  -22.263 0.6000000238
42271  28.539  -40.122  -22.039 1.0000000000
169331  28.414  -39.569  -21.571 1.0000000000
179053  27.834  -39.620  -21.235 1.0000000000
171425  23.384  -38.463  -22.281 0.6000000238
44629  22.680  -38.703  -22.564 0.6000000238
46683  22.126  -37.429  -22.946 0.5000000000
44628  29.007  -39.393  -22.858 1.0000000000
43408  28.831  -40.023  -22.530 1.0000000000
162255  29.136  -38.616  -22.986 1.0000000000
179203  28.965  -39.720  -23.666 1.0000000000
44645  28.855  -39.316  -24.297 1.0000000000
44657  28.513  -38.967  -24.820 1.0000000000
45727  28.460  -38.385  -25.191 1.0000000000
159858  27.962  -37.816  -26.167 1.0000000000
46729  27.722  -37.509  -26.656 1.0000000000
46740  26.896  -37.321  -27.577 1.0000000000
162707  26.076  -38.381  -27.200 1.0000000000
45757  25.829  -37.876  -27.732 1.0000000000
189109  24.941  -38.723  -27.220 1.0000000000
188039  24.295  -37.729  -28.015 1.0000000000
45758  23.622  -38.003  -27.892 0.8999999762
170115  24.344  -38.913  -27.310 0.8999999762
173458  21.490  -38.163  -28.500 0.8999999762
45785  21.222  -38.181  -30.247 0.8999999762
44752  23.193  -38.711  -31.139 0.8999999762
46780  30.848  -37.760  -29.522 0.6000000238
44734  30.027  -39.069  -30.868 0.6000000238
183862  29.133  -39.152  -31.839 0.6000000238
44762  28.595  -39.568  -31.864 0.6000000238
44749  26.937  -38.963  -31.020 0.8000000119
44736  24.934  -39.350  -30.789 0.8000000119
182942  27.397  -39.023  -21.077 0.8999999762
44623  23.904  -38.996  -22.047 0.6000000238
45684  24.174  -38.173  -21.968 0.6000000238
45682  28.581  -38.263  -21.396 0.8999999762
46677  23.350  -37.159  -22.308 0.6000000238
45686  22.822  -37.818  -22.537 0.5000000000
44621  28.802  -39.475  -22.079 1.0000000000
45702  29.273  -38.089  -23.596 1.0000000000
45690  29.243  -38.001  -22.713 0.8999999762
186548  29.263  -37.793  -24.328 1.0000000000
44656  28.970  -38.485  -24.433 1.0000000000
46718  28.994  -37.280  -25.392 1.0000000000
189890  28.667  -37.274  -25.796 1.0000000000
186013  28.327  -37.253  -26.220 1.0000000000
47758  28.074  -36.389  -27.128 1.0000000000
46739  27.496  -36.991  -27.273 1.0000000000
46754  26.257  -37.223  -27.996 1.0000000000
46755  25.501  -37.384  -28.146 1.0000000000
192016  24.044  -36.862  -28.521 1.0000000000
46757  22.220  -36.824  -28.537 0.8999999762
45774  21.355  -37.374  -28.895 0.8999999762
165343  21.037  -37.328  -29.851 0.8999999762
46797  22.278  -36.773  -31.164 0.8999999762
165236  30.231  -36.999  -29.634 0.6000000238
45793  29.846  -38.263  -30.844 0.6000000238
46804  28.775  -37.795  -31.780 0.6000000238
46805  28.207  -37.425  -31.854 0.6999999881
45809  26.996  -37.593  -31.666 0.6999999881
45796  26.306  -38.211  -31.248 0.6999999881
44751  24.203  -38.696  -31.140 0.8000000119
45798  23.486  -38.097  -31.274 0.8999999762
46771  31.321  -37.333  -28.880 0.6000000238
46807  26.683  -36.873  -31.882 0.6999999881
46794  25.350  -37.811  -31.498 0.8000000119
46795  24.655  -37.330  -31.653 0.8999999762
46675  24.623  -37.558  -21.808 0.6999999881
46676  24.022  -37.375  -22.047 0.6000000238
46674  27.936  -37.577  -21.087 0.8999999762
45670  27.099  -37.724  -21.020 0.8000000119
46662  25.829  -37.596  -21.249 0.6999999881
45681  29.048  -37.777  -21.955 0.8999999762
46673  28.655  -37.349  -21.416 0.8000000119
46695  29.451  -37.517  -23.158 1.0000000000
46682  29.384  -37.320  -22.511 0.8000000119
46681  29.684  -36.894  -23.080 0.8999999762
46708  29.364  -37.268  -24.719 1.0000000000
47737  29.467  -36.240  -25.679 1.0000000000
47748  29.122  -36.042  -26.250 1.0000000000
48795  28.576  -35.724  -26.897 1.0000000000
184915  28.031  -35.756  -27.399 1.0000000000
47774  27.097  -35.879  -28.083 1.0000000000
189943  26.306  -36.620  -28.241 1.0000000000
46756  24.668  -37.195  -28.348 1.0000000000
47778  23.309  -36.377  -28.563 0.8999999762
47779  22.117  -36.012  -28.883 0.8999999762
46773  21.381  -36.599  -29.300 0.8999999762
47799  21.813  -35.881  -30.638 0.8999999762
46792  29.073  -37.474  -31.317 0.6000000238
46806  27.518  -36.985  -31.926 0.6999999881
46796  23.554  -37.323  -31.497 0.8999999762
48821  31.571  -35.207  -28.073 0.6000000238
47788  30.447  -36.553  -29.186 0.6000000238
168232  27.095  -36.307  -31.959 0.6999999881
46808  25.871  -36.773  -31.815 0.6999999881
45673  25.118  -38.104  -21.516 0.6999999881
169254  24.550  -36.899  -21.830 0.6000000238
46660  27.238  -36.972  -20.973 0.8000000119
46661  26.468  -37.222  -21.065 0.8000000119
47676  25.800  -36.850  -21.258 0.6999999881
46663  25.180  -37.245  -21.548 0.6999999881
47688  28.756  -36.576  -21.491 0.6999999881
47689  28.063  -36.781  -21.143 0.8000000119
47698  29.539  -36.649  -22.382 0.6999999881
47686  29.882  -36.171  -22.874 0.6999999881
48751  30.196  -35.646  -24.082 0.8000000119
48763  30.106  -35.533  -24.676 0.8000000119
47736  29.904  -36.001  -25.186 0.8000000119
48779  29.923  -35.228  -25.256 0.8000000119
48780  29.573  -35.618  -25.761 0.8999999762
48794  29.107  -35.165  -26.331 0.8999999762
48810  27.562  -35.326  -27.784 1.0000000000
47776  25.552  -36.611  -28.488 1.0000000000
47789  24.922  -35.999  -28.724 1.0000000000
49833  27.166  -34.591  -27.940 1.0000000000
47775  26.403  -35.987  -28.419 1.0000000000
47777  24.458  -36.506  -28.650 1.0000000000
47790  23.973  -35.680  -28.703 1.0000000000
48825  22.878  -35.527  -28.767 0.8999999762
48826  22.135  -35.302  -29.224 0.8999999762
47791  21.591  -35.862  -29.671 0.8999999762
172600  30.417  -35.797  -28.951 0.6000000238
46782  29.746  -36.936  -30.220 0.6000000238
47807  28.842  -36.414  -31.029 0.6000000238
47808  28.326  -36.210  -31.430 0.6999999881
47811  22.596  -35.927  -31.390 0.8999999762
47809  24.108  -36.677  -31.727 0.8999999762
49877  27.567  -34.904  -31.568 0.6999999881
165325  26.801  -35.679  -31.984 0.6999999881
165297  25.209  -35.387  -31.918 0.8999999762
49881  24.830  -34.518  -31.935 0.8999999762
47674  27.365  -36.176  -21.048 0.6999999881
47675  26.479  -36.374  -21.082 0.6000000238
48712  26.054  -35.617  -21.258 0.6000000238
170376  24.468  -36.050  -21.984 0.6000000238
172208  28.999  -35.806  -21.677 0.6999999881
48711  27.458  -35.266  -21.147 0.6000000238
48723  29.561  -35.273  -22.059 0.6999999881
48722  29.996  -35.458  -22.615 0.6999999881
162828  30.297  -34.882  -23.066 0.6999999881
49777  30.155  -34.887  -24.657 0.8000000119
172633  29.561  -34.946  -25.748 0.8000000119
50795  29.306  -33.886  -25.903 0.8000000119
49807  28.803  -34.422  -26.582 0.8000000119
48809  28.173  -35.113  -27.298 1.0000000000
49819  28.305  -34.402  -27.072 0.8000000119
49834  26.509  -34.529  -28.238 1.0000000000
48823  26.135  -35.146  -28.548 1.0000000000
48835  24.675  -34.745  -28.636 1.0000000000
50831  26.184  -33.726  -28.157 1.0000000000
49846  24.959  -34.260  -28.537 1.0000000000
49847  24.072  -34.161  -28.712 1.0000000000
50844  23.602  -33.549  -29.307 1.0000000000
49858  22.747  -33.936  -29.864 1.0000000000
48838  21.862  -35.139  -29.996 0.8999999762
47798  29.301  -36.193  -30.305 0.6000000238
48858  22.158  -35.139  -30.952 0.8999999762
168692  30.850  -35.040  -28.486 0.6000000238
48847  29.692  -35.555  -29.596 0.6000000238
48855  28.696  -35.761  -30.835 0.6999999881
48857  23.051  -35.223  -31.540 0.8999999762
49866  28.554  -35.026  -30.617 0.6999999881
49878  27.020  -34.474  -31.888 0.6999999881
164399  25.757  -34.109  -32.076 0.8999999762
49728  25.705  -35.042  -21.485 0.5000000000
49725  27.928  -34.644  -21.242 0.6000000238
49726  27.187  -34.267  -21.154 0.5000000000
48724  29.027  -35.078  -21.679 0.6999999881
48710  28.394  -35.231  -21.360 0.6999999881
191035  30.284  -34.316  -22.822 0.6999999881
49737  30.034  -34.761  -22.397 0.6999999881
189034  30.453  -33.651  -23.920 0.6999999881
50784  30.270  -34.060  -24.375 0.6999999881
49794  29.812  -34.280  -25.350 0.8000000119
177439  29.446  -33.386  -25.627 0.8000000119
51754  29.074  -32.729  -26.011 0.8000000119
51766  28.524  -32.867  -26.520 0.8000000119
52806  28.677  -32.102  -26.402 0.8000000119
52807  28.071  -32.279  -26.833 0.8000000119
51779  27.386  -33.181  -27.457 0.8999999762
50818  26.818  -33.403  -27.833 1.0000000000
51780  26.789  -32.580  -27.744 0.8999999762
172528  26.300  -33.024  -28.017 1.0000000000
50832  25.329  -33.665  -28.393 1.0000000000
50843  24.498  -33.574  -28.726 1.0000000000
51807  23.586  -32.836  -29.714 1.0000000000
160179  22.651  -34.008  -30.632 0.8999999762
192569  22.936  -34.160  -31.184 0.8999999762
51826  23.224  -32.988  -30.982 0.8999999762
50869  23.750  -33.166  -31.713 0.8999999762
49843  30.727  -34.260  -28.640 0.6000000238
49855  29.452  -34.806  -29.690 0.6000000238
49867  28.060  -34.507  -31.020 0.6999999881
50867  26.480  -33.746  -32.016 0.8000000119
163327  25.047  -33.692  -32.086 0.8999999762
50829  31.194  -33.674  -28.298 0.6000000238
50852  28.343  -33.781  -30.564 0.6999999881
51823  27.486  -33.126  -31.186 0.6999999881
51835  26.095  -32.963  -32.185 0.8000000119
50868  24.479  -33.274  -32.057 0.8999999762
51824  26.840  -33.052  -31.794 0.6999999881
51836  25.198  -32.949  -32.303 0.8999999762
165480  27.998  -33.970  -21.263 0.5000000000
190742  26.860  -33.750  -21.134 0.5000000000
50747  28.809  -33.803  -21.491 0.6999999881
50737  27.337  -33.407  -21.164 0.5000000000
50746  29.609  -33.595  -21.880 0.6999999881
50759  30.418  -33.710  -22.888 0.6999999881
50745  30.215  -33.326  -22.338 0.6999999881
50774  30.625  -33.271  -23.524 0.6999999881
51730  30.701  -32.618  -23.860 0.6999999881
52788  30.474  -31.856  -24.791 0.6999999881
166845  29.977  -33.349  -24.974 0.6999999881
52798  29.303  -31.993  -25.878 0.8000000119
53827  28.932  -31.249  -26.373 0.8000000119
171362  28.230  -31.552  -26.786 0.8000000119
53836  27.338  -31.172  -27.460 0.8000000119
52821  26.426  -31.813  -27.971 0.8999999762
51794  26.040  -32.416  -28.136 1.0000000000
52848  24.998  -31.681  -28.852 1.0000000000
51806  24.207  -32.950  -29.113 1.0000000000
53835  27.844  -31.162  -27.141 0.8000000119
54853  27.021  -30.576  -27.754 0.8000000119
52836  25.733  -31.719  -28.378 0.8999999762
53867  24.705  -30.988  -29.271 1.0000000000
170605  23.973  -32.413  -29.413 1.0000000000
54882  25.036  -30.277  -29.123 0.8999999762
177933  23.522  -32.211  -30.053 1.0000000000
51816  23.312  -32.681  -30.394 1.0000000000
52858  23.321  -32.126  -30.957 1.0000000000
192706  24.043  -32.203  -32.226 0.8999999762
50851  28.933  -33.642  -30.093 0.6999999881
52877  23.540  -31.847  -31.905 0.8999999762
50841  30.062  -33.512  -29.231 0.6000000238
50842  29.502  -33.533  -29.646 0.6000000238
175062  24.778  -32.231  -32.495 0.8999999762
177979  29.201  -32.840  -29.856 0.6999999881
51815  28.118  -33.153  -30.660 0.6999999881
176418  27.255  -32.387  -31.298 0.6999999881
51825  26.448  -32.214  -31.955 0.6999999881
52874  25.864  -31.733  -32.389 0.8000000119
52866  27.075  -31.580  -31.293 0.6999999881
53899  25.164  -30.860  -32.810 0.8000000119
54927  24.836  -30.163  -32.819 0.8999999762
176771  26.407  -31.359  -31.873 0.6999999881
49739  28.611  -34.529  -21.442 0.6000000238
50736  28.151  -33.206  -21.299 0.5000000000
51703  29.761  -32.778  -21.929 0.6999999881
176910  28.959  -33.023  -21.560 0.5000000000
51713  30.751  -32.450  -23.203 0.6999999881
52771  30.845  -31.900  -23.853 0.6999999881
52753  30.853  -31.718  -23.239 0.6999999881
52787  30.791  -31.720  -24.379 0.6999999881
53806  30.760  -31.273  -24.693 0.6999999881
165374  30.351  -31.304  -25.214 0.6999999881
52797  29.956  -31.955  -25.329 0.6999999881
53819  29.692  -31.295  -25.751 0.8000000119
54838  29.410  -29.992  -26.499 0.8000000119
167581  28.286  -30.815  -26.914 0.8000000119
166466  27.661  -30.530  -27.359 0.8000000119
56140  29.016  -28.891  -27.078 0.8000000119
57370  27.763  -28.723  -27.614 0.8000000119
54865  26.569  -29.948  -28.076 0.8000000119
54881  25.529  -30.149  -28.727 0.8999999762
176722  24.705  -29.752  -29.399 0.8999999762
53868  24.055  -30.972  -29.929 1.0000000000
57383  27.175  -28.275  -27.939 0.8000000119
168565  26.825  -28.766  -27.999 0.8000000119
53881  23.622  -30.897  -30.607 1.0000000000
54898  23.935  -30.370  -30.296 1.0000000000
52846  30.238  -32.360  -29.152 0.6000000238
179250  23.432  -31.236  -31.340 1.0000000000
177978  28.584  -32.557  -30.263 0.6999999881
53880  28.320  -31.096  -30.375 0.6999999881
53900  24.338  -30.911  -32.766 0.8999999762
164286  23.885  -29.774  -32.379 1.0000000000
53888  27.649  -30.979  -30.807 0.6999999881
54914  26.890  -30.118  -31.300 0.8000000119
169291  25.652  -30.403  -32.435 0.8000000119
53792  30.950  -31.193  -23.603 0.6999999881
169850  30.937  -30.566  -23.301 0.6999999881
53805  30.944  -31.238  -24.193 0.6999999881
175589  30.968  -30.777  -24.543 0.6999999881
53817  30.773  -30.703  -25.072 0.6999999881
54828  30.833  -29.951  -25.544 0.6999999881
54837  30.079  -30.002  -26.139 0.6999999881
56129  30.557  -29.364  -26.188 0.6999999881
56130  29.697  -29.322  -26.606 0.8000000119
54850  28.899  -29.625  -26.865 0.8000000119
57369  28.431  -28.492  -27.428 0.8000000119
57368  29.073  -28.180  -27.294 0.8000000119
57382  27.918  -28.059  -27.733 0.8000000119
56155  25.672  -28.931  -28.657 0.8999999762
56167  25.240  -29.502  -28.974 0.8999999762
57385  25.975  -28.435  -28.478 0.8000000119
177975  25.176  -28.758  -29.036 0.8999999762
56169  24.198  -29.638  -29.992 0.8999999762
52847  29.728  -32.150  -29.463 0.6000000238
58599  24.384  -27.516  -29.666 0.8999999762
57412  24.232  -28.227  -29.857 0.8999999762
176475  23.817  -29.896  -30.719 1.0000000000
174599  30.679  -30.827  -29.064 0.6000000238
56195  23.804  -29.168  -31.849 0.8999999762
177985  28.184  -30.404  -30.469 0.6999999881
57435  23.756  -28.418  -32.074 0.8999999762
54925  26.245  -29.904  -31.832 0.8000000119
54936  24.897  -29.349  -32.786 0.8999999762
56219  24.454  -28.845  -32.814 0.8000000119
54799  31.094  -30.515  -24.040 0.6999999881
54815  31.110  -30.162  -24.731 0.6999999881
56120  31.162  -29.131  -25.711 0.6999999881
182315  30.255  -28.837  -26.548 0.6999999881
56128  30.889  -28.710  -26.272 0.6999999881
57367  29.827  -27.755  -27.221 0.6999999881
166249  26.700  -27.726  -28.246 0.8000000119
58584  25.978  -27.066  -28.832 0.8000000119
58576  26.424  -27.330  -28.522 0.8000000119
59834  25.877  -26.018  -29.646 0.8000000119
56180  24.181  -28.900  -30.122 0.8999999762
176857  29.394  -30.659  -29.815 0.6000000238
59826  25.483  -26.662  -29.313 0.8000000119
59835  25.040  -26.241  -29.834 0.8999999762
58600  23.667  -27.538  -30.333 0.8999999762
177688  23.435  -27.976  -31.196 0.8999999762
54880  29.988  -30.399  -29.545 0.6000000238
177943  28.828  -30.516  -30.099 0.6999999881
58630  23.366  -27.618  -32.010 0.8999999762
54913  27.450  -29.634  -30.967 0.6999999881
187818  24.088  -28.510  -32.662 0.8000000119
57433  26.127  -28.393  -31.973 0.6999999881
56218  24.955  -28.743  -32.714 0.8000000119
56102  31.584  -28.889  -24.680 0.6999999881
57351  31.691  -27.897  -25.973 0.6999999881
58548  31.565  -27.401  -26.479 0.6999999881
58575  27.472  -27.496  -28.110 0.8000000119
59824  27.198  -26.212  -29.018 0.8000000119
61011  26.674  -25.810  -29.511 0.8000000119
61022  25.439  -25.647  -30.164 0.8000000119
180571  24.034  -27.001  -30.021 0.8999999762
59837  23.560  -26.665  -30.600 0.8999999762
54896  29.444  -29.951  -29.939 0.6000000238
170331  23.223  -27.189  -31.198 0.8999999762
56179  28.534  -29.226  -30.541 0.6999999881
57411  28.353  -28.749  -30.770 0.6999999881
177679  23.110  -26.857  -31.980 0.8999999762
57432  26.803  -27.839  -31.746 0.6999999881
185362  25.867  -27.080  -32.602 0.8000000119
59888  23.588  -26.558  -33.065 0.8000000119
59886  26.128  -26.586  -32.722 0.6999999881
58641  25.215  -26.666  -33.031 0.8000000119
58643  24.322  -27.080  -33.129 0.8000000119
58536  31.821  -27.771  -25.476 0.6999999881
58547  31.892  -27.193  -25.961 0.6000000238
56177  29.917  -29.226  -29.926 0.6000000238
61041  24.917  -25.309  -30.697 0.8000000119
62382  24.207  -25.027  -31.287 0.8999999762
61043  23.366  -25.522  -31.590 0.8999999762
56178  29.195  -29.223  -30.235 0.6000000238
61063  22.985  -25.499  -32.265 0.8999999762
181730  27.416  -28.030  -31.332 0.8000000119
61082  23.068  -25.858  -32.769 0.8999999762
61081  23.714  -25.993  -33.334 0.8000000119
59885  26.746  -26.175  -32.710 0.6999999881
61095  24.258  -25.679  -33.777 0.8000000119
62425  23.830  -25.204  -34.199 0.8000000119
174252  28.711  -27.545  -31.074 0.6999999881
62394  24.622  -24.402  -31.694 0.8000000119
59854  28.908  -26.857  -31.336 0.5000000000
174711  28.211  -27.179  -31.448 0.6000000238
59870  27.638  -26.223  -32.238 0.6000000238
58627  27.724  -26.875  -31.838 0.6999999881
179110  22.660  -24.708  -33.370 0.8000000119
61078  27.331  -25.714  -32.778 0.6000000238
167659  26.608  -25.536  -33.292 0.6000000238
62424  24.991  -25.243  -34.183 0.6999999881
62436  24.496  -24.802  -34.683 0.8000000119
61096  23.153  -25.364  -33.489 0.8000000119
62435  25.599  -24.653  -34.499 0.6000000238
63621  23.858  -24.058  -32.296 0.8000000119
64807  23.878  -23.002  -32.972 0.8000000119
63622  22.917  -24.451  -32.812 0.8999999762
61062  28.429  -25.945  -32.089 0.6000000238
62438  22.981  -24.354  -34.579 0.8000000119
62426  22.982  -24.824  -34.044 0.8000000119
63640  22.610  -23.662  -33.633 0.8000000119
63664  25.138  -24.143  -35.129 0.6000000238
64806  24.803  -22.740  -32.844 0.8000000119
64808  23.123  -23.004  -33.417 0.8000000119
62421  27.834  -24.593  -33.418 0.6000000238
63653  27.405  -24.175  -33.937 0.6000000238
63655  22.729  -23.722  -34.341 0.8000000119
63654  26.550  -24.450  -34.233 0.6000000238
63675  23.437  -23.054  -35.630 0.6999999881
171651  22.958  -22.354  -34.523 0.8000000119
64842  25.748  -22.930  -35.774 0.6000000238
64844  24.061  -23.018  -36.192 0.6000000238
66125  23.526  -21.612  -36.088 0.6999999881
63662  26.932  -23.768  -34.578 0.6000000238
64831  26.148  -23.540  -35.189 0.6000000238
66073  26.179  -21.995  -32.915 0.8000000119
66075  24.059  -22.364  -33.393 0.8000000119
63637  28.686  -24.394  -33.109 0.6000000238
66074  25.244  -22.124  -33.132 0.8000000119
63651  29.172  -23.639  -33.484 0.5000000000
67359  23.625  -21.055  -34.697 0.8000000119
171756  23.575  -21.722  -34.107 0.8000000119
64819  28.740  -23.221  -33.965 0.6000000238
63661  27.848  -23.523  -34.222 0.6000000238
68652  23.659  -20.723  -35.753 0.6000000238
64828  29.261  -22.539  -34.318 0.5000000000
66098  27.780  -22.406  -34.990 0.6000000238
66111  27.231  -22.050  -35.606 0.6000000238
66123  24.875  -21.811  -36.737 0.6000000238
66110  28.205  -21.772  -35.379 0.6000000238
165711  26.265  -22.255  -35.953 0.6000000238
66122  25.912  -21.684  -36.625 0.6000000238
67387  25.284  -20.991  -37.032 0.6000000238
67357  25.277  -20.996  -33.896 0.8000000119
66087  24.727  -21.627  -33.677 0.8000000119
67356  26.182  -20.937  -33.684 0.8000000119
68642  26.083  -19.955  -34.556 0.6999999881
68630  24.828  -20.513  -34.397 0.6999999881
66097  28.757  -22.128  -34.811 0.6000000238
67389  23.762  -21.125  -36.240 0.6000000238
69917  24.441  -19.564  -36.063 0.6000000238
68645  23.749  -20.538  -35.155 0.6999999881
67373  28.623  -21.241  -35.869 0.5000000000
68660  24.627  -20.418  -36.889 0.6000000238
67384  27.920  -20.851  -36.574 0.5000000000
67399  26.893  -20.626  -37.061 0.6000000238
67400  25.993  -20.449  -37.310 0.6000000238
68668  28.799  -20.285  -37.492 0.5000000000
68641  26.907  -19.879  -34.359 0.6999999881
69899  25.537  -19.486  -35.144 0.6000000238
69909  25.026  -19.106  -35.832 0.6000000238
69900  24.683  -19.663  -35.385 0.6000000238
69916  24.913  -19.042  -36.527 0.6000000238
171930  25.946  -18.979  -35.540 0.6000000238
172907  28.311  -19.776  -37.943 0.5000000000
68670  26.753  -20.047  -37.566 0.6000000238
68683  26.616  -19.509  -38.004 0.6000000238
68671  25.952  -19.804  -37.701 0.6000000238
68673  24.525  -19.617  -36.733 0.6000000238
71144  25.544  -18.552  -36.313 0.6000000238
69935  27.924  -19.229  -38.312 0.6000000238
178992  27.177  -19.234  -38.267 0.6000000238
68681  29.182  -20.020  -38.202 0.5000000000
69934  28.800  -19.369  -38.479 0.5000000000
163137  29.349  -18.810  -38.942 0.4000000060
71177  30.016  -18.027  -39.331 0.5000000000
69898  26.434  -19.431  -34.916 0.6000000238
179784  26.477  -18.501  -35.860 0.6000000238
183314  26.022  -18.594  -38.396 0.6000000238
71159  25.385  -18.414  -37.516 0.6000000238
71143  26.200  -18.037  -36.509 0.6000000238
71180  26.989  -18.071  -39.097 0.6000000238
72283  26.322  -17.516  -38.997 0.6000000238
69947  28.384  -18.733  -38.799 0.5000000000
71179  27.867  -18.127  -39.180 0.6000000238
72280  29.238  -17.417  -39.820 0.5000000000
191201  30.639  -16.924  -39.505 0.4000000060
72279  30.115  -17.131  -39.681 0.4000000060
72267  25.785  -17.321  -38.492 0.6000000238
72252  25.988  -17.510  -37.189 0.5000000000
71151  27.177  -18.064  -36.110 0.5000000000
71142  27.240  -18.556  -35.584 0.5000000000
71167  25.765  -17.989  -38.556 0.6000000238
73389  26.011  -16.752  -38.330 0.5000000000
161319  27.246  -17.476  -39.398 0.6000000238
72292  28.400  -16.881  -40.170 0.5000000000
72291  29.357  -16.756  -40.227 0.4000000060
71150  27.971  -17.833  -36.076 0.4000000060
72282  26.682  -16.791  -39.396 0.6000000238
74547  26.210  -16.280  -38.707 0.5000000000
73404  28.425  -16.319  -40.671 0.4000000060
73405  27.463  -16.296  -40.294 0.6000000238
74565  26.766  -15.767  -39.870 0.6000000238
74546  26.473  -15.813  -38.757 0.4000000060
74563  29.438  -15.929  -40.714 0.4000000060
74564  28.511  -15.744  -40.965 0.4000000060
74539  27.133  -15.864  -38.132 0.4000000060
184495  27.316  -15.531  -40.539 0.4000000060
74553  26.721  -15.107  -39.616 0.4000000060
75787  30.410  -15.449  -40.365 0.4000000060
75790  27.545  -14.902  -40.975 0.4000000060
73373  29.520  -16.788  -36.788 0.4000000060
168609  28.056  -15.841  -37.844 0.4000000060
75775  27.217  -14.632  -39.108 0.4000000060
77011  29.418  -14.253  -41.328 0.4000000060
77012  27.648  -14.314  -41.290 0.4000000060
75781  26.822  -14.481  -39.944 0.4000000060
178332  29.485  -15.848  -37.655 0.4000000060
74538  28.696  -15.576  -38.008 0.4000000060
74545  27.655  -15.284  -38.398 0.4000000060
188220  28.286  -14.169  -41.522 0.3000000119
76997  27.254  -13.844  -39.522 0.4000000060
190209  27.698  -14.207  -38.953 0.4000000060
75773  29.417  -14.537  -38.281 0.4000000060
76990  28.346  -13.899  -38.799 0.4000000060
41282  23.492  -41.547  -30.837 0.8000000119
41283  22.428  -41.579  -30.766 0.8999999762
42390  20.500  -41.156  -29.370 0.8999999762
41284  21.365  -41.431  -30.219 0.8999999762
41252  20.018  -41.746  -28.861 0.8999999762
42342  25.771  -40.375  -26.504 0.8999999762
43458  25.714  -39.532  -26.734 1.0000000000
45745  26.744  -38.312  -26.872 1.0000000000
42345  21.946  -41.262  -27.097 0.8999999762
41236  23.832  -41.235  -26.874 0.8999999762
43471  24.222  -39.567  -27.114 0.8999999762
44696  25.559  -38.855  -27.000 1.0000000000
42357  21.332  -40.813  -27.479 0.8999999762
42355  23.247  -40.538  -27.089 0.8999999762
192738  22.715  -39.983  -27.292 0.8999999762
43470  24.978  -39.333  -27.007 1.0000000000
42370  20.505  -40.224  -28.530 0.8999999762
44698  22.666  -38.800  -27.646 0.8999999762
73374  26.810  -17.145  -37.087 0.4000000060
73383  26.994  -16.555  -37.577 0.4000000060
72260  27.714  -16.966  -36.957 0.4000000060
72249  29.151  -17.326  -36.322 0.4000000060
35909  25.542  -46.053  -20.255 0.8999999762
36925  25.712  -45.730  -22.806 1.0000000000
34904  23.918  -46.440  -24.611 0.8000000119
176671  23.141  -46.034  -18.904 0.8999999762
37920  26.941  -44.735  -22.291 1.0000000000
35964  22.759  -45.870  -24.490 0.8000000119
165561  26.330  -43.275  -20.650 0.8999999762
37968  25.287  -43.980  -25.379 0.8999999762
37970  23.699  -44.455  -25.115 0.8000000119
37972  22.014  -44.611  -25.775 0.8000000119
163314  20.920  -44.635  -26.810 0.8000000119
40133  27.659  -42.639  -24.726 1.0000000000
40163  22.317  -43.072  -26.495 0.8999999762
40164  20.862  -42.869  -27.116 0.8000000119
41239  20.145  -41.643  -28.035 0.8999999762
40183  19.741  -42.271  -28.420 0.8000000119
41224  25.800  -41.894  -26.303 0.8999999762
42356  22.176  -40.520  -27.295 0.8999999762
41114  25.359  -41.878  -20.663 0.8999999762
41141  23.998  -41.351  -20.728 1.0000000000
43409  21.842  -39.549  -22.603 0.6000000238
44631  20.897  -39.123  -23.138 0.4000000060
177231  21.458  -39.183  -22.894 0.4000000060
193147  26.859  -39.951  -25.976 1.0000000000
169380  25.255  -39.932  -26.797 0.8999999762
180348  24.222  -42.783  -29.956 0.6999999881
44737  23.829  -39.395  -31.026 0.8000000119
44613  27.163  -39.630  -21.093 0.8999999762
43501  20.388  -39.644  -29.114 0.8999999762
42403  27.416  -41.079  -30.055 0.6000000238
43518  22.446  -40.126  -31.006 0.8999999762
44615  24.615  -38.893  -21.711 0.6999999881
185163  21.614  -37.811  -23.165 0.4000000060
160390  21.144  -40.222  -27.811 0.8999999762
44753  22.090  -38.506  -30.919 0.8999999762
45799  22.629  -38.105  -31.108 0.8999999762
44763  28.279  -38.651  -31.787 0.6999999881
45795  27.404  -38.348  -31.516 0.6999999881
45672  25.987  -38.340  -21.129 0.8000000119
47759  27.566  -36.174  -27.645 1.0000000000
44697  23.493  -39.049  -27.407 0.8999999762
171226  23.529  -37.235  -28.248 0.8999999762
45747  22.239  -38.364  -27.917 0.8999999762
43474  21.889  -39.724  -27.614 0.8999999762
177634  21.695  -37.542  -30.695 0.8999999762
46672  29.130  -37.020  -21.898 0.8000000119
47690  23.903  -36.652  -22.144 0.5000000000
46694  29.569  -37.238  -23.870 1.0000000000
46783  21.364  -36.613  -30.259 0.8999999762
47687  29.220  -36.414  -21.914 0.6999999881
48738  30.203  -35.597  -23.355 0.8000000119
47710  29.968  -36.356  -23.746 0.8999999762
47726  30.027  -36.117  -24.524 0.8999999762
47818  27.883  -35.976  -31.806 0.6999999881
47810  23.593  -35.965  -31.728 0.8999999762
48868  26.090  -35.527  -32.010 0.8000000119
48713  25.290  -35.633  -21.662 0.6000000238
47673  28.210  -35.987  -21.245 0.8000000119
183043  26.740  -35.659  -21.097 0.6000000238
185030  29.596  -35.979  -22.205 0.6999999881
49761  30.328  -34.933  -23.900 0.6999999881
50817  27.322  -33.914  -27.651 1.0000000000
49848  23.113  -34.370  -29.022 1.0000000000
48869  24.157  -35.279  -31.778 0.8999999762
160852  26.429  -34.873  -21.202 0.6000000238
49740  25.148  -34.834  -21.910 0.5000000000
50775  30.434  -34.128  -23.503 0.6999999881
50816  27.903  -33.780  -27.271 0.8999999762
49727  26.396  -33.994  -21.210 0.5000000000
51743  30.631  -32.303  -24.343 0.6999999881
51753  29.662  -32.665  -25.454 0.8000000119
51838  23.539  -32.509  -31.710 0.8999999762
51696  27.626  -32.749  -21.233 0.5000000000
51702  30.397  -32.616  -22.458 0.6999999881
53851  26.157  -31.125  -28.219 0.8999999762
54851  28.198  -30.006  -27.173 0.8000000119
56153  26.960  -29.336  -27.875 0.8000000119
54937  24.305  -29.591  -32.819 0.8999999762
51695  28.251  -32.368  -21.392 0.5000000000
52737  29.994  -32.143  -22.118 0.6999999881
53818  30.241  -30.656  -25.653 0.6999999881
54866  25.877  -29.660  -28.483 0.8999999762
56168  24.655  -28.987  -29.487 0.8999999762
57422  26.920  -28.615  -31.380 0.8000000119
56208  25.483  -28.929  -32.376 0.8000000119
171309  31.358  -29.429  -25.016 0.6999999881
168903  28.091  -26.916  -28.235 0.8000000119
58644  23.596  -27.228  -32.738 0.8999999762
56119  31.599  -28.767  -25.308 0.6999999881
61023  24.583  -25.859  -30.331 0.8999999762
58519  31.788  -27.727  -24.876 0.6000000238
61079  25.859  -26.074  -33.098 0.6999999881
62395  23.393  -24.883  -32.096 0.8999999762
63674  24.195  -23.706  -35.799 0.6999999881
64843  24.776  -23.062  -36.134 0.6000000238
166936  23.022  -22.314  -35.322 0.8000000119
66124  24.065  -21.765  -36.451 0.6000000238
68631  24.112  -20.579  -34.619 0.6999999881
182194  26.766  -21.738  -36.174 0.6000000238
69938  25.407  -18.905  -37.739 0.6000000238
68669  27.819  -20.198  -37.313 0.6000000238
72262  25.516  -17.918  -37.441 0.6000000238
72259  28.620  -16.849  -36.863 0.4000000060
74537  30.169  -15.723  -37.572 0.4000000060
77003  27.251  -13.513  -41.128 0.4000000060
42371  20.188  -40.947  -28.646 0.8999999762
28362  24.552  -52.022  -21.893 0.4000000060
192795  24.041  -51.825  -22.405 0.4000000060
28364  22.932  -52.411  -22.476 0.4000000060
29399  25.142  -51.662  -22.161 0.4000000060
29410  23.885  -51.372  -23.164 0.4000000060
29411  23.201  -51.560  -23.513 0.4000000060
30508  25.996  -50.551  -22.902 0.3000000119
30509  24.351  -50.745  -23.255 0.4000000060
30507  26.548  -50.529  -23.118 0.4000000060
31660  26.821  -49.692  -24.126 0.4000000060
31663  26.731  -49.634  -24.774 0.4000000060
31664  26.364  -49.722  -25.582 0.4000000060
30510  23.509  -50.754  -23.494 0.5000000000
30511  22.779  -51.089  -23.783 0.4000000060
186146  24.812  -50.183  -23.256 0.4000000060
177499  24.076  -50.068  -23.343 0.4000000060
31647  26.050  -49.831  -23.281 0.5000000000
163096  26.468  -49.252  -23.926 0.4000000060
32751  26.533  -49.099  -24.404 0.4000000060
32756  25.914  -48.977  -25.800 0.5000000000
33834  25.469  -48.402  -25.990 0.5000000000
33835  24.638  -48.262  -26.410 0.6000000238
32761  24.332  -49.166  -26.846 0.5000000000
32766  23.274  -49.110  -27.260 0.6000000238
32767  22.091  -49.212  -27.600 0.4000000060
31650  23.424  -49.979  -23.258 0.5000000000
31651  22.860  -50.370  -23.447 0.5000000000
30512  22.126  -50.616  -23.520 0.5000000000
30513  21.400  -50.688  -23.277 0.5000000000
170817  24.687  -49.441  -23.282 0.6000000238
32739  24.414  -48.571  -22.986 0.6000000238
32738  25.369  -49.015  -23.404 0.5000000000
32747  25.655  -48.578  -23.626 0.5000000000
33824  25.724  -47.910  -24.410 0.4000000060
33830  25.869  -48.277  -25.272 0.6000000238
33831  25.172  -47.791  -25.705 0.6000000238
34920  24.291  -47.407  -26.002 0.6000000238
33836  23.648  -47.855  -26.574 0.6000000238
162194  22.851  -47.641  -26.641 0.6000000238
33837  21.969  -47.825  -26.813 0.6000000238
32762  23.758  -48.535  -26.853 0.6000000238
33841  22.745  -48.376  -27.008 0.6000000238
171861  21.544  -48.504  -27.250 0.6000000238
33842  20.832  -48.176  -27.648 0.6000000238
176010  22.838  -49.733  -22.709 0.5000000000
183875  22.318  -50.139  -22.926 0.5000000000
30495  21.709  -50.377  -22.574 0.5000000000
30496  21.005  -50.735  -22.514 0.5000000000
31649  23.948  -49.386  -23.082 0.6000000238
182446  23.367  -49.432  -22.794 0.6000000238
33802  25.020  -48.149  -23.281 0.6000000238
33804  24.091  -48.182  -22.452 0.6000000238
33803  24.459  -47.770  -22.701 0.6000000238
185051  25.200  -47.431  -23.874 0.6000000238
34903  25.116  -47.223  -24.393 0.6000000238
34913  22.819  -46.562  -25.775 0.6000000238
33838  20.741  -47.523  -27.283 0.6000000238
33843  20.440  -47.574  -28.081 0.6999999881
31633  22.274  -49.995  -22.092 0.6000000238
187905  21.854  -50.368  -21.688 0.5000000000
180737  20.765  -50.956  -21.805 0.5000000000
32740  23.682  -48.808  -22.504 0.6000000238
32727  23.477  -48.916  -21.697 0.6000000238
31632  22.882  -49.533  -21.606 0.6000000238
30465  21.303  -50.864  -20.170 0.5000000000
30466  20.513  -51.306  -20.143 0.5000000000
33794  23.963  -48.317  -21.864 0.6000000238
33815  24.742  -47.355  -23.213 0.6000000238
36005  20.383  -46.098  -27.422 0.6999999881
32711  23.403  -49.165  -20.790 0.6000000238
31614  22.327  -50.118  -21.020 0.6000000238
30464  21.974  -50.471  -20.132 0.6000000238
33781  23.980  -48.486  -20.895 0.6000000238
31600  22.594  -49.959  -19.962 0.6000000238
31575  22.038  -50.119  -19.294 0.6000000238
30440  20.931  -50.847  -19.343 0.6000000238
179716  20.178  -51.028  -19.178 0.6000000238
32710  23.736  -48.822  -20.131 0.6000000238
29354  19.008  -51.551  -19.428 0.5000000000
30442  18.614  -50.976  -18.902 0.6000000238
36022  20.242  -46.159  -28.339 0.6999999881
32696  23.237  -49.331  -19.791 0.6000000238
168240  21.848  -49.457  -18.652 0.6000000238
32695  23.683  -48.633  -19.365 0.6000000238
32682  23.076  -48.889  -18.922 0.6000000238
32683  22.387  -48.879  -18.608 0.6000000238
185742  20.496  -50.487  -18.812 0.6000000238
31577  19.796  -50.414  -18.711 0.6000000238
175030  19.398  -49.620  -18.696 0.6000000238
33780  24.427  -47.857  -21.298 0.6000000238
167830  25.047  -46.821  -22.029 0.6000000238
38004  20.102  -44.618  -28.599 0.6999999881
38018  20.680  -44.487  -29.337 0.6999999881
33768  24.161  -48.285  -19.924 0.6000000238
168824  22.177  -48.168  -18.518 0.6999999881
32685  20.856  -49.006  -18.549 0.6999999881
34863  24.886  -47.343  -20.835 0.6000000238
40197  21.439  -42.904  -30.001 0.6999999881
32671  22.765  -48.419  -18.589 0.6999999881
34852  24.826  -46.975  -19.671 0.6999999881
33753  24.022  -47.921  -19.207 0.6999999881
183624  21.572  -47.881  -18.571 0.6999999881
170174  20.974  -48.076  -18.683 0.6999999881
176108  20.273  -49.774  -18.612 0.6000000238
33754  20.245  -48.152  -18.849 0.6999999881
34844  19.621  -47.203  -19.617 0.6000000238
169499  19.017  -48.795  -19.008 0.5000000000
41267  23.045  -42.294  -30.617 0.8000000119
35896  23.860  -46.655  -18.905 0.6999999881
34840  22.928  -47.362  -18.587 0.6999999881
35898  21.578  -46.551  -18.903 0.6999999881
34843  20.314  -47.115  -19.305 0.6999999881
33769  18.128  -47.728  -20.000 0.5000000000
177192  20.496  -45.902  -19.622 0.6999999881
35900  19.971  -46.495  -19.768 0.6000000238
34853  19.232  -46.696  -20.093 0.6000000238
61021  26.271  -25.455  -30.024 0.6999999881
171392  29.665  -27.016  -27.663 0.6999999881
58574  28.296  -27.482  -27.857 0.6999999881
59823  27.974  -26.334  -28.660 0.6999999881
58560  30.759  -27.517  -26.958 0.6000000238
189472  30.200  -27.274  -27.327 0.6000000238
61010  27.330  -25.619  -29.443 0.6999999881
61020  27.025  -25.282  -29.886 0.6999999881
62367  25.826  -25.078  -30.524 0.6999999881
63607  25.765  -24.129  -31.450 0.6999999881
58559  31.260  -26.979  -26.970 0.6000000238
59813  30.037  -26.271  -28.013 0.6000000238
59814  28.654  -26.446  -28.371 0.6999999881
62351  28.483  -25.077  -29.479 0.6999999881
59799  31.805  -26.069  -27.119 0.6000000238
62380  27.040  -24.351  -30.736 0.6999999881
63606  26.666  -23.966  -31.232 0.6999999881
64805  25.721  -22.568  -32.677 0.6999999881
59812  30.826  -26.244  -27.720 0.6000000238
60995  30.701  -25.789  -28.126 0.6000000238
172346  30.029  -24.960  -29.022 0.6000000238
166872  28.930  -24.550  -29.797 0.6999999881
62364  28.185  -24.620  -30.030 0.6999999881
63618  27.182  -23.451  -31.529 0.6999999881
64793  26.927  -22.840  -32.019 0.6999999881
64804  26.517  -22.456  -32.479 0.6999999881
60986  31.435  -25.865  -27.692 0.6000000238
189993  31.199  -25.439  -28.139 0.6000000238
166644  30.869  -24.663  -28.895 0.5000000000
62363  29.637  -24.481  -29.571 0.6000000238
64780  28.981  -23.038  -31.080 0.5000000000
63605  27.846  -23.494  -31.183 0.6999999881
166538  27.811  -21.745  -32.522 0.6999999881
66085  26.619  -21.427  -33.196 0.6999999881
77008  32.323  -14.269  -40.696 0.3000000119
77009  31.368  -14.284  -40.803 0.3000000119
75795  29.410  -14.922  -41.067 0.3000000119
193092  23.678  -52.418  -21.697 0.4000000060
28353  22.760  -52.766  -21.608 0.3000000119
27348  21.407  -53.357  -21.946 0.4000000060
28361  25.435  -52.323  -21.631 0.3000000119
175911  22.357  -52.564  -23.040 0.4000000060
30506  27.075  -51.070  -23.106 0.4000000060
29424  22.589  -51.794  -23.849 0.4000000060
30523  27.246  -50.754  -24.218 0.4000000060
30527  26.669  -50.884  -25.371 0.4000000060
179976  25.940  -50.336  -26.118 0.4000000060
31668  25.009  -49.600  -26.640 0.5000000000
30540  23.157  -50.475  -27.749 0.4000000060
30520  22.109  -51.315  -24.045 0.4000000060
32768  21.559  -49.443  -28.343 0.5000000000
30514  20.681  -50.950  -23.271 0.5000000000
188541  20.754  -48.140  -28.656 0.6000000238
29400  20.348  -51.071  -22.313 0.5000000000
29387  20.234  -51.369  -21.311 0.5000000000
29388  19.446  -51.778  -21.142 0.5000000000
36033  20.686  -46.193  -29.142 0.6000000238
29371  19.232  -51.832  -20.237 0.5000000000
29372  18.555  -51.965  -19.857 0.4000000060
37016  20.492  -45.388  -29.034 0.6999999881
173629  18.529  -49.530  -18.902 0.5000000000
39126  20.887  -43.677  -29.692 0.6999999881
184154  18.388  -48.762  -19.212 0.5000000000
40196  22.612  -42.979  -30.343 0.8000000119
40195  23.514  -42.922  -30.294 0.6999999881
33770  17.394  -48.042  -20.098 0.5000000000
189646  18.246  -47.168  -20.327 0.6000000238
52754  30.522  -31.828  -22.649 0.6000000238
53774  30.750  -31.180  -22.988 0.6000000238
59788  31.805  -26.609  -26.608 0.6000000238
60994  31.765  -25.251  -27.866 0.5000000000
63579  31.158  -24.043  -29.239 0.5000000000
64765  31.073  -23.096  -30.184 0.5000000000
64779  29.808  -23.016  -30.794 0.5000000000
66058  28.958  -22.025  -31.923 0.5000000000
66071  28.547  -21.581  -32.361 0.5000000000
68626  28.096  -20.253  -33.732 0.5000000000
78234  32.409  -12.886  -41.555 0.3000000119
78229  31.883  -13.649  -41.241 0.3000000119
34875  24.753  -47.302  -21.639 0.6000000238
33793  24.398  -47.768  -22.071 0.6000000238
35899  21.179  -45.894  -19.287 0.8000000119
185309  20.640  -46.542  -27.008 0.6999999881
37000  20.225  -45.398  -28.051 0.6999999881
40198  20.172  -42.753  -29.183 0.6999999881
59802  29.276  -26.528  -28.107 0.6999999881
63620  25.212  -23.632  -32.032 0.6999999881
68627  27.341  -20.328  -33.841 0.6000000238
184659  30.116  -14.756  -40.809 0.3000000119
41268  22.010  -42.230  -30.356 0.8000000119
166388  23.992  -43.399  -29.747 0.6999999881
60998  28.545  -25.991  -28.748 0.6999999881
29409  25.325  -50.921  -22.770 0.4000000060
29408  26.077  -51.091  -22.552 0.3000000119
31648  25.477  -49.993  -23.216 0.5000000000
179582  25.123  -50.312  -26.671 0.3000000119
175512  22.420  -50.335  -28.098 0.4000000060
29434  21.148  -52.027  -24.583 0.5000000000
33756  18.615  -48.142  -19.490 0.6000000238
179057  27.330  -23.871  -31.061 0.6999999881
64794  26.033  -23.009  -32.230 0.6999999881
60997  29.256  -25.957  -28.518 0.6999999881
60996  30.023  -25.601  -28.521 0.6000000238
61007  29.473  -25.402  -28.875 0.6999999881
63592  28.662  -24.059  -30.313 0.6999999881
62337  30.691  -25.248  -28.536 0.6000000238
62362  30.347  -24.307  -29.400 0.5000000000
63591  29.361  -24.030  -30.048 0.6000000238
63604  28.487  -23.568  -30.858 0.6999999881
66060  27.474  -22.302  -32.196 0.6999999881
66072  27.028  -21.944  -32.668 0.6999999881
62349  31.690  -24.334  -28.637 0.5000000000
63602  29.859  -23.574  -30.232 0.5000000000
64792  28.632  -22.613  -31.591 0.5000000000
66059  28.202  -22.167  -32.033 0.5000000000
67353  28.498  -20.665  -33.244 0.5000000000
66084  27.401  -21.303  -32.992 0.6999999881
62328  32.288  -24.902  -27.469 0.5000000000
64778  30.647  -22.789  -30.735 0.5000000000
66057  30.219  -22.066  -31.602 0.5000000000
68613  29.267  -20.542  -33.179 0.5000000000
186250  22.221  -44.971  -29.833 0.6000000238
39124  23.140  -43.604  -30.095 0.6000000238
39121  26.558  -43.255  -28.720 0.5000000000
39123  24.617  -43.919  -29.101 0.6000000238
40194  24.821  -43.031  -29.339 0.6000000238
40220  28.552  -42.631  -31.906 0.5000000000
40210  27.163  -42.607  -29.194 0.5000000000
41264  25.748  -41.722  -29.391 0.6000000238
37898  18.449  -44.220  -21.189 0.5000000000
41265  24.840  -42.186  -29.747 0.6000000238
41299  28.828  -42.088  -32.052 0.5000000000
41279  27.851  -41.850  -30.432 0.5000000000
42420  29.618  -41.051  -31.515 0.5000000000
40074  18.581  -43.079  -21.249 0.4000000060
39017  17.652  -43.471  -21.917 0.4000000060
172499  18.469  -42.148  -21.930 0.4000000060
41300  28.811  -41.411  -32.071 0.5000000000
43513  29.982  -40.324  -30.838 0.5000000000
42431  29.291  -40.727  -31.878 0.5000000000
42278  18.537  -41.597  -22.357 0.4000000060
43512  30.312  -39.676  -30.333 0.5000000000
162532  29.900  -39.755  -31.197 0.5000000000
42292  18.570  -40.924  -22.915 0.4000000060
47691  23.265  -36.411  -22.477 0.4000000060
169253  22.688  -36.915  -22.690 0.4000000060
47699  22.053  -36.647  -23.095 0.4000000060
46684  21.522  -37.151  -23.318 0.3000000119
175297  26.577  -33.343  -21.181 0.4000000060
50738  25.812  -33.459  -21.431 0.4000000060
48725  24.676  -35.305  -22.061 0.4000000060
48726  23.990  -35.365  -22.389 0.4000000060
52729  26.592  -31.946  -21.321 0.4000000060
171808  24.456  -34.710  -22.281 0.4000000060
48727  23.339  -35.694  -22.627 0.4000000060
50749  24.185  -34.044  -22.516 0.4000000060
49741  23.802  -34.674  -22.652 0.4000000060
170375  22.617  -36.032  -22.855 0.4000000060
173468  21.992  -35.997  -23.246 0.4000000060
190003  25.399  -33.788  -21.746 0.4000000060
179957  25.200  -33.323  -21.923 0.4000000060
50748  24.959  -34.051  -22.088 0.4000000060
53736  27.234  -31.366  -21.447 0.4000000060
52730  25.871  -32.185  -21.422 0.4000000060
51705  24.878  -32.536  -22.082 0.4000000060
166751  24.562  -33.324  -22.370 0.4000000060
192313  24.524  -32.095  -22.317 0.4000000060
51706  24.166  -32.538  -22.575 0.4000000060
49752  23.228  -34.664  -22.979 0.4000000060
187994  23.638  -32.080  -22.830 0.4000000060
50761  23.070  -33.529  -23.196 0.4000000060
48739  22.911  -35.244  -22.930 0.4000000060
167298  29.096  -32.330  -21.666 0.4000000060
53737  26.529  -31.097  -21.538 0.4000000060
53738  25.873  -31.528  -21.502 0.4000000060
53760  25.259  -31.297  -21.839 0.4000000060
192435  29.584  -32.275  -21.847 0.5000000000
52739  28.654  -31.679  -21.644 0.4000000060
53735  27.923  -31.569  -21.472 0.4000000060
53758  27.172  -30.582  -21.722 0.4000000060
167725  25.790  -30.747  -21.786 0.4000000060
176189  25.156  -30.711  -21.995 0.4000000060
52741  24.817  -31.756  -22.088 0.4000000060
52742  24.182  -31.573  -22.514 0.4000000060
53762  24.331  -30.792  -22.491 0.4000000060
52755  23.401  -31.459  -22.939 0.4000000060
182065  30.370  -31.176  -22.572 0.5000000000
54766  29.909  -30.792  -22.349 0.5000000000
163073  28.598  -30.327  -22.050 0.5000000000
53757  28.296  -30.995  -21.760 0.4000000060
182918  27.454  -29.930  -21.989 0.4000000060
54769  26.827  -29.906  -21.942 0.4000000060
53759  26.495  -30.464  -21.767 0.4000000060
54772  24.749  -30.306  -22.274 0.4000000060
54767  29.316  -30.373  -22.237 0.5000000000
56057  28.073  -29.603  -22.211 0.4000000060
56059  26.389  -29.307  -22.162 0.4000000060
57267  25.869  -28.768  -22.407 0.4000000060
56056  29.030  -29.654  -22.433 0.4000000060
188710  27.866  -28.897  -22.498 0.4000000060
56058  27.261  -29.232  -22.254 0.4000000060
57281  26.114  -28.081  -22.714 0.4000000060
189231  28.642  -27.829  -23.089 0.4000000060
59726  28.310  -26.671  -23.594 0.4000000060
58487  28.033  -27.429  -23.180 0.4000000060
58488  27.174  -27.276  -23.148 0.4000000060
182125  27.153  -26.682  -23.467 0.4000000060
56085  31.000  -29.371  -23.575 0.5000000000
57295  30.256  -27.959  -23.529 0.5000000000
58485  29.361  -27.851  -23.248 0.4000000060
181604  28.229  -26.008  -23.894 0.4000000060
59748  27.561  -26.228  -23.728 0.4000000060
59749  26.769  -26.224  -23.697 0.3000000119
56103  31.349  -29.621  -24.228 0.5000000000
57278  28.931  -28.401  -22.928 0.5000000000
56074  28.499  -28.965  -22.621 0.4000000060
175325  27.524  -27.871  -22.923 0.4000000060
57265  27.403  -28.479  -22.647 0.4000000060
58489  26.335  -27.406  -23.025 0.4000000060
57279  28.112  -28.272  -22.836 0.4000000060
58504  30.737  -27.397  -23.890 0.5000000000
58505  29.750  -27.150  -23.647 0.5000000000
181590  29.062  -26.706  -23.688 0.4000000060
59747  28.838  -26.168  -23.898 0.4000000060
60932  27.029  -25.659  -24.005 0.3000000119
173745  31.679  -27.187  -24.646 0.5000000000
59745  30.436  -26.669  -24.023 0.5000000000
59746  29.592  -26.302  -23.955 0.4000000060
188798  29.182  -25.872  -24.077 0.4000000060
62271  27.921  -24.972  -24.487 0.4000000060
60931  27.777  -25.558  -24.080 0.3000000119
181637  26.861  -24.926  -24.569 0.3000000119
181600  26.119  -24.947  -24.527 0.3000000119
59744  31.221  -26.943  -24.264 0.5000000000
59776  31.927  -27.055  -25.328 0.4000000060
163721  32.074  -26.343  -25.954 0.5000000000
60928  30.242  -26.064  -24.262 0.3000000119
60929  29.641  -25.579  -24.289 0.4000000060
60930  28.685  -25.457  -24.201 0.4000000060
62287  27.210  -24.653  -24.802 0.3000000119
189868  26.396  -23.949  -25.410 0.3000000119
181574  26.004  -24.162  -25.180 0.3000000119
59765  30.974  -26.273  -24.430 0.3000000119
183865  31.929  -26.318  -25.261 0.4000000060
188048  32.251  -25.592  -26.173 0.4000000060
161437  32.141  -25.754  -26.641 0.4000000060
60985  32.035  -25.504  -27.277 0.4000000060
62285  29.913  -24.931  -24.655 0.3000000119
62269  29.255  -25.040  -24.499 0.3000000119
62270  28.677  -24.672  -24.705 0.3000000119
168698  27.346  -24.121  -25.259 0.3000000119
63505  26.701  -24.215  -25.173 0.3000000119
63526  25.412  -23.682  -25.477 0.3000000119
63527  24.634  -23.695  -25.300 0.3000000119
60950  30.646  -25.504  -24.605 0.3000000119
64686  26.344  -23.256  -26.041 0.3000000119
63525  26.095  -23.681  -25.637 0.3000000119
64688  24.879  -23.190  -25.786 0.3000000119
161536  31.539  -25.888  -24.831 0.3000000119
60963  31.994  -25.605  -25.497 0.3000000119
62318  32.482  -24.561  -26.449 0.3000000119
60984  32.371  -25.186  -26.990 0.4000000060
63565  32.367  -23.972  -28.296 0.4000000060
63578  32.001  -23.708  -28.935 0.4000000060
64777  31.487  -22.581  -30.591 0.4000000060
64791  29.480  -22.450  -31.432 0.4000000060
64689  24.105  -23.207  -25.621 0.3000000119
63502  30.677  -23.873  -25.352 0.3000000119
62284  30.680  -24.676  -24.931 0.3000000119
60949  31.450  -25.137  -24.970 0.3000000119
62283  31.394  -24.465  -25.267 0.3000000119
63520  32.270  -24.088  -26.048 0.3000000119
63564  32.695  -23.577  -27.926 0.3000000119
64753  32.800  -22.689  -28.819 0.3000000119
63577  32.570  -23.319  -28.546 0.4000000060
64763  32.566  -22.493  -29.542 0.4000000060
66045  30.961  -22.192  -31.195 0.4000000060
165938  30.818  -21.746  -31.730 0.4000000060
67342  30.724  -20.888  -32.536 0.4000000060
170724  29.634  -21.914  -31.883 0.4000000060
67343  29.841  -20.909  -32.723 0.4000000060
175172  31.916  -24.449  -25.631 0.3000000119
66024  33.013  -22.058  -29.106 0.3000000119
66032  32.836  -21.885  -29.839 0.3000000119
66056  31.507  -21.607  -31.526 0.4000000060
67341  31.460  -20.686  -32.410 0.4000000060
68612  30.521  -20.459  -33.001 0.4000000060
177422  30.971  -19.438  -33.721 0.4000000060
68624  29.638  -20.086  -33.605 0.4000000060
68639  28.487  -19.748  -34.172 0.4000000060
68640  27.690  -19.809  -34.229 0.5000000000
67298  33.235  -21.438  -29.403 0.3000000119
68574  33.255  -20.501  -30.483 0.3000000119
190972  32.501  -20.843  -31.423 0.3000000119
68599  31.992  -20.346  -32.202 0.4000000060
68610  31.680  -20.031  -32.729 0.4000000060
69872  31.541  -19.583  -33.240 0.4000000060
68611  31.056  -20.014  -33.189 0.4000000060
69894  31.322  -18.748  -34.163 0.3000000119
69895  30.477  -19.035  -34.347 0.4000000060
190369  29.064  -18.681  -35.105 0.3000000119
69906  28.428  -18.812  -35.106 0.3000000119
69907  27.651  -18.908  -35.163 0.4000000060
172273  28.730  -18.404  -35.421 0.3000000119
71141  28.010  -18.346  -35.600 0.3000000119
67308  33.453  -20.672  -29.666 0.3000000119
68586  33.373  -19.816  -30.896 0.3000000119
68598  32.482  -20.368  -31.784 0.3000000119
68609  32.429  -19.742  -32.235 0.3000000119
69871  32.105  -19.351  -32.917 0.3000000119
71121  32.103  -18.321  -33.934 0.3000000119
71128  31.607  -18.220  -34.534 0.3000000119
71129  30.831  -18.374  -34.814 0.3000000119
71139  30.169  -18.101  -35.339 0.3000000119
72239  29.651  -17.741  -35.820 0.3000000119
72238  30.450  -17.570  -35.726 0.3000000119
184878  33.598  -19.407  -30.444 0.3000000119
69861  33.064  -19.269  -31.895 0.3000000119
71120  32.734  -18.035  -33.416 0.3000000119
72222  32.563  -17.741  -33.980 0.3000000119
72231  32.128  -17.662  -34.581 0.3000000119
72232  31.459  -17.849  -35.060 0.3000000119
73364  31.544  -16.871  -35.886 0.3000000119
73372  30.374  -16.680  -36.656 0.3000000119
72248  30.000  -17.213  -36.241 0.3000000119
73371  31.173  -16.508  -36.495 0.3000000119
75766  30.895  -15.513  -37.424 0.3000000119
54785  29.905  -30.103  -22.575 0.5000000000
54784  30.624  -29.872  -23.046 0.5000000000
177896  21.318  -45.096  -29.664 0.6000000238
188700  22.808  -44.907  -29.732 0.5000000000
38016  23.440  -44.851  -29.529 0.5000000000
39109  26.185  -43.932  -28.505 0.5000000000
38002  24.778  -44.788  -28.796 0.5000000000
174338  28.892  -42.766  -32.057 0.5000000000
39150  28.128  -43.441  -31.178 0.5000000000
39120  27.386  -43.502  -29.284 0.5000000000
35911  19.902  -45.780  -20.031 0.6000000238
35913  18.957  -46.186  -20.518 0.6000000238
36905  19.214  -44.914  -20.718 0.6000000238
174580  18.735  -44.782  -21.038 0.5000000000
36917  18.167  -45.055  -21.386 0.5000000000
37912  17.841  -44.236  -21.619 0.5000000000
175780  17.600  -44.937  -21.901 0.5000000000
37913  17.235  -44.287  -22.358 0.4000000060
39031  17.195  -43.364  -22.677 0.4000000060
41180  18.083  -41.522  -22.821 0.4000000060
42293  17.836  -41.160  -23.420 0.4000000060
176602  20.962  -37.714  -23.561 0.3000000119
47700  21.425  -36.354  -23.517 0.4000000060
51716  22.686  -32.796  -23.412 0.4000000060
48740  22.243  -35.368  -23.196 0.4000000060
178323  22.987  -32.090  -23.154 0.4000000060
56060  25.605  -29.467  -22.147 0.4000000060
53776  23.783  -30.828  -22.767 0.4000000060
54787  22.733  -30.156  -23.102 0.4000000060
173282  25.031  -29.684  -22.208 0.4000000060
56061  24.499  -29.582  -22.466 0.4000000060
56075  24.324  -28.905  -22.652 0.4000000060
59728  26.550  -26.794  -23.366 0.4000000060
60933  26.264  -25.720  -23.967 0.4000000060
58490  25.506  -27.536  -22.927 0.4000000060
59729  25.757  -26.889  -23.275 0.4000000060
62274  25.719  -25.216  -24.288 0.3000000119
63506  25.199  -24.199  -24.974 0.3000000119
168685  24.377  -24.265  -24.799 0.3000000119
41290  29.672  -41.833  -30.927 0.5000000000
44633  19.757  -39.314  -23.461 0.4000000060
52772  22.649  -31.407  -23.257 0.4000000060
57268  25.035  -28.988  -22.399 0.4000000060
57283  24.695  -28.418  -22.677 0.4000000060
43413  18.853  -40.200  -23.263 0.4000000060
41263  26.528  -41.982  -29.177 0.5000000000
51697  26.971  -32.702  -21.184 0.4000000060
182034  31.053  -30.002  -23.644 0.5000000000
52728  27.437  -32.108  -21.300 0.4000000060
57293  31.623  -28.280  -24.458 0.5000000000
63589  31.545  -23.435  -29.588 0.4000000060
68625  28.866  -20.172  -33.664 0.4000000060
193427  29.929  -20.399  -33.188 0.4000000060
39122  25.552  -43.455  -28.770 0.6000000238
39136  27.816  -43.088  -30.110 0.5000000000
40229  28.808  -42.933  -32.097 0.5000000000
50760  23.831  -33.388  -22.774 0.4000000060
51715  23.398  -32.743  -22.984 0.4000000060
165148  23.015  -34.189  -23.199 0.4000000060
53756  29.159  -31.053  -21.972 0.5000000000
54768  27.879  -30.389  -21.874 0.4000000060
56076  23.786  -29.454  -22.792 0.4000000060
53777  23.064  -30.795  -23.035 0.4000000060
56072  29.870  -29.383  -22.824 0.5000000000
57280  26.886  -27.944  -22.816 0.4000000060
57294  31.107  -28.134  -23.901 0.5000000000
57276  30.747  -28.673  -23.489 0.5000000000
57277  29.857  -28.613  -23.099 0.5000000000
58503  31.472  -27.603  -24.254 0.5000000000
62303  32.277  -24.928  -25.949 0.3000000119
60962  32.398  -25.135  -26.578 0.4000000060
62327  32.547  -24.583  -27.050 0.3000000119
66033  32.249  -22.265  -30.243 0.4000000060
66044  31.869  -21.963  -30.896 0.4000000060
176249  31.885  -23.419  -26.040 0.3000000119
182981  31.106  -20.431  -32.793 0.4000000060
67309  33.063  -21.211  -30.123 0.3000000119
66043  32.555  -21.662  -30.540 0.3000000119
69896  29.739  -19.262  -34.412 0.4000000060
68573  33.533  -19.938  -30.144 0.3000000119
68587  32.913  -20.400  -31.194 0.3000000119
69848  33.556  -19.149  -30.922 0.3000000119
69870  32.743  -19.024  -32.536 0.3000000119
72206  33.297  -17.675  -32.955 0.3000000119
73379  30.718  -16.152  -37.096 0.3000000119
54786  23.457  -30.176  -22.894 0.4000000060
30443  17.761  -51.059  -18.897 0.4000000060
175314  17.850  -49.730  -18.958 0.4000000060
31581  16.764  -50.039  -19.113 0.4000000060
32698  16.834  -48.705  -19.830 0.3000000119
32697  17.441  -48.695  -19.550 0.4000000060
172702  21.174  -48.645  -29.303 0.5000000000
34854  17.708  -47.328  -20.522 0.5000000000
33782  17.096  -47.486  -20.819 0.3000000119
33856  21.303  -47.818  -29.611 0.5000000000
34954  21.679  -46.955  -29.774 0.5000000000
165175  22.115  -47.542  -30.070 0.5000000000
35924  18.384  -46.225  -20.890 0.5000000000
35925  17.820  -46.306  -21.310 0.4000000060
36032  21.444  -46.228  -29.654 0.5000000000
34953  22.807  -46.939  -30.040 0.5000000000
34952  23.793  -46.724  -29.664 0.3000000119
37014  21.909  -45.606  -29.782 0.5000000000
36031  22.338  -46.214  -29.872 0.4000000060
36999  23.696  -45.543  -29.345 0.4000000060
34942  24.539  -46.641  -29.172 0.3000000119
36021  24.139  -46.137  -29.231 0.3000000119
171354  25.833  -45.709  -28.317 0.3000000119
36997  25.134  -45.421  -28.576 0.3000000119
37999  27.079  -44.977  -28.650 0.3000000119
36996  26.702  -45.591  -28.322 0.3000000119
38001  25.577  -44.932  -28.427 0.4000000060
38003  24.117  -45.046  -29.145 0.4000000060
175317  16.830  -44.043  -23.310 0.3000000119
38030  28.320  -44.633  -31.420 0.4000000060
37027  27.948  -44.825  -30.297 0.4000000060
38000  26.669  -44.418  -28.508 0.4000000060
39032  16.883  -43.148  -23.756 0.3000000119
42304  18.130  -40.478  -23.585 0.3000000119
48741  21.624  -35.567  -23.509 0.3000000119
188898  22.217  -34.299  -23.536 0.3000000119
49762  21.842  -33.833  -23.812 0.3000000119
51717  22.465  -33.421  -23.611 0.3000000119
51731  22.215  -32.038  -23.669 0.3000000119
53778  22.336  -30.751  -23.317 0.3000000119
174824  23.790  -28.758  -22.877 0.3000000119
56077  23.136  -28.937  -23.091 0.3000000119
56086  22.484  -29.489  -23.175 0.3000000119
56087  21.737  -29.384  -23.509 0.3000000119
54801  21.338  -30.038  -23.847 0.3000000119
58491  24.649  -27.718  -22.893 0.3000000119
58492  23.873  -27.671  -23.055 0.3000000119
58493  23.298  -27.724  -23.231 0.3000000119
57296  22.873  -28.212  -23.297 0.3000000119
59751  25.217  -26.374  -23.553 0.3000000119
59730  24.925  -26.978  -23.204 0.3000000119
59731  24.158  -27.059  -23.210 0.3000000119
58506  23.468  -27.160  -23.361 0.3000000119
59754  23.006  -26.573  -23.753 0.3000000119
60936  23.612  -26.057  -23.813 0.3000000119
60934  25.483  -25.812  -23.886 0.3000000119
60935  24.813  -25.912  -23.782 0.3000000119
59752  24.362  -26.357  -23.523 0.3000000119
62277  23.477  -25.377  -24.098 0.3000000119
32776  21.404  -49.301  -28.917 0.5000000000
38013  27.424  -44.361  -29.224 0.4000000060
41181  17.586  -41.845  -23.163 0.3000000119
57284  24.144  -28.270  -22.830 0.3000000119
35936  17.291  -46.459  -21.924 0.3000000119
36918  17.666  -45.755  -21.837 0.3000000119
37921  16.877  -44.753  -23.040 0.3000000119
28388  21.561  -52.543  -24.262 0.4000000060
28400  20.879  -52.582  -24.785 0.4000000060
29435  20.372  -51.822  -24.622 0.4000000060
29437  19.073  -52.122  -25.164 0.4000000060
28376  18.320  -52.244  -23.761 0.3000000119
163236  20.101  -51.306  -23.700 0.4000000060
29428  18.912  -51.863  -24.361 0.4000000060
165470  18.980  -51.889  -22.511 0.4000000060
30539  24.148  -50.603  -27.257 0.3000000119
29413  19.468  -51.519  -23.073 0.4000000060
28367  17.943  -52.780  -22.175 0.3000000119
186046  17.909  -52.686  -21.066 0.3000000119
28354  18.532  -52.339  -21.873 0.4000000060
28341  16.749  -52.666  -19.788 0.3000000119
27334  17.136  -53.095  -20.600 0.3000000119
29357  16.466  -51.599  -19.205 0.3000000119
29389  18.707  -52.194  -20.876 0.4000000060
28340  17.323  -52.201  -19.601 0.3000000119
29356  17.152  -51.616  -19.137 0.3000000119
28409  20.001  -53.007  -25.511 0.4000000060
29436  19.610  -51.987  -24.879 0.4000000060
31582  16.116  -50.301  -19.241 0.3000000119
184636  22.085  -52.005  -24.135 0.3000000119
29358  15.837  -51.754  -19.401 0.3000000119
27347  22.069  -53.064  -21.702 0.4000000060
27359  21.868  -52.980  -22.544 0.4000000060
27397  20.986  -53.028  -24.500 0.4000000060
27398  20.420  -53.163  -24.983 0.4000000060
27399  19.826  -53.473  -25.397 0.4000000060
28326  16.764  -52.053  -19.375 0.3000000119
28339  17.993  -52.312  -20.147 0.4000000060
28363  23.458  -51.963  -22.832 0.4000000060
28365  22.380  -52.730  -22.249 0.4000000060
28374  22.865  -52.159  -23.381 0.4000000060
28387  22.242  -52.321  -23.792 0.4000000060
28389  18.417  -52.214  -24.815 0.3000000119
28401  20.215  -52.555  -25.132 0.4000000060
28403  18.775  -52.515  -25.788 0.4000000060
29353  19.746  -51.529  -19.681 0.6000000238
29355  18.364  -51.509  -19.232 0.4000000060
29370  19.841  -51.623  -20.484 0.5000000000
29373  17.855  -51.812  -19.390 0.3000000119
29397  26.378  -51.582  -22.349 0.3000000119
29398  25.795  -51.630  -22.185 0.3000000119
29401  19.637  -51.537  -22.139 0.4000000060
29412  20.010  -51.243  -22.873 0.4000000060
29414  18.873  -51.810  -23.409 0.4000000060
29425  21.596  -51.738  -24.313 0.4000000060
29426  20.887  -51.388  -24.171 0.5000000000
29427  19.498  -51.584  -24.024 0.4000000060
29432  27.295  -51.151  -23.733 0.4000000060
30439  21.575  -50.612  -19.482 0.6000000238
30441  19.407  -51.034  -19.000 0.6000000238
30444  16.802  -50.858  -18.990 0.4000000060
30445  16.019  -51.067  -19.227 0.3000000119
30482  21.313  -50.660  -21.771 0.5000000000
30483  20.973  -50.982  -21.038 0.5000000000
30494  26.598  -51.131  -22.702 0.3000000119
30519  27.049  -50.402  -23.710 0.4000000060
30521  21.390  -51.074  -23.887 0.5000000000
30524  27.038  -50.797  -24.796 0.4000000060
30528  26.152  -50.970  -25.869 0.4000000060
31574  22.622  -49.543  -19.105 0.6000000238
31576  21.207  -50.141  -18.802 0.6000000238
31578  18.985  -50.330  -18.711 0.6000000238
31579  18.185  -50.320  -18.760 0.5000000000
31580  17.430  -50.247  -18.890 0.4000000060
31613  22.922  -49.658  -20.621 0.6000000238
31657  26.523  -49.791  -23.593 0.4000000060
31667  25.652  -49.647  -26.234 0.5000000000
31672  24.485  -49.900  -26.946 0.3000000119
31673  23.730  -49.819  -27.317 0.3000000119
31674  22.764  -49.795  -27.672 0.4000000060
31675  22.012  -49.853  -28.170 0.4000000060
32684  21.635  -48.577  -18.512 0.6999999881
32686  17.884  -49.069  -19.204 0.4000000060
32687  17.200  -49.394  -19.221 0.4000000060
32728  23.192  -49.267  -22.299 0.6000000238
32737  26.075  -49.161  -23.584 0.5000000000
32755  26.363  -49.009  -25.087 0.5000000000
32760  25.248  -48.981  -26.382 0.5000000000
33755  19.428  -47.980  -19.239 0.5000000000
33757  17.954  -48.372  -19.558 0.5000000000
33767  24.562  -47.663  -19.702 0.6999999881
33813  26.119  -48.624  -23.992 0.4000000060
33814  25.469  -47.983  -23.758 0.6000000238
33823  26.213  -48.565  -24.632 0.4000000060
33855  21.168  -48.879  -28.186 0.6000000238
33870  21.961  -48.301  -30.086 0.5000000000
34838  24.315  -47.219  -19.193 0.8000000119
34839  23.673  -47.377  -18.805 0.6999999881
34841  22.044  -47.368  -18.599 0.6999999881
34842  21.088  -47.290  -18.880 0.6999999881
34864  18.018  -46.764  -20.778 0.5000000000
34865  17.437  -46.918  -21.223 0.3000000119
34910  25.413  -47.597  -25.015 0.6000000238
34921  23.357  -47.156  -26.224 0.6000000238
34923  21.364  -47.240  -26.681 0.6000000238
34924  20.781  -46.990  -26.980 0.6999999881
34928  20.392  -46.872  -27.614 0.6999999881
34941  25.156  -46.935  -28.820 0.3000000119
34943  20.435  -46.853  -28.600 0.6999999881
34955  20.959  -46.724  -29.312 0.6000000238
35912  19.469  -46.175  -20.187 0.6000000238
35953  23.555  -45.835  -23.688 0.8000000119
35954  23.133  -45.819  -24.027 0.8000000119
35980  21.837  -45.991  -25.518 0.8000000119
35993  21.813  -46.500  -26.008 0.8000000119
36020  25.035  -46.146  -28.703 0.3000000119
36030  23.242  -46.176  -29.676 0.4000000060
36879  24.892  -45.513  -19.519 0.8999999762
36880  23.984  -45.940  -19.106 0.8999999762
36881  22.783  -45.171  -19.123 0.8999999762
36884  20.855  -45.433  -19.543 0.8999999762
36891  26.301  -44.657  -20.674 0.8999999762
36896  19.343  -45.640  -20.459 0.6000000238
36906  18.727  -45.546  -20.933 0.5000000000
36907  18.176  -45.800  -21.294 0.4000000060
36932  26.219  -45.185  -23.347 1.0000000000
36951  22.739  -45.732  -24.499 0.8000000119
36965  22.375  -45.318  -25.091 0.8000000119
36998  24.494  -45.519  -28.943 0.3000000119
37013  22.815  -45.465  -29.714 0.5000000000
37015  21.148  -45.700  -29.526 0.5000000000
37871  21.419  -44.579  -19.530 0.8999999762
37872  20.860  -44.879  -19.656 0.8000000119
37882  20.902  -44.226  -19.876 0.6999999881
37895  26.926  -44.046  -21.402 0.8999999762
37911  26.834  -44.661  -21.650 1.0000000000
37935  27.341  -44.143  -23.456 1.0000000000
37982  21.457  -44.306  -26.325 0.8000000119
37990  20.294  -44.672  -27.702 0.6999999881
38014  26.936  -43.854  -28.680 0.5000000000
38015  24.133  -44.531  -29.215 0.6000000238
38017  21.638  -44.392  -29.880 0.6000000238
38031  27.891  -44.003  -30.491 0.5000000000
38045  28.641  -44.391  -31.906 0.4000000060
38046  28.380  -43.973  -31.698 0.4000000060
38968  24.557  -43.876  -19.568 0.8999999762
38969  23.757  -43.818  -19.433 0.8999999762
38990  19.739  -43.371  -20.521 0.6999999881
39007  19.239  -43.670  -20.788 0.6999999881
39008  18.766  -43.611  -21.058 0.5000000000
39015  27.539  -43.530  -22.283 1.0000000000
39016  18.211  -43.542  -21.369 0.4000000060
39068  25.786  -43.508  -25.555 0.8999999762
39088  23.285  -43.213  -26.280 0.8000000119
39090  21.048  -43.710  -26.854 0.8000000119
39096  20.291  -43.333  -27.565 0.8000000119
39110  25.444  -44.238  -28.591 0.5000000000
39111  19.865  -43.058  -28.367 0.8000000119
39125  22.116  -43.677  -30.071 0.8000000119
39127  20.079  -43.759  -28.973 0.6999999881
39149  28.506  -43.290  -31.878 0.5000000000
39156  28.764  -43.777  -32.094 0.4000000060
40038  23.298  -43.160  -19.655 0.8999999762
40054  22.966  -42.633  -19.927 0.8999999762
40055  21.801  -42.634  -20.129 0.6999999881
40056  21.110  -42.856  -20.216 0.8000000119
40071  26.694  -42.563  -20.982 0.8999999762
40091  18.116  -42.772  -21.716 0.4000000060
40092  17.609  -42.827  -22.236 0.4000000060
40109  28.164  -42.524  -22.823 0.8999999762
40110  17.360  -42.570  -22.930 0.3000000119
40145  27.271  -42.460  -25.228 1.0000000000
40158  26.082  -42.405  -26.025 0.8999999762
40193  25.858  -42.541  -29.001 0.6000000238
40209  27.703  -42.380  -29.945 0.5000000000
40218  29.377  -42.630  -31.487 0.5000000000
40221  28.112  -42.688  -31.095 0.5000000000
41115  24.576  -41.905  -20.444 0.8999999762
41119  21.271  -42.224  -20.450 0.6000000238
41120  20.610  -42.411  -20.560 0.6000000238
41138  26.179  -41.845  -20.840 0.8999999762
41139  25.601  -41.117  -21.021 1.0000000000
41143  22.094  -41.431  -20.753 0.6999999881
41164  19.025  -41.805  -21.825 0.5000000000
41165  17.900  -42.136  -22.360 0.4000000060
41179  28.404  -41.744  -22.772 0.8999999762
41203  28.168  -42.105  -24.398 1.0000000000
41204  27.669  -41.981  -25.010 1.0000000000
41226  24.314  -41.973  -26.715 0.8999999762
41229  21.665  -41.892  -26.935 0.8999999762
41238  21.018  -41.386  -27.409 0.8999999762
41266  23.913  -42.264  -30.380 0.6999999881
41269  20.843  -42.027  -29.730 0.8999999762
41280  27.297  -41.855  -29.584 0.5000000000
41291  29.197  -41.943  -31.803 0.5000000000
41292  28.717  -42.084  -32.053 0.5000000000
41293  28.298  -41.989  -31.524 0.5000000000
42243  24.891  -40.640  -21.301 0.8999999762
42303  28.783  -40.874  -23.467 1.0000000000
42333  27.458  -41.267  -25.316 1.0000000000
42343  25.029  -40.523  -26.770 0.8999999762
42354  24.197  -40.413  -26.955 0.8999999762
42358  20.647  -40.857  -28.019 0.8999999762
42386  26.585  -41.360  -29.423 0.5000000000
42388  25.052  -41.287  -29.969 0.8000000119
42389  20.355  -40.385  -29.191 0.8999999762
42402  29.962  -41.040  -30.299 0.5000000000
42404  26.456  -40.722  -29.796 0.6999999881
42406  24.268  -41.037  -30.659 0.8000000119
42409  20.850  -40.747  -29.894 0.8999999762
42421  29.065  -41.324  -31.959 0.5000000000
42422  28.516  -41.234  -31.836 0.5000000000
42423  27.947  -40.456  -30.940 0.6000000238
42432  28.965  -40.833  -32.012 0.5000000000
42433  28.776  -40.872  -32.063 0.6000000238
43384  27.407  -40.292  -21.215 0.8999999762
43387  25.034  -40.139  -21.446 0.8999999762
43388  24.366  -40.079  -21.624 0.6999999881
43400  23.740  -39.649  -21.971 0.8000000119
43401  23.022  -39.796  -22.063 0.6999999881
43402  22.282  -39.908  -22.139 0.6999999881
43403  21.510  -40.029  -22.228 0.6999999881
43404  20.642  -40.215  -22.377 0.6000000238
43411  20.371  -39.663  -23.056 0.5000000000
43472  23.448  -39.806  -27.166 0.8999999762
43473  22.681  -39.362  -27.464 0.8999999762
43487  20.963  -39.533  -28.270 0.8999999762
43515  26.584  -39.587  -30.542 0.8000000119
43516  25.258  -40.083  -30.377 0.8000000119
43529  29.637  -40.262  -31.663 0.5000000000
43539  29.237  -40.247  -31.906 0.6000000238
44620  28.993  -38.663  -22.162 1.0000000000
44622  28.171  -38.974  -21.281 1.0000000000
44644  29.071  -38.939  -23.644 1.0000000000
44684  26.938  -38.710  -26.393 1.0000000000
44695  26.318  -38.966  -26.658 1.0000000000
44699  21.769  -38.919  -27.957 0.8999999762
44705  24.495  -38.302  -27.610 0.8999999762
44706  23.828  -38.541  -27.588 0.8999999762
44707  23.065  -38.415  -27.756 0.8999999762
44735  25.973  -39.011  -30.798 0.8000000119
44739  21.488  -39.138  -30.675 0.8999999762
44740  20.713  -39.336  -29.942 0.8999999762
44747  28.955  -38.537  -31.838 0.6000000238
44748  27.857  -39.108  -31.432 0.6999999881
44750  25.205  -38.502  -31.108 0.8000000119
44761  29.060  -39.661  -31.944 0.6000000238
45671  26.841  -38.403  -21.020 0.8000000119
45683  27.716  -38.333  -21.069 0.8999999762
45685  23.533  -37.796  -22.199 0.6000000238
45691  22.107  -38.218  -22.872 0.5000000000
45692  21.382  -38.517  -23.132 0.4000000060
45726  28.927  -37.832  -24.968 1.0000000000
45728  27.928  -38.322  -25.796 1.0000000000
45739  28.443  -37.738  -25.651 1.0000000000
45746  25.329  -38.341  -27.417 1.0000000000
45756  26.535  -37.852  -27.458 1.0000000000
45759  22.421  -37.719  -28.128 0.8999999762
45784  30.462  -38.372  -30.136 0.6000000238
45794  29.252  -38.088  -31.389 0.6000000238
45797  24.424  -37.997  -31.415 0.8000000119
45807  28.505  -38.225  -31.865 0.6000000238
45808  27.858  -37.841  -31.876 0.6999999881
45810  26.111  -37.428  -31.638 0.6999999881
46696  20.994  -36.942  -23.658 0.3000000119
46707  29.765  -36.693  -24.487 0.8999999762
46738  28.032  -36.967  -26.769 1.0000000000
46772  30.716  -37.096  -29.233 0.6000000238
46781  30.173  -37.623  -30.118 0.6000000238
46791  29.559  -37.553  -30.798 0.6000000238
46793  28.625  -36.990  -31.533 0.6000000238
46809  25.049  -36.706  -31.748 0.8999999762
47677  25.159  -36.484  -21.588 0.6999999881
47727  29.522  -36.682  -25.200 1.0000000000
47749  28.536  -36.551  -26.548 1.0000000000
47760  26.905  -36.618  -27.943 1.0000000000
47787  31.049  -36.500  -28.684 0.6000000238
47797  29.957  -36.343  -29.618 0.6000000238
47819  27.380  -35.835  -31.907 0.6999999881
47820  26.372  -36.209  -31.948 0.6999999881
47821  25.556  -36.109  -31.883 0.8999999762
47822  24.626  -36.036  -31.803 0.8999999762
48822  26.852  -35.252  -28.246 1.0000000000
48824  25.371  -34.954  -28.647 1.0000000000
48836  23.990  -34.880  -28.688 1.0000000000
48837  23.286  -35.040  -28.738 1.0000000000
48848  29.094  -35.358  -30.167 0.6999999881
48856  28.086  -35.411  -31.331 0.6999999881
48865  27.618  -35.475  -31.720 0.6999999881
48866  27.163  -35.231  -31.862 0.6999999881
48867  26.571  -35.019  -32.003 0.8000000119
49738  29.434  -34.460  -21.868 0.6999999881
49751  23.529  -34.092  -22.905 0.4000000060
49753  21.822  -34.755  -23.530 0.3000000119
49795  29.278  -34.434  -26.046 0.8000000119
49820  27.765  -34.513  -27.524 1.0000000000
49835  25.770  -34.396  -28.428 1.0000000000
49836  22.690  -34.944  -29.008 1.0000000000
49844  30.146  -34.807  -29.102 0.6000000238
49845  29.773  -34.145  -29.442 0.6000000238
49849  22.350  -34.650  -29.493 0.8999999762
49856  29.222  -34.190  -29.895 0.6999999881
49857  28.658  -34.324  -30.371 0.6999999881
49859  22.217  -34.473  -30.283 0.8999999762
49868  27.510  -34.295  -31.471 0.6999999881
49869  22.639  -34.533  -31.111 0.8999999762
49879  26.371  -34.425  -32.030 0.8000000119
49880  25.837  -34.826  -32.041 0.8999999762
49882  23.530  -34.466  -31.606 0.8999999762
50762  22.555  -33.992  -23.484 0.3000000119
50807  28.984  -33.958  -26.303 0.8000000119
50808  28.484  -33.691  -26.714 0.8000000119
50830  26.816  -34.027  -27.954 1.0000000000
50833  24.918  -32.977  -28.596 1.0000000000
50853  23.228  -33.262  -30.161 0.8999999762
50859  27.765  -33.784  -31.086 0.6999999881
50860  27.191  -33.759  -31.645 0.6999999881
50861  22.969  -33.557  -30.542 0.8999999762
51698  26.200  -32.731  -21.279 0.4000000060
51704  25.531  -32.709  -21.611 0.4000000060
51714  30.548  -33.090  -22.875 0.6999999881
51732  22.080  -32.914  -23.906 0.3000000119
51744  30.453  -33.125  -24.272 0.6999999881
51767  27.981  -33.030  -27.023 0.8999999762
51795  25.315  -32.358  -28.485 1.0000000000
51796  24.602  -32.356  -28.962 1.0000000000
51805  29.848  -32.880  -29.389 0.6000000238
51814  28.635  -33.192  -30.264 0.6999999881
51837  24.282  -32.726  -32.151 0.8999999762
52738  29.405  -31.823  -21.867 0.5000000000
52740  25.352  -32.000  -21.729 0.4000000060
52819  27.485  -32.432  -27.279 0.8999999762
52820  27.077  -31.822  -27.567 0.8999999762
52849  24.167  -31.733  -29.508 1.0000000000
52850  23.505  -31.514  -30.400 1.0000000000
52856  29.119  -31.953  -29.890 0.6000000238
52857  28.463  -31.818  -30.314 0.6999999881
52865  27.784  -31.717  -30.773 0.6999999881
52875  25.147  -31.565  -32.758 0.8000000119
52876  24.202  -31.697  -32.570 0.8999999762
53755  29.956  -31.465  -22.192 0.5000000000
53761  24.746  -31.070  -22.182 0.4000000060
53775  30.493  -30.608  -22.757 0.5000000000
53826  29.533  -30.602  -26.183 0.8000000119
53837  26.753  -31.199  -27.826 0.8000000119
53852  25.461  -30.907  -28.703 0.8999999762
53866  29.730  -31.256  -29.529 0.6000000238
53879  28.986  -31.203  -29.993 0.6000000238
53889  26.967  -30.825  -31.272 0.8000000119
53890  26.339  -30.626  -31.858 0.6999999881
53898  25.761  -31.115  -32.448 0.8000000119
53901  23.635  -31.240  -32.231 0.8999999762
54770  26.071  -29.987  -21.928 0.4000000060
54771  25.376  -30.143  -22.029 0.4000000060
54773  24.118  -30.190  -22.633 0.4000000060
54839  28.867  -30.383  -26.667 0.8000000119
54852  27.244  -29.966  -27.670 0.8000000119
54883  24.441  -30.341  -29.627 0.8999999762
54895  30.115  -29.768  -29.670 0.6000000238
54897  28.704  -29.842  -30.289 0.6999999881
54912  28.067  -29.754  -30.633 0.6999999881
54915  23.596  -30.456  -31.106 1.0000000000
54926  25.535  -29.667  -32.422 0.8999999762
54928  23.655  -30.525  -32.099 1.0000000000
56071  30.479  -29.168  -23.153 0.5000000000
56073  29.210  -28.987  -22.782 0.5000000000
56084  31.373  -28.858  -24.036 0.5000000000
56088  21.035  -29.351  -23.976 0.3000000119
56141  28.321  -29.201  -27.294 0.8000000119
56142  27.619  -29.445  -27.551 0.8000000119
56154  26.332  -29.048  -28.250 0.8999999762
56181  23.865  -29.217  -30.842 1.0000000000
56192  27.954  -29.159  -30.834 0.6999999881
56193  27.407  -29.067  -31.082 0.6999999881
56194  26.845  -29.417  -31.337 0.8000000119
56207  26.186  -29.154  -31.832 0.8000000119
56209  24.049  -29.066  -32.511 0.8999999762
57266  26.672  -28.625  -22.506 0.4000000060
57282  25.308  -28.239  -22.644 0.3000000119
57285  23.524  -28.252  -23.053 0.3000000119
57311  31.752  -28.311  -25.066 0.6999999881
57332  31.688  -28.260  -25.538 0.6999999881
57333  31.455  -28.496  -25.881 0.6999999881
57352  31.221  -28.074  -26.412 0.6999999881
57353  30.452  -28.247  -26.738 0.6999999881
57354  29.696  -28.528  -26.902 0.6999999881
57384  26.483  -28.318  -28.229 0.8000000119
57397  25.462  -28.230  -28.828 0.8999999762
57398  24.823  -28.172  -29.288 0.8999999762
57410  28.914  -28.638  -30.559 0.6999999881
57413  23.825  -28.408  -30.555 0.8999999762
57420  28.505  -28.201  -30.883 0.6999999881
57421  27.809  -28.514  -31.044 0.8000000119
57423  23.754  -28.647  -31.299 0.8999999762
57434  25.387  -28.250  -32.517 0.8000000119
57449  24.696  -28.255  -32.828 0.8000000119
57450  24.284  -27.756  -32.973 0.8000000119
57451  23.907  -27.966  -32.639 0.8000000119
58486  28.845  -27.265  -23.385 0.4000000060
58561  29.014  -27.544  -27.579 0.8000000119
58562  28.528  -27.932  -27.552 0.6999999881
58573  28.822  -26.985  -27.970 0.6999999881
58585  25.985  -27.769  -28.536 0.8000000119
58586  25.209  -27.455  -29.102 0.8000000119
58612  28.026  -27.805  -31.185 0.6000000238
58628  26.813  -26.974  -32.188 0.6999999881
58629  26.010  -27.660  -32.262 0.6999999881
58642  25.090  -27.541  -32.807 0.8000000119
59727  27.650  -26.863  -23.420 0.4000000060
59750  26.012  -26.306  -23.645 0.4000000060
59753  23.719  -26.627  -23.518 0.3000000119
59764  31.643  -26.609  -24.744 0.4000000060
59800  31.348  -26.463  -27.290 0.6000000238
59801  30.590  -26.821  -27.424 0.6000000238
59815  27.374  -26.813  -28.487 0.8000000119
59816  26.678  -26.838  -28.703 0.8000000119
59825  26.316  -26.422  -29.161 0.8000000119
59827  24.665  -26.878  -29.610 0.8999999762
59836  24.265  -26.442  -30.120 0.8999999762
59869  28.343  -26.535  -31.764 0.5000000000
59871  23.125  -26.522  -32.536 0.8999999762
59887  24.296  -26.483  -33.243 0.8000000119
60937  22.910  -25.791  -24.072 0.3000000119
61008  28.834  -25.516  -29.010 0.6999999881
61009  28.012  -25.693  -29.145 0.6999999881
61019  27.744  -25.172  -29.704 0.6999999881
61024  23.372  -26.049  -31.109 0.8999999762
61042  24.021  -25.609  -30.891 0.8999999762
61077  28.089  -25.484  -32.586 0.6000000238
61080  24.806  -26.063  -33.378 0.8000000119
61094  25.489  -25.651  -33.640 0.6999999881
62272  27.232  -25.152  -24.357 0.3000000119
62273  26.532  -25.185  -24.342 0.3000000119
62286  27.922  -24.432  -24.970 0.3000000119
62288  26.457  -24.688  -24.761 0.3000000119
62289  25.753  -24.673  -24.710 0.3000000119
62304  31.843  -24.910  -25.429 0.3000000119
62335  32.531  -24.252  -27.694 0.3000000119
62336  32.085  -24.622  -28.057 0.5000000000
62350  29.226  -24.985  -29.279 0.6999999881
62365  27.418  -24.729  -30.218 0.6999999881
62366  26.646  -24.887  -30.364 0.6999999881
62379  27.855  -24.095  -30.623 0.6999999881
62381  25.293  -24.731  -31.082 0.8000000119
62411  28.134  -24.933  -32.980 0.6000000238
62412  27.509  -25.187  -33.121 0.6000000238
62413  22.893  -25.129  -32.820 0.8000000119
62422  27.014  -24.848  -33.670 0.6000000238
62423  26.082  -25.065  -33.928 0.6000000238
62437  23.555  -24.767  -34.581 0.8000000119
63501  31.592  -23.889  -25.631 0.3000000119
63590  30.598  -23.685  -29.852 0.5000000000
63603  29.188  -23.547  -30.561 0.5000000000
63619  26.333  -23.516  -31.761 0.6999999881
63638  24.377  -23.347  -32.551 0.8000000119
63639  23.147  -23.658  -32.923 0.8999999762
63652  28.265  -23.934  -33.674 0.6000000238
63663  26.112  -24.124  -34.738 0.6000000238
63665  23.877  -24.332  -35.063 0.6999999881
63666  23.190  -23.768  -35.154 0.8000000119
64687  25.627  -23.213  -25.943 0.3000000119
64713  24.335  -22.774  -26.171 0.3000000119
64754  32.301  -23.105  -29.247 0.4000000060
64764  31.905  -22.845  -29.917 0.4000000060
64766  30.373  -23.225  -30.356 0.5000000000
64781  28.349  -23.100  -31.274 0.5000000000
64782  27.810  -22.850  -31.692 0.6999999881
64795  25.273  -23.055  -32.451 0.6999999881
64820  22.786  -23.052  -34.087 0.8000000119
64829  28.299  -22.822  -34.480 0.6000000238
64830  26.841  -23.325  -34.964 0.6000000238
64832  25.230  -23.511  -35.648 0.6000000238
64833  22.886  -23.024  -34.832 0.8000000119
64841  26.786  -22.808  -35.312 0.6000000238
66055  32.220  -21.370  -31.189 0.3000000119
66069  30.239  -21.489  -32.135 0.4000000060
66070  29.336  -21.485  -32.280 0.4000000060
66086  25.747  -21.520  -33.420 0.8000000119
66099  23.102  -21.657  -34.948 0.8000000119
66112  25.305  -22.405  -36.355 0.6000000238
66113  24.418  -22.459  -36.438 0.6000000238
66114  23.617  -22.288  -36.055 0.6999999881
66115  23.205  -21.686  -35.673 0.8000000119
67319  32.775  -21.026  -30.835 0.3000000119
67330  31.921  -20.942  -31.834 0.4000000060
67331  31.119  -21.243  -32.049 0.4000000060
67344  28.925  -21.063  -32.766 0.5000000000
67345  28.150  -21.175  -32.851 0.5000000000
67354  27.750  -20.764  -33.345 0.6999999881
67355  27.000  -20.872  -33.514 0.6000000238
67358  24.313  -21.016  -34.162 0.6999999881
67366  23.399  -21.159  -35.386 0.6000000238
67374  27.599  -21.409  -35.978 0.6000000238
67375  23.419  -21.266  -35.858 0.6000000238
67383  28.985  -20.978  -36.449 0.5000000000
67385  26.845  -21.208  -36.569 0.6000000238
67386  26.154  -21.008  -36.932 0.6000000238
67388  24.392  -21.109  -36.720 0.6000000238
67398  28.571  -20.592  -36.946 0.5000000000
68623  30.386  -20.024  -33.476 0.4000000060
68628  26.559  -20.397  -33.995 0.8000000119
68629  25.713  -20.461  -34.187 0.6999999881
68643  25.200  -20.016  -34.749 0.6999999881
68644  24.351  -20.142  -34.942 0.6000000238
68651  24.062  -20.084  -35.585 0.6999999881
68661  24.041  -20.292  -36.319 0.6000000238
68672  25.184  -19.999  -37.313 0.6000000238
68682  27.425  -19.661  -37.898 0.6000000238
68688  29.638  -19.665  -38.772 0.5000000000
69827  33.617  -19.348  -29.902 0.3000000119
69882  31.774  -19.032  -33.546 0.3000000119
69883  30.092  -19.601  -33.962 0.4000000060
69884  29.295  -19.690  -34.090 0.4000000060
69897  27.269  -19.382  -34.747 0.4000000060
69908  26.842  -18.975  -35.297 0.6000000238
69925  25.495  -19.407  -37.616 0.6000000238
69926  25.049  -19.080  -37.229 0.6000000238
69936  26.582  -18.958  -38.389 0.6000000238
69937  25.920  -19.137  -38.043 0.6000000238
69948  27.343  -18.695  -38.698 0.6000000238
71081  33.662  -18.540  -30.932 0.3000000119
71111  33.010  -18.347  -32.759 0.3000000119
71112  32.436  -18.704  -33.208 0.3000000119
71130  29.808  -18.706  -34.879 0.3000000119
71131  28.982  -19.175  -34.636 0.4000000060
71138  30.840  -17.874  -35.310 0.3000000119
71140  29.365  -18.264  -35.413 0.3000000119
71152  25.309  -18.501  -36.995 0.6000000238
71166  26.442  -18.326  -38.756 0.6000000238
71168  25.580  -18.466  -38.073 0.6000000238
71178  28.880  -18.139  -39.336 0.5000000000
72236  31.860  -17.252  -35.285 0.3000000119
72237  31.183  -17.422  -35.567 0.3000000119
72240  28.747  -17.889  -35.844 0.3000000119
72247  30.802  -17.052  -36.094 0.3000000119
72250  28.305  -17.396  -36.412 0.4000000060
72251  27.468  -17.495  -36.522 0.5000000000
72253  25.603  -18.071  -36.914 0.6000000238
72261  25.750  -17.320  -37.897 0.6000000238
72268  25.544  -17.849  -38.020 0.6000000238
72281  28.222  -17.505  -39.678 0.6000000238
72290  30.105  -16.641  -39.959 0.4000000060
72293  27.482  -16.862  -39.829 0.6000000238
73380  29.913  -16.287  -37.231 0.4000000060
73381  28.943  -16.267  -37.434 0.4000000060
73382  27.926  -16.376  -37.435 0.4000000060
73384  26.196  -16.848  -37.708 0.5000000000
73394  26.107  -16.728  -38.887 0.6000000238
73403  29.381  -16.307  -40.531 0.4000000060
74540  26.413  -16.286  -38.207 0.4000000060
74554  26.603  -15.585  -39.322 0.4000000060
74555  26.426  -16.124  -39.278 0.5000000000
74562  30.289  -16.054  -40.232 0.4000000060
75767  29.459  -15.304  -38.045 0.4000000060
75774  28.317  -14.733  -38.471 0.4000000060
75788  29.639  -15.573  -40.778 0.3000000119
75789  28.650  -15.131  -41.213 0.4000000060
76996  27.239  -13.303  -40.217 0.4000000060
77004  26.890  -13.874  -40.520 0.4000000060
77010  30.401  -14.249  -41.035 0.3000000119
161397  29.365  -24.615  -24.773 0.3000000119
161706  30.192  -32.545  -24.843 0.6999999881
162789  25.044  -37.835  -27.913 1.0000000000
162952  26.856  -15.296  -38.859 0.4000000060
163031  25.605  -32.277  -32.425 0.8999999762
164666  30.072  -34.047  -22.320 0.6999999881
164864  28.618  -24.980  -32.701 0.6000000238
165383  29.206  -36.921  -30.883 0.6000000238
166502  26.235  -24.527  -30.901 0.6999999881
167013  27.676  -31.735  -27.177 0.8000000119
167149  22.231  -42.372  -26.709 0.8999999762
167355  30.257  -34.054  -29.056 0.6000000238
167416  22.541  -44.427  -19.343 0.8999999762
167487  24.107  -33.812  -31.843 0.8999999762
168438  28.790  -38.986  -31.952 0.6000000238
168528  27.706  -43.615  -23.085 1.0000000000
168862  21.656  -50.631  -20.972 0.6000000238
169118  27.250  -28.902  -27.787 0.8000000119
169297  25.672  -33.022  -28.261 1.0000000000
169650  18.593  -46.723  -20.418 0.6000000238
170265  19.841  -48.858  -18.728 0.6999999881
170334  20.752  -46.526  -19.270 0.6999999881
170753  27.380  -42.379  -21.507 0.8999999762
170865  28.042  -36.645  -31.842 0.6999999881
171210  25.752  -36.185  -21.339 0.6000000238
171250  20.769  -46.049  -26.655 0.6999999881
171406  22.665  -47.894  -18.527 0.6999999881
172045  27.425  -23.112  -34.738 0.6000000238
173127  19.067  -51.968  -21.728 0.4000000060
173612  28.717  -13.734  -41.639 0.3000000119
173891  20.521  -47.639  -19.018 0.6999999881
174125  27.697  -30.977  -21.645 0.4000000060
174132  17.440  -52.609  -20.214 0.3000000119
174235  23.712  -29.828  -31.533 0.8999999762
174310  22.446  -41.828  -20.401 0.6999999881
174468  32.960  -19.843  -31.584 0.3000000119
174481  23.670  -44.102  -29.577 0.5000000000
174482  24.882  -40.648  -30.338 0.8000000119
174531  25.412  -37.234  -31.683 0.6999999881
174574  26.307  -45.008  -28.329 0.4000000060
174728  23.336  -48.120  -18.726 0.6999999881
175126  30.356  -31.708  -29.120 0.6000000238
175530  26.906  -27.235  -28.391 0.8000000119
175954  26.429  -37.852  -21.088 0.8000000119
176565  24.541  -47.866  -20.440 0.6000000238
176988  22.708  -37.587  -31.199 0.8999999762
177265  23.198  -36.549  -31.573 0.8999999762
177350  27.542  -30.284  -30.874 0.6999999881
177729  27.955  -32.464  -30.745 0.6999999881
177976  28.966  -33.409  -26.184 0.8000000119
177987  26.021  -30.409  -28.384 0.8999999762
178051  22.733  -44.363  -29.876 0.6000000238
178211  28.036  -41.298  -30.975 0.6000000238
178668  26.516  -30.661  -28.068 0.8000000119
178883  23.123  -29.638  -22.982 0.3000000119
179087  27.057  -50.208  -24.431 0.4000000060
179335  27.349  -43.081  -21.654 0.8999999762
179435  24.578  -51.415  -22.634 0.4000000060
179507  29.448  -38.805  -31.506 0.6000000238
179560  22.578  -24.282  -33.854 0.8000000119
179566  20.983  -43.537  -20.047 0.6999999881
179583  28.083  -19.302  -34.661 0.5000000000
179896  29.946  -24.017  -29.826 0.5000000000
179949  26.804  -50.249  -25.115 0.4000000060
179977  26.436  -50.419  -25.640 0.4000000060
180981  24.835  -47.327  -20.173 0.8999999762
182017  30.479  -37.384  -29.615 0.6000000238
182049  30.213  -22.511  -31.160 0.5000000000
182050  18.830  -47.366  -19.907 0.6000000238
182141  25.659  -34.292  -21.526 0.4000000060
182566  33.329  -19.411  -31.374 0.3000000119
182616  25.763  -33.479  -32.154 0.8000000119
182683  28.974  -36.787  -25.896 1.0000000000
182804  20.012  -47.600  -19.222 0.6999999881
183336  23.198  -33.698  -31.223 0.8999999762
183454  25.451  -40.474  -21.316 1.0000000000
183781  21.549  -43.187  -26.717 0.8000000119
183895  24.138  -30.198  -32.677 0.8999999762
184507  26.503  -40.504  -26.100 0.8999999762
184584  21.190  -47.908  -27.086 0.6000000238
184824  22.984  -26.104  -31.949 0.8999999762
184895  22.510  -24.164  -33.265 0.8000000119
184999  27.608  -36.342  -31.933 0.6999999881
185233  31.102  -35.714  -28.434 0.6000000238
185422  27.519  -27.448  -31.603 0.8000000119
185875  21.924  -44.333  -19.484 0.8999999762
185952  27.623  -45.054  -29.348 0.3000000119
186289  24.269  -28.293  -32.875 0.8000000119
186311  23.238  -46.804  -18.699 0.8999999762
186339  25.582  -35.691  -28.674 1.0000000000
187168  20.763  -47.361  -29.099 0.6000000238
187365  26.012  -44.491  -28.375 0.4000000060
187471  23.142  -26.536  -31.335 0.8999999762
188086  23.170  -22.481  -33.875 0.8000000119
188511  26.517  -43.944  -20.871 0.8999999762
188593  31.385  -24.953  -28.378 0.5000000000
188627  27.168  -37.747  -27.096 1.0000000000
188721  28.613  -34.955  -26.870 1.0000000000
188905  28.678  -39.005  -21.622 1.0000000000
189292  23.787  -36.031  -22.309 0.5000000000
189378  29.839  -36.376  -24.858 0.8999999762
189478  26.307  -50.833  -22.789 0.4000000060
189635  27.683  -29.993  -27.438 0.8000000119
189715  28.290  -40.661  -21.939 0.8999999762
189969  26.848  -16.319  -39.810 0.6000000238
189970  23.468  -35.129  -22.756 0.4000000060
190429  24.308  -39.475  -21.863 0.8000000119
190632  27.006  -22.367  -32.324 0.6999999881
190744  28.762  -39.971  -24.230 1.0000000000
191452  22.579  -34.637  -23.268 0.4000000060
191542  26.690  -17.617  -36.657 0.6000000238
191598  24.799  -35.349  -28.702 1.0000000000
192674  30.232  -35.258  -24.323 0.8000000119
192704  23.918  -26.092  -30.564 0.8999999762
193300  28.978  -34.746  -30.132 0.6999999881
193340  21.739  -50.857  -23.737 0.5000000000
