#!ascii label  , from subject sub-v2s2x29059_ses-1 vox2ras=TkReg
538
94467  -26.622  -2.372  -43.608 0.0000000000
87105  -24.707  -7.363  -39.775 0.0000000000
201554  -29.986  -6.154  -40.198 0.0000000000
80373  -28.820  -11.464  -38.961 0.0000000000
193573  -27.945  11.712  -46.409 0.0000000000
177234  -29.533  8.238  -43.759 0.0000000000
99767  -22.078  1.573  -42.146 0.0000000000
77624  -27.038  -14.659  -35.889 0.0000000000
84521  -26.798  -9.316  -39.986 0.0000000000
81898  -25.978  -11.152  -38.052 0.0000000000
110568  -28.365  9.555  -45.394 0.0000000000
177236  -25.173  6.058  -45.359 0.0000000000
94444  -23.253  -2.363  -41.362 0.0000000000
97010  -21.317  -0.141  -40.023 0.0000000000
97062  -24.025  -0.323  -43.211 0.0000000000
101031  -27.045  2.326  -44.478 0.0000000000
209136  -28.395  0.553  -43.306 0.0000000000
97031  -29.875  -0.815  -41.713 0.0000000000
90881  -22.707  -4.574  -39.152 0.0000000000
90897  -25.485  -5.060  -42.238 0.0000000000
92054  -28.596  -4.392  -42.515 0.0000000000
87129  -27.914  -7.020  -41.752 0.0000000000
85835  -29.400  -8.975  -40.303 0.0000000000
83203  -31.409  -10.616  -38.439 0.0000000000
103452  -21.009  4.008  -41.270 0.0000000000
103503  -25.702  4.032  -45.342 0.0000000000
201427  -29.914  6.053  -42.934 0.0000000000
78920  -25.589  -12.926  -36.391 0.0000000000
78940  -28.262  -13.386  -37.606 0.0000000000
83200  -24.869  -10.169  -37.893 0.0000000000
83182  -24.510  -10.519  -37.231 0.0000000000
177233  -24.668  6.693  -45.115 0.0000000000
177225  -23.368  5.624  -44.078 0.0000000000
94446  -24.441  -2.446  -42.486 0.0000000000
95697  -22.917  -1.136  -41.862 0.0000000000
213068  -25.083  -1.165  -43.595 0.0000000000
98470  -26.262  0.110  -44.520 0.0000000000
97066  -27.886  -0.608  -43.657 0.0000000000
98436  -29.128  0.244  -42.436 0.0000000000
95699  -28.262  -1.396  -43.374 0.0000000000
88403  -23.971  -6.317  -39.549 0.0000000000
90889  -23.927  -4.902  -40.369 0.0000000000
88412  -24.953  -6.318  -40.713 0.0000000000
89667  -26.811  -6.013  -42.185 0.0000000000
87114  -25.933  -7.312  -40.659 0.0000000000
83218  -27.567  -10.483  -39.415 0.0000000000
84523  -28.389  -9.545  -40.343 0.0000000000
83238  -29.494  -10.132  -39.980 0.0000000000
205109  -30.843  -9.852  -39.754 0.0000000000
81913  -29.693  -11.266  -39.105 0.0000000000
110575  -25.755  10.161  -46.208 0.0000000000
112756  -25.253  10.722  -46.004 0.0000000000
113949  -27.152  11.687  -46.908 0.0000000000
116370  -27.765  13.615  -47.916 0.0000000000
115125  -29.882  13.094  -46.194 0.0000000000
195559  -29.285  9.290  -44.437 0.0000000000
99728  -20.868  1.066  -40.150 0.0000000000
99734  -20.745  1.951  -40.383 0.0000000000
100973  -21.663  2.620  -41.978 0.0000000000
103487  -23.150  3.790  -43.436 0.0000000000
101009  -23.162  2.496  -43.355 0.0000000000
210797  -28.484  3.123  -43.338 0.0000000000
177239  -28.191  4.305  -44.065 0.0000000000
177422  -30.357  4.963  -42.276 0.0000000000
90891  -29.386  -5.013  -41.447 0.0000000000
93200  -30.094  -3.416  -41.124 0.0000000000
77623  -26.260  -14.325  -35.708 0.0000000000
77636  -25.895  -13.680  -36.099 0.0000000000
78938  -26.669  -12.950  -37.235 0.0000000000
209151  -27.427  -14.021  -36.721 0.0000000000
85823  -24.569  -8.416  -38.941 0.0000000000
85831  -25.700  -8.426  -39.948 0.0000000000
84508  -24.908  -9.104  -38.723 0.0000000000
83216  -26.017  -10.103  -38.835 0.0000000000
81899  -26.618  -11.306  -38.357 0.0000000000
110565  -26.282  8.911  -45.889 0.0000000000
111644  -28.267  10.334  -45.880 0.0000000000
109472  -26.902  8.528  -45.596 0.0000000000
178394  -26.773  7.735  -45.416 0.0000000000
177558  -27.136  6.618  -45.231 0.0000000000
193799  -22.074  -2.099  -39.446 0.0000000000
95687  -22.079  -0.902  -40.623 0.0000000000
97028  -22.070  -0.284  -41.192 0.0000000000
98432  -22.458  0.772  -42.334 0.0000000000
99790  -24.043  1.635  -43.708 0.0000000000
98469  -25.167  0.943  -44.435 0.0000000000
99792  -27.786  1.354  -43.833 0.0000000000
197840  -29.306  2.451  -41.987 0.0000000000
184476  -29.670  1.456  -41.418 0.0000000000
76468  -28.602  -15.201  -34.899 0.0000000000
76484  -28.895  -14.740  -35.450 0.0000000000
92030  -23.312  -3.644  -40.615 0.0000000000
92042  -23.950  -3.759  -41.530 0.0000000000
92059  -25.985  -3.693  -43.042 0.0000000000
93225  -27.664  -3.151  -43.363 0.0000000000
90903  -27.154  -4.795  -42.786 0.0000000000
89677  -28.150  -5.708  -42.438 0.0000000000
88415  -29.257  -6.657  -41.381 0.0000000000
85847  -26.890  -8.261  -40.684 0.0000000000
201675  -28.905  -7.848  -41.065 0.0000000000
87119  -29.815  -7.652  -40.255 0.0000000000
85837  -30.699  -8.647  -39.487 0.0000000000
212013  -31.866  -9.438  -38.806 0.0000000000
113936  -29.849  12.178  -45.407 0.0000000000
200137  -22.801  4.594  -43.227 0.0000000000
104689  -25.324  4.658  -45.248 0.0000000000
177496  -27.169  5.888  -45.198 0.0000000000
195378  -25.561  2.945  -44.806 0.0000000000
177504  -27.697  4.714  -44.634 0.0000000000
177230  -29.357  6.903  -43.647 0.0000000000
94447  -29.377  -2.660  -42.063 0.0000000000
94439  -30.774  -1.829  -40.666 0.0000000000
213302  -24.561  -11.379  -36.657 0.0000000000
81882  -25.599  -11.651  -37.434 0.0000000000
80348  -27.067  -12.466  -37.803 0.0000000000
80363  -27.880  -12.304  -38.237 0.0000000000
77640  -28.917  -14.149  -36.598 0.0000000000
186674  -29.974  -13.149  -37.298 0.0000000000
80366  -29.967  -12.325  -38.154 0.0000000000
105867  -21.798  5.916  -42.164 0.0000000000
94455  -25.119  -2.310  -43.019 0.0000000000
201670  -24.627  -1.537  -43.132 0.0000000000
95713  -26.377  -1.632  -43.855 0.0000000000
95724  -26.250  -1.014  -44.215 0.0000000000
189096  -27.104  -1.815  -43.712 0.0000000000
203273  -27.845  -2.012  -43.599 0.0000000000
88395  -24.124  -6.934  -39.331 0.0000000000
212428  -23.623  -6.565  -39.023 0.0000000000
88404  -24.566  -6.682  -39.979 0.0000000000
89650  -24.423  -6.042  -40.150 0.0000000000
88413  -25.665  -6.693  -41.027 0.0000000000
88405  -25.149  -7.042  -40.422 0.0000000000
81912  -28.124  -11.003  -39.211 0.0000000000
83219  -28.272  -10.486  -39.628 0.0000000000
83220  -29.018  -10.752  -39.537 0.0000000000
83221  -29.959  -10.615  -39.574 0.0000000000
111656  -26.415  10.343  -46.437 0.0000000000
112774  -26.541  11.079  -46.794 0.0000000000
112775  -27.462  11.213  -46.581 0.0000000000
113950  -27.895  12.207  -47.081 0.0000000000
115136  -29.158  13.218  -46.693 0.0000000000
115123  -28.530  12.181  -46.278 0.0000000000
109457  -29.108  8.691  -44.370 0.0000000000
110548  -29.738  9.792  -44.280 0.0000000000
109441  -29.811  9.128  -43.902 0.0000000000
202638  -30.219  8.697  -43.422 0.0000000000
99736  -21.408  1.198  -41.124 0.0000000000
99735  -21.037  1.355  -40.634 0.0000000000
99749  -21.099  1.925  -41.001 0.0000000000
100965  -20.926  2.504  -40.820 0.0000000000
209897  -21.873  2.059  -42.030 0.0000000000
100988  -22.653  2.341  -42.947 0.0000000000
100987  -22.145  2.193  -42.432 0.0000000000
203309  -29.550  3.694  -41.933 0.0000000000
103470  -29.284  4.062  -42.541 0.0000000000
197127  -29.592  -5.361  -41.021 0.0000000000
90892  -29.851  -4.656  -40.873 0.0000000000
90883  -30.459  -4.620  -40.083 0.0000000000
75270  -27.390  -15.279  -35.381 0.0000000000
76481  -26.536  -14.999  -35.343 0.0000000000
77637  -26.760  -14.005  -36.366 0.0000000000
77638  -27.426  -14.378  -36.359 0.0000000000
85809  -24.154  -8.791  -38.355 0.0000000000
83201  -25.642  -10.471  -38.242 0.0000000000
83202  -26.378  -10.737  -38.568 0.0000000000
109470  -25.807  8.555  -45.644 0.0000000000
110566  -26.897  9.305  -45.829 0.0000000000
207926  -25.864  7.929  -45.535 0.0000000000
177232  -24.416  6.031  -44.883 0.0000000000
107105  -25.994  6.810  -45.635 0.0000000000
177238  -25.840  6.186  -45.650 0.0000000000
108280  -27.122  7.283  -45.231 0.0000000000
207713  -26.231  6.349  -45.657 0.0000000000
94432  -22.767  -2.324  -40.544 0.0000000000
95678  -22.352  -1.623  -40.619 0.0000000000
95711  -24.001  -0.999  -42.920 0.0000000000
97029  -22.522  -0.499  -41.698 0.0000000000
97045  -22.986  -0.498  -42.291 0.0000000000
98415  -22.207  0.241  -41.748 0.0000000000
98434  -23.546  0.249  -43.081 0.0000000000
179375  -23.729  0.950  -43.398 0.0000000000
98454  -24.858  0.273  -43.966 0.0000000000
185393  -27.983  0.649  -43.739 0.0000000000
99811  -27.366  0.765  -44.166 0.0000000000
99793  -28.295  1.142  -43.319 0.0000000000
181505  -28.163  1.910  -43.239 0.0000000000
204831  -28.477  1.524  -42.761 0.0000000000
100974  -29.132  1.788  -41.790 0.0000000000
99751  -28.839  1.464  -42.330 0.0000000000
97030  -29.447  -0.325  -42.106 0.0000000000
98417  -29.542  0.310  -41.888 0.0000000000
97013  -30.864  -0.286  -40.732 0.0000000000
75259  -28.334  -15.606  -34.481 0.0000000000
75260  -28.885  -15.298  -34.208 0.0000000000
92010  -22.435  -4.017  -39.128 0.0000000000
196109  -22.697  -3.486  -39.698 0.0000000000
92019  -22.995  -4.135  -39.756 0.0000000000
90896  -24.895  -5.019  -41.756 0.0000000000
92031  -23.887  -4.353  -40.965 0.0000000000
90901  -25.047  -4.447  -42.267 0.0000000000
92050  -25.285  -3.789  -42.680 0.0000000000
189829  -25.816  -4.463  -42.697 0.0000000000
92051  -26.639  -4.195  -42.974 0.0000000000
90902  -26.440  -4.792  -42.722 0.0000000000
88420  -27.034  -6.677  -41.778 0.0000000000
89676  -27.414  -5.548  -42.526 0.0000000000
89668  -27.669  -6.257  -42.204 0.0000000000
88422  -28.887  -6.397  -41.914 0.0000000000
87130  -28.840  -7.128  -41.706 0.0000000000
84520  -26.055  -9.079  -39.676 0.0000000000
87107  -26.113  -8.084  -40.537 0.0000000000
85832  -26.457  -8.689  -40.229 0.0000000000
84538  -28.785  -9.049  -40.696 0.0000000000
85850  -28.950  -8.472  -40.709 0.0000000000
85851  -29.323  -8.096  -40.511 0.0000000000
85836  -29.927  -8.428  -39.915 0.0000000000
87108  -30.390  -7.910  -39.601 0.0000000000
184390  -31.160  -10.545  -39.038 0.0000000000
84513  -31.671  -9.418  -39.242 0.0000000000
83204  -31.671  -9.999  -38.812 0.0000000000
84492  -31.991  -9.443  -38.123 0.0000000000
111645  -28.956  10.321  -45.268 0.0000000000
112758  -29.283  11.656  -45.315 0.0000000000
181929  -29.460  11.006  -44.987 0.0000000000
96989  -21.201  -0.368  -39.604 0.0000000000
103440  -20.844  3.824  -40.960 0.0000000000
103453  -21.409  4.083  -41.778 0.0000000000
104665  -22.206  4.823  -42.573 0.0000000000
103467  -21.911  4.013  -42.345 0.0000000000
103501  -24.444  3.806  -44.452 0.0000000000
205998  -23.925  4.288  -44.295 0.0000000000
103502  -25.071  3.949  -45.019 0.0000000000
187725  -26.622  5.505  -45.472 0.0000000000
103515  -26.542  4.801  -45.437 0.0000000000
99808  -25.259  1.721  -44.464 0.0000000000
101028  -24.964  2.421  -44.427 0.0000000000
191982  -26.334  2.771  -44.738 0.0000000000
201426  -29.183  5.027  -43.173 0.0000000000
201393  -28.740  5.328  -43.704 0.0000000000
177432  -28.789  5.949  -43.842 0.0000000000
201444  -29.929  6.774  -43.134 0.0000000000
201424  -30.442  7.390  -42.760 0.0000000000
92062  -27.865  -3.684  -43.146 0.0000000000
94457  -28.899  -2.709  -42.690 0.0000000000
93209  -29.214  -3.286  -42.141 0.0000000000
193205  -30.300  -2.607  -41.004 0.0000000000
78919  -25.036  -12.715  -35.862 0.0000000000
80335  -25.028  -12.263  -36.304 0.0000000000
81867  -24.972  -11.768  -36.803 0.0000000000
80336  -25.579  -12.298  -36.905 0.0000000000
78939  -27.446  -13.171  -37.450 0.0000000000
80347  -26.214  -12.333  -37.400 0.0000000000
78951  -27.854  -12.863  -37.866 0.0000000000
182202  -29.086  -14.321  -35.966 0.0000000000
78942  -29.590  -13.071  -37.859 0.0000000000
84490  -24.492  -9.478  -38.127 0.0000000000
84474  -24.129  -9.821  -37.460 0.0000000000
83183  -25.262  -10.862  -37.653 0.0000000000
108277  -24.880  7.377  -45.255 0.0000000000
177229  -23.985  6.671  -44.603 0.0000000000
190170  -23.741  6.106  -44.350 0.0000000000
94445  -23.819  -2.411  -41.980 0.0000000000
186340  -22.774  -1.760  -41.357 0.0000000000
94454  -23.974  -1.774  -42.582 0.0000000000
207780  -24.557  -0.804  -43.400 0.0000000000
97063  -24.555  -0.213  -43.581 0.0000000000
97079  -25.950  -0.539  -44.359 0.0000000000
97080  -26.578  -0.507  -44.330 0.0000000000
98457  -28.184  0.028  -43.525 0.0000000000
98435  -28.654  0.104  -43.010 0.0000000000
97047  -28.456  -0.574  -43.225 0.0000000000
202624  -28.782  -1.074  -42.937 0.0000000000
95690  -29.262  -1.144  -42.313 0.0000000000
89642  -23.381  -5.981  -39.007 0.0000000000
89649  -23.874  -5.504  -39.694 0.0000000000
90882  -23.379  -4.767  -39.692 0.0000000000
89656  -24.424  -5.459  -40.474 0.0000000000
89665  -25.286  -5.534  -41.804 0.0000000000
89666  -25.945  -5.689  -42.125 0.0000000000
89658  -25.443  -6.082  -41.473 0.0000000000
88419  -26.183  -6.401  -41.698 0.0000000000
88414  -27.139  -7.203  -41.398 0.0000000000
84511  -27.155  -9.933  -39.730 0.0000000000
84522  -27.587  -9.455  -40.212 0.0000000000
83236  -27.938  -10.035  -39.935 0.0000000000
83237  -28.717  -10.105  -39.983 0.0000000000
203780  -29.718  -9.649  -40.127 0.0000000000
84525  -30.270  -9.286  -39.819 0.0000000000
83239  -30.216  -10.021  -39.916 0.0000000000
81914  -30.514  -10.983  -39.099 0.0000000000
81902  -30.923  -11.167  -38.428 0.0000000000
110563  -24.991  9.519  -45.298 0.0000000000
112773  -25.731  10.848  -46.486 0.0000000000
208527  -28.154  12.695  -47.302 0.0000000000
116358  -30.088  14.082  -47.039 0.0000000000
110547  -29.120  9.731  -44.826 0.0000000000
111628  -29.600  10.384  -44.635 0.0000000000
100944  -19.204  2.514  -39.193 0.0000000000
100959  -20.582  2.272  -40.235 0.0000000000
100964  -20.751  2.703  -40.570 0.0000000000
102233  -21.230  3.299  -41.609 0.0000000000
102234  -21.623  3.389  -42.099 0.0000000000
205026  -22.129  3.047  -42.625 0.0000000000
102258  -23.502  3.064  -43.603 0.0000000000
102272  -24.974  3.264  -44.690 0.0000000000
101013  -28.095  2.640  -43.675 0.0000000000
102260  -28.065  3.463  -44.034 0.0000000000
102261  -28.661  3.904  -43.292 0.0000000000
103489  -29.068  4.478  -43.045 0.0000000000
201317  -29.765  5.357  -42.740 0.0000000000
92044  -29.058  -4.060  -42.136 0.0000000000
92045  -29.608  -3.688  -41.673 0.0000000000
212182  -29.878  -4.009  -41.196 0.0000000000
92034  -30.281  -3.967  -40.591 0.0000000000
77622  -25.479  -14.010  -35.466 0.0000000000
78937  -26.042  -12.797  -36.973 0.0000000000
78921  -26.308  -13.342  -36.711 0.0000000000
78922  -27.049  -13.575  -36.982 0.0000000000
77651  -27.833  -13.775  -37.150 0.0000000000
87096  -24.195  -7.653  -39.038 0.0000000000
87106  -25.378  -7.730  -40.180 0.0000000000
87097  -24.936  -8.075  -39.581 0.0000000000
85824  -25.336  -8.738  -39.296 0.0000000000
84509  -25.673  -9.426  -39.072 0.0000000000
84491  -25.260  -9.790  -38.485 0.0000000000
84510  -26.405  -9.723  -39.422 0.0000000000
83217  -26.774  -10.359  -39.151 0.0000000000
81911  -27.204  -11.059  -38.842 0.0000000000
81900  -27.950  -11.643  -38.713 0.0000000000
185134  -24.607  8.884  -44.863 0.0000000000
110564  -25.662  9.380  -45.853 0.0000000000
110576  -26.279  9.641  -46.156 0.0000000000
111657  -27.385  10.499  -46.352 0.0000000000
112776  -28.148  11.040  -46.213 0.0000000000
111643  -27.609  9.752  -45.892 0.0000000000
189801  -27.580  8.992  -45.523 0.0000000000
108278  -25.623  7.389  -45.506 0.0000000000
110567  -28.140  8.792  -45.205 0.0000000000
108281  -27.616  8.050  -45.235 0.0000000000
109456  -28.439  8.373  -44.822 0.0000000000
177237  -28.274  7.643  -44.690 0.0000000000
96990  -21.654  -0.803  -39.832 0.0000000000
95688  -22.486  -1.122  -41.235 0.0000000000
97011  -21.670  -0.209  -40.543 0.0000000000
98396  -21.741  0.426  -41.150 0.0000000000
195930  -21.893  1.014  -41.713 0.0000000000
99789  -23.278  1.739  -43.226 0.0000000000
185218  -24.439  0.954  -43.882 0.0000000000
99809  -25.833  1.380  -44.548 0.0000000000
98455  -25.569  0.157  -44.341 0.0000000000
99810  -26.579  0.917  -44.469 0.0000000000
101012  -27.635  2.085  -43.992 0.0000000000
102247  -28.514  2.549  -43.072 0.0000000000
100990  -29.044  3.114  -42.565 0.0000000000
100991  -29.678  3.041  -41.665 0.0000000000
100975  -29.864  2.221  -41.337 0.0000000000
99752  -29.287  0.974  -41.997 0.0000000000
88406  -30.232  -6.580  -39.889 0.0000000000
75271  -27.976  -15.595  -34.967 0.0000000000
76483  -28.198  -15.065  -35.496 0.0000000000
76482  -27.801  -14.791  -36.038 0.0000000000
93199  -22.922  -2.973  -40.219 0.0000000000
93206  -23.205  -2.856  -40.811 0.0000000000
92020  -23.494  -4.355  -40.282 0.0000000000
93207  -23.637  -3.020  -41.390 0.0000000000
93208  -24.205  -3.102  -42.036 0.0000000000
93217  -25.530  -3.076  -42.986 0.0000000000
93223  -26.164  -2.950  -43.349 0.0000000000
94468  -27.397  -2.519  -43.556 0.0000000000
92060  -26.600  -3.534  -43.205 0.0000000000
92061  -27.263  -3.745  -43.155 0.0000000000
92052  -27.710  -4.306  -42.927 0.0000000000
89675  -26.623  -5.345  -42.515 0.0000000000
90904  -27.883  -5.034  -42.714 0.0000000000
90905  -28.438  -5.103  -42.492 0.0000000000
193519  -28.953  -4.956  -42.072 0.0000000000
89659  -29.175  -5.766  -41.621 0.0000000000
89660  -29.589  -6.027  -40.825 0.0000000000
87115  -26.741  -7.638  -40.953 0.0000000000
87116  -27.508  -7.632  -41.213 0.0000000000
85833  -27.235  -8.845  -40.476 0.0000000000
85848  -27.682  -8.249  -40.882 0.0000000000
87117  -28.280  -7.691  -41.273 0.0000000000
87118  -29.362  -7.405  -41.041 0.0000000000
88416  -29.766  -6.860  -40.549 0.0000000000
205670  -30.292  -7.201  -39.830 0.0000000000
87109  -30.934  -7.461  -39.370 0.0000000000
84512  -31.174  -9.404  -39.552 0.0000000000
85825  -31.589  -8.681  -39.302 0.0000000000
113951  -29.143  12.173  -45.758 0.0000000000
113952  -29.649  12.581  -45.825 0.0000000000
112759  -30.171  11.602  -44.865 0.0000000000
104666  -22.402  5.495  -42.951 0.0000000000
104679  -23.035  5.173  -43.669 0.0000000000
104680  -23.667  4.907  -44.278 0.0000000000
103488  -23.369  4.405  -43.856 0.0000000000
177231  -24.457  4.611  -44.772 0.0000000000
177235  -24.854  5.349  -45.113 0.0000000000
177481  -26.208  5.805  -45.662 0.0000000000
177244  -27.718  6.377  -44.851 0.0000000000
181254  -28.280  6.885  -44.514 0.0000000000
101011  -24.358  2.205  -43.993 0.0000000000
102273  -25.974  3.472  -45.190 0.0000000000
102275  -27.353  3.485  -44.647 0.0000000000
102274  -26.654  3.500  -45.037 0.0000000000
103505  -27.078  4.223  -45.091 0.0000000000
177540  -27.802  5.557  -44.663 0.0000000000
201418  -28.279  6.166  -44.345 0.0000000000
195037  -28.966  7.394  -44.076 0.0000000000
177227  -30.266  8.096  -43.098 0.0000000000
94456  -28.381  -2.301  -43.248 0.0000000000
95700  -28.839  -1.778  -42.848 0.0000000000
95691  -29.736  -1.564  -41.691 0.0000000000
93210  -29.756  -2.992  -41.634 0.0000000000
188982  -30.153  -1.903  -41.225 0.0000000000
95679  -30.279  -1.271  -41.193 0.0000000000
81881  -24.830  -11.198  -37.073 0.0000000000
81883  -26.408  -11.806  -37.942 0.0000000000
80362  -27.162  -11.774  -38.336 0.0000000000
80364  -28.685  -12.111  -38.470 0.0000000000
76493  -28.514  -14.613  -36.078 0.0000000000
77639  -28.110  -14.284  -36.636 0.0000000000
77652  -28.643  -13.875  -37.205 0.0000000000
77641  -29.424  -13.643  -37.159 0.0000000000
78941  -28.988  -13.469  -37.656 0.0000000000
206257  -28.698  -12.890  -38.065 0.0000000000
80365  -29.324  -12.505  -38.263 0.0000000000
80374  -29.467  -11.896  -38.601 0.0000000000
81901  -30.223  -11.598  -38.555 0.0000000000
80334  -24.300  -11.607  -36.153 0.0000000000
83222  -30.719  -10.347  -39.526 0.0000000000
83223  -31.322  -9.969  -39.482 0.0000000000
84524  -29.112  -9.590  -40.292 0.0000000000
85826  -32.025  -8.868  -38.804 0.0000000000
85834  -28.059  -8.943  -40.646 0.0000000000
85849  -28.479  -8.372  -40.890 0.0000000000
88421  -28.456  -6.403  -42.121 0.0000000000
89651  -30.089  -5.410  -40.321 0.0000000000
89652  -30.648  -5.972  -39.644 0.0000000000
89657  -24.861  -5.624  -41.165 0.0000000000
89669  -28.728  -5.773  -42.230 0.0000000000
89674  -26.035  -5.096  -42.512 0.0000000000
90890  -24.417  -4.957  -41.077 0.0000000000
92032  -24.414  -4.410  -41.683 0.0000000000
92033  -29.440  -4.385  -41.576 0.0000000000
92043  -24.599  -3.788  -42.159 0.0000000000
92053  -28.236  -3.966  -42.872 0.0000000000
93188  -22.514  -2.687  -39.578 0.0000000000
93216  -24.868  -3.091  -42.568 0.0000000000
93224  -26.959  -3.061  -43.412 0.0000000000
94438  -22.328  -2.034  -39.969 0.0000000000
94448  -29.765  -2.288  -41.635 0.0000000000
94465  -25.294  -1.677  -43.476 0.0000000000
94466  -25.843  -2.134  -43.571 0.0000000000
95689  -23.284  -1.796  -42.015 0.0000000000
95698  -23.426  -1.112  -42.429 0.0000000000
95712  -25.727  -1.247  -43.922 0.0000000000
95714  -26.843  -1.121  -43.964 0.0000000000
95715  -27.541  -1.245  -43.712 0.0000000000
97012  -30.361  -0.539  -41.147 0.0000000000
97046  -23.478  -0.424  -42.770 0.0000000000
97048  -28.970  -0.461  -42.698 0.0000000000
97064  -25.206  -0.507  -43.906 0.0000000000
97065  -27.242  -0.535  -44.025 0.0000000000
98395  -21.250  0.555  -40.501 0.0000000000
98416  -22.621  0.033  -42.185 0.0000000000
98433  -22.993  0.161  -42.632 0.0000000000
98453  -23.057  0.887  -42.923 0.0000000000
98456  -27.612  0.069  -43.955 0.0000000000
98471  -26.987  0.116  -44.400 0.0000000000
99750  -21.567  1.853  -41.637 0.0000000000
99753  -29.982  0.734  -41.398 0.0000000000
99768  -22.585  1.572  -42.691 0.0000000000
99769  -28.753  0.850  -42.775 0.0000000000
99791  -24.716  1.646  -44.144 0.0000000000
100972  -21.190  2.565  -41.356 0.0000000000
100989  -28.709  2.092  -42.470 0.0000000000
101010  -23.762  2.345  -43.661 0.0000000000
101029  -25.723  2.193  -44.609 0.0000000000
101030  -26.464  1.853  -44.556 0.0000000000
102235  -30.437  2.928  -41.106 0.0000000000
102246  -22.813  3.079  -43.183 0.0000000000
102259  -27.525  2.819  -44.241 0.0000000000
103468  -22.486  3.873  -42.928 0.0000000000
103504  -26.301  4.094  -45.392 0.0000000000
103506  -27.690  4.036  -44.530 0.0000000000
107104  -25.405  6.738  -45.479 0.0000000000
107106  -26.552  6.903  -45.457 0.0000000000
108266  -27.655  7.146  -44.930 0.0000000000
108279  -26.195  7.473  -45.535 0.0000000000
109469  -25.223  8.130  -45.319 0.0000000000
109471  -26.307  8.192  -45.586 0.0000000000
110530  -30.316  9.748  -43.868 0.0000000000
110531  -30.712  9.308  -43.479 0.0000000000
110546  -28.744  9.068  -44.860 0.0000000000
110577  -26.891  9.941  -46.050 0.0000000000
112757  -28.818  10.982  -45.638 0.0000000000
112777  -28.586  11.702  -45.823 0.0000000000
113937  -30.675  12.233  -45.238 0.0000000000
115124  -29.146  12.680  -46.231 0.0000000000
115137  -29.784  13.586  -46.684 0.0000000000
177226  -23.344  6.750  -44.076 0.0000000000
177228  -24.037  5.409  -44.650 0.0000000000
177240  -26.200  5.231  -45.623 0.0000000000
177241  -26.622  6.166  -45.508 0.0000000000
177242  -28.252  5.030  -44.155 0.0000000000
177243  -27.158  5.110  -45.143 0.0000000000
177401  -29.281  5.670  -43.321 0.0000000000
177454  -28.815  6.601  -43.995 0.0000000000
177471  -28.654  4.686  -43.562 0.0000000000
177576  -25.973  4.673  -45.569 0.0000000000
178377  -29.761  7.470  -43.418 0.0000000000
181721  -24.179  0.312  -43.509 0.0000000000
183758  -27.176  1.536  -44.324 0.0000000000
185747  -28.857  8.053  -44.377 0.0000000000
186992  -25.709  5.413  -45.534 0.0000000000
187159  -23.820  3.728  -43.906 0.0000000000
187355  -26.462  -6.980  -41.214 0.0000000000
187823  -31.050  -8.104  -39.316 0.0000000000
188655  -29.268  -2.018  -42.180 0.0000000000
191557  -28.737  -3.612  -42.659 0.0000000000
196533  -24.276  2.979  -44.093 0.0000000000
197468  -25.874  0.692  -44.533 0.0000000000
201425  -29.361  6.315  -43.518 0.0000000000
201453  -28.367  5.605  -44.155 0.0000000000
201491  -29.585  4.708  -42.601 0.0000000000
202597  -25.471  3.526  -45.096 0.0000000000
204441  -28.171  -4.570  -42.707 0.0000000000
205042  -26.994  2.970  -44.657 0.0000000000
205330  -30.863  8.639  -43.068 0.0000000000
209199  -24.532  -2.005  -42.807 0.0000000000
209377  -27.973  -2.643  -43.455 0.0000000000
209816  -25.683  -2.609  -43.227 0.0000000000
211013  -28.288  -3.166  -43.125 0.0000000000
211859  -22.291  -0.719  -41.195 0.0000000000
211878  -27.217  -4.261  -42.959 0.0000000000
213809  -27.198  -7.954  -40.940 0.0000000000
213824  -24.674  -5.875  -40.630 0.0000000000
