#!ascii label  , from subject sub-v2s2x29059_ses-1 vox2ras=TkReg
1532
10019  21.907  -76.091  -20.058 0.3000000119
15431  28.340  -69.461  -29.724 0.6000000238
19450  29.904  -64.500  -25.111 0.6999999881
19437  29.647  -63.916  -24.704 0.6999999881
10663  21.808  -75.189  -20.212 0.4000000060
17048  24.577  -67.080  -24.806 0.4000000060
193323  21.942  -74.934  -19.373 0.5000000000
10650  22.008  -75.508  -18.947 0.5000000000
14679  27.859  -70.309  -29.689 0.6999999881
17095  29.053  -67.339  -29.328 0.6999999881
16258  29.344  -68.168  -29.471 0.5000000000
17858  30.496  -66.186  -26.626 0.6000000238
18663  29.919  -65.713  -26.292 0.6000000238
19449  30.794  -64.441  -25.245 0.6999999881
21011  29.595  -62.707  -24.274 0.6999999881
12522  21.438  -72.510  -20.061 0.5000000000
17033  24.839  -67.098  -24.040 0.4000000060
11925  21.583  -73.215  -19.803 0.6000000238
16225  25.623  -68.237  -26.255 0.4000000060
14637  26.699  -69.955  -27.194 0.5000000000
13173  22.806  -71.549  -19.940 0.6000000238
14653  26.861  -70.721  -28.020 0.6000000238
13927  27.046  -71.022  -28.708 0.6000000238
11912  22.226  -73.390  -19.316 0.6000000238
14667  28.192  -70.537  -29.205 0.6000000238
17086  29.986  -67.323  -28.459 0.6000000238
17065  30.825  -66.692  -27.070 0.6000000238
19447  32.373  -64.155  -25.977 0.6999999881
18652  31.238  -65.027  -25.682 0.6999999881
19448  31.693  -64.281  -25.573 0.6999999881
21018  31.240  -62.744  -24.998 0.6999999881
21765  30.637  -61.548  -24.476 0.6999999881
21017  31.821  -62.222  -25.477 0.6999999881
21774  31.790  -61.416  -25.524 0.6999999881
22609  31.226  -61.073  -24.968 0.6999999881
22616  32.298  -60.961  -26.130 0.6999999881
13849  22.145  -70.396  -20.615 0.5000000000
15327  23.325  -68.526  -21.755 0.5000000000
16164  23.587  -67.315  -22.640 0.5000000000
16224  26.309  -68.108  -26.017 0.4000000060
13831  22.770  -70.590  -20.367 0.5000000000
15396  27.303  -69.183  -26.493 0.5000000000
198394  27.618  -70.580  -28.139 0.6000000238
13172  23.586  -71.485  -20.258 0.6000000238
13848  23.789  -70.791  -20.728 0.5000000000
14556  24.786  -70.272  -21.859 0.5000000000
15429  30.000  -69.406  -29.369 0.6999999881
16238  30.748  -67.743  -28.148 0.6000000238
16257  29.899  -68.563  -29.353 0.6999999881
17856  31.965  -66.126  -26.667 0.6000000238
17074  31.135  -67.284  -27.572 0.6000000238
19461  32.873  -64.482  -26.412 0.6000000238
18661  31.629  -65.587  -26.138 0.6000000238
20256  32.892  -63.586  -26.398 0.6000000238
215335  32.649  -63.097  -26.166 0.6999999881
23541  31.169  -60.203  -24.946 0.6999999881
21788  33.283  -61.670  -27.050 0.6000000238
22608  31.734  -60.615  -25.568 0.6999999881
23540  31.686  -59.906  -25.593 0.6999999881
21780  32.833  -61.324  -26.663 0.6999999881
16206  26.018  -67.580  -24.798 0.4000000060
15315  23.187  -69.166  -21.369 0.5000000000
199237  24.842  -68.030  -22.867 0.4000000060
15385  26.937  -68.352  -26.003 0.5000000000
13926  28.483  -70.468  -27.951 0.6000000238
15339  24.680  -68.743  -22.372 0.4000000060
212319  29.231  -70.459  -28.741 0.6000000238
217293  24.239  -69.769  -21.486 0.4000000060
197414  25.950  -68.604  -23.633 0.4000000060
14580  25.056  -69.795  -22.407 0.4000000060
14596  27.257  -70.197  -24.170 0.4000000060
14676  30.648  -69.759  -29.177 0.6999999881
16248  31.087  -68.498  -28.694 0.6000000238
17073  31.991  -67.336  -27.670 0.6000000238
18659  33.466  -64.921  -26.915 0.6000000238
17063  32.408  -66.706  -27.195 0.6000000238
19460  33.487  -64.058  -26.920 0.6000000238
25514  31.580  -58.429  -25.424 0.6999999881
24502  32.008  -59.260  -26.063 0.6999999881
22615  32.768  -60.558  -26.752 0.6000000238
23547  32.661  -59.740  -26.775 0.6000000238
16185  26.286  -68.106  -24.206 0.4000000060
15384  27.385  -68.893  -25.665 0.4000000060
204088  29.615  -70.539  -28.311 0.6999999881
15371  27.216  -69.007  -24.897 0.4000000060
14665  30.557  -70.270  -28.870 0.8000000119
14578  26.336  -70.499  -23.071 0.5000000000
15422  31.280  -69.350  -28.999 0.6999999881
16236  32.426  -68.017  -28.326 0.6000000238
17854  33.405  -65.785  -27.103 0.5000000000
17072  32.884  -67.330  -27.816 0.6000000238
26565  31.495  -56.899  -25.057 0.6999999881
21794  34.374  -61.862  -28.289 0.6000000238
21032  33.439  -62.290  -27.092 0.6000000238
203818  31.861  -57.827  -25.774 0.8000000119
27603  31.949  -56.496  -25.643 0.8000000119
190223  34.023  -61.105  -28.018 0.6000000238
22623  33.411  -61.004  -27.344 0.6000000238
14623  28.463  -70.154  -26.268 0.5000000000
14635  28.233  -70.203  -27.302 0.6000000238
14611  28.354  -70.285  -25.272 0.5000000000
13885  29.111  -70.766  -24.115 0.6999999881
13900  28.719  -70.742  -24.562 0.4000000060
15421  31.930  -69.725  -29.028 0.6999999881
16246  32.849  -68.741  -28.836 0.6999999881
17867  34.061  -66.375  -27.820 0.6000000238
17085  33.723  -67.235  -28.042 0.6000000238
18668  34.500  -64.909  -27.900 0.6000000238
187742  31.898  -55.828  -25.389 0.6000000238
20263  34.280  -63.245  -27.785 0.6000000238
26593  32.518  -57.116  -26.645 0.6999999881
27609  32.400  -56.499  -26.345 0.6999999881
23558  33.720  -59.908  -27.973 0.6999999881
24511  33.761  -59.176  -28.230 0.6999999881
189301  32.683  -58.371  -26.935 0.6999999881
13909  29.773  -70.923  -25.774 0.5000000000
13919  29.762  -70.782  -26.867 0.6000000238
13925  29.338  -70.603  -27.676 0.6000000238
13898  30.839  -70.961  -24.896 0.6999999881
196279  29.412  -70.880  -24.730 0.6000000238
13933  31.093  -70.613  -28.390 0.6999999881
14610  30.336  -70.599  -24.389 0.6999999881
14594  29.208  -70.549  -23.642 0.6999999881
14663  32.313  -70.324  -28.880 0.6999999881
215427  33.124  -69.184  -28.994 0.6999999881
17878  34.719  -66.430  -28.498 0.5000000000
194773  34.216  -67.669  -28.505 0.6000000238
208208  31.547  -53.873  -24.425 0.5000000000
19491  35.054  -64.050  -28.677 0.6000000238
18678  34.987  -64.968  -28.470 0.6000000238
29691  32.222  -54.384  -25.433 0.6000000238
30707  32.103  -53.686  -25.016 0.5000000000
21036  34.762  -62.408  -28.842 0.6000000238
192109  34.648  -63.436  -28.306 0.6000000238
28652  32.950  -55.666  -27.181 0.6000000238
199102  32.596  -53.915  -25.847 0.5000000000
31739  33.033  -52.676  -26.321 0.5000000000
22636  34.803  -60.885  -29.325 0.6999999881
22629  34.499  -60.353  -28.862 0.6999999881
24519  33.808  -58.461  -28.504 0.6999999881
190130  33.294  -57.537  -27.837 0.6999999881
217542  33.113  -55.086  -27.510 0.5000000000
205942  34.541  -59.464  -29.188 0.6999999881
194019  33.582  -56.815  -28.529 0.6000000238
13924  31.384  -70.950  -27.727 0.6000000238
13236  31.685  -71.250  -26.238 0.6999999881
13237  31.518  -71.229  -26.984 0.6000000238
14621  32.167  -70.641  -25.554 0.6999999881
13932  31.935  -70.791  -28.320 0.6999999881
16245  34.160  -68.480  -28.739 0.6999999881
15419  33.443  -69.603  -28.934 0.6999999881
17084  34.769  -67.106  -28.515 0.6000000238
31715  32.364  -51.966  -24.882 0.4000000060
18689  35.421  -65.379  -28.909 0.5000000000
33817  33.555  -50.627  -26.650 0.4000000060
217669  34.968  -61.397  -29.473 0.6000000238
21046  35.024  -62.253  -29.332 0.6000000238
29703  33.128  -54.470  -27.407 0.5000000000
31746  33.318  -53.000  -27.118 0.5000000000
209798  33.438  -56.533  -28.226 0.5000000000
29702  33.422  -54.101  -28.019 0.4000000060
23564  34.860  -59.342  -29.741 0.6000000238
25546  34.242  -57.524  -29.633 0.6999999881
26615  33.845  -57.301  -29.040 0.6000000238
27629  33.772  -55.916  -29.382 0.5000000000
13906  32.387  -71.097  -26.234 0.6000000238
185153  32.571  -71.185  -27.114 0.6999999881
199415  32.506  -71.067  -27.818 0.6999999881
216420  33.252  -69.975  -25.813 0.6999999881
14619  33.854  -70.025  -26.097 0.6999999881
14661  33.897  -70.162  -28.618 0.6000000238
15418  34.869  -68.844  -28.575 0.6000000238
19490  36.299  -64.489  -29.443 0.6000000238
17889  36.005  -65.687  -29.001 0.5000000000
199401  35.647  -64.375  -29.228 0.6000000238
21804  35.835  -61.831  -29.939 0.6000000238
21045  35.650  -62.490  -29.694 0.6000000238
31745  33.562  -52.509  -27.734 0.4000000060
32746  33.611  -51.740  -27.544 0.5000000000
198944  33.684  -50.206  -27.159 0.4000000060
23570  35.100  -59.803  -29.938 0.6000000238
217269  33.664  -51.377  -28.078 0.4000000060
25545  34.630  -58.052  -29.950 0.6000000238
26621  34.026  -56.751  -29.702 0.5000000000
13915  34.480  -70.401  -27.316 0.6999999881
13921  34.218  -70.496  -27.890 0.6000000238
14617  35.300  -69.613  -26.663 0.6999999881
14651  35.495  -69.565  -27.761 0.6000000238
14660  35.014  -69.609  -28.290 0.6000000238
15381  34.464  -69.014  -25.750 0.6999999881
16243  35.372  -68.279  -28.359 0.5000000000
20287  37.154  -63.063  -29.934 0.6000000238
18677  36.584  -65.090  -29.068 0.6000000238
21044  36.313  -63.005  -29.846 0.6000000238
209098  36.341  -61.811  -30.095 0.5000000000
201271  35.723  -60.682  -30.144 0.6000000238
24532  35.278  -59.266  -30.225 0.6000000238
26620  34.479  -57.277  -30.159 0.5000000000
15394  36.313  -68.916  -26.843 0.6999999881
15411  36.250  -68.748  -27.366 0.6999999881
17081  36.849  -66.663  -27.921 0.6000000238
204871  37.092  -65.330  -28.647 0.5000000000
20286  38.204  -63.026  -29.901 0.6000000238
20280  37.679  -63.698  -29.653 0.6000000238
22642  37.065  -61.124  -30.577 0.6000000238
23574  36.551  -59.806  -30.870 0.6000000238
25551  34.874  -57.641  -30.525 0.5000000000
13846  25.683  -71.191  -21.217 0.5000000000
13859  27.174  -70.621  -22.202 0.5000000000
13829  26.209  -70.823  -20.702 0.5000000000
209294  26.793  -70.673  -21.617 0.5000000000
14595  28.766  -70.484  -23.236 0.6999999881
16160  29.141  -68.555  -23.200 0.6999999881
15337  28.744  -69.338  -22.818 0.5000000000
15313  27.460  -69.392  -21.449 0.5000000000
14593  29.843  -70.102  -23.814 0.6999999881
15353  29.602  -69.105  -23.637 0.6999999881
14608  31.807  -69.942  -25.120 0.6999999881
8704  21.972  -77.470  -19.393 0.3000000119
19436  30.332  -63.887  -24.845 0.6999999881
214077  29.894  -66.906  -28.013 0.6000000238
21775  31.216  -61.921  -24.967 0.6999999881
191789  30.994  -58.646  -24.708 0.6999999881
13887  27.678  -70.672  -23.639 0.6000000238
19471  34.023  -64.521  -27.404 0.6000000238
24512  32.976  -58.673  -27.300 0.6999999881
28649  32.284  -55.887  -25.970 0.6000000238
26598  32.908  -57.334  -27.296 0.6999999881
28648  32.589  -55.367  -26.356 0.6000000238
25532  33.502  -57.986  -28.118 0.6999999881
30718  32.627  -53.141  -25.650 0.5000000000
32727  32.826  -51.531  -25.453 0.5000000000
28657  33.575  -55.356  -28.721 0.5000000000
17083  35.352  -67.256  -28.515 0.5000000000
14631  35.406  -69.708  -27.234 0.6999999881
182997  36.402  -66.302  -28.397 0.5000000000
22643  36.351  -60.541  -30.481 0.6000000238
23575  35.835  -59.208  -30.677 0.6000000238
15416  35.934  -68.594  -27.927 0.6000000238
21052  37.622  -62.419  -30.228 0.6000000238
17070  37.262  -67.033  -27.411 0.5000000000
17011  28.519  -67.342  -22.378 0.6000000238
17774  28.986  -65.855  -20.022 0.6000000238
16961  30.415  -66.444  -19.911 0.4000000060
17811  28.861  -66.049  -21.286 0.5000000000
17031  29.427  -67.403  -23.323 0.6000000238
13929  25.397  -71.185  -28.443 0.5000000000
16939  30.247  -66.761  -19.169 0.4000000060
14668  27.383  -70.789  -29.282 0.5000000000
15432  26.741  -69.484  -29.772 0.5000000000
17795  28.612  -65.918  -20.575 0.5000000000
186735  31.762  -67.771  -19.042 0.4000000060
14680  27.060  -70.400  -29.761 0.5000000000
190787  28.084  -67.571  -29.452 0.5000000000
17794  29.308  -65.883  -20.837 0.6000000238
208445  27.993  -68.652  -29.677 0.5000000000
17828  29.697  -66.188  -22.371 0.5000000000
16184  29.754  -68.100  -23.750 0.6000000238
197309  32.843  -65.742  -18.790 0.4000000060
217166  32.560  -65.086  -18.614 0.4000000060
17772  30.622  -66.162  -20.669 0.4000000060
17090  26.732  -66.564  -28.954 0.5000000000
17809  30.320  -65.998  -21.950 0.5000000000
17096  28.579  -66.608  -29.186 0.5000000000
18679  28.625  -65.424  -28.865 0.5000000000
17029  31.077  -66.881  -23.751 0.6000000238
16182  31.117  -67.563  -24.300 0.6000000238
15369  31.679  -68.753  -24.935 0.6000000238
17869  29.836  -66.502  -27.591 0.5000000000
19472  28.880  -64.701  -27.441 0.5000000000
19481  28.643  -64.429  -28.501 0.4000000060
17838  31.420  -66.347  -23.063 0.5000000000
17826  30.903  -66.135  -22.530 0.5000000000
17027  32.880  -67.091  -23.780 0.6000000238
16201  33.211  -67.571  -24.513 0.6000000238
16202  32.366  -67.981  -24.870 0.6000000238
200699  33.860  -68.210  -25.141 0.6000000238
15368  32.446  -68.932  -25.303 0.6000000238
16102  31.699  -67.671  -19.780 0.4000000060
18561  33.311  -65.704  -19.400 0.4000000060
19452  28.720  -63.937  -25.933 0.5000000000
19473  28.635  -64.051  -27.016 0.5000000000
20274  28.903  -62.756  -28.870 0.4000000060
19463  29.007  -64.570  -26.303 0.6000000238
19492  28.565  -63.839  -29.026 0.4000000060
16990  32.259  -66.710  -22.145 0.6000000238
16180  34.338  -67.804  -23.251 0.6000000238
16200  34.325  -67.791  -24.293 0.6000000238
203657  35.195  -68.148  -24.342 0.6000000238
20181  32.609  -63.446  -19.810 0.4000000060
21013  28.549  -62.541  -25.120 0.5000000000
190796  28.302  -62.148  -26.453 0.4000000060
22624  28.711  -60.748  -28.319 0.4000000060
16127  33.101  -67.821  -21.027 0.6000000238
16959  31.877  -67.464  -20.482 0.4000000060
16159  33.507  -67.718  -22.127 0.6000000238
17792  30.723  -66.029  -21.334 0.6000000238
17007  32.124  -66.556  -22.855 0.5000000000
200951  35.344  -67.844  -23.055 0.6000000238
16157  34.838  -67.926  -22.623 0.5000000000
15365  35.406  -68.635  -25.318 0.6000000238
19362  32.368  -63.731  -19.058 0.4000000060
17750  33.600  -66.476  -19.686 0.4000000060
21766  29.046  -61.640  -24.384 0.6000000238
193562  28.228  -61.274  -25.278 0.5000000000
23549  28.172  -59.916  -26.369 0.5000000000
23554  28.492  -59.947  -27.798 0.5000000000
16958  34.051  -67.379  -20.516 0.4000000060
205203  33.704  -67.141  -20.042 0.4000000060
16972  34.435  -67.440  -21.047 0.5000000000
17004  35.586  -67.184  -22.598 0.5000000000
17003  35.990  -66.982  -23.341 0.5000000000
16177  36.369  -67.742  -24.089 0.6000000238
16197  36.580  -68.077  -24.765 0.6000000238
188269  36.258  -68.844  -26.151 0.6000000238
20966  32.746  -62.309  -21.394 0.4000000060
19373  33.134  -64.189  -20.140 0.4000000060
20957  32.473  -62.313  -20.674 0.4000000060
21712  32.169  -61.660  -20.351 0.4000000060
22598  30.195  -60.249  -24.124 0.6000000238
20978  33.080  -62.454  -22.067 0.4000000060
19372  33.594  -64.869  -20.419 0.4000000060
23530  28.614  -59.808  -24.438 0.6000000238
24495  28.161  -59.223  -25.746 0.5000000000
196812  28.242  -59.188  -26.851 0.4000000060
18608  34.142  -65.062  -21.512 0.4000000060
16988  35.247  -67.175  -21.984 0.5000000000
17026  36.475  -67.125  -23.987 0.5000000000
197582  36.907  -66.939  -24.555 0.6000000238
207934  37.490  -67.490  -25.590 0.6000000238
16213  37.675  -67.459  -26.246 0.6000000238
22568  32.816  -60.719  -22.209 0.4000000060
23529  29.908  -59.385  -23.982 0.6000000238
23522  29.129  -59.407  -24.078 0.6000000238
211897  28.468  -58.457  -24.664 0.5000000000
26599  28.296  -57.119  -27.883 0.5000000000
19385  33.706  -64.136  -21.656 0.4000000060
18607  34.590  -65.450  -22.040 0.4000000060
17824  35.032  -65.829  -22.579 0.5000000000
17837  35.761  -65.512  -23.777 0.5000000000
17850  37.677  -65.894  -25.692 0.5000000000
23498  32.516  -60.141  -21.501 0.4000000060
25482  29.571  -57.928  -23.890 0.6000000238
25500  28.989  -57.539  -24.138 0.5000000000
202452  28.409  -56.652  -25.233 0.5000000000
18620  35.182  -65.284  -23.258 0.5000000000
18646  36.386  -64.818  -24.769 0.4000000060
18651  37.682  -65.052  -25.845 0.4000000060
17849  37.974  -66.218  -26.275 0.4000000060
17853  38.113  -65.986  -26.875 0.6000000238
17874  38.001  -65.511  -27.875 0.4000000060
24457  32.969  -58.797  -22.267 0.4000000060
196034  33.049  -61.422  -22.551 0.4000000060
25499  30.468  -58.111  -24.205 0.6000000238
20990  33.152  -61.995  -22.486 0.4000000060
183435  31.077  -56.560  -24.572 0.5000000000
26546  29.492  -56.916  -23.965 0.5000000000
27589  28.687  -56.091  -24.755 0.5000000000
28642  28.447  -55.242  -25.802 0.4000000060
27588  29.173  -56.131  -24.229 0.4000000060
20240  35.264  -63.413  -24.496 0.5000000000
19434  35.942  -63.585  -25.033 0.5000000000
181607  36.710  -63.758  -25.480 0.6000000238
19445  38.290  -64.768  -26.586 0.4000000060
210672  38.642  -64.514  -27.189 0.4000000060
196587  38.720  -64.504  -27.932 0.4000000060
20255  38.084  -63.404  -26.542 0.5000000000
28627  31.111  -55.069  -24.361 0.5000000000
27562  30.440  -55.850  -24.052 0.6000000238
29675  31.090  -54.348  -24.211 0.4000000060
20269  39.103  -63.255  -28.187 0.5000000000
212956  38.684  -63.933  -28.819 0.5000000000
21778  37.630  -61.850  -26.775 0.5000000000
21024  37.117  -63.115  -25.979 0.5000000000
20254  38.738  -63.580  -27.060 0.5000000000
20262  39.034  -63.319  -27.577 0.5000000000
187851  33.384  -60.157  -23.288 0.4000000060
201821  37.525  -60.117  -31.298 0.5000000000
20279  38.620  -63.527  -29.242 0.4000000060
20278  39.105  -63.107  -28.825 0.5000000000
21785  39.098  -61.922  -27.855 0.5000000000
21786  38.432  -61.812  -27.258 0.5000000000
31716  31.744  -52.371  -24.491 0.4000000060
23573  38.017  -59.753  -31.708 0.4000000060
22647  39.061  -60.761  -31.104 0.4000000060
21807  37.946  -61.732  -30.587 0.5000000000
21806  38.837  -61.455  -30.719 0.5000000000
209271  39.358  -61.475  -29.448 0.5000000000
21801  39.227  -61.559  -30.175 0.5000000000
21784  39.220  -62.248  -28.356 0.5000000000
22634  39.564  -60.722  -29.645 0.5000000000
22641  39.584  -60.803  -30.250 0.4000000060
17859  29.518  -65.923  -27.198 0.5000000000
20245  29.059  -63.006  -24.703 0.6000000238
17076  29.465  -66.631  -28.394 0.6000000238
21000  29.415  -62.043  -24.239 0.6000000238
13928  26.260  -71.202  -28.579 0.5000000000
29674  31.713  -54.558  -24.772 0.5000000000
17062  37.542  -67.299  -26.901 0.6000000238
17864  38.090  -65.693  -27.388 0.4000000060
17881  28.783  -66.032  -28.960 0.5000000000
17870  29.347  -66.106  -27.967 0.5000000000
18670  29.051  -65.431  -27.918 0.5000000000
21019  28.381  -62.684  -25.991 0.4000000060
21782  28.573  -61.912  -27.436 0.4000000060
16973  32.899  -67.505  -21.775 0.6000000238
21776  28.273  -61.994  -25.610 0.6000000238
183517  28.556  -61.251  -27.571 0.4000000060
187517  33.790  -64.748  -21.037 0.4000000060
213869  29.711  -60.610  -23.984 0.6000000238
22599  28.619  -61.138  -24.563 0.6000000238
23542  28.188  -59.883  -25.302 0.5000000000
198062  28.395  -59.158  -28.013 0.5000000000
22631  28.595  -60.405  -29.059 0.5000000000
24503  28.283  -58.470  -27.192 0.5000000000
24485  28.868  -58.228  -24.161 0.5000000000
25520  28.237  -57.835  -26.439 0.5000000000
26568  28.401  -57.285  -25.009 0.5000000000
19446  36.973  -64.551  -25.370 0.5000000000
188539  28.295  -56.511  -26.196 0.5000000000
19421  35.021  -63.989  -23.957 0.5000000000
27587  30.440  -56.560  -24.098 0.6000000238
184674  38.718  -64.486  -27.623 0.3000000119
22646  39.695  -60.467  -30.929 0.4000000060
7386  27.668  -79.504  -18.737 0.3000000119
6847  29.823  -80.087  -20.700 0.3000000119
7403  28.653  -79.433  -19.921 0.3000000119
7417  30.508  -79.324  -21.219 0.3000000119
7418  29.920  -79.395  -20.830 0.3000000119
8031  29.514  -78.769  -20.619 0.3000000119
7444  32.552  -79.383  -22.884 0.3000000119
8047  30.713  -78.741  -21.487 0.3000000119
9356  30.393  -76.576  -18.814 0.3000000119
8699  29.645  -77.274  -20.389 0.3000000119
8731  30.529  -77.954  -21.513 0.3000000119
8046  31.191  -78.393  -22.027 0.3000000119
9357  30.023  -76.591  -19.352 0.3000000119
9997  31.530  -75.894  -19.648 0.3000000119
9998  30.667  -76.143  -19.641 0.3000000119
9375  30.719  -76.215  -20.580 0.4000000060
8716  30.822  -77.195  -21.722 0.4000000060
8744  31.951  -77.322  -23.815 0.4000000060
8758  31.927  -77.375  -24.597 0.3000000119
10013  33.072  -75.406  -20.629 0.3000000119
10030  32.149  -75.389  -21.386 0.4000000060
201394  32.333  -75.386  -22.727 0.4000000060
9407  31.527  -76.748  -22.412 0.4000000060
9374  34.439  -76.142  -20.527 0.3000000119
10077  31.665  -76.292  -24.165 0.4000000060
10028  35.623  -75.708  -21.376 0.4000000060
197173  35.045  -76.121  -21.096 0.4000000060
9431  31.457  -76.598  -24.548 0.4000000060
9433  30.103  -76.662  -24.282 0.3000000119
10659  33.885  -75.015  -21.759 0.4000000060
10660  32.915  -75.163  -21.455 0.3000000119
10691  32.948  -74.735  -23.433 0.4000000060
10029  35.465  -75.396  -21.552 0.4000000060
10702  32.082  -75.188  -23.652 0.5000000000
10062  31.826  -75.800  -23.775 0.4000000060
11291  22.183  -74.155  -19.105 0.5000000000
10657  36.041  -74.957  -21.354 0.4000000060
10078  31.522  -76.222  -24.228 0.4000000060
8001  22.257  -78.097  -18.955 0.3000000119
8641  22.867  -77.671  -17.801 0.4000000060
8732  27.196  -77.429  -21.851 0.3000000119
210455  24.777  -70.376  -27.236 0.4000000060
14639  24.077  -70.897  -27.754 0.4000000060
13873  26.017  -70.766  -22.536 0.4000000060
13861  25.706  -71.027  -21.899 0.4000000060
13862  25.116  -71.034  -21.730 0.4000000060
10688  34.534  -74.283  -22.557 0.4000000060
10675  33.575  -74.752  -22.805 0.3000000119
10701  32.768  -74.807  -23.422 0.5000000000
13171  24.530  -71.809  -20.294 0.4000000060
215852  23.838  -72.416  -19.672 0.4000000060
11315  35.166  -74.384  -22.228 0.4000000060
197146  22.006  -76.787  -18.781 0.4000000060
10064  30.506  -75.804  -23.586 0.4000000060
10619  22.410  -75.804  -17.515 0.5000000000
9420  29.365  -76.607  -23.464 0.5000000000
8640  23.322  -78.163  -17.878 0.4000000060
7371  23.257  -79.049  -18.847 0.4000000060
9422  28.079  -77.007  -22.495 0.3000000119
7979  24.300  -78.500  -18.407 0.4000000060
14671  24.968  -70.869  -29.073 0.4000000060
13871  27.374  -70.653  -22.989 0.4000000060
11937  34.190  -73.675  -22.506 0.4000000060
11331  33.607  -74.292  -23.141 0.4000000060
12509  24.189  -72.308  -19.758 0.4000000060
12500  23.339  -73.033  -18.751 0.5000000000
11332  33.121  -73.862  -22.856 0.4000000060
11346  32.276  -74.607  -23.494 0.4000000060
11897  22.993  -73.538  -18.114 0.5000000000
191145  33.909  -73.458  -21.783 0.4000000060
11939  32.194  -73.596  -21.826 0.4000000060
11333  31.276  -74.411  -22.590 0.4000000060
10694  29.872  -75.164  -22.144 0.5000000000
10046  29.266  -75.591  -22.032 0.5000000000
12499  23.772  -72.649  -18.781 0.4000000060
192699  22.960  -74.795  -16.873 0.5000000000
11923  32.508  -73.351  -20.971 0.4000000060
10048  27.993  -76.412  -21.773 0.5000000000
9299  22.743  -76.397  -17.104 0.4000000060
8719  27.150  -77.004  -21.492 0.4000000060
8703  25.842  -77.873  -20.007 0.4000000060
7997  25.313  -78.426  -19.472 0.4000000060
8663  24.570  -77.829  -18.093 0.4000000060
13158  25.149  -71.613  -20.086 0.4000000060
14543  26.043  -70.349  -19.921 0.3000000119
11319  30.669  -74.150  -21.542 0.4000000060
10678  29.386  -75.090  -21.411 0.4000000060
11877  23.501  -72.910  -17.946 0.4000000060
198463  28.782  -60.883  -28.992 0.4000000060
191635  31.130  -73.391  -19.717 0.4000000060
11301  31.149  -73.776  -21.130 0.4000000060
10032  28.691  -75.650  -21.391 0.5000000000
189935  27.512  -76.096  -20.758 0.5000000000
11235  23.236  -74.098  -16.746 0.5000000000
10608  23.297  -75.307  -16.428 0.4000000060
11288  30.013  -73.799  -19.877 0.4000000060
9378  26.646  -76.694  -20.362 0.4000000060
9315  23.702  -77.014  -17.096 0.4000000060
8662  25.267  -77.395  -18.542 0.4000000060
9314  24.423  -76.827  -17.180 0.4000000060
15314  27.101  -69.250  -20.990 0.4000000060
13145  24.630  -71.706  -18.858 0.3000000119
189202  30.312  -73.959  -20.676 0.4000000060
205536  28.606  -75.123  -20.410 0.4000000060
217159  24.259  -71.818  -18.345 0.3000000119
11289  29.282  -74.052  -19.506 0.4000000060
10649  28.260  -74.881  -19.391 0.4000000060
10017  27.574  -75.770  -20.086 0.4000000060
10018  27.035  -76.242  -20.219 0.5000000000
11910  29.723  -73.543  -19.116 0.4000000060
11290  28.615  -74.352  -19.115 0.4000000060
9982  26.322  -76.232  -18.835 0.4000000060
9336  25.605  -76.720  -18.303 0.4000000060
9951  24.319  -75.774  -16.422 0.4000000060
16141  28.109  -68.257  -22.100 0.4000000060
9981  26.966  -75.655  -18.692 0.4000000060
6905  29.522  -80.854  -24.717 0.3000000119
9332  32.203  -77.080  -18.283 0.3000000119
9354  32.997  -76.596  -19.326 0.3000000119
9373  35.289  -76.942  -20.726 0.4000000060
11287  35.309  -74.045  -20.395 0.4000000060
11936  34.672  -73.727  -21.922 0.4000000060
11904  34.738  -73.665  -19.721 0.4000000060
199124  33.123  -73.264  -19.061 0.4000000060
13800  25.136  -70.390  -18.714 0.3000000119
206820  30.838  -73.337  -19.011 0.4000000060
15303  26.663  -68.957  -20.382 0.4000000060
13801  24.737  -70.415  -18.022 0.4000000060
12487  23.831  -72.276  -17.140 0.4000000060
11896  28.683  -73.495  -18.154 0.4000000060
10633  27.419  -75.069  -18.382 0.4000000060
10634  26.827  -75.355  -17.950 0.4000000060
9964  26.216  -75.611  -17.522 0.4000000060
10595  24.506  -75.032  -16.091 0.3000000119
11234  23.767  -74.087  -16.189 0.4000000060
11254  28.069  -73.858  -17.793 0.4000000060
11277  22.208  -74.867  -18.598 0.4000000060
16142  27.691  -67.977  -21.590 0.4000000060
6845  31.020  -80.612  -21.242 0.3000000119
8014  28.904  -78.836  -20.115 0.3000000119
7430  32.055  -79.730  -22.127 0.3000000119
6919  30.632  -80.643  -25.941 0.3000000119
7480  30.963  -80.038  -25.786 0.3000000119
190150  29.783  -77.973  -20.895 0.3000000119
204584  31.104  -76.417  -18.934 0.3000000119
9393  30.258  -76.768  -20.707 0.4000000060
8745  31.792  -77.928  -22.857 0.4000000060
10015  31.389  -75.761  -20.415 0.3000000119
9996  32.418  -75.825  -19.790 0.3000000119
10031  31.546  -75.869  -21.461 0.4000000060
9406  31.937  -76.210  -23.528 0.4000000060
9352  34.981  -77.743  -20.138 0.3000000119
198200  36.235  -75.689  -20.795 0.4000000060
10692  31.555  -74.880  -23.299 0.4000000060
10066  28.947  -76.349  -22.707 0.5000000000
8720  26.688  -77.617  -21.296 0.3000000119
10704  30.003  -75.540  -22.786 0.5000000000
11921  33.930  -73.433  -20.869 0.4000000060
9360  25.899  -76.879  -19.123 0.4000000060
9966  24.749  -76.187  -16.848 0.4000000060
209736  26.277  -66.872  -18.679 0.4000000060
16962  26.579  -66.935  -19.616 0.4000000060
17722  27.445  -66.124  -18.011 0.4000000060
17735  28.843  -66.020  -18.705 0.3000000119
17775  28.158  -65.916  -19.942 0.5000000000
16977  27.540  -66.695  -20.742 0.4000000060
16993  27.803  -67.052  -21.366 0.4000000060
14442  33.018  -69.973  -13.049 0.3000000119
198543  32.363  -70.302  -12.929 0.3000000119
208513  31.829  -66.646  -15.951 0.3000000119
16036  31.036  -67.667  -16.286 0.3000000119
16889  31.972  -67.340  -17.689 0.3000000119
16085  31.253  -67.748  -18.541 0.3000000119
15185  32.248  -69.028  -13.365 0.3000000119
15977  31.872  -67.985  -14.131 0.3000000119
17687  32.002  -66.162  -15.668 0.3000000119
14453  34.340  -69.228  -13.737 0.3000000119
15975  33.842  -67.894  -13.938 0.3000000119
185216  31.939  -66.569  -17.256 0.3000000119
190716  32.197  -64.707  -18.213 0.3000000119
191037  32.421  -67.700  -13.991 0.3000000119
19318  32.008  -64.202  -16.224 0.3000000119
17720  31.904  -65.724  -16.925 0.3000000119
199763  33.608  -64.594  -14.983 0.3000000119
17675  32.842  -65.899  -14.785 0.3000000119
20898  31.890  -62.184  -16.671 0.3000000119
20109  32.850  -63.684  -15.415 0.3000000119
20886  32.180  -62.188  -16.077 0.3000000119
17674  33.902  -66.420  -14.471 0.3000000119
20147  31.865  -63.552  -17.314 0.3000000119
20931  31.822  -62.301  -18.311 0.3000000119
22539  32.018  -60.892  -20.158 0.3000000119
20108  33.719  -63.282  -15.375 0.3000000119
185857  31.841  -62.865  -16.959 0.3000000119
23467  31.833  -59.789  -19.049 0.3000000119
21639  32.510  -61.491  -15.920 0.3000000119
195254  31.828  -60.329  -17.127 0.3000000119
22487  31.770  -60.925  -17.469 0.3000000119
24374  31.894  -58.483  -18.068 0.3000000119
23499  32.248  -59.679  -20.847 0.3000000119
22526  31.865  -60.570  -19.346 0.3000000119
203834  32.077  -59.252  -20.250 0.3000000119
24426  32.733  -58.735  -21.612 0.3000000119
214787  33.114  -59.245  -22.739 0.3000000119
25451  33.519  -57.551  -22.616 0.3000000119
26532  33.786  -57.215  -23.001 0.3000000119
26544  33.954  -57.489  -23.518 0.3000000119
17721  28.663  -66.206  -17.968 0.3000000119
17737  27.357  -66.053  -18.641 0.4000000060
16919  32.347  -67.329  -18.342 0.3000000119
198148  32.003  -62.619  -19.004 0.3000000119
16063  26.025  -67.229  -17.330 0.5000000000
15197  32.849  -68.590  -13.519 0.3000000119
18530  31.939  -64.914  -16.598 0.3000000119
198318  31.660  -67.106  -16.216 0.3000000119
16062  30.690  -67.671  -17.424 0.3000000119
16890  30.035  -67.179  -17.773 0.3000000119
17676  32.308  -65.819  -15.244 0.3000000119
16837  33.381  -66.832  -14.198 0.3000000119
182821  31.951  -64.174  -17.738 0.3000000119
20110  32.229  -63.506  -15.888 0.3000000119
23418  32.090  -59.705  -16.721 0.3000000119
25368  32.062  -57.983  -17.742 0.3000000119
21667  31.746  -61.545  -17.834 0.3000000119
21638  33.380  -61.503  -15.696 0.3000000119
23449  31.785  -59.715  -18.231 0.3000000119
213517  24.205  -72.712  -16.089 0.3000000119
11836  25.013  -73.644  -15.811 0.4000000060
12468  26.694  -72.022  -16.283 0.4000000060
213299  26.029  -71.963  -15.902 0.4000000060
13131  24.362  -71.028  -17.060 0.3000000119
13098  26.393  -71.418  -16.023 0.4000000060
13115  27.185  -71.445  -16.395 0.3000000119
13116  24.677  -71.155  -16.363 0.4000000060
13747  25.605  -70.192  -16.005 0.4000000060
14479  26.920  -69.462  -15.839 0.3000000119
15263  24.991  -69.300  -17.376 0.3000000119
13748  25.041  -70.348  -16.238 0.4000000060
14480  26.108  -69.517  -15.995 0.4000000060
16087  25.772  -67.623  -18.482 0.3000000119
16064  25.674  -67.742  -17.704 0.4000000060
16040  26.262  -67.486  -16.620 0.4000000060
15275  25.114  -69.010  -18.051 0.3000000119
16103  26.060  -67.651  -19.298 0.3000000119
16118  26.507  -67.894  -20.051 0.3000000119
193552  25.449  -69.047  -18.733 0.3000000119
15247  25.647  -68.511  -16.692 0.4000000060
199941  25.410  -72.201  -15.808 0.4000000060
8698  35.497  -77.637  -20.304 0.3000000119
11233  26.333  -74.648  -16.678 0.3000000119
7943  36.745  -78.632  -16.704 0.3000000119
7957  36.377  -78.571  -17.457 0.3000000119
8655  35.937  -78.319  -18.954 0.3000000119
9371  35.957  -76.758  -20.817 0.3000000119
11855  25.725  -73.483  -15.978 0.3000000119
208856  26.887  -74.548  -17.113 0.3000000119
9940  38.513  -76.961  -15.942 0.3000000119
198551  36.584  -77.165  -18.141 0.3000000119
9292  37.445  -77.463  -16.653 0.3000000119
9980  36.482  -76.566  -19.239 0.3000000119
11271  35.744  -74.451  -19.826 0.3000000119
11854  26.498  -73.360  -16.376 0.3000000119
10581  40.263  -75.420  -15.721 0.3000000119
210645  38.322  -76.107  -15.882 0.3000000119
10591  38.953  -76.149  -15.691 0.3000000119
9963  36.656  -76.152  -18.087 0.3000000119
9949  37.432  -76.252  -16.670 0.3000000119
10631  36.141  -74.977  -19.286 0.3000000119
10582  39.367  -75.122  -15.506 0.3000000119
10592  38.351  -75.208  -15.853 0.3000000119
188301  36.549  -75.306  -17.825 0.3000000119
10604  37.333  -75.320  -16.680 0.3000000119
11272  35.140  -73.930  -19.187 0.3000000119
11891  33.603  -73.281  -18.524 0.3000000119
11893  31.941  -73.253  -18.246 0.3000000119
11816  40.885  -73.817  -15.571 0.3000000119
11252  35.640  -74.415  -18.498 0.3000000119
11251  36.069  -74.631  -17.477 0.3000000119
11890  34.427  -73.494  -18.793 0.3000000119
11853  27.157  -73.246  -16.809 0.3000000119
11194  39.111  -74.078  -15.359 0.3000000119
11817  40.405  -73.210  -14.989 0.3000000119
11208  37.944  -74.441  -15.757 0.3000000119
10594  36.963  -74.665  -16.347 0.3000000119
187412  35.418  -74.174  -17.512 0.3000000119
11892  32.768  -73.245  -18.300 0.3000000119
11873  30.269  -73.137  -17.908 0.3000000119
11875  28.280  -73.196  -17.572 0.3000000119
12467  27.453  -72.041  -16.701 0.3000000119
10606  25.476  -74.748  -16.225 0.3000000119
11196  37.539  -73.871  -15.269 0.3000000119
11230  35.602  -74.169  -16.744 0.3000000119
215423  33.676  -73.305  -17.247 0.3000000119
11872  30.970  -73.151  -17.423 0.3000000119
9350  36.157  -77.207  -20.037 0.3000000119
8613  37.170  -78.315  -16.849 0.3000000119
8632  36.278  -78.317  -18.156 0.3000000119
6310  29.850  -81.072  -25.488 0.3000000119
6825  27.794  -80.111  -18.896 0.3000000119
6846  30.357  -80.416  -20.984 0.3000000119
6904  30.186  -80.474  -25.185 0.3000000119
6918  31.434  -80.230  -26.625 0.3000000119
7385  28.155  -79.669  -19.395 0.3000000119
7402  29.260  -79.588  -20.357 0.3000000119
7431  31.229  -79.299  -21.707 0.3000000119
7956  36.874  -78.537  -16.950 0.3000000119
7958  35.797  -78.697  -17.766 0.3000000119
7980  23.591  -78.617  -18.315 0.4000000060
7981  22.859  -78.400  -18.423 0.4000000060
7998  24.670  -78.849  -19.063 0.4000000060
7999  23.975  -79.035  -18.850 0.4000000060
8015  28.355  -78.947  -19.611 0.3000000119
8030  30.135  -78.700  -21.104 0.3000000119
8045  31.837  -78.895  -22.442 0.3000000119
8631  36.679  -78.327  -17.426 0.3000000119
8639  24.129  -77.466  -17.523 0.4000000060
8664  23.867  -78.072  -17.900 0.4000000060
8675  35.965  -77.858  -19.695 0.3000000119
8682  25.585  -77.631  -19.282 0.4000000060
8683  24.967  -78.137  -18.762 0.4000000060
8684  22.138  -77.501  -18.713 0.3000000119
8702  26.348  -77.326  -20.560 0.3000000119
8717  30.230  -77.257  -21.126 0.3000000119
8718  29.179  -78.078  -20.292 0.3000000119
8730  31.274  -77.535  -22.230 0.4000000060
9297  23.997  -76.400  -16.731 0.4000000060
9298  23.350  -76.529  -16.759 0.4000000060
9308  36.881  -77.759  -17.383 0.3000000119
9309  36.498  -77.945  -18.040 0.3000000119
9316  23.122  -77.086  -17.220 0.4000000060
9317  22.607  -76.994  -17.593 0.4000000060
9330  36.277  -77.713  -18.930 0.3000000119
9333  30.955  -76.808  -18.221 0.3000000119
9337  24.865  -77.152  -17.809 0.4000000060
9338  22.289  -77.226  -18.159 0.4000000060
9351  35.817  -77.448  -20.324 0.3000000119
9353  34.142  -76.987  -19.885 0.3000000119
9359  26.483  -76.486  -19.700 0.5000000000
9361  21.917  -76.668  -19.524 0.3000000119
9372  35.703  -76.874  -20.826 0.4000000060
9376  30.076  -76.616  -20.051 0.4000000060
9377  27.074  -76.445  -20.743 0.5000000000
9379  26.110  -77.076  -19.872 0.4000000060
9392  30.944  -76.567  -21.461 0.4000000060
9394  27.438  -76.504  -21.300 0.5000000000
9395  26.865  -76.881  -20.976 0.4000000060
9408  28.311  -76.579  -22.289 0.5000000000
9409  27.659  -76.882  -21.953 0.3000000119
9418  31.811  -76.457  -23.966 0.4000000060
9419  31.825  -77.014  -23.154 0.4000000060
9430  31.716  -76.750  -24.362 0.4000000060
9432  30.920  -76.567  -24.566 0.4000000060
9442  31.547  -77.033  -24.901 0.4000000060
9443  31.065  -76.953  -25.005 0.4000000060
9941  37.821  -75.693  -16.260 0.3000000119
9948  37.927  -76.696  -16.160 0.3000000119
9950  25.084  -75.524  -16.510 0.4000000060
9952  23.651  -75.918  -16.496 0.4000000060
9953  23.144  -75.969  -16.685 0.4000000060
9962  36.971  -76.741  -17.326 0.3000000119
9965  25.526  -75.910  -17.141 0.4000000060
9967  22.219  -76.449  -17.930 0.5000000000
9983  25.903  -76.147  -17.926 0.4000000060
9984  22.033  -76.083  -18.619 0.4000000060
9994  36.275  -76.372  -20.451 0.3000000119
9995  33.456  -75.953  -20.094 0.3000000119
9999  27.630  -75.340  -19.268 0.4000000060
10000  26.999  -75.974  -19.496 0.5000000000
10001  21.943  -76.103  -19.263 0.5000000000
10009  35.997  -76.043  -21.173 0.4000000060
10010  35.730  -76.286  -21.141 0.4000000060
10011  35.637  -76.207  -21.214 0.4000000060
10012  34.158  -75.446  -20.943 0.3000000119
10014  32.169  -75.511  -20.426 0.3000000119
10016  28.182  -75.623  -20.694 0.5000000000
10033  28.038  -76.073  -21.334 0.5000000000
10044  32.270  -75.469  -23.607 0.4000000060
10045  31.880  -76.047  -22.604 0.4000000060
10047  28.609  -76.095  -22.008 0.5000000000
10063  31.517  -75.761  -23.929 0.4000000060
10065  29.648  -76.080  -23.123 0.5000000000
10079  30.801  -76.181  -24.100 0.3000000119
10080  30.048  -76.248  -23.725 0.5000000000
10583  38.611  -74.489  -15.636 0.3000000119
10593  37.599  -74.936  -16.133 0.3000000119
10605  36.723  -74.995  -17.014 0.3000000119
10607  23.810  -74.822  -16.134 0.4000000060
10613  36.994  -75.743  -17.278 0.3000000119
10614  36.171  -74.971  -18.354 0.3000000119
10615  27.163  -74.790  -17.643 0.3000000119
10616  26.561  -75.044  -17.261 0.4000000060
10617  25.890  -75.279  -16.834 0.4000000060
10618  22.787  -75.562  -16.944 0.5000000000
10630  36.473  -75.568  -18.783 0.3000000119
10632  28.041  -74.727  -18.744 0.4000000060
10635  22.510  -74.985  -17.669 0.5000000000
10636  22.174  -75.608  -18.197 0.4000000060
10647  36.371  -75.695  -19.872 0.4000000060
10648  36.153  -75.048  -20.438 0.3000000119
10658  34.961  -75.057  -21.926 0.4000000060
10661  29.160  -74.819  -20.630 0.4000000060
10662  28.168  -75.241  -19.963 0.4000000060
10672  35.432  -75.004  -21.746 0.4000000060
10673  35.067  -74.742  -22.164 0.4000000060
10674  34.337  -74.531  -22.721 0.4000000060
10676  32.847  -75.087  -22.429 0.3000000119
10677  30.254  -74.687  -21.881 0.5000000000
10679  28.781  -75.260  -20.898 0.4000000060
10689  33.947  -74.332  -22.916 0.4000000060
10690  33.555  -74.389  -23.188 0.3000000119
10693  30.640  -74.957  -22.706 0.5000000000
10700  33.248  -74.546  -23.353 0.5000000000
10703  31.103  -75.309  -23.453 0.4000000060
11192  40.668  -74.638  -15.676 0.3000000119
11193  40.433  -73.906  -15.173 0.3000000119
11195  38.327  -73.917  -15.379 0.3000000119
11209  37.224  -74.299  -15.790 0.3000000119
11211  35.786  -74.065  -15.943 0.3000000119
11213  25.428  -74.073  -15.980 0.3000000119
11214  24.829  -74.306  -15.914 0.4000000060
11215  24.364  -73.827  -15.885 0.3000000119
11229  36.297  -74.446  -16.537 0.3000000119
11231  34.910  -73.876  -16.958 0.3000000119
11232  26.880  -73.971  -16.802 0.3000000119
11253  34.837  -73.800  -17.972 0.3000000119
11255  27.405  -74.202  -17.413 0.3000000119
11256  22.878  -74.168  -17.498 0.5000000000
11273  29.012  -73.785  -18.775 0.4000000060
11274  28.374  -74.109  -18.430 0.4000000060
11275  27.777  -74.473  -18.046 0.4000000060
11276  22.573  -74.191  -18.307 0.4000000060
11286  35.809  -74.539  -21.053 0.4000000060
11300  35.305  -74.140  -21.672 0.4000000060
11302  30.751  -73.598  -20.247 0.4000000060
11303  29.546  -74.257  -20.270 0.4000000060
11304  28.805  -74.677  -19.890 0.4000000060
11305  21.725  -74.408  -19.833 0.6000000238
11314  35.592  -74.669  -21.775 0.4000000060
11316  34.704  -74.039  -22.477 0.4000000060
11317  32.249  -74.082  -22.786 0.4000000060
11318  31.473  -73.953  -21.962 0.4000000060
11320  29.868  -74.471  -21.042 0.4000000060
11330  34.146  -74.067  -22.814 0.4000000060
11345  33.036  -74.423  -23.368 0.4000000060
11819  37.968  -73.389  -14.800 0.3000000119
11837  24.558  -73.143  -15.882 0.4000000060
11838  24.021  -73.318  -16.130 0.3000000119
11852  27.733  -72.728  -17.083 0.3000000119
11856  23.890  -72.785  -16.491 0.4000000060
11868  34.045  -73.334  -17.876 0.3000000119
11869  33.257  -73.242  -17.704 0.3000000119
11871  31.597  -73.218  -17.658 0.3000000119
11876  27.619  -73.543  -17.238 0.3000000119
11878  23.231  -73.505  -17.313 0.5000000000
11894  30.254  -73.305  -18.669 0.4000000060
11895  29.473  -73.259  -18.335 0.3000000119
11905  33.957  -73.364  -19.643 0.3000000119
11906  32.987  -73.308  -20.056 0.4000000060
11907  31.971  -73.344  -19.889 0.4000000060
11908  31.527  -73.318  -18.992 0.3000000119
11909  30.418  -73.457  -19.451 0.4000000060
11911  22.725  -73.559  -18.786 0.5000000000
11920  34.702  -73.705  -20.727 0.4000000060
11922  33.292  -73.329  -21.169 0.4000000060
11924  31.575  -73.484  -20.637 0.4000000060
11938  33.305  -73.450  -22.118 0.4000000060
11952  33.772  -73.819  -22.847 0.4000000060
12433  40.930  -72.895  -15.375 0.3000000119
12449  25.241  -72.944  -15.779 0.4000000060
12450  24.684  -72.433  -15.902 0.4000000060
12469  26.095  -72.671  -15.999 0.4000000060
12470  24.248  -72.048  -16.307 0.3000000119
12486  28.540  -72.603  -17.332 0.3000000119
12498  24.203  -72.293  -19.134 0.4000000060
12510  23.705  -72.579  -19.333 0.5000000000
12511  23.190  -72.410  -19.626 0.6000000238
12512  22.187  -72.630  -19.525 0.6000000238
12521  23.850  -72.179  -19.912 0.6000000238
13097  27.587  -70.958  -16.293 0.3000000119
13099  25.579  -71.480  -15.868 0.4000000060
13100  24.870  -71.669  -15.971 0.4000000060
13117  24.172  -71.584  -16.806 0.3000000119
13132  24.118  -71.643  -17.578 0.3000000119
13146  23.912  -72.266  -18.195 0.4000000060
13159  24.672  -72.000  -19.677 0.4000000060
13160  22.372  -71.947  -19.657 0.6000000238
13170  25.179  -71.464  -20.808 0.5000000000
13174  22.066  -71.504  -20.029 0.5000000000
13175  21.471  -71.797  -20.343 0.5000000000
13187  25.297  -71.228  -21.426 0.4000000060
13188  24.834  -71.281  -21.046 0.4000000060
13189  21.683  -71.016  -20.625 0.5000000000
13232  31.073  -71.228  -26.316 0.6999999881
13235  32.031  -71.259  -26.831 0.6999999881
13238  30.901  -70.990  -27.179 0.6000000238
13766  24.731  -70.559  -16.665 0.3000000119
13783  24.619  -70.464  -17.304 0.3000000119
13816  25.583  -70.938  -19.572 0.3000000119
13817  25.062  -71.404  -19.264 0.3000000119
13830  25.696  -71.180  -20.422 0.4000000060
13832  22.288  -70.930  -20.202 0.5000000000
13844  27.257  -70.110  -21.436 0.5000000000
13845  26.289  -70.990  -21.445 0.5000000000
13847  24.430  -70.550  -21.290 0.5000000000
13860  26.382  -70.852  -22.143 0.4000000060
13870  28.164  -70.608  -23.136 0.4000000060
13872  26.633  -70.685  -22.755 0.4000000060
13886  28.502  -70.696  -23.777 0.6000000238
13888  26.931  -70.629  -23.373 0.5000000000
13899  29.703  -70.755  -24.138 0.6999999881
13901  28.014  -70.567  -24.385 0.4000000060
13907  31.278  -71.146  -25.507 0.6999999881
13908  30.604  -71.164  -25.549 0.6000000238
13910  28.984  -70.640  -25.513 0.5000000000
13916  33.877  -70.724  -27.188 0.6999999881
13917  33.181  -70.982  -26.713 0.6999999881
13918  30.384  -71.016  -26.540 0.5000000000
13920  29.063  -70.521  -26.775 0.6000000238
13922  33.193  -70.938  -27.577 0.6999999881
13923  31.996  -71.150  -27.495 0.6999999881
13930  33.522  -70.626  -28.196 0.6000000238
13931  32.771  -70.737  -28.370 0.6999999881
13934  30.353  -70.576  -28.372 0.6999999881
13935  28.782  -70.521  -28.547 0.6000000238
13936  27.844  -70.772  -28.699 0.6000000238
14441  33.665  -69.569  -13.320 0.3000000119
14443  31.895  -69.810  -13.115 0.3000000119
14481  25.413  -69.643  -16.267 0.4000000060
14496  25.301  -69.096  -16.724 0.4000000060
14497  24.929  -69.853  -16.756 0.3000000119
14507  24.786  -69.944  -17.492 0.3000000119
14519  25.563  -69.909  -19.126 0.3000000119
14520  24.919  -69.701  -18.042 0.3000000119
14542  26.740  -70.194  -20.824 0.5000000000
14557  23.708  -69.793  -21.135 0.4000000060
14558  22.445  -69.870  -20.838 0.5000000000
14564  27.715  -69.942  -21.886 0.5000000000
14565  25.416  -70.668  -22.255 0.5000000000
14566  23.804  -69.137  -21.562 0.5000000000
14575  29.165  -69.891  -23.218 0.6999999881
14576  28.561  -70.159  -22.809 0.6999999881
14577  27.921  -70.403  -22.515 0.5000000000
14579  25.722  -70.231  -22.808 0.5000000000
14597  26.633  -70.238  -23.608 0.4000000060
14609  31.000  -70.400  -24.744 0.6999999881
14612  27.752  -69.771  -25.091 0.4000000060
14618  34.680  -69.804  -26.456 0.6999999881
14620  33.060  -70.541  -25.994 0.6000000238
14622  31.504  -70.822  -25.128 0.6999999881
14624  27.911  -69.568  -25.955 0.5000000000
14630  35.890  -69.290  -27.306 0.6999999881
14632  34.889  -70.094  -27.049 0.6999999881
14633  34.281  -70.377  -26.757 0.6999999881
14634  33.662  -70.585  -26.542 0.6000000238
14636  27.914  -69.760  -26.664 0.6000000238
14650  35.865  -69.140  -27.732 0.6000000238
14652  34.940  -70.092  -27.712 0.6000000238
14654  25.960  -70.866  -27.885 0.5000000000
14662  33.118  -70.237  -28.799 0.6999999881
14664  31.400  -70.236  -28.909 0.8000000119
14666  29.747  -70.304  -28.902 0.6000000238
14669  26.623  -71.019  -29.314 0.5000000000
14670  25.773  -71.042  -29.232 0.5000000000
14677  30.073  -69.977  -29.183 0.6999999881
14678  29.431  -69.946  -29.349 0.6000000238
14681  26.239  -70.365  -29.714 0.5000000000
14682  25.430  -70.273  -29.600 0.4000000060
15184  32.998  -69.223  -13.317 0.3000000119
15195  34.389  -68.463  -14.036 0.3000000119
15196  33.605  -68.681  -13.643 0.3000000119
15231  25.826  -68.936  -16.281 0.4000000060
15246  26.057  -68.197  -16.345 0.4000000060
15262  25.384  -68.524  -17.366 0.4000000060
15288  26.188  -68.622  -19.713 0.3000000119
15289  25.880  -69.298  -19.420 0.3000000119
15304  26.366  -69.634  -20.082 0.4000000060
15324  28.248  -69.398  -22.326 0.5000000000
15325  27.759  -68.932  -21.765 0.4000000060
15326  23.996  -68.531  -21.956 0.4000000060
15338  25.400  -69.075  -22.975 0.4000000060
15354  26.614  -69.219  -24.112 0.4000000060
15355  26.089  -69.781  -23.402 0.4000000060
15364  36.140  -68.532  -25.206 0.6000000238
15366  34.677  -68.295  -24.996 0.6000000238
15367  33.013  -68.257  -25.167 0.6000000238
15370  30.567  -69.806  -24.327 0.6999999881
15378  36.733  -68.385  -25.544 0.6000000238
15379  35.731  -69.108  -26.077 0.6000000238
15380  35.176  -69.299  -26.119 0.6999999881
15382  33.370  -69.097  -25.632 0.6999999881
15383  32.696  -69.922  -25.562 0.6999999881
15393  36.772  -68.485  -26.361 0.6000000238
15395  35.846  -69.324  -26.734 0.6999999881
15397  26.344  -68.882  -26.541 0.4000000060
15410  36.696  -68.423  -26.982 0.6999999881
15417  35.479  -69.089  -28.144 0.6000000238
15420  32.679  -69.552  -29.022 0.6999999881
15423  30.569  -68.958  -29.176 0.6999999881
15430  29.213  -69.189  -29.589 0.6999999881
15976  33.038  -67.927  -13.781 0.3000000119
15992  31.828  -67.207  -15.043 0.3000000119
16010  31.429  -67.481  -15.684 0.3000000119
16011  30.917  -67.792  -15.459 0.3000000119
16035  31.454  -67.547  -16.689 0.3000000119
16037  30.576  -67.736  -16.663 0.3000000119
16039  26.846  -67.294  -16.363 0.4000000060
16041  25.770  -67.893  -16.966 0.4000000060
16061  31.598  -67.618  -17.468 0.3000000119
16084  31.846  -67.632  -18.250 0.3000000119
16086  30.720  -67.578  -18.130 0.3000000119
16100  32.696  -67.636  -19.326 0.4000000060
16101  32.265  -67.790  -19.478 0.4000000060
16104  25.726  -68.386  -19.004 0.3000000119
16115  33.380  -67.665  -20.313 0.4000000060
16116  32.242  -67.799  -20.017 0.4000000060
16117  26.926  -67.198  -20.419 0.4000000060
16126  34.441  -67.747  -21.412 0.5000000000
16128  26.956  -68.236  -20.708 0.4000000060
16137  35.245  -67.703  -22.300 0.5000000000
16138  34.633  -67.830  -21.953 0.6000000238
16139  33.946  -67.911  -21.717 0.6000000238
16140  33.488  -67.883  -21.503 0.6000000238
16143  24.198  -67.865  -22.386 0.4000000060
16144  23.440  -67.896  -22.142 0.5000000000
16155  36.106  -67.539  -23.559 0.6000000238
16156  35.689  -67.603  -23.017 0.5000000000
16158  34.192  -67.934  -22.374 0.6000000238
16161  28.578  -68.430  -22.653 0.4000000060
16162  25.389  -68.057  -23.333 0.4000000060
16163  24.339  -67.302  -22.936 0.5000000000
16178  35.858  -67.875  -23.684 0.6000000238
16179  34.926  -67.984  -23.468 0.6000000238
16181  33.661  -67.461  -23.828 0.6000000238
16183  30.149  -68.900  -24.079 0.6999999881
16186  25.605  -67.568  -23.963 0.4000000060
16187  24.932  -67.420  -23.402 0.4000000060
16196  37.118  -67.831  -25.132 0.6000000238
16198  36.146  -68.103  -24.389 0.6000000238
16199  35.782  -68.214  -24.389 0.6000000238
16203  31.652  -67.796  -24.581 0.6000000238
16204  30.912  -68.564  -24.529 0.6000000238
16205  26.753  -68.219  -24.777 0.4000000060
16214  37.239  -67.993  -25.905 0.6000000238
16215  26.556  -67.951  -25.462 0.4000000060
16216  25.841  -67.706  -25.631 0.4000000060
16223  37.185  -67.951  -26.643 0.6000000238
16233  36.927  -67.840  -27.237 0.6999999881
16234  36.393  -68.159  -27.620 0.6000000238
16235  33.393  -68.055  -28.506 0.6000000238
16237  31.525  -67.952  -28.173 0.6000000238
16242  35.942  -67.801  -28.123 0.5000000000
16244  34.745  -67.938  -28.549 0.6999999881
16247  31.961  -68.820  -28.797 0.6999999881
16249  30.362  -68.129  -28.839 0.6000000238
16250  29.727  -67.681  -29.150 0.5000000000
16259  28.687  -68.346  -29.603 0.5000000000
16823  33.441  -67.384  -13.971 0.3000000119
16824  32.838  -67.254  -14.098 0.3000000119
16825  32.168  -67.270  -14.473 0.3000000119
16836  34.073  -67.179  -14.206 0.3000000119
16838  32.758  -66.649  -14.468 0.3000000119
16839  32.202  -66.502  -14.979 0.3000000119
16850  31.806  -66.880  -15.540 0.3000000119
16868  31.730  -67.238  -16.986 0.3000000119
16873  26.742  -66.851  -17.032 0.4000000060
16894  26.419  -66.746  -17.835 0.5000000000
16895  25.950  -67.171  -17.993 0.4000000060
16918  32.767  -67.234  -18.937 0.4000000060
16922  29.408  -66.535  -18.210 0.3000000119
16937  33.217  -67.332  -19.552 0.4000000060
16938  31.002  -67.368  -19.356 0.4000000060
16940  26.925  -66.276  -19.094 0.4000000060
16957  34.356  -66.925  -20.767 0.4000000060
16960  31.166  -66.998  -20.210 0.4000000060
16974  32.245  -67.247  -21.281 0.6000000238
16975  31.408  -66.518  -21.071 0.6000000238
16976  28.194  -66.302  -21.026 0.5000000000
16989  34.901  -67.502  -21.587 0.5000000000
16991  29.010  -66.363  -22.050 0.5000000000
16992  28.367  -66.638  -21.699 0.4000000060
17005  33.449  -67.320  -23.091 0.5000000000
17006  32.813  -67.002  -22.596 0.5000000000
17008  30.622  -66.403  -23.137 0.5000000000
17009  29.872  -66.596  -23.021 0.5000000000
17010  29.220  -66.852  -22.728 0.6000000238
17012  24.389  -67.063  -23.536 0.4000000060
17028  32.043  -66.770  -23.585 0.5000000000
17030  30.149  -67.103  -23.606 0.6000000238
17032  25.303  -67.200  -24.576 0.4000000060
17043  37.270  -67.175  -25.022 0.6000000238
17044  36.857  -67.522  -24.510 0.6000000238
17045  32.335  -67.210  -24.289 0.6000000238
17046  31.658  -67.144  -24.124 0.6000000238
17047  25.292  -67.260  -25.196 0.4000000060
17056  37.701  -66.793  -25.746 0.5000000000
17064  31.554  -66.731  -27.112 0.6000000238
17069  37.838  -66.529  -27.147 0.6000000238
17071  36.583  -67.432  -27.763 0.6000000238
17075  30.377  -67.083  -27.609 0.6000000238
17082  36.110  -66.976  -28.293 0.5000000000
17087  29.474  -67.050  -28.916 0.6999999881
17088  29.066  -66.567  -28.936 0.6000000238
17089  27.709  -66.621  -29.127 0.5000000000
17673  34.362  -65.900  -14.785 0.3000000119
17704  31.853  -66.452  -16.438 0.3000000119
17723  26.970  -66.390  -17.667 0.4000000060
17732  32.644  -66.559  -18.493 0.4000000060
17733  32.190  -66.601  -17.899 0.3000000119
17734  29.560  -66.305  -18.916 0.4000000060
17736  28.039  -65.931  -18.513 0.3000000119
17738  26.843  -66.304  -18.316 0.4000000060
17751  33.125  -66.518  -19.098 0.4000000060
17752  29.675  -66.081  -19.629 0.4000000060
17753  29.067  -65.955  -19.333 0.3000000119
17754  28.434  -65.873  -19.309 0.6000000238
17755  27.667  -65.949  -19.253 0.5000000000
17771  34.071  -66.501  -20.320 0.4000000060
17773  29.828  -65.949  -20.383 0.6000000238
17776  27.322  -66.324  -19.962 0.4000000060
17790  34.696  -66.816  -21.249 0.5000000000
17791  34.395  -66.325  -20.859 0.4000000060
17793  30.044  -65.921  -21.144 0.6000000238
17796  27.970  -66.143  -20.452 0.5000000000
17806  34.953  -66.403  -21.857 0.5000000000
17807  31.761  -66.437  -21.771 0.6000000238
17808  31.138  -66.113  -21.857 0.6000000238
17810  29.532  -65.957  -21.618 0.5000000000
17823  35.606  -66.264  -23.085 0.5000000000
17825  31.618  -66.244  -22.400 0.6000000238
17827  30.283  -66.178  -22.622 0.5000000000
17836  36.158  -66.322  -23.809 0.5000000000
17845  37.202  -66.355  -24.980 0.6000000238
17846  36.652  -66.377  -24.398 0.5000000000
17855  32.694  -66.013  -26.820 0.6000000238
17857  31.209  -66.156  -26.580 0.6000000238
17865  37.617  -66.252  -27.631 0.4000000060
17866  34.601  -65.690  -28.200 0.6000000238
17868  33.257  -66.642  -27.344 0.6000000238
17875  37.163  -65.864  -28.216 0.5000000000
17876  36.421  -65.742  -28.735 0.5000000000
17877  35.211  -66.481  -28.723 0.6000000238
17879  34.393  -67.005  -28.372 0.5000000000
17880  29.011  -65.910  -28.607 0.5000000000
17890  28.308  -65.885  -29.035 0.5000000000
18495  34.082  -65.114  -14.887 0.3000000119
18496  33.264  -65.164  -14.840 0.3000000119
18497  32.601  -65.271  -15.196 0.3000000119
18498  32.188  -65.410  -15.628 0.3000000119
18542  31.974  -65.030  -17.479 0.3000000119
18550  32.296  -65.644  -18.152 0.4000000060
18573  33.717  -65.654  -20.032 0.4000000060
18574  33.298  -64.944  -19.760 0.4000000060
18592  34.509  -65.919  -21.350 0.4000000060
18593  34.064  -65.578  -20.766 0.4000000060
18621  34.670  -64.965  -22.758 0.5000000000
18634  36.384  -65.605  -24.393 0.4000000060
18635  35.377  -64.733  -23.870 0.5000000000
18645  37.048  -65.440  -25.073 0.5000000000
18650  38.122  -65.540  -26.432 0.4000000060
18653  30.317  -65.104  -25.601 0.6000000238
18654  29.515  -65.010  -25.758 0.6999999881
18658  38.399  -65.125  -27.176 0.4000000060
18660  32.806  -65.270  -26.561 0.6000000238
18662  30.793  -65.668  -26.051 0.6000000238
18664  29.287  -65.282  -26.758 0.6000000238
18667  38.444  -64.987  -27.685 0.4000000060
18669  34.034  -65.386  -27.509 0.5000000000
18675  38.307  -64.885  -28.125 0.4000000060
18676  37.721  -64.803  -28.782 0.5000000000
18687  37.168  -64.358  -29.364 0.6000000238
18688  35.901  -65.202  -29.186 0.6000000238
19284  33.553  -63.927  -15.168 0.3000000119
19285  32.887  -64.519  -15.195 0.3000000119
19301  32.332  -64.260  -15.660 0.3000000119
19335  31.887  -64.227  -16.969 0.3000000119
19351  32.115  -63.963  -18.400 0.3000000119
19361  32.831  -64.288  -19.457 0.4000000060
19386  33.416  -64.128  -20.846 0.4000000060
19422  34.813  -64.494  -23.403 0.5000000000
19435  35.722  -64.237  -24.502 0.5000000000
19438  29.191  -63.642  -24.921 0.6999999881
19451  29.231  -64.257  -25.330 0.6999999881
19459  38.489  -64.086  -26.798 0.4000000060
19462  32.143  -64.915  -26.028 0.6000000238
19469  38.862  -64.012  -27.429 0.4000000060
19470  34.536  -64.098  -27.989 0.6000000238
19479  38.964  -63.971  -27.958 0.3000000119
19480  38.616  -64.281  -28.421 0.5000000000
19482  28.459  -64.628  -28.828 0.4000000060
19489  38.147  -64.131  -29.090 0.5000000000
20126  31.942  -63.525  -16.556 0.3000000119
20166  31.996  -63.176  -18.544 0.3000000119
20182  32.192  -63.086  -19.257 0.4000000060
20193  32.941  -63.500  -20.589 0.4000000060
20205  33.203  -63.450  -21.308 0.4000000060
20215  33.001  -62.872  -21.600 0.4000000060
20242  30.672  -63.230  -24.762 0.6999999881
20243  29.991  -63.316  -24.528 0.6999999881
20244  29.517  -63.357  -24.536 0.6999999881
20249  32.182  -63.468  -25.769 0.6999999881
20250  31.270  -63.586  -25.171 0.6999999881
20251  28.668  -63.313  -25.451 0.5000000000
20257  32.431  -62.601  -25.976 0.6999999881
20258  28.505  -63.361  -26.537 0.5000000000
20264  33.586  -63.150  -27.125 0.6000000238
20265  28.710  -63.985  -28.100 0.5000000000
20266  28.712  -63.237  -27.999 0.4000000060
20270  38.936  -63.692  -28.533 0.5000000000
20271  34.883  -63.156  -28.774 0.6000000238
20272  34.508  -62.736  -28.282 0.6000000238
20273  28.771  -63.399  -28.888 0.4000000060
20281  36.593  -63.744  -29.734 0.6000000238
20282  35.782  -63.288  -29.636 0.6000000238
20283  35.188  -62.864  -29.269 0.6000000238
20885  32.805  -62.253  -15.712 0.3000000119
20914  31.767  -62.226  -17.417 0.3000000119
20946  31.911  -62.079  -19.058 0.3000000119
20977  33.443  -63.224  -22.095 0.4000000060
21010  30.481  -62.507  -24.525 0.6999999881
21012  29.027  -62.305  -24.532 0.6000000238
21022  38.566  -62.952  -26.948 0.5000000000
21023  37.668  -62.590  -26.505 0.5000000000
21025  32.904  -62.055  -26.563 0.6000000238
21026  28.494  -62.658  -27.135 0.4000000060
21029  39.192  -62.684  -27.954 0.5000000000
21030  38.880  -62.521  -27.415 0.5000000000
21031  34.041  -62.472  -27.686 0.6000000238
21033  28.884  -62.381  -28.367 0.4000000060
21035  39.191  -62.678  -28.496 0.5000000000
21042  39.259  -62.161  -28.891 0.5000000000
21043  38.951  -62.847  -29.580 0.5000000000
21050  39.174  -62.181  -29.585 0.5000000000
21051  38.704  -62.286  -30.263 0.5000000000
21053  36.524  -62.342  -30.004 0.5000000000
21640  32.025  -61.527  -16.428 0.3000000119
21651  31.765  -61.533  -17.096 0.3000000119
21684  31.812  -61.516  -18.594 0.3000000119
21701  31.923  -61.462  -19.479 0.3000000119
21725  32.473  -61.667  -21.078 0.4000000060
21726  32.224  -61.135  -20.772 0.4000000060
21740  32.799  -61.652  -21.887 0.4000000060
21746  33.434  -61.756  -23.021 0.4000000060
21767  28.554  -61.824  -24.848 0.6000000238
21781  32.381  -61.747  -26.041 0.6999999881
21787  33.793  -61.717  -27.593 0.6000000238
21792  39.254  -61.620  -28.575 0.5000000000
21793  34.450  -61.058  -28.636 0.6999999881
21795  28.780  -61.493  -29.189 0.4000000060
21798  35.216  -61.817  -29.604 0.6000000238
21799  34.759  -61.669  -29.079 0.6000000238
21800  28.566  -61.461  -29.388 0.4000000060
21802  36.925  -61.766  -30.263 0.5000000000
21803  36.189  -61.280  -30.209 0.6000000238
21805  39.419  -61.065  -30.671 0.4000000060
22458  33.627  -60.760  -15.771 0.3000000119
22459  32.894  -60.693  -15.865 0.3000000119
22460  32.214  -60.857  -16.236 0.3000000119
22473  31.905  -60.932  -16.794 0.3000000119
22507  31.764  -60.932  -18.171 0.3000000119
22554  32.504  -60.960  -21.371 0.4000000060
22555  32.208  -60.469  -20.795 0.3000000119
22576  33.271  -60.918  -23.060 0.4000000060
22577  33.044  -60.245  -22.755 0.3000000119
22585  30.027  -61.086  -24.125 0.6000000238
22586  29.257  -60.957  -24.148 0.6000000238
22597  30.711  -60.727  -24.453 0.6999999881
22600  28.342  -60.546  -24.885 0.5000000000
22610  28.132  -60.622  -25.819 0.5000000000
22617  28.334  -60.641  -27.009 0.5000000000
22619  38.542  -61.116  -27.667 0.5000000000
22622  33.727  -60.529  -27.806 0.6999999881
22630  34.156  -60.458  -28.308 0.6999999881
22633  39.767  -60.268  -30.178 0.5000000000
22635  35.200  -60.439  -29.857 0.6000000238
22640  39.881  -60.047  -30.736 0.4000000060
22644  35.364  -61.203  -29.836 0.6000000238
22648  38.004  -60.896  -31.023 0.5000000000
22649  37.069  -60.496  -30.858 0.5000000000
23399  32.377  -60.175  -16.181 0.3000000119
23482  31.976  -59.968  -19.996 0.3000000119
23507  32.838  -59.667  -22.232 0.4000000060
23528  30.711  -59.621  -24.437 0.6999999881
23548  32.194  -60.170  -26.170 0.6999999881
23553  33.240  -60.174  -27.349 0.6000000238
23559  28.577  -59.834  -28.736 0.5000000000
23569  35.690  -59.953  -30.304 0.6000000238
23572  39.483  -60.146  -31.526 0.4000000060
24337  32.405  -58.901  -16.585 0.3000000119
24338  31.997  -59.019  -17.178 0.3000000119
24357  31.842  -59.072  -17.855 0.3000000119
24456  33.332  -58.684  -22.926 0.3000000119
24471  33.709  -58.687  -23.564 0.3000000119
24472  29.310  -58.753  -23.960 0.6000000238
24483  31.308  -59.310  -25.116 0.6999999881
24484  30.508  -58.912  -24.245 0.6999999881
24501  32.614  -58.954  -26.810 0.6999999881
24520  33.409  -58.613  -27.857 0.6999999881
24525  34.588  -58.781  -29.508 0.6999999881
24526  34.216  -58.971  -28.876 0.6999999881
24533  34.951  -58.715  -30.092 0.6000000238
24535  37.212  -59.346  -31.492 0.5000000000
24537  35.406  -58.640  -30.554 0.6000000238
25350  32.229  -58.236  -17.066 0.3000000119
25452  32.966  -58.125  -21.868 0.3000000119
25465  33.642  -57.963  -23.132 0.3000000119
25466  33.248  -58.091  -22.496 0.3000000119
25497  31.472  -57.616  -25.205 0.6999999881
25498  31.103  -58.020  -24.787 0.6999999881
25501  28.569  -57.726  -24.533 0.5000000000
25515  28.279  -57.957  -25.354 0.5000000000
25519  32.588  -57.799  -26.814 0.6999999881
25523  33.043  -58.054  -27.442 0.6999999881
25531  33.775  -57.858  -28.655 0.6999999881
25539  34.173  -58.148  -29.187 0.6999999881
26425  32.212  -57.347  -17.998 0.3000000119
26518  33.575  -56.965  -22.407 0.3000000119
26545  30.165  -57.364  -24.062 0.6000000238
26566  30.896  -57.304  -24.516 0.6000000238
26567  28.724  -56.900  -24.441 0.5000000000
26583  31.858  -57.224  -25.673 0.8000000119
26584  28.284  -57.222  -25.817 0.5000000000
26594  32.173  -56.971  -26.116 0.6999999881
26595  28.269  -57.127  -26.854 0.5000000000
26606  33.560  -57.402  -28.359 0.6000000238
26607  33.290  -56.915  -27.901 0.6999999881
26625  35.098  -57.195  -30.948 0.5000000000
26626  34.720  -57.061  -30.610 0.5000000000
27540  33.907  -56.483  -22.853 0.3000000119
27561  30.678  -55.402  -24.108 0.6000000238
27563  29.844  -56.038  -23.971 0.6000000238
27585  31.534  -56.183  -24.944 0.6000000238
27586  30.988  -55.863  -24.393 0.5000000000
27604  28.426  -55.952  -25.551 0.4000000060
27613  33.251  -56.231  -27.855 0.5000000000
27620  33.556  -56.140  -28.550 0.6000000238
27634  34.036  -56.090  -30.025 0.5000000000
28608  30.589  -54.849  -24.015 0.6000000238
28609  30.164  -55.382  -24.001 0.6000000238
28610  29.551  -55.408  -24.078 0.4000000060
28626  31.594  -55.443  -24.853 0.5000000000
28641  32.126  -55.153  -25.542 0.6000000238
28658  33.329  -55.566  -28.009 0.5000000000
29690  32.552  -54.642  -26.105 0.5000000000
29698  32.879  -54.179  -26.650 0.5000000000
30693  31.013  -53.629  -24.141 0.4000000060
30708  31.625  -53.180  -24.436 0.4000000060
30726  32.942  -53.444  -26.473 0.5000000000
30730  33.490  -53.307  -27.908 0.4000000060
30731  33.194  -53.750  -27.273 0.4000000060
31729  32.722  -52.334  -25.525 0.5000000000
31730  32.215  -52.779  -24.942 0.4000000060
31738  33.425  -52.213  -26.950 0.5000000000
32738  33.509  -51.415  -26.791 0.4000000060
32739  33.155  -51.883  -26.177 0.4000000060
33818  33.264  -51.081  -26.059 0.4000000060
33833  33.656  -50.792  -28.287 0.4000000060
180880  30.142  -70.963  -24.799 0.6999999881
181188  25.451  -68.339  -18.220 0.3000000119
181382  35.805  -66.345  -28.749 0.5000000000
181509  26.855  -70.848  -16.134 0.3000000119
181814  33.049  -63.024  -15.483 0.3000000119
182711  26.953  -72.651  -16.567 0.4000000060
183722  31.292  -67.760  -17.818 0.3000000119
183984  31.788  -60.385  -18.561 0.3000000119
184499  35.380  -63.606  -29.193 0.6000000238
184925  32.397  -75.157  -23.473 0.4000000060
185444  25.948  -70.800  -15.907 0.4000000060
185905  31.045  -73.248  -18.244 0.3000000119
186797  32.754  -67.753  -19.847 0.4000000060
187321  32.216  -58.318  -26.299 0.6999999881
187426  30.185  -70.770  -27.552 0.6000000238
187616  28.173  -58.544  -26.096 0.5000000000
187933  32.335  -68.251  -13.674 0.3000000119
188257  28.221  -61.419  -26.393 0.4000000060
188480  34.245  -59.753  -28.613 0.6999999881
188498  31.760  -60.336  -17.827 0.3000000119
188518  33.188  -59.326  -27.462 0.6999999881
188573  34.769  -60.031  -29.425 0.6000000238
188650  34.260  -69.432  -28.767 0.6999999881
189537  31.848  -58.929  -18.660 0.3000000119
190003  30.459  -67.795  -24.112 0.6000000238
190069  31.821  -71.051  -25.626 0.6999999881
190220  35.414  -64.802  -28.886 0.6000000238
190363  31.811  -62.928  -25.439 0.6999999881
190448  33.003  -62.779  -26.546 0.6000000238
190678  23.898  -75.393  -16.243 0.4000000060
192234  24.479  -71.133  -17.956 0.4000000060
192614  25.185  -70.892  -15.960 0.4000000060
192795  28.029  -67.423  -21.873 0.4000000060
193008  32.367  -73.273  -19.043 0.4000000060
193091  23.474  -77.645  -17.481 0.4000000060
193102  26.084  -74.083  -16.271 0.3000000119
193241  26.554  -70.134  -15.939 0.3000000119
193317  32.036  -62.838  -16.273 0.3000000119
193471  32.572  -59.365  -21.509 0.3000000119
193512  33.530  -68.902  -28.895 0.6999999881
194463  34.022  -63.780  -27.450 0.6000000238
194957  30.527  -67.821  -15.988 0.3000000119
194963  21.927  -75.558  -19.588 0.3000000119
195224  32.390  -62.842  -15.808 0.3000000119
195313  31.836  -59.706  -17.476 0.3000000119
195386  27.372  -68.574  -21.261 0.4000000060
195612  30.730  -60.197  -24.460 0.6000000238
195687  32.097  -64.851  -15.951 0.3000000119
195905  29.333  -60.132  -24.023 0.6000000238
196254  29.942  -61.923  -24.221 0.6000000238
196449  33.292  -66.296  -14.441 0.3000000119
196451  28.723  -58.970  -24.297 0.5000000000
196623  32.630  -55.991  -26.578 0.6000000238
196866  31.958  -65.564  -16.178 0.3000000119
196876  25.022  -70.915  -27.805 0.5000000000
197254  28.027  -66.136  -17.776 0.4000000060
197438  33.745  -56.580  -29.051 0.6000000238
197551  31.835  -62.952  -17.744 0.3000000119
197688  39.669  -73.481  -15.033 0.3000000119
197767  33.471  -60.164  -15.810 0.3000000119
198373  32.053  -60.393  -16.607 0.3000000119
198587  37.702  -65.264  -28.318 0.4000000060
198639  21.880  -72.039  -19.865 0.5000000000
198693  32.513  -64.448  -18.817 0.4000000060
198895  24.443  -69.340  -21.897 0.4000000060
199042  32.193  -57.543  -26.228 0.8000000119
199323  32.346  -67.677  -18.874 0.3000000119
199333  27.311  -67.594  -21.060 0.3000000119
199567  23.588  -73.464  -16.618 0.4000000060
199723  31.981  -58.547  -17.572 0.3000000119
199728  30.795  -70.808  -27.866 0.6000000238
200004  32.789  -62.896  -21.009 0.4000000060
200342  23.351  -74.620  -16.391 0.4000000060
200567  38.523  -60.278  -31.532 0.4000000060
200580  32.605  -67.793  -20.492 0.4000000060
200683  22.948  -72.945  -19.191 0.4000000060
201065  21.792  -73.800  -19.628 0.6000000238
201337  28.937  -67.702  -22.895 0.6000000238
201340  35.091  -65.838  -28.720 0.5000000000
201370  32.862  -54.893  -26.854 0.5000000000
201411  37.347  -78.525  -16.352 0.3000000119
202398  27.247  -69.918  -15.815 0.3000000119
202703  31.172  -67.696  -17.105 0.3000000119
203255  32.852  -56.539  -27.113 0.6999999881
203329  34.546  -70.060  -28.324 0.6000000238
203828  27.498  -70.048  -27.299 0.6000000238
203869  27.559  -69.550  -29.803 0.6000000238
204102  28.672  -70.112  -29.552 0.6999999881
204557  28.971  -70.341  -29.095 0.6000000238
204672  31.549  -76.797  -18.401 0.3000000119
204869  32.169  -62.458  -19.783 0.4000000060
205193  35.901  -64.968  -24.272 0.5000000000
205211  35.602  -65.882  -28.911 0.5000000000
205279  23.006  -69.848  -20.876 0.5000000000
205528  31.157  -69.506  -24.763 0.6000000238
205586  32.373  -64.857  -15.525 0.3000000119
205606  25.206  -69.561  -18.523 0.3000000119
206147  32.268  -65.574  -26.370 0.6000000238
206551  25.191  -76.525  -17.485 0.4000000060
206686  37.662  -64.102  -26.058 0.4000000060
207020  32.914  -65.019  -19.143 0.4000000060
207359  35.915  -63.949  -29.591 0.6000000238
207445  28.728  -60.380  -28.778 0.5000000000
207466  22.437  -77.801  -18.385 0.4000000060
207808  33.894  -67.731  -21.042 0.5000000000
207945  38.290  -62.335  -26.954 0.5000000000
208693  33.639  -65.786  -14.656 0.3000000119
208797  27.053  -68.335  -25.381 0.4000000060
208805  36.398  -59.098  -31.108 0.6000000238
209002  32.648  -66.850  -23.208 0.5000000000
209268  37.883  -66.749  -26.564 0.6000000238
209862  28.346  -59.170  -24.878 0.5000000000
210225  32.033  -65.902  -17.559 0.3000000119
210735  29.515  -61.544  -24.127 0.6000000238
211135  24.825  -71.028  -18.547 0.3000000119
211165  23.573  -72.973  -17.074 0.5000000000
211683  30.307  -66.566  -27.114 0.6000000238
211805  35.362  -66.625  -22.367 0.5000000000
211927  31.901  -63.569  -17.960 0.3000000119
211971  26.462  -75.814  -18.202 0.4000000060
211974  24.243  -74.436  -15.908 0.3000000119
212321  32.507  -69.652  -13.147 0.3000000119
212327  39.989  -74.400  -15.354 0.3000000119
212376  35.473  -67.985  -23.734 0.6000000238
212386  29.257  -75.946  -22.520 0.5000000000
212496  35.048  -58.203  -30.418 0.5000000000
212800  28.736  -65.188  -28.629 0.5000000000
212918  30.888  -59.117  -24.618 0.6999999881
213321  26.387  -70.288  -20.373 0.5000000000
213396  29.968  -58.616  -23.963 0.6000000238
213514  35.016  -74.078  -22.246 0.4000000060
213549  28.925  -63.798  -25.369 0.5000000000
214196  33.450  -59.393  -23.323 0.4000000060
214340  28.764  -60.516  -24.326 0.6000000238
214443  33.727  -63.263  -22.654 0.4000000060
214676  28.241  -58.669  -25.295 0.5000000000
214762  30.281  -79.832  -20.983 0.3000000119
214973  33.301  -63.460  -15.309 0.3000000119
215409  31.814  -60.958  -18.814 0.3000000119
215442  32.569  -62.922  -20.385 0.4000000060
215796  36.558  -68.313  -27.285 0.6999999881
215880  33.744  -70.741  -27.685 0.6000000238
216211  29.998  -66.206  -26.921 0.5000000000
216276  35.006  -66.957  -21.674 0.5000000000
216333  33.150  -59.742  -22.889 0.3000000119
216361  39.054  -61.399  -28.104 0.5000000000
216364  39.170  -62.588  -29.036 0.5000000000
217029  32.769  -59.133  -21.909 0.4000000060
217459  36.807  -65.932  -24.710 0.6000000238
217558  34.515  -59.905  -29.006 0.6999999881
217949  36.340  -64.183  -25.027 0.6000000238
217951  32.639  -63.252  -15.610 0.3000000119
