#!ascii label  , from subject sub-v2s2x29066_ses-1 vox2ras=TkReg
1455
70259  7.750  -7.686  51.228 0.0000000000
62380  0.310  -14.017  45.040 0.0000000000
64808  3.168  -11.924  57.868 0.0000000000
70246  0.765  -7.556  52.757 0.0000000000
72774  -1.610  -5.489  43.142 0.0000000000
70221  6.848  -7.862  56.704 0.0000000000
73860  2.987  -5.232  56.318 0.0000000000
65977  10.844  -10.691  49.575 0.0000000000
64822  10.207  -11.911  54.304 0.0000000000
60056  6.309  -15.294  56.753 0.0000000000
79889  -3.847  -0.556  48.990 0.0000000000
188324  -0.540  -5.874  47.900 0.0000000000
82214  -4.100  1.175  44.748 0.0000000000
60057  1.018  -15.556  55.897 0.0000000000
62227  1.909  -13.114  52.803 0.0000000000
66972  1.495  -10.094  54.510 0.0000000000
76316  -0.845  -3.425  54.128 0.0000000000
65978  2.241  -11.289  49.814 0.0000000000
68030  4.627  -9.203  45.302 0.0000000000
69174  4.968  -8.509  40.564 0.0000000000
76517  -1.505  -3.792  39.079 0.0000000000
71452  7.166  -8.053  54.243 0.0000000000
75055  5.717  -5.993  54.205 0.0000000000
67956  9.332  -9.946  50.363 0.0000000000
65964  9.313  -11.123  52.212 0.0000000000
67942  8.323  -9.841  53.809 0.0000000000
67932  9.282  -9.736  55.799 0.0000000000
81068  -4.102  0.672  46.841 0.0000000000
189451  1.582  -14.335  56.861 0.0000000000
63563  1.527  -12.572  55.118 0.0000000000
189432  0.987  -11.564  56.306 0.0000000000
78721  2.086  -3.656  52.502 0.0000000000
75052  1.681  -3.961  55.302 0.0000000000
62201  5.228  -13.752  58.328 0.0000000000
58026  5.426  -17.010  56.581 0.0000000000
59028  3.753  -15.967  57.571 0.0000000000
58030  1.962  -16.870  56.855 0.0000000000
65963  1.194  -10.906  52.985 0.0000000000
170920  1.587  -12.379  51.517 0.0000000000
69026  1.433  -9.089  51.715 0.0000000000
71542  -0.654  -5.935  45.973 0.0000000000
70311  2.355  -6.981  46.783 0.0000000000
70330  2.174  -6.850  44.608 0.0000000000
189148  4.788  -9.162  42.749 0.0000000000
71589  1.641  -6.732  41.657 0.0000000000
66958  4.681  -10.405  58.050 0.0000000000
69001  3.049  -8.771  57.590 0.0000000000
72665  5.231  -6.184  56.414 0.0000000000
77501  3.927  -4.789  53.175 0.0000000000
64850  13.068  -11.587  48.352 0.0000000000
62303  10.700  -12.581  47.272 0.0000000000
62258  10.426  -12.459  49.819 0.0000000000
61135  8.864  -12.871  51.995 0.0000000000
61090  7.634  -13.106  56.169 0.0000000000
64805  7.076  -12.214  58.072 0.0000000000
71463  -1.187  -4.885  51.874 0.0000000000
71482  0.207  -6.442  51.059 0.0000000000
75101  -2.687  -4.162  49.474 0.0000000000
75142  -3.521  -3.831  46.302 0.0000000000
76442  -3.376  -2.934  44.067 0.0000000000
175582  8.763  -7.651  48.002 0.0000000000
188151  14.677  -10.273  46.845 0.0000000000
184098  16.420  -8.956  48.839 0.0000000000
67968  13.210  -9.839  49.101 0.0000000000
67981  10.855  -9.734  48.504 0.0000000000
188193  0.576  -17.451  54.978 0.0000000000
60076  1.552  -16.440  53.914 0.0000000000
62220  2.038  -13.991  54.358 0.0000000000
176575  1.542  -11.098  53.731 0.0000000000
67938  1.335  -8.956  53.891 0.0000000000
165216  0.981  -8.227  56.447 0.0000000000
71446  0.039  -6.986  55.050 0.0000000000
71454  0.040  -5.799  53.422 0.0000000000
78729  -2.080  -2.713  51.139 0.0000000000
169654  1.940  -14.373  51.505 0.0000000000
63616  2.195  -13.342  49.455 0.0000000000
64870  2.653  -12.914  47.534 0.0000000000
70291  2.221  -7.617  49.220 0.0000000000
67014  4.158  -10.314  47.385 0.0000000000
64898  3.074  -12.634  44.650 0.0000000000
64917  3.836  -12.266  42.772 0.0000000000
64936  4.583  -11.949  40.856 0.0000000000
83393  -2.630  2.292  42.804 0.0000000000
77647  -2.687  -2.319  42.110 0.0000000000
80013  -1.154  -0.855  40.615 0.0000000000
72794  -1.965  -5.136  41.103 0.0000000000
70394  0.819  -6.849  39.901 0.0000000000
71459  7.254  -8.003  53.215 0.0000000000
72690  6.698  -6.843  52.364 0.0000000000
188503  7.323  -6.136  50.656 0.0000000000
69036  8.612  -8.966  50.810 0.0000000000
67950  8.820  -9.924  52.025 0.0000000000
69022  8.178  -9.123  52.827 0.0000000000
70244  7.930  -9.064  54.067 0.0000000000
172185  -0.416  -14.106  44.231 0.0000000000
63684  0.671  -13.827  43.723 0.0000000000
63557  2.361  -13.364  57.512 0.0000000000
177125  1.129  -12.674  56.361 0.0000000000
64809  2.295  -11.937  57.422 0.0000000000
63650  11.788  -12.059  46.253 0.0000000000
166440  3.941  -13.310  58.239 0.0000000000
160261  4.601  -15.199  57.858 0.0000000000
62203  3.637  -14.010  58.016 0.0000000000
61089  2.600  -14.780  57.516 0.0000000000
67943  1.296  -8.983  53.192 0.0000000000
66988  1.154  -10.254  52.697 0.0000000000
69027  1.131  -8.722  52.523 0.0000000000
71564  -0.694  -6.023  44.439 0.0000000000
160685  0.400  -6.255  44.988 0.0000000000
71570  0.514  -6.551  43.510 0.0000000000
71568  2.083  -6.755  43.000 0.0000000000
71581  -0.101  -6.499  42.880 0.0000000000
176545  5.590  -9.333  57.759 0.0000000000
68999  5.232  -8.655  57.606 0.0000000000
70222  5.779  -7.381  57.004 0.0000000000
186758  4.911  -5.546  54.068 0.0000000000
78736  4.145  -2.798  50.797 0.0000000000
65976  11.553  -11.179  49.520 0.0000000000
63601  11.344  -12.003  49.069 0.0000000000
64841  10.471  -11.462  50.186 0.0000000000
65957  9.585  -11.871  53.707 0.0000000000
62232  9.324  -12.056  53.151 0.0000000000
62223  10.090  -12.232  54.121 0.0000000000
62210  8.228  -12.263  55.150 0.0000000000
69002  8.101  -9.019  56.598 0.0000000000
66954  8.220  -10.881  57.483 0.0000000000
67919  7.101  -9.646  57.718 0.0000000000
65938  5.811  -11.015  58.538 0.0000000000
75077  -2.688  -3.191  50.713 0.0000000000
72722  -1.958  -4.623  50.793 0.0000000000
75103  -3.250  -3.158  49.615 0.0000000000
174693  -4.162  0.898  45.679 0.0000000000
77591  -4.112  -1.811  46.213 0.0000000000
78819  -4.058  -1.191  45.165 0.0000000000
76432  -3.563  -3.166  44.866 0.0000000000
79949  -3.973  -0.830  44.534 0.0000000000
66996  14.256  -10.711  49.110 0.0000000000
182193  0.753  -16.850  55.172 0.0000000000
60064  1.092  -16.116  54.923 0.0000000000
171956  1.352  -15.306  55.006 0.0000000000
65951  1.281  -11.105  55.167 0.0000000000
187914  1.994  -12.045  54.612 0.0000000000
177059  1.570  -10.655  54.353 0.0000000000
169088  1.444  -10.780  53.969 0.0000000000
67935  1.428  -9.605  54.182 0.0000000000
70225  3.111  -7.224  57.224 0.0000000000
161478  1.827  -8.113  56.991 0.0000000000
71440  1.774  -6.837  56.761 0.0000000000
76307  0.417  -3.597  54.919 0.0000000000
73870  -0.141  -5.566  55.440 0.0000000000
72676  -0.582  -5.541  54.753 0.0000000000
167606  0.175  -6.067  53.827 0.0000000000
73876  -0.924  -4.724  53.833 0.0000000000
73880  -1.806  -4.020  52.888 0.0000000000
76323  -1.103  -3.588  52.968 0.0000000000
62288  9.734  -13.094  48.073 0.0000000000
62338  10.250  -12.948  46.737 0.0000000000
60063  6.177  -15.243  55.794 0.0000000000
59048  5.177  -16.333  54.631 0.0000000000
58033  5.556  -16.643  56.117 0.0000000000
57056  4.534  -18.054  56.509 0.0000000000
57080  4.658  -18.300  55.760 0.0000000000
59036  1.435  -16.116  56.559 0.0000000000
58032  0.883  -17.136  55.944 0.0000000000
61117  2.083  -14.567  53.446 0.0000000000
60082  1.729  -15.687  52.541 0.0000000000
162953  1.963  -14.067  52.193 0.0000000000
65979  1.930  -11.746  50.292 0.0000000000
63590  1.853  -12.648  50.781 0.0000000000
63602  2.254  -12.657  49.611 0.0000000000
63628  2.335  -13.227  48.045 0.0000000000
183830  2.778  -12.210  48.531 0.0000000000
163188  0.227  -6.058  49.272 0.0000000000
70281  1.303  -7.164  50.002 0.0000000000
71503  1.111  -6.563  49.043 0.0000000000
70318  3.540  -7.661  46.231 0.0000000000
69082  4.022  -8.638  47.358 0.0000000000
68002  4.498  -9.871  46.614 0.0000000000
178741  3.738  -11.519  46.315 0.0000000000
66012  4.070  -11.183  45.124 0.0000000000
64897  3.651  -12.035  44.187 0.0000000000
67048  4.542  -10.613  43.967 0.0000000000
69159  4.856  -8.568  41.419 0.0000000000
66049  4.969  -10.730  41.603 0.0000000000
161352  5.289  -9.973  40.515 0.0000000000
83405  -2.036  1.933  42.281 0.0000000000
81132  -2.571  0.021  42.354 0.0000000000
82258  -1.703  0.749  41.676 0.0000000000
77680  -0.467  -1.799  39.103 0.0000000000
77682  -1.530  -2.766  39.948 0.0000000000
76491  -2.162  -3.277  40.827 0.0000000000
75250  -2.044  -4.437  40.193 0.0000000000
159615  -0.462  -6.634  40.783 0.0000000000
71631  -1.221  -6.368  39.526 0.0000000000
71442  7.436  -7.732  55.275 0.0000000000
72672  6.976  -6.534  55.153 0.0000000000
159690  6.466  -6.780  54.180 0.0000000000
67000  9.886  -10.148  49.469 0.0000000000
65970  9.785  -10.646  50.372 0.0000000000
65966  9.232  -10.632  51.652 0.0000000000
66982  8.862  -10.754  53.255 0.0000000000
66977  8.776  -10.938  53.884 0.0000000000
65950  8.972  -11.345  55.025 0.0000000000
67936  8.718  -9.986  54.856 0.0000000000
70229  8.219  -8.909  55.285 0.0000000000
83338  -3.994  2.457  48.269 0.0000000000
169415  -4.081  0.090  47.858 0.0000000000
83344  -3.981  2.448  47.520 0.0000000000
84554  -4.083  2.806  46.434 0.0000000000
181000  -4.128  2.849  45.226 0.0000000000
167642  1.297  -15.210  56.432 0.0000000000
62212  1.404  -13.931  55.208 0.0000000000
63559  0.931  -13.156  55.815 0.0000000000
64813  0.872  -12.076  55.848 0.0000000000
66967  0.881  -10.252  55.825 0.0000000000
76303  3.112  -4.280  54.698 0.0000000000
73868  1.994  -4.439  55.832 0.0000000000
188505  1.747  -4.361  54.068 0.0000000000
78715  0.821  -3.481  52.867 0.0000000000
79854  -0.201  -2.638  51.679 0.0000000000
79864  -1.022  -2.228  50.910 0.0000000000
189536  6.362  -14.948  57.381 0.0000000000
59033  5.755  -16.407  56.794 0.0000000000
60052  5.358  -15.570  57.692 0.0000000000
183991  4.344  -16.418  57.520 0.0000000000
58028  4.113  -17.378  57.081 0.0000000000
57058  3.220  -18.110  56.964 0.0000000000
59029  3.017  -16.092  57.348 0.0000000000
180086  1.830  -15.565  56.882 0.0000000000
64825  1.473  -11.537  52.725 0.0000000000
64827  1.478  -12.005  52.075 0.0000000000
64832  1.241  -11.112  52.386 0.0000000000
65967  1.328  -11.166  51.522 0.0000000000
66990  1.937  -10.078  50.650 0.0000000000
164345  -0.932  -5.884  46.498 0.0000000000
162878  0.981  -6.271  47.177 0.0000000000
71541  0.613  -6.179  46.331 0.0000000000
70326  2.453  -6.993  45.363 0.0000000000
168825  3.587  -7.573  44.931 0.0000000000
69124  4.631  -8.870  43.849 0.0000000000
70335  3.624  -7.451  43.682 0.0000000000
70347  3.898  -7.549  42.760 0.0000000000
187431  3.187  -6.965  41.329 0.0000000000
76533  -0.518  -3.549  37.953 0.0000000000
72819  -1.319  -5.817  37.592 0.0000000000
74016  -0.612  -5.306  36.436 0.0000000000
64807  3.958  -11.928  58.259 0.0000000000
66960  3.335  -10.547  57.720 0.0000000000
66959  3.911  -10.041  57.777 0.0000000000
185444  4.211  -7.619  57.535 0.0000000000
72667  4.056  -5.982  56.636 0.0000000000
73863  5.977  -5.562  55.061 0.0000000000
75047  4.934  -4.691  54.925 0.0000000000
75048  4.264  -4.340  55.175 0.0000000000
78711  2.869  -4.320  52.908 0.0000000000
63613  13.168  -11.406  47.831 0.0000000000
63627  11.973  -11.976  47.133 0.0000000000
172717  12.014  -12.006  47.549 0.0000000000
179494  9.759  -11.701  51.314 0.0000000000
169814  9.854  -12.608  50.792 0.0000000000
62261  8.809  -13.298  50.338 0.0000000000
60061  6.929  -13.884  55.796 0.0000000000
60054  6.979  -14.203  56.515 0.0000000000
65944  8.951  -11.472  56.379 0.0000000000
63548  7.531  -12.877  57.213 0.0000000000
62199  6.910  -13.950  57.443 0.0000000000
63546  6.126  -12.795  58.456 0.0000000000
64806  4.754  -11.962  58.557 0.0000000000
71461  -0.109  -5.962  52.378 0.0000000000
71472  0.143  -6.437  52.089 0.0000000000
71484  -0.932  -5.255  51.343 0.0000000000
176601  -0.732  -5.597  50.213 0.0000000000
182482  -1.240  -5.612  48.912 0.0000000000
77557  -4.089  -1.903  47.826 0.0000000000
75132  -3.184  -4.215  47.219 0.0000000000
72739  -1.722  -5.646  47.293 0.0000000000
72752  -2.206  -5.412  46.073 0.0000000000
72769  -2.465  -4.983  44.716 0.0000000000
73964  -2.360  -4.813  43.523 0.0000000000
71480  8.306  -7.429  49.315 0.0000000000
64868  13.786  -10.858  47.091 0.0000000000
67008  17.649  -8.457  47.909 0.0000000000
180381  17.258  -8.576  49.347 0.0000000000
65980  16.035  -9.275  47.937 0.0000000000
65986  15.457  -9.773  47.611 0.0000000000
64857  14.431  -10.449  47.612 0.0000000000
63612  13.604  -11.064  47.744 0.0000000000
65975  12.835  -11.016  49.202 0.0000000000
180362  11.918  -10.758  49.362 0.0000000000
67969  12.157  -10.012  48.909 0.0000000000
67970  10.984  -10.050  48.944 0.0000000000
67971  10.106  -9.860  48.890 0.0000000000
158672  9.001  -9.073  49.626 0.0000000000
60068  1.951  -15.408  54.064 0.0000000000
62228  2.136  -13.438  53.835 0.0000000000
62216  1.953  -13.504  54.648 0.0000000000
62221  2.095  -13.046  54.133 0.0000000000
165059  1.712  -12.052  53.018 0.0000000000
190975  1.384  -11.063  53.373 0.0000000000
66981  1.371  -10.056  53.083 0.0000000000
69018  1.112  -8.095  53.750 0.0000000000
66961  2.428  -10.287  57.371 0.0000000000
67929  1.012  -9.584  56.348 0.0000000000
69009  0.809  -8.922  56.034 0.0000000000
72671  1.079  -5.916  56.275 0.0000000000
70233  0.303  -7.695  55.455 0.0000000000
183768  1.080  -8.800  54.750 0.0000000000
69013  0.912  -7.875  54.217 0.0000000000
162434  0.750  -7.283  53.760 0.0000000000
70247  0.659  -7.115  53.247 0.0000000000
71457  -0.501  -5.196  52.853 0.0000000000
72689  -2.043  -4.025  51.761 0.0000000000
79868  -3.142  -1.876  50.119 0.0000000000
178990  -1.991  -1.666  50.189 0.0000000000
81047  -2.887  -0.880  49.395 0.0000000000
82179  -3.240  1.110  48.863 0.0000000000
58051  4.364  -17.288  53.600 0.0000000000
58034  5.278  -17.142  56.210 0.0000000000
165513  1.881  -13.205  51.158 0.0000000000
62265  2.027  -13.916  50.553 0.0000000000
63655  1.487  -13.616  45.622 0.0000000000
185421  0.905  -7.594  51.344 0.0000000000
69037  1.881  -8.477  50.637 0.0000000000
69048  2.911  -9.078  49.592 0.0000000000
70302  2.073  -6.985  48.101 0.0000000000
188855  3.547  -8.934  48.675 0.0000000000
67011  3.259  -10.883  48.636 0.0000000000
65995  3.266  -11.823  47.511 0.0000000000
63653  2.891  -12.774  45.886 0.0000000000
63664  1.941  -13.299  45.138 0.0000000000
172447  2.032  -13.230  43.957 0.0000000000
67056  4.805  -10.209  42.780 0.0000000000
64927  4.475  -11.859  41.563 0.0000000000
84575  -3.849  3.263  44.207 0.0000000000
85745  -3.034  3.516  43.357 0.0000000000
82222  -3.698  1.380  43.829 0.0000000000
79975  -3.398  -0.596  43.366 0.0000000000
77633  -3.091  -2.298  42.873 0.0000000000
75194  -2.393  -4.265  42.220 0.0000000000
78865  -1.807  -1.551  41.237 0.0000000000
165537  -2.342  -3.286  41.309 0.0000000000
184636  -1.623  -5.584  41.884 0.0000000000
71602  -0.246  -6.632  41.366 0.0000000000
71600  1.761  -6.776  40.923 0.0000000000
70392  2.657  -6.993  40.037 0.0000000000
70406  2.531  -7.420  38.518 0.0000000000
71470  7.451  -7.854  52.311 0.0000000000
71471  7.297  -7.193  51.642 0.0000000000
71481  7.557  -6.690  50.650 0.0000000000
185144  8.152  -8.381  51.141 0.0000000000
69025  8.261  -8.954  52.034 0.0000000000
70258  7.854  -8.322  51.981 0.0000000000
159905  7.789  -8.599  52.920 0.0000000000
164226  -0.202  -14.209  45.059 0.0000000000
62381  0.121  -14.022  44.739 0.0000000000
63675  0.063  -13.986  44.311 0.0000000000
177122  2.751  -12.652  57.712 0.0000000000
177240  1.924  -12.668  57.157 0.0000000000
64869  13.082  -11.364  46.797 0.0000000000
189037  12.200  -11.886  46.119 0.0000000000
63649  12.367  -11.792  46.495 0.0000000000
175746  3.533  -12.634  58.129 0.0000000000
63553  3.178  -13.352  57.918 0.0000000000
62204  2.857  -14.056  57.712 0.0000000000
189955  1.095  -8.394  52.930 0.0000000000
67948  1.262  -9.160  52.864 0.0000000000
69023  0.962  -8.132  52.676 0.0000000000
71573  -1.161  -5.842  43.708 0.0000000000
71563  0.010  -6.312  44.224 0.0000000000
71571  -0.184  -6.379  43.512 0.0000000000
71572  -0.695  -6.187  43.177 0.0000000000
69003  6.623  -8.475  57.176 0.0000000000
188690  6.100  -8.301  57.295 0.0000000000
168012  6.220  -7.901  57.064 0.0000000000
64821  10.062  -11.834  54.181 0.0000000000
63569  10.560  -11.939  54.074 0.0000000000
63570  10.259  -12.257  54.127 0.0000000000
62224  9.767  -12.819  53.828 0.0000000000
62213  9.516  -12.312  54.121 0.0000000000
62214  8.724  -12.074  54.738 0.0000000000
63565  8.752  -12.007  55.000 0.0000000000
70220  7.355  -8.409  56.682 0.0000000000
67926  7.852  -9.678  57.324 0.0000000000
68997  6.678  -9.080  57.530 0.0000000000
67920  6.324  -9.525  57.778 0.0000000000
77522  -3.399  -2.281  50.084 0.0000000000
188439  -3.102  -3.175  49.852 0.0000000000
185188  -3.762  -2.274  49.558 0.0000000000
82207  -4.157  1.373  45.232 0.0000000000
79935  -4.142  -0.582  45.596 0.0000000000
79950  -4.111  -0.301  45.087 0.0000000000
165115  -4.006  -0.001  44.530 0.0000000000
60060  0.913  -15.998  55.367 0.0000000000
61098  1.219  -14.961  55.300 0.0000000000
177458  1.369  -10.770  55.044 0.0000000000
65952  1.622  -10.965  54.651 0.0000000000
66973  1.485  -10.210  54.203 0.0000000000
166540  2.985  -5.978  56.679 0.0000000000
71439  2.546  -6.544  56.855 0.0000000000
72669  2.509  -5.789  56.582 0.0000000000
75060  -0.513  -3.810  54.779 0.0000000000
73871  -0.554  -5.040  55.052 0.0000000000
73875  -0.910  -4.808  54.381 0.0000000000
72679  -0.693  -5.202  54.112 0.0000000000
75062  -1.121  -4.301  53.847 0.0000000000
75066  -1.221  -4.036  53.163 0.0000000000
76322  -0.939  -3.395  53.354 0.0000000000
59038  6.280  -15.226  56.052 0.0000000000
59041  5.856  -16.003  55.984 0.0000000000
59039  5.933  -16.040  56.430 0.0000000000
59037  1.022  -16.466  55.930 0.0000000000
59040  0.720  -16.931  55.531 0.0000000000
185087  2.086  -13.694  53.413 0.0000000000
171238  2.008  -13.849  52.843 0.0000000000
64843  1.987  -12.311  50.281 0.0000000000
64842  2.248  -12.033  49.697 0.0000000000
64851  2.496  -12.394  49.029 0.0000000000
65984  2.707  -11.624  49.060 0.0000000000
71505  -0.177  -5.897  48.472 0.0000000000
188724  0.669  -6.284  49.137 0.0000000000
71504  0.538  -6.109  48.501 0.0000000000
69095  4.359  -8.542  45.527 0.0000000000
70317  4.128  -8.402  46.418 0.0000000000
67019  4.611  -9.798  45.776 0.0000000000
67028  4.424  -10.471  45.416 0.0000000000
67038  4.633  -9.904  45.033 0.0000000000
67039  4.444  -10.599  44.720 0.0000000000
177435  4.631  -10.052  44.431 0.0000000000
69175  4.504  -7.861  40.966 0.0000000000
68104  5.131  -9.273  40.959 0.0000000000
84596  -1.668  2.462  42.095 0.0000000000
83404  -1.476  1.842  41.817 0.0000000000
181053  -1.708  1.418  41.885 0.0000000000
82257  -1.310  1.262  41.528 0.0000000000
181141  -1.257  -2.834  39.402 0.0000000000
77681  -1.036  -2.240  39.553 0.0000000000
76502  -1.673  -3.406  39.648 0.0000000000
75235  -2.043  -3.888  40.229 0.0000000000
75249  -1.802  -4.082  39.624 0.0000000000
72807  -1.671  -5.704  39.894 0.0000000000
72814  -1.748  -5.418  39.270 0.0000000000
71448  7.210  -7.780  54.614 0.0000000000
71449  7.190  -7.086  54.921 0.0000000000
71453  6.835  -7.395  54.218 0.0000000000
73885  6.812  -6.187  51.501 0.0000000000
66989  9.548  -10.327  50.380 0.0000000000
67947  8.519  -9.563  52.568 0.0000000000
66983  8.897  -10.351  52.400 0.0000000000
67946  8.659  -10.080  52.948 0.0000000000
66980  8.850  -10.951  53.855 0.0000000000
67941  8.553  -10.553  53.804 0.0000000000
67939  8.635  -10.322  54.491 0.0000000000
69017  8.373  -9.985  54.022 0.0000000000
70241  7.708  -8.670  54.214 0.0000000000
70237  7.991  -8.986  54.684 0.0000000000
71447  7.564  -8.404  54.475 0.0000000000
70230  7.883  -8.350  55.503 0.0000000000
84532  -4.005  2.549  48.005 0.0000000000
84553  -4.009  3.582  46.756 0.0000000000
171331  -3.971  4.248  46.701 0.0000000000
84561  -4.115  3.189  45.937 0.0000000000
170827  -4.051  3.826  46.054 0.0000000000
61094  1.196  -14.481  56.454 0.0000000000
62209  0.927  -13.860  55.753 0.0000000000
62208  1.219  -13.868  56.630 0.0000000000
64812  1.401  -12.061  56.753 0.0000000000
177542  0.982  -11.357  55.428 0.0000000000
65947  0.986  -10.921  56.098 0.0000000000
77504  2.138  -4.572  53.684 0.0000000000
77496  2.110  -4.504  54.126 0.0000000000
78713  1.891  -4.094  53.039 0.0000000000
78723  1.119  -3.274  52.470 0.0000000000
78724  0.463  -3.001  52.220 0.0000000000
79862  0.098  -2.277  51.046 0.0000000000
79875  -0.678  -2.054  50.759 0.0000000000
62200  5.879  -14.111  58.029 0.0000000000
61085  5.747  -14.852  57.731 0.0000000000
61086  5.095  -14.601  58.005 0.0000000000
161708  3.902  -15.291  57.765 0.0000000000
161076  4.500  -15.827  57.702 0.0000000000
59035  3.724  -16.746  57.332 0.0000000000
62207  2.026  -14.087  57.207 0.0000000000
59030  2.457  -15.482  57.260 0.0000000000
61093  1.866  -14.863  57.006 0.0000000000
64829  1.264  -11.060  52.931 0.0000000000
64828  1.329  -11.305  52.595 0.0000000000
65962  1.131  -10.855  52.872 0.0000000000
67952  1.284  -9.982  51.960 0.0000000000
66987  1.241  -10.589  51.841 0.0000000000
66991  1.378  -10.469  51.344 0.0000000000
67959  1.605  -9.639  51.236 0.0000000000
161138  -0.230  -5.989  46.464 0.0000000000
71552  -0.032  -6.078  45.667 0.0000000000
71561  1.467  -6.622  44.658 0.0000000000
71550  1.712  -6.671  45.248 0.0000000000
70325  3.223  -7.408  45.504 0.0000000000
172042  2.890  -7.189  44.847 0.0000000000
70328  3.791  -7.711  44.402 0.0000000000
70336  2.534  -6.920  43.797 0.0000000000
163005  1.473  -6.711  42.422 0.0000000000
70348  2.987  -6.976  42.900 0.0000000000
71579  2.331  -6.775  42.209 0.0000000000
70360  3.349  -7.032  41.972 0.0000000000
71588  2.511  -6.810  41.356 0.0000000000
76515  -0.274  -2.824  38.236 0.0000000000
75270  -0.741  -4.244  37.568 0.0000000000
75269  -0.015  -3.911  37.238 0.0000000000
65940  4.441  -11.225  58.301 0.0000000000
174785  4.017  -10.689  57.948 0.0000000000
67922  4.485  -9.560  57.765 0.0000000000
178375  5.197  -7.496  57.288 0.0000000000
69005  4.781  -7.960  57.527 0.0000000000
70223  4.585  -7.188  57.290 0.0000000000
71437  4.124  -6.691  57.032 0.0000000000
71436  4.647  -6.493  56.838 0.0000000000
72678  6.489  -6.019  54.837 0.0000000000
163417  6.426  -6.111  55.503 0.0000000000
73873  5.935  -5.683  54.628 0.0000000000
75057  4.887  -4.904  54.502 0.0000000000
76310  3.749  -4.661  54.209 0.0000000000
77494  3.261  -4.862  53.929 0.0000000000
77502  3.298  -4.719  53.468 0.0000000000
63614  12.603  -11.751  47.923 0.0000000000
62272  11.058  -12.406  48.690 0.0000000000
62273  10.375  -12.803  49.136 0.0000000000
65969  9.442  -10.915  51.484 0.0000000000
64833  9.617  -11.297  51.394 0.0000000000
61123  9.181  -12.409  52.428 0.0000000000
62246  9.432  -12.266  51.955 0.0000000000
61134  9.434  -12.781  51.169 0.0000000000
62260  9.382  -13.097  50.220 0.0000000000
62247  8.982  -13.093  51.123 0.0000000000
62248  8.479  -13.287  51.263 0.0000000000
62235  7.550  -13.378  52.565 0.0000000000
61096  7.708  -12.871  55.802 0.0000000000
61097  7.195  -13.698  56.000 0.0000000000
60058  6.920  -13.857  55.802 0.0000000000
61091  7.358  -13.649  56.553 0.0000000000
66971  9.336  -10.414  55.280 0.0000000000
65943  9.066  -11.451  55.600 0.0000000000
179403  9.156  -10.973  56.502 0.0000000000
65936  7.629  -11.220  57.870 0.0000000000
65935  8.127  -11.540  57.413 0.0000000000
175245  7.381  -12.568  57.679 0.0000000000
62198  7.227  -13.499  57.178 0.0000000000
63549  7.161  -13.252  57.626 0.0000000000
63550  6.525  -13.545  57.981 0.0000000000
64801  6.583  -12.174  58.401 0.0000000000
66957  5.447  -10.458  58.285 0.0000000000
175610  5.481  -11.617  58.650 0.0000000000
189200  4.938  -11.435  58.534 0.0000000000
71462  -0.613  -5.267  52.471 0.0000000000
71473  -0.406  -5.733  51.802 0.0000000000
71474  -1.077  -5.061  51.734 0.0000000000
73913  -2.202  -4.643  49.936 0.0000000000
72709  -1.214  -5.204  50.648 0.0000000000
72721  -1.861  -4.887  50.179 0.0000000000
72720  -1.289  -5.374  49.723 0.0000000000
72731  -1.833  -5.321  48.934 0.0000000000
79902  -4.096  0.279  47.472 0.0000000000
78768  -4.069  -1.486  48.330 0.0000000000
78782  -4.149  -0.867  46.966 0.0000000000
76407  -3.857  -3.099  46.319 0.0000000000
76398  -3.750  -3.435  46.786 0.0000000000
75133  -3.481  -3.856  46.913 0.0000000000
72740  -2.386  -5.180  47.276 0.0000000000
73936  -2.884  -4.688  46.871 0.0000000000
72746  -2.145  -5.482  46.698 0.0000000000
73943  -2.900  -4.656  46.225 0.0000000000
164033  -2.776  -4.649  44.778 0.0000000000
75165  -2.961  -4.269  44.428 0.0000000000
73956  -2.608  -4.728  44.207 0.0000000000
75179  -3.124  -3.347  43.523 0.0000000000
158440  8.548  -7.530  48.588 0.0000000000
65999  15.046  -10.065  46.892 0.0000000000
167315  14.552  -10.387  46.709 0.0000000000
64867  14.339  -10.457  47.132 0.0000000000
67965  16.866  -8.411  49.325 0.0000000000
66993  16.984  -8.637  48.897 0.0000000000
67004  16.809  -8.785  48.363 0.0000000000
67005  16.208  -9.135  48.332 0.0000000000
65981  15.488  -9.762  48.035 0.0000000000
65983  14.356  -10.812  48.319 0.0000000000
64848  13.957  -10.851  47.976 0.0000000000
66997  13.506  -10.582  49.291 0.0000000000
179934  13.704  -11.053  49.009 0.0000000000
66998  12.544  -10.424  49.176 0.0000000000
67980  11.789  -9.763  48.505 0.0000000000
70289  9.036  -8.383  48.407 0.0000000000
69061  9.340  -9.009  48.754 0.0000000000
70280  8.765  -8.295  49.097 0.0000000000
59050  0.533  -17.698  54.586 0.0000000000
61108  1.823  -15.146  54.590 0.0000000000
60069  1.385  -16.230  54.521 0.0000000000
61107  2.142  -14.397  53.926 0.0000000000
165373  1.408  -13.287  55.224 0.0000000000
63566  1.826  -13.010  54.877 0.0000000000
64820  1.957  -11.717  54.083 0.0000000000
62217  2.041  -12.585  54.542 0.0000000000
63568  2.033  -12.329  53.933 0.0000000000
172741  1.796  -11.701  53.556 0.0000000000
64823  1.409  -11.202  53.119 0.0000000000
66976  1.429  -9.967  53.782 0.0000000000
66978  1.331  -10.571  53.455 0.0000000000
66979  1.410  -9.901  53.617 0.0000000000
67944  1.303  -8.935  53.776 0.0000000000
182896  3.219  -9.900  57.639 0.0000000000
67924  2.742  -9.416  57.523 0.0000000000
69008  1.365  -8.851  56.758 0.0000000000
73862  1.522  -5.249  56.158 0.0000000000
167597  1.244  -4.579  55.792 0.0000000000
72675  -0.160  -6.327  55.224 0.0000000000
71445  0.174  -6.995  55.746 0.0000000000
165927  0.588  -8.329  55.234 0.0000000000
70234  0.422  -7.753  54.776 0.0000000000
190399  1.004  -8.338  54.380 0.0000000000
70239  0.532  -6.872  54.006 0.0000000000
70242  0.430  -6.474  53.612 0.0000000000
70243  0.133  -5.959  53.282 0.0000000000
71455  -0.425  -5.205  53.046 0.0000000000
75067  -1.859  -3.903  52.748 0.0000000000
73883  -2.049  -3.927  52.403 0.0000000000
76325  -1.961  -3.642  51.753 0.0000000000
75072  -2.257  -3.430  51.292 0.0000000000
77514  -2.460  -2.594  50.849 0.0000000000
79877  -1.862  -1.916  50.544 0.0000000000
62318  11.346  -12.254  47.038 0.0000000000
63640  11.319  -12.249  46.511 0.0000000000
62319  10.995  -12.420  46.798 0.0000000000
162280  5.019  -16.978  55.129 0.0000000000
58042  4.681  -17.056  54.422 0.0000000000
58025  5.691  -16.568  56.497 0.0000000000
59043  0.524  -17.488  55.226 0.0000000000
58038  0.276  -18.034  54.769 0.0000000000
61139  1.861  -14.977  51.999 0.0000000000
60091  1.633  -15.812  51.861 0.0000000000
60102  1.751  -15.411  51.182 0.0000000000
63580  1.718  -12.888  51.849 0.0000000000
63603  2.058  -13.313  50.337 0.0000000000
62279  2.075  -14.010  49.711 0.0000000000
61155  1.932  -14.649  50.001 0.0000000000
62292  2.008  -14.128  48.677 0.0000000000
63629  1.924  -13.869  47.722 0.0000000000
63643  2.142  -13.373  47.179 0.0000000000
167270  1.846  -13.485  46.341 0.0000000000
70262  0.434  -6.913  51.691 0.0000000000
70273  0.528  -6.856  51.030 0.0000000000
160708  1.591  -7.125  49.449 0.0000000000
160445  1.387  -7.747  50.640 0.0000000000
161542  1.956  -7.868  49.955 0.0000000000
69049  2.399  -8.744  50.101 0.0000000000
69063  2.636  -8.330  49.490 0.0000000000
71514  1.770  -6.640  47.371 0.0000000000
175601  2.408  -7.105  47.551 0.0000000000
67991  4.147  -9.461  47.722 0.0000000000
69074  3.810  -8.832  48.127 0.0000000000
67982  3.752  -9.457  48.492 0.0000000000
67010  3.833  -10.196  48.237 0.0000000000
65988  3.627  -11.048  47.902 0.0000000000
66013  3.668  -11.753  45.577 0.0000000000
179111  3.293  -12.185  46.047 0.0000000000
64889  3.185  -12.414  45.350 0.0000000000
63663  2.676  -12.922  45.225 0.0000000000
185191  2.419  -13.044  44.732 0.0000000000
63673  1.744  -13.381  44.509 0.0000000000
63672  2.525  -12.991  44.253 0.0000000000
64906  3.731  -12.131  43.497 0.0000000000
64929  3.310  -12.857  42.463 0.0000000000
164802  4.663  -8.776  43.029 0.0000000000
178320  4.710  -10.199  43.404 0.0000000000
177472  4.848  -11.302  41.192 0.0000000000
183835  4.724  -11.291  41.796 0.0000000000
64945  4.207  -12.589  40.508 0.0000000000
85744  -2.545  3.632  42.971 0.0000000000
180158  -3.071  2.541  43.265 0.0000000000
83382  -3.497  2.383  43.658 0.0000000000
83394  -3.104  2.007  43.204 0.0000000000
81120  -3.513  0.798  43.603 0.0000000000
82231  -3.193  1.276  43.235 0.0000000000
170482  -2.420  -0.845  42.024 0.0000000000
79986  -2.939  -0.888  42.663 0.0000000000
189915  -2.880  -2.549  42.418 0.0000000000
172149  -2.913  -2.963  42.565 0.0000000000
171045  -2.705  -2.961  42.079 0.0000000000
80012  -0.783  -0.464  40.356 0.0000000000
81157  -0.647  0.226  40.539 0.0000000000
81158  -1.103  -0.202  40.812 0.0000000000
81143  -1.576  -0.049  41.266 0.0000000000
79999  -1.488  -0.840  41.008 0.0000000000
75236  -2.211  -4.273  40.968 0.0000000000
76479  -2.271  -3.827  41.101 0.0000000000
73981  -2.151  -4.674  41.213 0.0000000000
73977  -2.205  -4.635  41.707 0.0000000000
72787  -1.793  -5.407  41.491 0.0000000000
71592  -0.843  -6.411  41.809 0.0000000000
71604  -1.373  -5.968  41.513 0.0000000000
71615  0.034  -6.788  40.112 0.0000000000
158393  0.411  -6.744  40.765 0.0000000000
71614  1.247  -6.803  40.443 0.0000000000
70393  1.944  -6.897  40.182 0.0000000000
158390  1.545  -6.975  39.615 0.0000000000
71641  -0.628  -6.824  38.059 0.0000000000
71456  7.161  -8.113  53.885 0.0000000000
72681  6.829  -7.615  53.993 0.0000000000
166721  6.952  -7.315  52.455 0.0000000000
72699  7.042  -6.547  51.439 0.0000000000
73891  7.105  -5.814  50.751 0.0000000000
67957  9.042  -9.504  50.483 0.0000000000
176837  9.006  -9.828  51.133 0.0000000000
67951  8.691  -9.493  51.528 0.0000000000
69019  8.236  -9.617  54.108 0.0000000000
70249  8.031  -9.134  53.650 0.0000000000
70245  7.665  -8.605  53.747 0.0000000000
170743  -0.019  -13.969  43.506 0.0000000000
63558  1.547  -13.301  56.875 0.0000000000
65946  1.744  -11.173  56.972 0.0000000000
63552  4.673  -13.233  58.458 0.0000000000
62202  4.443  -13.942  58.213 0.0000000000
61087  4.161  -14.632  57.968 0.0000000000
61088  3.373  -14.699  57.778 0.0000000000
60053  3.163  -15.393  57.578 0.0000000000
67949  1.333  -10.157  53.051 0.0000000000
66984  1.205  -10.450  52.784 0.0000000000
163745  1.262  -10.011  52.790 0.0000000000
67953  1.209  -9.619  52.704 0.0000000000
184187  1.288  -9.015  51.900 0.0000000000
71553  -0.812  -5.935  45.277 0.0000000000
162743  -0.215  -6.091  44.935 0.0000000000
71562  0.865  -6.518  44.329 0.0000000000
171037  1.609  -6.678  43.983 0.0000000000
180271  1.881  -6.727  43.495 0.0000000000
187969  1.074  -6.617  43.766 0.0000000000
71580  0.668  -6.650  42.649 0.0000000000
67921  5.184  -9.831  57.922 0.0000000000
190711  4.991  -9.211  57.715 0.0000000000
69004  5.607  -8.061  57.365 0.0000000000
173783  5.240  -6.890  56.937 0.0000000000
77511  4.815  -4.476  51.997 0.0000000000
77512  4.251  -4.362  52.318 0.0000000000
78730  4.029  -3.820  51.811 0.0000000000
78735  4.428  -3.339  51.159 0.0000000000
64840  12.570  -11.484  48.891 0.0000000000
63600  12.296  -11.816  48.622 0.0000000000
166107  11.545  -11.688  49.298 0.0000000000
63589  10.538  -11.935  50.029 0.0000000000
65959  9.171  -11.112  53.185 0.0000000000
64830  9.402  -11.544  52.834 0.0000000000
63573  9.612  -11.961  53.483 0.0000000000
62233  9.290  -12.097  53.307 0.0000000000
61111  9.011  -12.347  53.522 0.0000000000
62215  7.881  -12.566  54.928 0.0000000000
62211  7.886  -12.540  55.703 0.0000000000
67933  8.778  -9.284  56.079 0.0000000000
66964  8.747  -10.602  56.935 0.0000000000
66965  8.239  -10.278  57.325 0.0000000000
66955  7.586  -10.412  57.806 0.0000000000
161202  7.107  -10.905  58.174 0.0000000000
172356  6.513  -10.986  58.427 0.0000000000
66956  6.678  -10.282  58.113 0.0000000000
183236  5.869  -9.997  58.053 0.0000000000
72702  -2.055  -4.256  51.501 0.0000000000
72700  -1.598  -4.628  51.602 0.0000000000
165287  -2.331  -4.073  50.955 0.0000000000
188045  -2.460  -4.045  49.781 0.0000000000
75102  -2.925  -3.799  49.387 0.0000000000
167018  -4.118  1.034  46.273 0.0000000000
190108  -4.149  -0.629  46.590 0.0000000000
79922  -4.153  -0.444  46.182 0.0000000000
173984  -4.146  -1.164  45.852 0.0000000000
76419  -3.780  -3.092  45.623 0.0000000000
75151  -3.412  -3.904  45.647 0.0000000000
77598  -3.867  -2.528  45.257 0.0000000000
77610  -3.738  -2.429  44.609 0.0000000000
77623  -3.555  -2.183  43.989 0.0000000000
181230  15.045  -10.032  47.072 0.0000000000
66994  15.824  -9.485  49.086 0.0000000000
65974  14.092  -11.089  48.680 0.0000000000
173841  14.150  -9.992  49.313 0.0000000000
160652  10.574  -9.526  48.129 0.0000000000
59042  0.829  -16.983  54.839 0.0000000000
61102  1.755  -14.470  54.799 0.0000000000
64817  1.613  -11.566  54.921 0.0000000000
181345  1.873  -12.240  54.847 0.0000000000
177160  1.645  -11.070  54.242 0.0000000000
65956  1.383  -10.947  53.893 0.0000000000
65954  1.492  -10.776  54.073 0.0000000000
67937  1.389  -9.340  53.992 0.0000000000
171166  2.826  -8.036  57.411 0.0000000000
69007  2.263  -8.768  57.298 0.0000000000
70226  2.249  -7.370  57.033 0.0000000000
70227  1.370  -7.482  56.695 0.0000000000
75053  0.910  -4.015  55.340 0.0000000000
176191  0.420  -4.811  55.663 0.0000000000
186384  -0.095  -5.001  55.412 0.0000000000
168003  -0.041  -6.075  54.201 0.0000000000
70235  0.374  -6.893  54.231 0.0000000000
71450  -0.301  -5.464  53.551 0.0000000000
72680  -0.821  -4.747  53.244 0.0000000000
71451  -0.571  -5.033  53.123 0.0000000000
73879  -1.062  -4.402  53.083 0.0000000000
77510  -1.533  -2.873  52.135 0.0000000000
62304  10.176  -12.914  47.490 0.0000000000
62320  10.469  -12.760  46.967 0.0000000000
161415  9.851  -13.113  47.432 0.0000000000
60067  6.074  -15.155  55.244 0.0000000000
59047  5.757  -15.829  55.344 0.0000000000
58036  5.432  -16.563  55.560 0.0000000000
57055  5.005  -17.594  56.328 0.0000000000
170777  1.716  -17.740  56.754 0.0000000000
58031  1.304  -16.999  56.371 0.0000000000
58035  0.566  -17.582  55.706 0.0000000000
60075  1.880  -15.570  53.326 0.0000000000
59055  1.459  -16.545  53.068 0.0000000000
61128  1.972  -14.738  52.738 0.0000000000
64835  1.592  -11.872  51.004 0.0000000000
177984  2.089  -12.849  50.133 0.0000000000
175329  2.207  -13.505  48.564 0.0000000000
63615  2.364  -12.973  48.852 0.0000000000
64860  2.608  -12.709  48.325 0.0000000000
64859  2.928  -12.364  47.890 0.0000000000
71493  0.311  -6.375  50.309 0.0000000000
71492  0.811  -6.571  49.723 0.0000000000
189485  1.195  -6.825  49.572 0.0000000000
164034  3.101  -7.437  46.701 0.0000000000
70310  3.005  -7.506  47.339 0.0000000000
69083  3.637  -7.932  47.000 0.0000000000
172553  4.365  -9.186  46.929 0.0000000000
188131  4.347  -9.684  47.185 0.0000000000
166816  4.169  -10.716  46.570 0.0000000000
66001  4.109  -11.008  45.838 0.0000000000
66022  3.612  -11.922  44.872 0.0000000000
66031  4.180  -11.400  43.704 0.0000000000
69142  4.772  -8.768  42.298 0.0000000000
68075  4.864  -9.542  42.468 0.0000000000
68089  4.980  -9.382  41.753 0.0000000000
67071  5.107  -10.025  41.299 0.0000000000
166023  5.128  -10.682  40.875 0.0000000000
84597  -2.193  2.628  42.521 0.0000000000
82230  -2.625  1.622  42.691 0.0000000000
82245  -2.642  0.865  42.586 0.0000000000
82244  -2.122  1.225  42.189 0.0000000000
81131  -2.203  0.605  42.091 0.0000000000
81144  -2.078  -0.020  41.771 0.0000000000
78884  -0.777  -1.512  39.700 0.0000000000
78874  -0.989  -1.209  40.232 0.0000000000
78864  -1.431  -1.693  40.743 0.0000000000
77672  -1.778  -2.635  40.516 0.0000000000
183917  -2.164  -4.234  40.616 0.0000000000
73988  -2.089  -4.731  40.729 0.0000000000
72793  -1.646  -5.678  41.025 0.0000000000
71617  -1.451  -6.010  40.385 0.0000000000
71616  -0.789  -6.587  40.131 0.0000000000
71629  -0.206  -6.798  39.596 0.0000000000
70231  7.396  -7.822  56.105 0.0000000000
70232  7.030  -7.362  56.207 0.0000000000
71443  7.388  -7.208  55.569 0.0000000000
72677  6.818  -6.527  54.599 0.0000000000
73872  6.226  -6.263  54.428 0.0000000000
72682  6.412  -7.146  53.864 0.0000000000
75063  5.833  -6.323  53.307 0.0000000000
66999  10.384  -10.369  49.541 0.0000000000
64834  10.141  -10.998  50.289 0.0000000000
66986  9.125  -10.174  51.306 0.0000000000
65965  9.142  -10.961  52.691 0.0000000000
65960  9.024  -11.019  53.612 0.0000000000
65958  9.566  -11.047  53.930 0.0000000000
65953  9.626  -11.658  54.492 0.0000000000
65949  8.948  -11.533  54.661 0.0000000000
66974  8.838  -10.780  54.444 0.0000000000
66975  8.846  -10.413  54.787 0.0000000000
67931  8.993  -9.895  55.019 0.0000000000
70240  8.067  -9.324  54.432 0.0000000000
69014  8.479  -9.349  55.016 0.0000000000
167835  8.808  -9.297  55.418 0.0000000000
69010  8.395  -8.820  55.811 0.0000000000
69011  7.845  -8.371  56.015 0.0000000000
82181  -3.881  1.077  48.249 0.0000000000
79894  -3.897  -0.165  48.666 0.0000000000
82184  -3.971  1.479  47.928 0.0000000000
82188  -3.984  1.443  47.674 0.0000000000
82197  -4.003  1.774  47.346 0.0000000000
84545  -3.990  3.694  47.568 0.0000000000
84546  -4.005  2.983  47.180 0.0000000000
82196  -4.076  1.419  46.841 0.0000000000
83362  -4.144  2.187  46.106 0.0000000000
83368  -4.157  2.127  45.379 0.0000000000
185422  -4.092  2.349  44.794 0.0000000000
61095  0.934  -14.656  55.808 0.0000000000
177123  1.101  -12.508  55.401 0.0000000000
64814  1.259  -11.750  55.140 0.0000000000
65948  1.158  -10.752  55.262 0.0000000000
66968  1.219  -10.277  55.128 0.0000000000
75050  2.973  -4.148  55.254 0.0000000000
73867  2.680  -4.439  55.835 0.0000000000
75051  2.337  -4.071  55.290 0.0000000000
76305  1.967  -3.802  54.801 0.0000000000
78714  1.379  -3.744  52.866 0.0000000000
77498  1.433  -4.067  53.946 0.0000000000
76306  1.284  -3.627  54.849 0.0000000000
76314  0.803  -3.309  54.372 0.0000000000
77499  0.263  -2.978  53.913 0.0000000000
77500  -0.515  -2.900  53.847 0.0000000000
77508  -0.709  -3.220  52.965 0.0000000000
79855  -0.874  -2.583  51.597 0.0000000000
60050  6.362  -15.142  57.046 0.0000000000
59032  6.011  -15.953  56.660 0.0000000000
59025  5.934  -15.864  57.144 0.0000000000
59026  5.677  -16.120  57.254 0.0000000000
59034  5.345  -16.755  57.001 0.0000000000
59027  5.051  -16.360  57.482 0.0000000000
173766  4.659  -17.018  57.193 0.0000000000
169173  4.549  -17.596  56.849 0.0000000000
57057  4.009  -17.927  56.861 0.0000000000
58029  3.411  -17.416  57.102 0.0000000000
159670  2.813  -16.790  57.145 0.0000000000
158699  2.253  -16.153  57.025 0.0000000000
179374  1.733  -12.392  52.791 0.0000000000
63574  1.667  -12.590  52.386 0.0000000000
179649  1.523  -11.920  52.452 0.0000000000
64831  1.397  -11.609  51.847 0.0000000000
65968  1.127  -10.630  52.558 0.0000000000
181057  1.284  -11.114  51.870 0.0000000000
65971  1.710  -11.049  50.631 0.0000000000
67001  2.330  -10.424  49.979 0.0000000000
71529  -0.547  -5.911  47.193 0.0000000000
71517  -0.020  -5.984  47.796 0.0000000000
71528  0.218  -6.053  47.101 0.0000000000
71527  1.467  -6.530  46.551 0.0000000000
160686  0.665  -6.243  45.590 0.0000000000
71540  1.237  -6.448  45.795 0.0000000000
71539  1.980  -6.779  45.961 0.0000000000
70319  2.791  -7.180  46.085 0.0000000000
70324  3.895  -7.911  45.591 0.0000000000
69105  4.514  -8.665  44.719 0.0000000000
68048  4.666  -9.386  44.542 0.0000000000
69106  4.215  -8.140  44.151 0.0000000000
69125  4.323  -8.144  43.370 0.0000000000
69143  4.484  -8.195  42.692 0.0000000000
69160  4.340  -7.827  41.920 0.0000000000
163324  3.796  -7.283  41.238 0.0000000000
77695  -0.724  -2.506  38.940 0.0000000000
75261  -1.160  -3.953  38.364 0.0000000000
74002  -1.589  -5.138  38.416 0.0000000000
75271  -1.297  -4.614  37.941 0.0000000000
74015  0.000  -5.010  36.116 0.0000000000
62364  -0.111  -14.287  45.370 0.0000000000
65941  3.621  -11.243  57.966 0.0000000000
67923  3.648  -9.243  57.690 0.0000000000
179113  4.423  -8.712  57.672 0.0000000000
69006  4.148  -8.083  57.623 0.0000000000
69000  3.640  -8.419  57.654 0.0000000000
70224  3.864  -7.162  57.326 0.0000000000
71438  3.452  -6.494  56.937 0.0000000000
73859  3.732  -5.159  56.215 0.0000000000
71444  6.799  -6.788  55.927 0.0000000000
71435  5.977  -6.600  56.377 0.0000000000
72673  5.749  -5.742  55.782 0.0000000000
73874  5.390  -5.243  54.807 0.0000000000
164838  5.345  -5.185  55.251 0.0000000000
72666  5.063  -5.459  55.935 0.0000000000
73858  4.404  -5.281  56.084 0.0000000000
73865  4.113  -4.499  55.779 0.0000000000
75049  3.675  -4.181  55.285 0.0000000000
75059  3.671  -4.364  54.568 0.0000000000
77495  2.702  -4.719  54.134 0.0000000000
178026  2.554  -3.828  52.503 0.0000000000
178885  3.746  -3.262  51.510 0.0000000000
63626  12.742  -11.596  47.374 0.0000000000
63638  12.563  -11.670  46.928 0.0000000000
62302  11.334  -12.270  47.359 0.0000000000
183967  11.822  -12.057  48.229 0.0000000000
180898  11.393  -12.266  47.892 0.0000000000
62286  10.707  -12.599  48.058 0.0000000000
62287  10.169  -12.902  47.990 0.0000000000
62275  9.204  -13.262  49.440 0.0000000000
63579  9.469  -11.863  52.476 0.0000000000
62245  9.810  -12.039  51.142 0.0000000000
62259  9.933  -12.871  50.085 0.0000000000
62234  8.168  -13.145  52.286 0.0000000000
60066  6.542  -14.461  55.459 0.0000000000
60062  6.587  -14.577  55.854 0.0000000000
60059  6.678  -14.790  56.399 0.0000000000
60055  6.661  -14.848  56.718 0.0000000000
64815  8.879  -11.802  54.890 0.0000000000
63554  8.517  -11.977  56.103 0.0000000000
63555  8.097  -12.458  56.331 0.0000000000
65945  8.624  -11.004  57.109 0.0000000000
63547  7.986  -12.669  56.780 0.0000000000
63556  7.954  -12.960  56.544 0.0000000000
61082  7.319  -13.594  56.817 0.0000000000
61083  6.919  -14.130  57.005 0.0000000000
60049  6.599  -14.907  57.061 0.0000000000
169040  6.461  -14.386  57.632 0.0000000000
161559  5.861  -13.471  58.360 0.0000000000
64802  6.010  -12.096  58.619 0.0000000000
170026  5.433  -12.361  58.650 0.0000000000
63551  5.369  -13.056  58.541 0.0000000000
173706  4.275  -12.619  58.430 0.0000000000
71460  0.382  -6.783  52.427 0.0000000000
70250  0.583  -7.242  52.353 0.0000000000
161919  -0.059  -6.137  51.458 0.0000000000
72710  -1.664  -4.804  50.796 0.0000000000
71483  -0.604  -5.616  51.070 0.0000000000
169808  -0.199  -5.988  50.661 0.0000000000
71494  -0.243  -5.885  49.794 0.0000000000
71495  -0.759  -5.664  49.339 0.0000000000
71506  -0.811  -5.799  48.478 0.0000000000
173351  -3.987  -1.747  48.878 0.0000000000
76371  -3.894  -2.493  48.809 0.0000000000
75113  -3.297  -3.639  48.440 0.0000000000
77576  -4.134  -1.696  46.983 0.0000000000
76389  -3.800  -3.168  47.434 0.0000000000
75122  -3.124  -4.098  48.010 0.0000000000
73930  -2.374  -4.980  48.249 0.0000000000
161006  -1.976  -5.436  47.956 0.0000000000
71518  -1.054  -5.799  47.652 0.0000000000
71530  -1.193  -5.811  47.006 0.0000000000
165930  -1.638  -5.711  46.444 0.0000000000
169061  -1.816  -5.632  45.662 0.0000000000
73950  -3.048  -4.356  45.253 0.0000000000
180432  -2.275  -5.270  45.307 0.0000000000
71554  -1.439  -5.759  45.292 0.0000000000
179326  -2.139  -5.291  44.627 0.0000000000
72767  -1.776  -5.457  44.070 0.0000000000
72775  -1.986  -5.172  43.388 0.0000000000
190581  8.050  -7.947  50.633 0.0000000000
185609  7.994  -7.393  50.197 0.0000000000
71490  8.202  -6.705  48.705 0.0000000000
63637  13.221  -11.260  47.264 0.0000000000
165953  17.340  -8.652  48.353 0.0000000000
65993  15.512  -9.695  47.221 0.0000000000
64856  15.011  -10.062  47.282 0.0000000000
185957  15.069  -10.131  48.234 0.0000000000
64858  13.992  -10.701  47.570 0.0000000000
63624  13.670  -10.948  47.581 0.0000000000
63625  13.318  -11.220  47.511 0.0000000000
64839  13.429  -11.310  48.725 0.0000000000
171578  11.495  -10.380  49.175 0.0000000000
67978  13.383  -9.247  48.857 0.0000000000
67979  12.702  -9.506  48.677 0.0000000000
67972  9.474  -9.672  49.589 0.0000000000
69060  10.000  -9.557  48.483 0.0000000000
69047  9.569  -9.467  49.004 0.0000000000
70271  8.404  -8.241  50.073 0.0000000000
189002  1.992  -13.029  53.297 0.0000000000
63571  1.967  -12.566  53.508 0.0000000000
185955  1.258  -10.934  53.085 0.0000000000
66985  1.244  -10.587  53.124 0.0000000000
69020  0.963  -7.868  53.220 0.0000000000
65942  2.755  -11.176  57.620 0.0000000000
66966  1.346  -10.300  56.701 0.0000000000
67928  1.828  -9.523  57.055 0.0000000000
67930  0.841  -9.641  55.584 0.0000000000
67934  1.127  -9.877  55.211 0.0000000000
73861  2.238  -5.173  56.241 0.0000000000
72670  1.786  -6.025  56.556 0.0000000000
71441  0.962  -6.732  56.406 0.0000000000
72674  0.347  -6.188  55.949 0.0000000000
70228  0.642  -7.601  56.117 0.0000000000
166278  0.543  -8.315  55.797 0.0000000000
69012  0.798  -8.981  55.418 0.0000000000
69015  1.270  -8.847  54.126 0.0000000000
69016  1.080  -8.084  54.069 0.0000000000
70251  0.446  -6.791  52.699 0.0000000000
70248  0.021  -5.939  52.820 0.0000000000
71458  -0.937  -4.885  52.400 0.0000000000
72687  -0.927  -4.712  52.751 0.0000000000
72688  -1.335  -4.550  52.073 0.0000000000
72691  -1.491  -4.924  51.864 0.0000000000
179126  -2.869  -3.930  51.843 0.0000000000
158677  -2.880  -2.806  50.744 0.0000000000
175186  -3.466  -1.961  49.947 0.0000000000
79856  -1.504  -2.506  51.313 0.0000000000
79857  -1.892  -2.535  51.156 0.0000000000
180482  -2.121  -1.949  50.533 0.0000000000
81041  -2.061  -1.258  49.665 0.0000000000
168436  -2.670  -1.985  50.303 0.0000000000
81043  -3.115  -1.000  49.863 0.0000000000
81049  -3.480  -0.746  49.497 0.0000000000
82176  -3.617  -0.008  49.231 0.0000000000
83335  -3.718  1.873  48.800 0.0000000000
71491  7.944  -6.468  49.478 0.0000000000
63639  11.889  -12.007  46.668 0.0000000000
63651  11.230  -12.291  46.161 0.0000000000
57079  5.175  -17.309  55.694 0.0000000000
58043  4.753  -17.583  55.058 0.0000000000
59063  1.367  -16.573  52.219 0.0000000000
62237  1.896  -13.297  52.303 0.0000000000
62252  1.933  -13.564  51.714 0.0000000000
178482  1.963  -13.891  51.153 0.0000000000
61148  1.938  -14.583  50.785 0.0000000000
159936  1.716  -15.400  50.266 0.0000000000
174204  1.634  -15.301  49.552 0.0000000000
62363  0.621  -14.035  45.462 0.0000000000
70261  0.869  -7.785  51.990 0.0000000000
70260  1.137  -8.449  51.908 0.0000000000
70272  1.424  -8.381  51.253 0.0000000000
70282  0.902  -7.001  50.557 0.0000000000
189500  1.747  -8.955  51.143 0.0000000000
67958  2.069  -9.247  50.662 0.0000000000
67974  2.472  -9.578  50.081 0.0000000000
67973  2.935  -9.847  49.512 0.0000000000
71515  1.272  -6.449  48.100 0.0000000000
70292  1.784  -6.960  48.780 0.0000000000
162639  2.350  -7.454  48.628 0.0000000000
70301  2.812  -7.633  48.120 0.0000000000
166503  3.317  -8.386  48.457 0.0000000000
69062  3.141  -8.686  49.045 0.0000000000
67983  3.319  -9.339  49.048 0.0000000000
67007  3.398  -10.051  48.913 0.0000000000
170576  2.803  -10.687  49.320 0.0000000000
65989  3.084  -11.687  48.264 0.0000000000
63642  3.013  -12.499  47.126 0.0000000000
65994  3.759  -11.269  47.098 0.0000000000
66002  3.334  -11.993  46.758 0.0000000000
171147  2.566  -12.995  46.609 0.0000000000
63654  2.225  -13.183  45.787 0.0000000000
63665  1.170  -13.736  45.041 0.0000000000
63674  0.852  -13.830  44.601 0.0000000000
63683  1.325  -13.592  43.958 0.0000000000
158813  1.379  -13.628  43.186 0.0000000000
67047  4.700  -9.771  43.898 0.0000000000
66030  4.616  -10.828  43.207 0.0000000000
66040  4.262  -11.525  42.971 0.0000000000
66039  4.739  -10.928  42.387 0.0000000000
66050  4.395  -11.715  42.260 0.0000000000
64928  3.974  -12.389  42.020 0.0000000000
63706  3.529  -12.902  41.716 0.0000000000
85724  -4.021  3.998  45.290 0.0000000000
84568  -4.061  3.357  44.844 0.0000000000
166851  -4.009  2.785  44.532 0.0000000000
85737  -3.478  3.827  43.847 0.0000000000
169398  -3.818  2.723  44.017 0.0000000000
82213  -3.952  1.342  44.324 0.0000000000
81107  -3.826  0.795  44.011 0.0000000000
79963  -3.811  -0.498  43.967 0.0000000000
77634  -3.385  -1.888  43.464 0.0000000000
79974  -3.126  0.255  43.096 0.0000000000
78843  -3.232  -1.482  43.075 0.0000000000
77622  -3.199  -2.742  43.303 0.0000000000
76453  -2.926  -3.434  42.861 0.0000000000
73965  -2.471  -4.457  42.920 0.0000000000
72781  -1.895  -5.203  42.660 0.0000000000
80000  -1.934  -0.833  41.488 0.0000000000
78853  -2.281  -1.806  41.727 0.0000000000
161720  -2.104  -2.473  41.130 0.0000000000
77646  -2.488  -2.746  41.666 0.0000000000
75207  -2.345  -4.102  41.728 0.0000000000
72788  -1.919  -5.177  41.960 0.0000000000
72780  -1.611  -5.533  42.399 0.0000000000
71582  -0.766  -6.327  42.465 0.0000000000
71591  -0.024  -6.614  42.060 0.0000000000
71590  0.864  -6.705  41.889 0.0000000000
71603  -0.890  -6.463  41.292 0.0000000000
158913  0.412  -6.695  41.450 0.0000000000
71601  1.049  -6.729  41.190 0.0000000000
70375  3.105  -7.000  40.732 0.0000000000
159017  3.919  -7.427  40.466 0.0000000000
72813  -1.441  -5.887  38.460 0.0000000000
173095  -0.791  -6.693  38.910 0.0000000000
70407  1.168  -7.067  39.042 0.0000000000
158927  2.246  -7.120  39.384 0.0000000000
70374  4.561  -7.872  40.115 0.0000000000
59031  6.275  -15.400  56.606 0.0000000000
60051  6.030  -15.458  57.348 0.0000000000
61084  6.649  -14.605  57.182 0.0000000000
61092  6.948  -14.229  56.766 0.0000000000
61099  8.423  -12.316  54.756 0.0000000000
61101  7.285  -13.368  55.883 0.0000000000
61124  8.837  -12.595  52.806 0.0000000000
62197  7.630  -12.897  57.228 0.0000000000
62205  7.846  -12.773  56.159 0.0000000000
62206  7.733  -13.273  56.532 0.0000000000
62218  9.608  -12.614  54.055 0.0000000000
62219  9.503  -12.953  54.229 0.0000000000
62222  10.158  -11.881  53.998 0.0000000000
62249  7.869  -13.477  51.526 0.0000000000
63545  6.838  -12.761  58.068 0.0000000000
63560  8.910  -11.926  55.085 0.0000000000
63561  8.422  -12.058  55.307 0.0000000000
63562  8.093  -12.107  56.027 0.0000000000
63564  9.749  -12.064  54.523 0.0000000000
63567  10.504  -11.839  54.123 0.0000000000
64803  7.967  -12.226  57.169 0.0000000000
64804  7.545  -11.909  57.777 0.0000000000
64810  8.626  -11.843  56.106 0.0000000000
64811  8.464  -12.046  56.609 0.0000000000
64816  8.649  -11.843  55.404 0.0000000000
64818  1.829  -11.462  54.683 0.0000000000
64819  9.071  -11.964  55.074 0.0000000000
64824  10.403  -11.863  54.070 0.0000000000
64826  9.911  -11.689  53.949 0.0000000000
65934  6.264  -11.578  58.583 0.0000000000
65937  6.986  -11.581  58.250 0.0000000000
65939  5.116  -11.008  58.448 0.0000000000
65955  9.357  -11.401  54.227 0.0000000000
65961  9.031  -10.852  52.812 0.0000000000
66021  4.109  -11.301  44.419 0.0000000000
66962  9.359  -10.792  55.924 0.0000000000
66963  9.269  -10.426  56.230 0.0000000000
66969  9.028  -10.977  55.008 0.0000000000
66970  9.033  -10.479  55.040 0.0000000000
66992  17.494  -8.680  48.926 0.0000000000
67020  4.411  -10.342  46.055 0.0000000000
67063  4.938  -10.143  42.051 0.0000000000
67925  8.703  -9.828  56.708 0.0000000000
67927  7.287  -9.036  57.242 0.0000000000
67940  8.370  -9.840  54.545 0.0000000000
67945  8.649  -10.594  53.674 0.0000000000
68014  4.524  -9.139  46.122 0.0000000000
68061  4.756  -9.504  43.170 0.0000000000
68998  6.010  -8.765  57.525 0.0000000000
69021  8.365  -9.623  53.466 0.0000000000
69075  3.495  -8.145  47.763 0.0000000000
70236  8.266  -9.490  54.744 0.0000000000
70238  7.684  -8.323  54.977 0.0000000000
70290  2.802  -8.021  48.858 0.0000000000
70329  3.195  -7.307  44.338 0.0000000000
70376  2.361  -6.853  40.653 0.0000000000
70425  -0.111  -6.907  38.850 0.0000000000
71434  6.452  -7.302  56.629 0.0000000000
71516  0.590  -6.127  47.723 0.0000000000
71543  -1.232  -5.822  45.874 0.0000000000
71551  1.053  -6.453  45.107 0.0000000000
71565  -1.329  -5.776  44.627 0.0000000000
71569  1.327  -6.670  43.250 0.0000000000
71583  -1.224  -5.871  42.805 0.0000000000
71593  -1.288  -5.947  42.130 0.0000000000
71630  -0.631  -6.708  39.424 0.0000000000
71642  -1.181  -6.407  38.633 0.0000000000
72668  3.436  -5.771  56.599 0.0000000000
72683  -0.935  -4.624  52.941 0.0000000000
72684  -1.434  -4.130  52.518 0.0000000000
72685  6.722  -7.404  53.346 0.0000000000
72692  -2.084  -4.105  51.729 0.0000000000
72701  -1.655  -4.507  51.789 0.0000000000
72711  -1.856  -4.508  51.199 0.0000000000
72730  -1.455  -5.658  48.180 0.0000000000
72747  -2.543  -5.093  46.481 0.0000000000
72753  -2.592  -4.979  45.842 0.0000000000
72759  -1.851  -5.575  44.936 0.0000000000
72760  -2.687  -4.816  45.270 0.0000000000
72768  -2.230  -5.090  44.087 0.0000000000
72800  -1.871  -5.383  40.590 0.0000000000
72806  -1.485  -5.968  39.178 0.0000000000
73864  4.791  -4.746  55.524 0.0000000000
73866  3.404  -4.450  55.852 0.0000000000
73869  0.747  -5.384  55.982 0.0000000000
73878  5.976  -6.432  53.984 0.0000000000
73881  -1.977  -3.899  52.853 0.0000000000
73884  -2.215  -3.933  51.954 0.0000000000
73892  -2.635  -4.047  51.717 0.0000000000
73893  -2.804  -4.054  50.957 0.0000000000
73904  -2.307  -4.212  50.788 0.0000000000
73905  -2.596  -3.764  50.297 0.0000000000
73914  -2.516  -4.056  50.202 0.0000000000
73915  -3.064  -3.303  49.868 0.0000000000
73922  -2.325  -4.691  49.303 0.0000000000
73923  -2.791  -4.441  48.584 0.0000000000
73931  -2.850  -4.629  47.657 0.0000000000
73937  -3.211  -4.259  46.556 0.0000000000
73944  -3.186  -4.281  45.948 0.0000000000
73972  -2.159  -4.810  42.355 0.0000000000
73996  -1.805  -4.720  39.459 0.0000000000
73997  -1.917  -5.049  40.095 0.0000000000
74007  -0.318  -4.616  36.846 0.0000000000
74008  -0.929  -4.914  37.174 0.0000000000
75054  -0.059  -4.388  55.265 0.0000000000
75056  5.235  -5.509  54.377 0.0000000000
75058  4.358  -4.505  54.572 0.0000000000
75061  -1.072  -4.129  54.282 0.0000000000
75065  5.156  -5.828  53.825 0.0000000000
75068  -2.104  -3.682  52.312 0.0000000000
75071  -2.746  -3.861  52.065 0.0000000000
75075  -2.954  -3.872  51.155 0.0000000000
75087  -2.944  -3.167  50.159 0.0000000000
75112  -2.993  -4.012  48.809 0.0000000000
75114  -3.745  -2.817  48.920 0.0000000000
75123  -3.419  -3.768  47.596 0.0000000000
75124  -3.721  -3.180  47.999 0.0000000000
75125  -3.903  -2.742  48.334 0.0000000000
75134  -3.921  -2.823  47.704 0.0000000000
75166  -3.169  -3.660  44.157 0.0000000000
75178  -2.879  -3.913  43.362 0.0000000000
75208  -2.612  -3.611  42.111 0.0000000000
75222  -2.271  -4.236  41.342 0.0000000000
75262  -1.586  -4.358  38.823 0.0000000000
76304  2.569  -4.238  54.638 0.0000000000
76309  4.288  -4.879  54.180 0.0000000000
76311  3.133  -4.535  54.359 0.0000000000
76312  2.626  -4.539  54.352 0.0000000000
76313  1.491  -3.837  54.321 0.0000000000
76315  -0.117  -3.109  54.445 0.0000000000
76317  -1.216  -3.860  53.534 0.0000000000
76319  4.751  -5.423  53.463 0.0000000000
76321  3.729  -4.941  53.842 0.0000000000
76324  -1.820  -3.331  51.963 0.0000000000
76327  4.974  -5.019  52.494 0.0000000000
76328  4.476  -4.920  52.872 0.0000000000
76329  -1.871  -3.220  51.972 0.0000000000
76330  -2.597  -2.958  50.854 0.0000000000
76334  -2.812  -3.089  51.175 0.0000000000
76337  -2.877  -2.842  50.784 0.0000000000
76338  -3.197  -2.156  50.448 0.0000000000
76342  -3.300  -2.882  49.799 0.0000000000
76354  -3.610  -2.804  49.310 0.0000000000
76370  -3.623  -3.347  47.937 0.0000000000
76388  -3.651  -3.502  47.293 0.0000000000
76390  -3.987  -2.448  48.111 0.0000000000
76399  -3.924  -2.937  47.012 0.0000000000
76400  -4.031  -2.421  47.356 0.0000000000
76408  -4.042  -2.452  46.614 0.0000000000
76468  -2.376  -3.761  41.522 0.0000000000
76490  -1.972  -3.327  40.316 0.0000000000
76516  -1.080  -3.247  38.800 0.0000000000
77497  1.649  -4.277  53.641 0.0000000000
77503  2.688  -4.713  53.653 0.0000000000
77505  1.216  -3.845  53.395 0.0000000000
77506  0.650  -3.454  53.229 0.0000000000
77507  0.188  -2.988  53.278 0.0000000000
77509  -1.537  -2.847  52.006 0.0000000000
77513  -1.821  -3.168  51.898 0.0000000000
77517  4.636  -3.920  51.560 0.0000000000
77518  -3.028  -1.989  51.026 0.0000000000
77527  -3.548  -2.493  49.813 0.0000000000
77539  -4.008  -1.968  48.652 0.0000000000
77590  -3.963  -2.504  45.921 0.0000000000
77671  -1.236  -2.031  40.147 0.0000000000
78712  2.354  -4.240  53.008 0.0000000000
78716  0.266  -3.166  52.649 0.0000000000
78717  -0.375  -3.010  52.483 0.0000000000
78718  -0.850  -2.970  52.235 0.0000000000
78719  3.587  -4.204  52.542 0.0000000000
78720  3.120  -3.689  52.112 0.0000000000
78722  1.593  -3.482  52.511 0.0000000000
78725  -0.077  -2.821  51.969 0.0000000000
78726  -0.909  -2.907  52.056 0.0000000000
78727  -1.581  -2.783  51.702 0.0000000000
78728  -1.846  -2.865  51.555 0.0000000000
78732  2.554  -3.221  51.950 0.0000000000
78733  -2.766  -1.809  50.769 0.0000000000
78734  -2.938  -2.194  50.424 0.0000000000
78738  -3.344  -1.867  50.909 0.0000000000
78739  -3.515  -1.902  50.855 0.0000000000
78745  -4.014  -2.091  49.912 0.0000000000
78752  -3.973  -1.778  49.048 0.0000000000
78759  -3.976  -1.253  48.831 0.0000000000
78783  -4.126  -1.213  47.597 0.0000000000
78797  -4.147  -1.096  46.447 0.0000000000
78809  -3.937  -1.947  45.021 0.0000000000
78810  -4.042  -1.868  45.562 0.0000000000
78818  -3.863  -1.663  44.544 0.0000000000
78832  -3.742  -1.372  43.998 0.0000000000
78842  -2.666  -1.591  42.221 0.0000000000
79863  -0.803  -2.331  51.152 0.0000000000
79865  -1.865  -2.174  50.860 0.0000000000
79866  -2.068  -2.075  50.946 0.0000000000
79867  -2.883  -1.967  50.486 0.0000000000
79878  -2.551  -1.629  50.089 0.0000000000
79879  -2.802  -1.625  50.058 0.0000000000
79880  -3.108  -1.170  49.992 0.0000000000
79881  -3.622  -1.247  49.696 0.0000000000
79888  -3.517  -0.842  49.815 0.0000000000
79898  -3.995  -0.520  48.475 0.0000000000
79903  -4.069  -0.271  47.921 0.0000000000
79913  -4.159  -0.154  46.824 0.0000000000
79914  -4.125  -0.498  47.465 0.0000000000
81042  -2.961  -1.311  49.774 0.0000000000
81050  -3.743  -0.587  49.230 0.0000000000
81054  -3.823  -0.074  48.814 0.0000000000
81057  -4.089  0.557  47.963 0.0000000000
81060  -4.006  0.851  47.818 0.0000000000
81075  -4.137  0.317  46.303 0.0000000000
81083  -4.156  0.159  45.696 0.0000000000
81094  -4.007  0.708  44.456 0.0000000000
81095  -4.147  0.585  45.048 0.0000000000
82175  -3.464  0.091  49.094 0.0000000000
82180  -3.625  1.026  48.959 0.0000000000
82187  -4.073  0.854  47.181 0.0000000000
82203  -4.174  1.567  45.840 0.0000000000
82221  -3.512  1.846  43.622 0.0000000000
83336  -3.928  1.918  48.092 0.0000000000
83339  -4.012  2.145  48.058 0.0000000000
83345  -3.966  1.976  47.788 0.0000000000
83355  -4.059  2.199  46.839 0.0000000000
83375  -4.096  1.768  44.756 0.0000000000
84562  -4.171  2.646  45.799 0.0000000000
84574  -3.386  3.033  43.621 0.0000000000
84583  -2.739  2.974  43.009 0.0000000000
85736  -2.902  4.111  43.425 0.0000000000
158600  -2.729  -4.399  43.711 0.0000000000
158637  8.973  -11.184  53.983 0.0000000000
158914  1.842  -7.284  38.756 0.0000000000
159697  6.923  -7.086  54.471 0.0000000000
160388  4.096  -8.088  44.888 0.0000000000
161000  7.644  -7.874  55.655 0.0000000000
161349  -1.184  -6.294  40.886 0.0000000000
162076  -3.691  -3.519  45.952 0.0000000000
162396  -2.151  -4.920  42.940 0.0000000000
162869  -0.742  -5.303  51.930 0.0000000000
163067  -0.564  -6.153  43.805 0.0000000000
165003  -3.457  -3.207  48.916 0.0000000000
166221  -4.117  1.693  46.382 0.0000000000
166746  -2.898  -4.626  45.708 0.0000000000
166778  -2.639  -3.965  42.637 0.0000000000
167515  0.953  -3.592  53.790 0.0000000000
167555  -3.294  -3.828  44.966 0.0000000000
169313  -3.219  -3.030  49.844 0.0000000000
169803  -2.185  -3.833  40.697 0.0000000000
169974  -2.025  -5.001  41.473 0.0000000000
170005  -3.566  -3.520  45.419 0.0000000000
170151  -3.933  -2.154  48.884 0.0000000000
170864  -4.098  3.423  45.448 0.0000000000
172187  1.995  -4.268  54.281 0.0000000000
172279  -4.068  -2.027  48.833 0.0000000000
172711  -2.983  -1.447  50.209 0.0000000000
172735  9.567  -11.078  53.968 0.0000000000
173774  -0.856  -3.024  52.556 0.0000000000
174332  -0.362  -5.826  49.040 0.0000000000
174588  -4.087  -0.868  48.101 0.0000000000
175394  -1.737  -1.684  50.322 0.0000000000
175878  -1.976  -1.307  49.751 0.0000000000
175902  -1.919  -2.159  50.821 0.0000000000
175906  -3.916  -0.829  48.953 0.0000000000
176614  3.643  -7.742  57.561 0.0000000000
176639  -1.898  -3.079  51.553 0.0000000000
177517  -3.777  -2.036  49.543 0.0000000000
177574  3.358  -4.620  54.208 0.0000000000
178507  0.348  -2.713  51.738 0.0000000000
178800  10.285  -12.297  54.122 0.0000000000
179083  -3.889  2.094  44.178 0.0000000000
180580  -2.922  -1.909  42.562 0.0000000000
181005  -0.809  -4.470  54.835 0.0000000000
182963  -1.868  2.981  42.371 0.0000000000
183310  -3.176  -3.918  51.916 0.0000000000
183566  4.885  -12.644  58.579 0.0000000000
184217  0.559  -13.876  44.306 0.0000000000
185100  -1.302  -3.763  52.663 0.0000000000
185168  3.049  -12.555  46.473 0.0000000000
185653  3.333  -7.208  40.028 0.0000000000
186105  -3.625  0.181  43.716 0.0000000000
186334  6.057  -10.540  58.352 0.0000000000
186403  9.120  -10.853  55.130 0.0000000000
186892  3.567  -3.740  51.962 0.0000000000
186903  3.108  -13.059  41.990 0.0000000000
187228  8.479  -11.736  56.883 0.0000000000
187260  4.666  -5.904  56.414 0.0000000000
187720  -4.137  0.607  45.993 0.0000000000
188261  2.701  -7.046  44.396 0.0000000000
188778  -3.546  -1.170  43.577 0.0000000000
188854  -3.722  -3.487  46.349 0.0000000000
189110  -2.952  -4.073  43.910 0.0000000000
189118  -2.498  -3.318  41.726 0.0000000000
190448  -3.882  0.251  44.138 0.0000000000
190631  -3.146  -3.147  50.451 0.0000000000
