#!ascii label  , from subject sub-v2s2x29066_ses-1 vox2ras=TkReg
1681
5526  27.531  -72.027  -28.858 0.5000000000
16342  20.602  -57.225  -26.848 0.6000000238
16326  20.319  -57.360  -26.174 0.6000000238
15526  19.518  -57.717  -26.200 0.6000000238
15525  20.132  -57.584  -25.424 0.6999999881
15515  18.963  -58.316  -25.031 0.6000000238
16304  20.696  -57.614  -24.810 0.6999999881
183224  19.431  -58.093  -24.693 0.6000000238
10430  25.000  -64.658  -28.485 0.5000000000
9818  27.176  -64.588  -30.595 0.6000000238
10463  26.958  -64.158  -29.679 0.6000000238
10429  25.720  -64.527  -28.377 0.5000000000
9165  26.723  -65.819  -32.111 0.5000000000
9834  26.839  -65.357  -31.377 0.4000000060
9801  26.581  -64.841  -29.089 0.5000000000
9778  26.108  -64.881  -28.368 0.6000000238
13288  21.358  -61.064  -26.091 0.5000000000
6612  30.239  -69.679  -30.890 0.4000000060
13299  20.842  -60.693  -26.967 0.5000000000
12545  20.434  -61.073  -26.205 0.5000000000
13331  20.292  -59.952  -28.467 0.6000000238
15566  20.032  -58.156  -28.919 0.6000000238
16356  21.029  -57.319  -27.439 0.6000000238
16340  22.037  -57.385  -26.344 0.6999999881
16358  19.674  -57.530  -27.753 0.6000000238
16324  21.523  -57.246  -25.914 0.6999999881
15513  23.334  -57.710  -24.895 0.6000000238
16302  22.292  -57.292  -24.892 0.6999999881
14728  23.801  -58.416  -24.160 0.6000000238
173985  23.282  -57.606  -24.328 0.6000000238
16284  22.036  -57.457  -24.232 0.6999999881
14710  23.969  -58.524  -23.535 0.6999999881
14742  18.526  -58.796  -24.740 0.6000000238
10465  23.314  -64.449  -30.395 0.5000000000
10445  25.470  -64.104  -28.801 0.6000000238
10446  24.413  -64.564  -29.457 0.5000000000
10479  27.557  -63.890  -31.495 0.6000000238
10462  27.322  -63.933  -30.641 0.6999999881
187262  26.278  -64.216  -28.882 0.6000000238
9172  27.586  -66.228  -32.869 0.4000000060
13344  21.326  -59.894  -29.659 0.5000000000
187318  21.396  -60.591  -27.350 0.5000000000
6033  28.242  -71.010  -28.877 0.5000000000
14053  20.600  -59.613  -29.263 0.5000000000
160169  21.291  -58.052  -29.071 0.6999999881
14054  20.153  -59.301  -29.186 0.6000000238
15543  22.379  -57.804  -27.751 0.6999999881
187814  21.146  -57.700  -28.577 0.6000000238
15565  20.728  -58.572  -29.319 0.6000000238
15544  21.487  -57.602  -27.964 0.6999999881
15555  20.697  -57.416  -28.242 0.6000000238
15533  22.565  -57.659  -26.801 0.6999999881
162683  23.553  -58.100  -25.285 0.6000000238
15524  23.538  -58.169  -26.052 0.6000000238
14741  23.832  -58.772  -24.830 0.6000000238
15514  23.151  -57.722  -25.536 0.6000000238
13246  24.261  -60.507  -22.952 0.6000000238
13981  24.470  -59.675  -22.448 0.6999999881
15473  20.526  -58.319  -23.188 0.6999999881
14730  18.646  -58.968  -24.090 0.5000000000
15495  23.210  -57.657  -23.672 0.6999999881
15496  21.682  -57.775  -23.630 0.6999999881
14729  19.284  -58.707  -23.777 0.6000000238
11893  25.151  -62.327  -31.358 0.5000000000
11190  24.272  -63.856  -30.689 0.5000000000
11191  23.427  -64.051  -30.856 0.5000000000
11892  26.199  -62.301  -31.037 0.6999999881
11189  25.319  -63.176  -29.894 0.6000000238
11206  27.854  -63.584  -31.952 0.5000000000
11197  27.457  -63.310  -31.169 0.6999999881
11885  27.091  -62.685  -30.974 0.6999999881
173448  26.974  -63.437  -30.177 0.6000000238
11188  26.256  -63.165  -29.765 0.6000000238
9170  28.802  -65.679  -32.776 0.4000000060
181771  27.714  -64.998  -32.667 0.4000000060
10489  27.689  -64.308  -32.311 0.5000000000
13354  21.711  -59.854  -30.333 0.5000000000
15575  21.832  -58.793  -30.067 0.5000000000
14062  21.696  -59.667  -30.364 0.5000000000
14804  21.239  -59.179  -30.004 0.5000000000
15553  23.144  -58.062  -28.064 0.6000000238
15576  21.389  -58.574  -29.611 0.5000000000
15541  23.732  -58.258  -27.592 0.6999999881
13297  24.942  -59.983  -26.413 0.6000000238
162955  24.380  -58.902  -26.851 0.6999999881
15542  23.129  -57.973  -27.219 0.6999999881
169680  24.671  -60.833  -25.394 0.6000000238
14017  24.590  -59.674  -26.034 0.6000000238
14757  23.936  -58.602  -26.509 0.6999999881
11782  25.050  -62.468  -23.690 0.6999999881
14010  24.416  -60.135  -25.372 0.6000000238
14011  24.163  -59.323  -25.460 0.6000000238
12465  25.525  -61.819  -21.852 0.6000000238
11767  24.849  -62.119  -23.050 0.6999999881
13259  24.147  -60.705  -23.880 0.6999999881
13204  26.728  -60.180  -20.956 0.6000000238
12452  25.805  -61.221  -21.389 0.6000000238
12466  24.787  -61.493  -22.409 0.6999999881
13962  19.257  -59.927  -21.952 0.6000000238
13224  24.755  -60.585  -22.059 0.6999999881
15472  21.252  -58.128  -23.038 0.6999999881
14712  19.474  -59.006  -23.100 0.6000000238
13943  26.998  -59.418  -20.597 0.6999999881
13205  26.032  -60.488  -21.062 0.6000000238
13960  24.959  -59.828  -21.725 0.8000000119
14709  24.374  -58.520  -22.790 0.6999999881
15469  23.789  -57.929  -23.140 0.6999999881
15471  22.098  -57.920  -22.954 0.6999999881
11894  24.126  -62.772  -31.967 0.6000000238
11891  27.466  -62.237  -31.607 0.6999999881
12593  26.730  -61.834  -31.723 0.6999999881
11886  25.714  -62.658  -30.395 0.6000000238
11903  28.348  -62.632  -31.919 0.5000000000
184463  27.858  -62.528  -31.684 0.6999999881
9849  28.993  -64.944  -32.752 0.4000000060
10488  28.289  -63.943  -32.584 0.5000000000
177865  22.029  -60.284  -30.727 0.5000000000
13342  22.492  -60.855  -30.421 0.5000000000
14074  22.038  -59.861  -30.770 0.5000000000
181298  23.345  -58.359  -29.475 0.6000000238
14774  25.083  -58.779  -28.379 0.6000000238
15552  23.809  -58.268  -28.392 0.6999999881
15564  22.081  -58.197  -29.307 0.6999999881
181059  25.159  -59.455  -27.284 0.6999999881
15540  24.359  -58.518  -27.952 0.6999999881
12525  25.096  -61.281  -25.843 0.6000000238
13296  25.256  -60.593  -26.429 0.6000000238
14025  24.782  -59.396  -26.747 0.6999999881
11075  26.330  -63.251  -23.753 0.6999999881
11804  25.298  -62.660  -24.382 0.6999999881
177286  25.164  -62.052  -25.440 0.6999999881
13946  19.761  -60.149  -20.721 0.6000000238
11753  26.790  -62.490  -22.060 0.6000000238
11054  26.043  -63.071  -23.075 0.6999999881
12526  24.738  -61.596  -24.990 0.6999999881
14670  28.956  -58.475  -21.285 0.6000000238
13202  27.792  -60.283  -21.463 0.6000000238
13222  27.475  -60.944  -21.654 0.6000000238
12463  27.210  -61.750  -21.816 0.6000000238
185062  25.836  -62.735  -22.589 0.6999999881
13961  19.965  -59.636  -21.526 0.6000000238
14671  28.411  -58.920  -20.846 0.6000000238
12451  26.637  -61.024  -21.312 0.6000000238
15453  23.335  -57.968  -22.082 0.6999999881
14691  21.907  -58.612  -21.589 0.6000000238
14692  20.783  -58.583  -22.416 0.6999999881
14693  20.237  -59.046  -22.133 0.6000000238
15437  29.075  -57.667  -20.931 0.5000000000
15438  28.684  -58.193  -20.526 0.6000000238
175323  27.421  -58.845  -20.373 0.8000000119
14657  26.099  -58.407  -20.646 0.8000000119
15439  25.544  -58.217  -21.009 0.8000000119
184224  24.623  -58.268  -22.213 0.8000000119
176553  23.737  -57.917  -22.583 0.6999999881
15454  22.459  -58.117  -22.193 0.6999999881
13944  26.261  -59.703  -20.831 0.8000000119
14689  25.208  -59.120  -21.473 0.8000000119
12594  25.662  -61.774  -31.805 0.6999999881
12595  24.640  -62.087  -32.214 0.6999999881
11905  23.755  -62.303  -32.479 0.6999999881
11888  23.078  -63.330  -31.407 0.6000000238
12603  28.649  -61.234  -31.958 0.6999999881
12596  22.970  -62.198  -32.351 0.6000000238
163129  28.817  -62.064  -31.986 0.6000000238
12587  22.571  -61.765  -31.195 0.5000000000
13361  22.507  -60.983  -31.585 0.5000000000
16198  17.855  -57.369  -17.611 0.6000000238
14073  22.572  -60.059  -31.280 0.5000000000
15384  17.798  -58.086  -17.846 0.5000000000
14802  23.013  -58.815  -30.443 0.5000000000
14600  19.543  -58.738  -17.350 0.6000000238
14784  25.121  -58.615  -29.197 0.6999999881
15573  23.702  -58.498  -29.854 0.6000000238
163190  25.655  -59.836  -27.452 0.6999999881
15551  24.487  -58.445  -28.743 0.6999999881
13905  20.118  -59.701  -18.643 0.6000000238
12540  26.238  -61.584  -26.698 0.6999999881
13313  25.850  -60.682  -26.987 0.6000000238
175527  27.818  -63.442  -23.930 0.6999999881
11120  26.868  -63.238  -25.162 0.6999999881
11826  26.345  -62.811  -25.635 0.6999999881
13928  20.109  -60.030  -20.047 0.6000000238
13918  20.214  -59.913  -19.341 0.6000000238
11764  27.199  -63.024  -22.532 0.6000000238
11121  26.255  -63.100  -24.983 0.6999999881
14660  21.431  -59.245  -20.268 0.6000000238
13929  19.413  -60.440  -20.083 0.6000000238
13245  28.464  -61.247  -22.361 0.6000000238
12462  27.874  -61.399  -22.044 0.6000000238
14675  22.638  -58.740  -20.392 0.6999999881
14676  22.031  -58.866  -20.753 0.6000000238
13945  20.613  -59.587  -20.709 0.6000000238
13958  28.374  -59.989  -21.968 0.6000000238
16240  26.089  -57.467  -20.088 0.6000000238
16241  25.485  -57.378  -19.897 0.6000000238
167247  23.756  -58.093  -21.297 0.6999999881
15442  22.791  -58.428  -21.257 0.6000000238
14678  20.688  -59.088  -21.615 0.6000000238
16219  27.693  -56.684  -19.573 0.6000000238
15424  25.658  -57.882  -20.491 0.8000000119
15422  27.293  -58.096  -20.130 0.6000000238
15423  26.408  -57.951  -20.268 0.6999999881
15452  24.077  -57.975  -22.023 0.8000000119
181602  26.839  -61.046  -32.202 0.6999999881
12606  25.125  -61.437  -32.136 0.6999999881
13371  24.615  -61.097  -32.224 0.6999999881
171627  28.390  -60.106  -32.355 0.6999999881
12604  27.434  -61.416  -31.969 0.6999999881
13372  23.575  -61.569  -32.414 0.6000000238
13360  23.041  -60.815  -31.875 0.6000000238
177283  18.770  -55.795  -16.602 0.6000000238
177374  18.301  -55.663  -16.925 0.6000000238
16182  18.857  -56.862  -16.656 0.6000000238
177841  17.869  -56.688  -17.449 0.6000000238
14072  23.586  -59.885  -31.405 0.6000000238
15364  19.040  -57.555  -16.788 0.5000000000
14783  25.763  -58.714  -29.660 0.6999999881
15572  24.468  -58.585  -29.991 0.6999999881
180549  20.139  -58.413  -17.112 0.4000000060
15382  19.049  -58.262  -17.060 0.5000000000
13327  26.680  -59.917  -28.265 0.6999999881
14772  26.290  -59.237  -28.812 0.8000000119
176219  20.383  -58.821  -17.576 0.5000000000
12559  26.587  -61.084  -27.291 0.6000000238
14773  25.673  -59.110  -28.443 0.6999999881
14628  20.660  -59.225  -18.221 0.6000000238
11842  26.640  -62.350  -26.319 0.6999999881
14641  22.689  -58.621  -18.860 0.6999999881
13904  20.829  -59.512  -18.976 0.6000000238
11073  28.348  -63.335  -23.370 0.6999999881
11098  28.274  -63.453  -24.710 0.6999999881
15407  23.338  -58.306  -19.052 0.5000000000
14643  21.579  -59.207  -19.370 0.6000000238
12481  29.631  -62.022  -22.595 0.6000000238
11763  28.454  -62.627  -22.459 0.6000000238
11052  27.535  -63.299  -23.200 0.6999999881
14658  22.879  -58.707  -19.645 0.6999999881
13244  29.146  -61.213  -22.642 0.6000000238
184480  28.166  -61.962  -22.218 0.6000000238
15405  24.729  -57.682  -19.683 0.5000000000
15406  24.016  -57.954  -19.340 0.6000000238
13957  28.891  -59.610  -22.513 0.6000000238
17026  27.204  -56.150  -19.424 0.6000000238
16221  26.148  -56.877  -19.667 0.5000000000
15426  24.195  -58.036  -20.331 0.6999999881
189239  28.593  -54.996  -20.123 0.6000000238
160176  27.033  -59.721  -32.287 0.6999999881
14081  26.339  -59.580  -31.944 0.6999999881
14082  25.605  -59.750  -31.700 0.6000000238
177871  24.437  -59.832  -31.421 0.6000000238
17768  18.708  -55.071  -16.639 0.4000000060
17786  18.093  -55.039  -17.101 0.5000000000
14813  25.417  -58.954  -30.841 0.6000000238
17766  20.096  -55.524  -16.753 0.5000000000
17796  17.370  -55.395  -18.112 0.6000000238
14798  26.559  -58.808  -30.745 0.6999999881
14782  26.530  -58.827  -30.026 0.6999999881
14815  23.260  -59.230  -30.938 0.6000000238
163652  19.718  -57.509  -16.687 0.5000000000
13326  27.393  -60.309  -28.352 0.6999999881
164644  21.633  -57.704  -17.410 0.4000000060
11135  29.199  -63.263  -26.171 0.6999999881
11840  28.150  -62.706  -26.598 0.6999999881
12557  28.141  -61.688  -27.532 0.6999999881
15380  21.943  -58.195  -17.734 0.6000000238
161339  30.316  -63.252  -23.962 0.6999999881
11117  29.585  -63.399  -25.482 0.6999999881
11841  27.434  -62.532  -26.480 0.6999999881
12539  27.072  -61.801  -26.959 0.6999999881
16195  23.073  -57.175  -18.012 0.5000000000
185823  22.392  -58.443  -18.260 0.5000000000
11050  29.493  -63.086  -23.028 0.6000000238
171209  28.882  -63.422  -24.013 0.6999999881
11097  29.146  -63.432  -24.776 0.6999999881
11119  27.603  -63.309  -25.338 0.6999999881
15391  23.005  -58.074  -18.389 0.5000000000
13979  30.151  -60.329  -23.040 0.5000000000
163608  30.453  -62.059  -22.688 0.6000000238
11762  29.219  -62.696  -22.627 0.6000000238
188139  27.659  -58.952  -31.848 0.6999999881
14069  26.514  -58.976  -31.412 0.6999999881
173704  19.383  -53.780  -16.563 0.4000000060
164077  27.888  -58.737  -31.271 0.6999999881
159462  26.067  -58.884  -30.912 0.6999999881
18622  18.257  -54.270  -17.036 0.4000000060
14797  27.251  -58.775  -30.636 0.6999999881
186875  17.603  -54.630  -17.686 0.6000000238
14052  27.843  -59.367  -29.357 0.8000000119
14781  27.400  -58.927  -29.925 0.6999999881
12568  28.444  -61.219  -28.050 0.6000000238
13341  27.763  -59.960  -28.813 0.6000000238
19493  16.585  -53.021  -19.481 0.6000000238
11839  28.837  -62.869  -26.715 0.6999999881
12556  28.821  -61.827  -27.689 0.6999999881
12569  27.682  -61.080  -27.880 0.6000000238
11116  30.492  -63.394  -25.494 0.6000000238
11070  31.009  -63.057  -23.765 0.6000000238
20375  15.381  -52.530  -20.655 0.5000000000
187779  30.970  -62.074  -22.784 0.6000000238
11049  30.221  -63.075  -23.313 0.6999999881
13243  30.991  -60.760  -22.704 0.5000000000
14780  28.176  -58.972  -29.973 0.6999999881
19449  18.582  -52.902  -16.883 0.4000000060
14051  28.799  -59.309  -29.545 0.8000000119
186576  17.710  -53.790  -17.582 0.5000000000
13323  29.548  -60.727  -28.627 0.8000000119
19458  17.002  -52.744  -18.286 0.4000000060
19457  17.525  -52.929  -17.737 0.4000000060
13340  28.413  -59.999  -28.928 0.6999999881
20335  16.450  -52.274  -18.557 0.4000000060
19467  17.220  -53.661  -18.247 0.5000000000
11115  31.414  -63.347  -25.228 0.6000000238
11155  29.541  -62.996  -26.821 0.6000000238
175823  29.880  -62.574  -27.430 0.6999999881
20336  15.719  -52.105  -18.338 0.4000000060
11069  31.815  -62.967  -24.011 0.6000000238
187821  30.763  -63.307  -24.575 0.6000000238
20358  14.491  -52.868  -19.017 0.4000000060
20373  16.255  -52.599  -19.949 0.6000000238
169378  31.455  -62.080  -22.889 0.6000000238
12461  31.590  -61.004  -22.491 0.5000000000
13242  31.820  -60.452  -22.598 0.5000000000
20318  18.278  -52.210  -16.908 0.4000000060
14050  29.542  -59.509  -29.448 0.8000000119
20324  17.581  -52.240  -17.300 0.4000000060
13339  29.172  -60.062  -29.004 0.6999999881
21179  16.472  -51.750  -17.321 0.4000000060
11866  30.253  -62.072  -27.970 0.6000000238
11867  29.522  -61.964  -27.849 0.6999999881
11134  30.685  -63.316  -26.373 0.6000000238
11154  30.257  -63.100  -26.932 0.6000000238
21172  15.223  -51.365  -16.963 0.4000000060
21193  15.064  -52.075  -17.870 0.4000000060
11760  32.280  -62.066  -23.113 0.6000000238
20338  14.003  -52.651  -18.292 0.4000000060
12478  32.716  -61.290  -22.625 0.4000000060
21943  18.109  -50.980  -16.417 0.4000000060
12577  30.315  -60.748  -28.780 0.6999999881
21170  16.803  -51.408  -16.739 0.4000000060
11865  31.013  -62.214  -28.094 0.6999999881
12566  29.908  -61.402  -28.305 0.6000000238
11133  31.359  -63.338  -26.529 0.6000000238
21181  14.790  -51.745  -17.444 0.4000000060
177132  32.237  -62.594  -23.692 0.6000000238
20328  13.640  -52.227  -17.801 0.3000000119
11759  33.017  -61.769  -23.182 0.4000000060
13240  33.385  -60.649  -22.499 0.4000000060
13975  33.960  -60.000  -22.507 0.4000000060
21945  16.306  -50.840  -16.441 0.4000000060
21947  14.952  -50.726  -16.689 0.4000000060
11094  32.778  -63.104  -24.909 0.6000000238
11758  33.602  -61.864  -23.578 0.6000000238
11779  34.261  -62.080  -24.057 0.6000000238
176011  34.671  -60.059  -22.702 0.4000000060
13239  35.231  -60.552  -23.032 0.5000000000
13974  34.521  -59.413  -22.643 0.4000000060
23612  12.751  -48.864  -19.578 0.3000000119
13973  35.357  -59.621  -22.806 0.4000000060
184158  17.950  -47.927  -16.764 0.4000000060
24429  13.800  -48.180  -18.573 0.3000000119
23629  12.539  -48.529  -21.710 0.4000000060
25290  19.017  -47.107  -17.263 0.4000000060
25274  17.380  -47.138  -16.966 0.4000000060
25306  14.826  -47.183  -18.341 0.3000000119
25305  15.503  -46.980  -17.828 0.3000000119
24448  13.215  -48.162  -19.832 0.3000000119
24439  13.725  -47.818  -19.298 0.3000000119
23619  12.720  -48.524  -20.610 0.3000000119
26210  18.555  -45.992  -17.326 0.4000000060
25291  17.124  -46.475  -17.223 0.4000000060
25293  16.098  -47.225  -17.298 0.4000000060
161189  14.649  -46.883  -18.969 0.3000000119
172617  14.125  -47.198  -19.483 0.3000000119
25387  13.567  -46.887  -25.616 0.4000000060
27257  13.655  -45.645  -25.766 0.3000000119
178902  13.982  -44.400  -25.764 0.3000000119
24456  13.567  -47.505  -20.853 0.3000000119
24463  13.454  -47.569  -21.800 0.3000000119
27141  17.902  -45.516  -17.412 0.4000000060
26212  16.583  -46.245  -17.532 0.4000000060
26229  15.896  -46.153  -18.039 0.3000000119
159520  15.464  -45.869  -18.728 0.3000000119
175725  14.568  -46.653  -19.663 0.3000000119
24486  13.477  -47.603  -24.194 0.3000000119
26256  14.595  -46.463  -20.255 0.3000000119
27256  14.205  -45.880  -26.123 0.3000000119
25322  14.453  -46.538  -20.948 0.3000000119
27254  15.238  -45.243  -25.775 0.4000000060
27263  14.703  -44.972  -26.183 0.3000000119
28196  15.557  -44.448  -25.964 0.3000000119
29164  15.173  -43.846  -26.344 0.3000000119
27153  17.275  -45.011  -17.834 0.4000000060
27155  16.045  -45.396  -18.461 0.4000000060
27170  15.683  -45.291  -19.152 0.3000000119
25377  14.166  -46.983  -24.937 0.4000000060
27180  15.333  -45.434  -19.989 0.3000000119
25349  14.319  -46.870  -23.533 0.3000000119
26311  14.586  -46.563  -25.359 0.4000000060
26300  14.960  -46.180  -24.719 0.4000000060
164975  15.717  -43.312  -26.248 0.3000000119
28097  17.800  -44.330  -18.130 0.4000000060
27169  16.250  -44.767  -18.920 0.4000000060
28127  15.904  -44.707  -19.690 0.4000000060
169933  15.673  -44.823  -20.576 0.4000000060
27194  14.867  -46.019  -20.549 0.3000000119
164810  15.017  -45.855  -22.609 0.3000000119
27222  15.133  -45.695  -23.226 0.3000000119
27233  15.343  -45.460  -24.006 0.3000000119
29132  16.065  -43.966  -23.966 0.5000000000
27243  15.366  -45.464  -25.054 0.4000000060
28188  15.629  -44.695  -25.337 0.4000000060
30105  16.149  -42.503  -26.359 0.3000000119
28113  17.129  -43.830  -19.281 0.4000000060
28126  16.310  -44.136  -20.329 0.4000000060
28141  15.938  -44.328  -21.167 0.3000000119
185514  15.987  -44.109  -22.354 0.3000000119
29107  16.334  -43.502  -22.422 0.3000000119
31054  17.026  -42.144  -23.277 0.3000000119
27193  15.507  -45.010  -21.477 0.3000000119
28153  15.766  -44.522  -21.954 0.3000000119
29121  15.998  -44.041  -23.034 0.3000000119
29120  16.409  -43.129  -23.821 0.3000000119
187898  16.719  -42.523  -23.645 0.3000000119
174095  15.723  -44.624  -22.725 0.3000000119
29131  16.300  -43.470  -24.866 0.3000000119
29145  16.184  -43.447  -25.724 0.3000000119
32078  16.410  -41.047  -26.453 0.3000000119
29052  19.770  -43.651  -18.367 0.3000000119
29073  19.278  -43.179  -18.815 0.3000000119
187626  17.994  -43.380  -19.241 0.3000000119
30024  17.930  -42.879  -20.193 0.3000000119
30046  18.106  -42.281  -21.485 0.3000000119
31052  18.325  -41.604  -22.759 0.3000000119
29075  17.595  -43.392  -19.631 0.3000000119
30036  17.647  -42.745  -20.937 0.3000000119
30048  16.786  -42.902  -22.038 0.3000000119
31039  17.849  -42.045  -22.230 0.3000000119
31053  17.624  -41.849  -22.994 0.3000000119
169241  17.193  -41.620  -24.410 0.3000000119
30072  16.620  -42.636  -24.410 0.3000000119
31074  17.178  -41.391  -25.117 0.3000000119
30083  16.485  -42.718  -25.481 0.3000000119
31086  16.719  -41.876  -25.711 0.3000000119
29070  21.932  -43.277  -19.119 0.3000000119
30007  19.544  -42.772  -19.282 0.3000000119
30023  18.621  -42.625  -20.037 0.3000000119
30035  18.348  -42.451  -20.738 0.3000000119
31038  18.600  -41.821  -22.019 0.3000000119
31064  18.043  -41.334  -23.504 0.3000000119
32051  17.740  -41.033  -24.429 0.3000000119
186811  17.508  -40.836  -25.304 0.3000000119
173677  16.542  -40.227  -26.539 0.3000000119
31051  19.122  -41.423  -22.573 0.3000000119
32040  18.775  -41.092  -23.219 0.3000000119
32058  18.343  -40.456  -24.513 0.3000000119
172037  17.955  -40.320  -25.137 0.3000000119
32077  16.990  -40.577  -26.255 0.3000000119
33021  17.499  -39.620  -26.328 0.3000000119
32038  20.452  -40.947  -23.063 0.3000000119
32049  19.239  -40.604  -23.675 0.3000000119
32050  18.497  -40.781  -23.900 0.3000000119
32023  20.800  -41.302  -22.528 0.3000000119
32986  20.902  -40.459  -23.519 0.3000000119
32048  20.046  -40.488  -23.589 0.3000000119
166507  19.642  -39.961  -24.151 0.3000000119
33011  18.554  -39.788  -24.957 0.3000000119
33020  18.108  -39.415  -25.828 0.3000000119
34053  17.934  -38.571  -26.724 0.3000000119
183388  28.101  -71.647  -29.001 0.5000000000
6031  29.804  -70.772  -29.869 0.5000000000
6598  30.112  -70.266  -30.296 0.4000000060
16325  20.960  -57.347  -25.497 0.6999999881
190389  20.296  -58.150  -23.741 0.6999999881
9171  28.557  -66.309  -32.854 0.4000000060
6599  29.262  -70.051  -29.469 0.5000000000
13276  24.031  -59.855  -24.554 0.6000000238
165580  22.280  -58.921  -30.404 0.5000000000
12507  24.434  -61.484  -24.146 0.6000000238
14041  27.130  -59.541  -28.933 0.8000000119
14799  25.804  -58.764  -30.324 0.6999999881
12558  27.184  -61.266  -27.473 0.6000000238
183329  30.122  -61.202  -22.697 0.5000000000
11136  28.501  -63.176  -26.120 0.6999999881
159870  15.448  -52.369  -19.036 0.4000000060
13978  31.019  -60.061  -23.006 0.5000000000
11095  32.040  -63.168  -24.706 0.6000000238
13241  32.602  -60.541  -22.445 0.4000000060
11153  30.963  -63.177  -27.056 0.6000000238
11114  32.268  -63.306  -25.469 0.6000000238
21948  14.172  -50.628  -17.007 0.3000000119
12477  33.550  -61.302  -22.924 0.4000000060
12495  34.245  -61.467  -23.374 0.4000000060
25273  18.265  -47.147  -17.055 0.4000000060
29054  17.719  -43.741  -18.851 0.3000000119
29072  20.159  -43.054  -18.936 0.3000000119
11876  32.303  -61.702  -28.929 0.5000000000
12575  31.958  -60.868  -29.256 0.5000000000
12576  31.130  -60.761  -28.970 0.6999999881
166863  31.114  -59.113  -30.331 0.6999999881
14061  28.831  -58.779  -30.403 0.6000000238
11864  31.864  -62.437  -28.267 0.5000000000
12565  30.681  -61.466  -28.432 0.6000000238
13351  30.213  -59.322  -29.774 0.6000000238
14078  29.659  -58.936  -32.047 0.6000000238
13368  27.406  -60.384  -32.369 0.6000000238
13350  32.077  -59.308  -30.652 0.6999999881
14068  31.195  -58.701  -31.530 0.6000000238
14817  29.900  -58.666  -31.755 0.6000000238
14793  30.942  -58.647  -31.176 0.6999999881
14795  29.588  -58.621  -30.950 0.6000000238
14080  27.803  -59.379  -32.366 0.6000000238
11168  32.583  -62.958  -28.116 0.5000000000
13359  32.449  -59.028  -31.449 0.6999999881
14076  31.653  -59.069  -31.909 0.6999999881
13365  31.095  -59.574  -32.197 0.6000000238
13366  30.210  -59.558  -32.125 0.6000000238
13349  32.926  -59.621  -31.014 0.6000000238
189660  31.652  -58.833  -31.222 0.6999999881
14077  30.577  -58.792  -31.790 0.6000000238
12585  33.447  -60.358  -30.478 0.6000000238
174136  33.100  -63.453  -26.995 0.5000000000
11152  31.935  -63.040  -27.717 0.5000000000
13348  33.761  -60.028  -31.325 0.6999999881
14075  32.566  -59.228  -32.123 0.6000000238
172670  29.763  -60.614  -32.111 0.6000000238
177763  34.203  -63.392  -26.472 0.5000000000
176086  32.429  -63.281  -27.248 0.5000000000
11800  35.388  -62.484  -24.798 0.5000000000
176794  33.415  -63.407  -26.393 0.5000000000
160222  36.147  -61.205  -23.682 0.4000000060
14758  18.367  -58.804  -26.274 0.4000000060
15534  19.341  -57.811  -27.173 0.4000000060
15535  18.839  -58.256  -26.706 0.4000000060
15546  18.926  -58.348  -27.540 0.5000000000
16367  19.524  -57.844  -28.197 0.5000000000
14775  18.796  -58.906  -27.946 0.5000000000
11092  34.238  -62.981  -25.146 0.5000000000
14787  19.259  -58.788  -28.503 0.5000000000
12511  19.764  -61.821  -25.015 0.6000000238
11778  35.644  -61.798  -24.098 0.4000000060
14055  19.688  -59.070  -28.892 0.5000000000
14033  19.563  -59.844  -28.214 0.5000000000
12529  20.091  -61.461  -25.578 0.5000000000
14759  17.964  -59.477  -26.568 0.5000000000
14766  18.399  -58.996  -27.172 0.5000000000
13303  17.579  -60.642  -26.501 0.5000000000
13302  18.151  -60.673  -26.877 0.5000000000
12531  18.304  -61.601  -25.860 0.5000000000
14034  18.914  -59.741  -27.986 0.5000000000
12547  18.585  -61.169  -26.438 0.5000000000
12530  19.186  -61.539  -25.756 0.5000000000
174842  34.958  -62.102  -24.277 0.5000000000
12546  19.494  -61.136  -26.354 0.5000000000
13256  37.376  -60.374  -23.448 0.4000000060
12494  35.459  -61.211  -23.473 0.4000000060
13257  36.529  -60.612  -23.387 0.4000000060
13984  18.289  -59.881  -23.063 0.5000000000
12532  17.562  -61.608  -25.801 0.5000000000
11093  33.515  -63.045  -25.047 0.5000000000
161510  34.902  -61.627  -23.754 0.4000000060
13206  18.816  -60.546  -21.571 0.5000000000
13207  18.223  -61.041  -21.230 0.5000000000
12454  16.575  -61.434  -21.056 0.5000000000
13225  18.232  -60.798  -21.903 0.5000000000
13238  36.020  -60.151  -23.058 0.4000000060
13190  18.930  -60.657  -20.743 0.5000000000
12445  16.920  -61.387  -20.467 0.5000000000
175997  17.999  -61.039  -19.729 0.5000000000
13193  16.770  -61.110  -19.868 0.5000000000
12446  16.398  -61.340  -20.443 0.5000000000
161456  15.235  -61.294  -21.434 0.4000000060
13184  17.773  -60.708  -19.233 0.5000000000
13195  14.926  -60.496  -20.095 0.6000000238
164939  14.270  -60.650  -20.639 0.6000000238
13182  19.142  -60.485  -19.447 0.5000000000
13908  17.513  -60.232  -18.853 0.5000000000
13186  16.366  -60.537  -19.494 0.5000000000
13931  14.852  -59.675  -19.820 0.6000000238
13947  13.619  -59.714  -20.498 0.6000000238
13948  13.086  -59.891  -21.015 0.6000000238
181213  12.481  -60.090  -21.665 0.5000000000
13986  12.072  -59.864  -23.157 0.5000000000
14745  12.446  -59.203  -24.438 0.5000000000
13179  18.195  -60.321  -18.755 0.5000000000
175003  17.929  -59.709  -18.396 0.5000000000
13909  17.290  -59.492  -18.691 0.5000000000
13920  16.171  -59.814  -19.308 0.5000000000
14646  16.104  -58.954  -19.413 0.6000000238
14663  13.786  -58.813  -20.510 0.6000000238
14680  12.799  -59.187  -21.492 0.6000000238
176273  12.418  -59.478  -22.086 0.6000000238
14731  12.760  -58.617  -24.076 0.5000000000
17878  15.228  -55.085  -25.856 0.5000000000
15537  13.545  -58.437  -26.145 0.5000000000
13889  19.871  -59.293  -17.986 0.5000000000
14629  18.362  -59.181  -17.947 0.5000000000
14644  17.099  -58.687  -18.750 0.6000000238
15409  16.159  -58.143  -19.691 0.6000000238
172368  15.578  -57.269  -20.561 0.6000000238
15444  13.903  -58.010  -20.962 0.6000000238
15443  14.666  -57.432  -20.905 0.6000000238
15457  13.051  -58.327  -21.906 0.6000000238
15456  13.547  -57.828  -21.591 0.6000000238
14695  12.658  -58.823  -22.355 0.6000000238
15501  13.098  -57.947  -23.683 0.5000000000
14744  12.887  -58.690  -24.901 0.5000000000
15517  13.149  -58.065  -24.602 0.5000000000
16305  13.842  -57.110  -24.873 0.5000000000
15528  13.840  -57.790  -26.004 0.5000000000
16328  14.133  -57.038  -25.722 0.5000000000
15392  17.338  -58.094  -18.433 0.6000000238
169340  16.630  -57.684  -19.402 0.6000000238
16243  16.141  -56.670  -20.738 0.6000000238
16250  15.462  -56.606  -21.322 0.6000000238
16251  14.613  -56.911  -21.700 0.6000000238
17052  15.150  -56.276  -22.149 0.6000000238
16268  13.865  -57.097  -22.943 0.5000000000
17059  14.466  -56.536  -23.300 0.5000000000
16306  13.444  -57.445  -24.369 0.5000000000
17068  14.358  -56.434  -24.055 0.5000000000
17854  15.321  -55.287  -24.132 0.6000000238
17082  14.264  -56.501  -24.931 0.5000000000
168790  14.799  -55.866  -25.364 0.5000000000
17859  15.176  -55.228  -24.939 0.5000000000
18741  15.685  -53.483  -25.833 0.5000000000
17043  16.443  -56.049  -20.593 0.6000000238
17048  16.144  -55.975  -21.218 0.6000000238
17051  15.811  -55.813  -21.877 0.6000000238
17058  15.012  -56.092  -22.929 0.6000000238
17853  15.714  -54.580  -23.772 0.6000000238
18728  15.719  -53.977  -25.124 0.5000000000
17831  16.599  -55.422  -20.270 0.6000000238
17849  15.437  -55.407  -23.344 0.6000000238
18699  15.816  -53.805  -23.365 0.6000000238
163837  15.614  -52.902  -24.505 0.5000000000
18655  16.600  -53.895  -19.664 0.6000000238
177217  16.637  -54.706  -19.953 0.6000000238
18663  16.412  -53.893  -20.451 0.6000000238
18674  16.053  -54.206  -21.785 0.6000000238
17848  15.791  -54.733  -22.964 0.6000000238
19550  15.691  -53.133  -22.872 0.5000000000
19509  16.438  -53.131  -20.053 0.6000000238
19519  16.088  -53.474  -21.262 0.6000000238
169463  15.693  -52.648  -20.888 0.6000000238
18688  15.868  -53.991  -22.548 0.6000000238
20394  15.399  -52.563  -21.301 0.6000000238
19534  15.004  -52.743  -21.643 0.5000000000
19510  14.879  -52.830  -20.287 0.4000000060
14811  28.812  -58.639  -31.274 0.6000000238
14794  30.318  -58.726  -30.662 0.6999999881
178384  31.949  -63.356  -26.652 0.5000000000
11113  33.059  -63.271  -25.637 0.5000000000
11110  35.402  -63.153  -25.868 0.5000000000
11091  34.942  -62.933  -25.239 0.5000000000
12512  18.883  -61.945  -25.202 0.6000000238
14662  14.550  -58.775  -20.104 0.6000000238
15429  15.022  -57.983  -20.262 0.6000000238
16269  13.334  -57.590  -23.078 0.6000000238
16286  13.888  -56.934  -24.252 0.5000000000
17836  16.402  -55.333  -20.892 0.6000000238
17842  15.924  -54.921  -22.212 0.6000000238
20407  15.483  -52.731  -22.353 0.6000000238
175801  15.334  -52.624  -22.584 0.6000000238
5512  25.716  -71.657  -27.773 0.4000000060
184845  25.092  -71.544  -24.948 0.5000000000
5997  25.139  -70.361  -26.049 0.5000000000
5489  24.858  -71.111  -26.304 0.4000000060
188844  25.538  -71.234  -27.416 0.4000000060
6006  26.069  -70.272  -27.554 0.4000000060
5511  26.612  -71.691  -28.284 0.4000000060
5972  25.824  -70.011  -24.885 0.5000000000
5458  25.415  -70.832  -24.941 0.5000000000
175737  26.210  -69.442  -27.348 0.5000000000
6587  26.796  -69.942  -28.018 0.5000000000
6017  27.522  -70.487  -28.474 0.4000000060
7134  25.823  -69.038  -25.443 0.5000000000
6570  25.900  -68.991  -26.435 0.5000000000
7162  26.848  -69.043  -27.936 0.5000000000
162086  27.489  -69.064  -28.466 0.5000000000
170833  28.353  -70.255  -28.868 0.4000000060
6600  28.253  -69.398  -28.935 0.4000000060
7142  26.167  -68.426  -25.835 0.5000000000
164747  26.374  -68.283  -26.672 0.5000000000
178208  27.029  -67.497  -27.156 0.5000000000
7161  27.223  -68.549  -28.201 0.5000000000
7174  27.727  -68.616  -28.691 0.5000000000
6613  29.689  -69.465  -30.082 0.4000000060
11902  29.497  -62.179  -32.461 0.5000000000
11204  29.008  -62.927  -32.424 0.4000000060
10495  29.369  -63.640  -32.825 0.4000000060
10487  29.452  -64.309  -32.738 0.4000000060
9840  29.647  -64.870  -32.423 0.4000000060
172040  29.095  -66.368  -32.433 0.4000000060
7791  27.397  -67.967  -28.283 0.5000000000
8477  29.296  -66.750  -31.821 0.4000000060
181741  29.507  -67.509  -31.809 0.4000000060
7821  29.759  -68.081  -31.373 0.4000000060
190580  28.062  -66.690  -28.414 0.4000000060
7800  27.882  -67.971  -28.931 0.5000000000
7183  29.816  -68.816  -30.749 0.4000000060
7173  28.380  -68.665  -29.230 0.4000000060
11910  29.778  -62.904  -32.846 0.4000000060
9831  30.132  -64.740  -31.778 0.4000000060
171039  29.666  -65.265  -31.797 0.4000000060
9087  28.478  -66.276  -27.892 0.4000000060
8465  29.192  -67.109  -30.973 0.4000000060
9109  28.412  -66.359  -28.786 0.4000000060
9132  28.451  -66.603  -29.466 0.4000000060
9143  28.777  -66.461  -30.165 0.4000000060
7813  28.466  -67.939  -29.562 0.4000000060
12601  29.983  -61.386  -32.341 0.5000000000
11901  30.235  -62.200  -32.851 0.4000000060
11207  31.200  -62.508  -33.051 0.4000000060
11202  30.906  -63.244  -32.781 0.4000000060
10478  30.797  -64.307  -31.750 0.4000000060
180740  29.996  -65.123  -31.104 0.4000000060
185536  30.037  -65.219  -30.259 0.4000000060
9832  29.557  -65.539  -30.964 0.4000000060
164618  29.430  -65.769  -29.008 0.4000000060
9130  29.976  -65.399  -29.355 0.4000000060
9142  29.355  -65.776  -29.995 0.4000000060
12600  30.492  -60.481  -32.310 0.5000000000
12611  30.855  -61.329  -32.826 0.5000000000
13364  32.038  -59.699  -32.730 0.6000000238
11908  31.459  -61.669  -33.180 0.5000000000
10477  31.832  -64.183  -31.446 0.4000000060
9830  31.158  -64.615  -30.858 0.4000000060
9816  31.578  -64.914  -30.172 0.4000000060
9128  31.929  -65.678  -28.964 0.4000000060
11906  32.892  -61.537  -33.044 0.4000000060
166653  32.889  -59.744  -32.818 0.5000000000
167700  32.732  -63.140  -32.358 0.4000000060
11899  33.568  -62.189  -32.560 0.5000000000
11200  33.587  -63.273  -31.978 0.4000000060
10476  32.772  -63.872  -31.717 0.4000000060
9828  32.811  -64.509  -30.906 0.4000000060
12598  34.263  -60.580  -32.138 0.6000000238
185699  33.229  -59.618  -32.327 0.6000000238
11199  34.474  -62.434  -31.985 0.5000000000
10475  34.291  -64.162  -31.196 0.4000000060
13336  31.598  -59.978  -29.697 0.5000000000
16204  17.423  -56.820  -18.153 0.5000000000
17011  16.897  -56.072  -19.213 0.5000000000
18630  17.117  -54.615  -18.502 0.5000000000
17010  17.206  -56.069  -18.492 0.5000000000
17797  17.005  -55.383  -18.844 0.5000000000
16225  16.730  -56.838  -19.541 0.5000000000
6571  25.532  -69.640  -25.805 0.5000000000
6578  25.623  -69.853  -26.711 0.5000000000
11203  30.116  -63.502  -32.789 0.4000000060
10485  30.676  -63.864  -32.483 0.4000000060
9131  28.840  -66.115  -29.320 0.4000000060
11201  31.822  -63.022  -32.719 0.4000000060
179341  32.087  -63.646  -32.114 0.4000000060
9817  30.744  -64.943  -30.201 0.4000000060
9800  30.492  -65.132  -29.611 0.4000000060
12609  32.247  -61.073  -33.284 0.5000000000
162530  32.414  -64.994  -30.162 0.4000000060
12599  33.772  -60.948  -32.755 0.5000000000
11898  34.480  -61.393  -32.184 0.6000000238
11195  33.608  -64.069  -31.413 0.5000000000
12591  34.988  -61.077  -31.550 0.5000000000
12502  41.297  -61.192  -25.978 0.3000000119
11820  39.558  -62.314  -26.203 0.3000000119
11821  38.537  -62.483  -25.973 0.3000000119
12523  39.535  -61.704  -25.429 0.3000000119
13274  40.560  -60.693  -25.025 0.3000000119
14736  43.211  -58.960  -24.796 0.3000000119
14008  42.194  -59.839  -25.399 0.3000000119
11837  39.143  -62.874  -26.726 0.3000000119
11129  38.040  -63.271  -27.309 0.4000000060
173852  37.337  -63.317  -27.347 0.4000000060
12522  40.972  -61.771  -26.412 0.3000000119
11130  36.614  -63.337  -27.002 0.4000000060
11108  37.238  -63.116  -26.536 0.4000000060
169597  33.824  -63.464  -27.136 0.4000000060
11151  33.392  -63.290  -27.798 0.4000000060
13286  41.983  -61.152  -26.053 0.3000000119
11797  37.974  -62.165  -25.160 0.3000000119
11823  36.736  -62.719  -25.587 0.4000000060
13992  40.500  -59.158  -24.028 0.3000000119
12504  38.257  -61.583  -24.651 0.3000000119
11164  37.216  -63.392  -28.801 0.4000000060
11178  36.559  -62.597  -29.746 0.4000000060
11884  35.192  -61.134  -30.287 0.4000000060
12573  33.963  -61.062  -29.989 0.4000000060
185630  39.567  -63.233  -27.241 0.4000000060
11148  37.058  -63.395  -27.890 0.4000000060
184020  36.728  -63.193  -29.165 0.4000000060
11179  34.933  -62.311  -29.113 0.4000000060
11874  34.508  -61.652  -29.534 0.4000000060
11836  40.066  -62.819  -27.036 0.3000000119
179051  36.354  -63.322  -28.216 0.4000000060
11166  35.222  -63.000  -28.682 0.4000000060
12574  32.865  -61.010  -29.635 0.4000000060
12538  41.263  -62.153  -26.792 0.3000000119
11150  34.394  -63.373  -27.877 0.4000000060
11875  33.246  -61.785  -29.266 0.4000000060
12519  42.338  -61.101  -25.928 0.3000000119
11132  35.003  -63.384  -26.565 0.4000000060
11799  36.276  -62.210  -24.759 0.4000000060
10458  36.747  -63.141  -29.690 0.4000000060
11890  35.819  -61.508  -30.965 0.4000000060
10443  37.170  -63.858  -29.293 0.4000000060
11177  36.927  -63.346  -29.304 0.4000000060
11187  36.459  -62.279  -30.238 0.4000000060
12583  35.280  -61.055  -30.926 0.4000000060
10412  40.475  -63.548  -27.154 0.3000000119
11145  39.423  -63.656  -27.710 0.4000000060
11796  42.051  -62.518  -25.449 0.3000000119
11818  41.835  -62.310  -26.290 0.3000000119
12500  42.602  -61.353  -25.341 0.3000000119
11193  35.403  -62.475  -31.430 0.4000000060
11192  36.198  -62.095  -30.827 0.4000000060
12493  36.937  -61.199  -23.893 0.3000000119
13255  38.292  -60.416  -23.702 0.3000000119
12505  37.483  -61.682  -24.485 0.3000000119
12586  32.458  -60.203  -30.105 0.4000000060
12584  34.430  -60.655  -30.777 0.4000000060
12592  34.478  -60.560  -31.485 0.4000000060
10474  35.140  -63.623  -31.140 0.4000000060
11838  38.234  -62.964  -26.605 0.3000000119
12503  39.530  -61.026  -24.650 0.3000000119
14009  40.830  -59.844  -24.585 0.3000000119
11147  37.933  -63.462  -28.038 0.4000000060
11822  37.631  -62.624  -25.803 0.4000000060
11149  35.361  -63.332  -28.032 0.4000000060
11131  35.803  -63.372  -26.719 0.4000000060
11167  34.229  -63.030  -28.453 0.4000000060
11798  37.142  -62.207  -25.024 0.4000000060
11162  38.402  -63.777  -28.405 0.4000000060
11873  36.335  -61.810  -30.203 0.4000000060
160353  36.140  -62.162  -29.507 0.4000000060
11851  40.103  -63.346  -27.301 0.3000000119
11165  36.204  -62.982  -28.994 0.4000000060
11126  41.354  -62.457  -26.814 0.3000000119
188030  38.574  -64.150  -28.326 0.4000000060
10418  39.406  -64.179  -27.779 0.3000000119
11106  41.508  -62.972  -26.463 0.3000000119
3174  27.268  -76.354  -27.426 0.3000000119
2774  26.065  -76.807  -26.823 0.3000000119
3579  27.799  -75.622  -27.493 0.3000000119
2787  26.977  -77.863  -27.791 0.3000000119
3163  27.026  -75.593  -26.872 0.3000000119
3164  26.419  -76.049  -26.697 0.3000000119
3578  28.612  -75.291  -27.893 0.3000000119
2794  28.950  -76.784  -28.507 0.3000000119
3173  28.104  -76.660  -28.145 0.3000000119
3565  27.982  -74.701  -27.135 0.3000000119
3566  27.220  -74.899  -26.645 0.3000000119
3568  25.660  -75.416  -26.034 0.3000000119
5490  24.667  -71.682  -25.767 0.3000000119
3171  30.501  -76.122  -28.353 0.3000000119
2793  29.551  -76.685  -28.638 0.3000000119
3577  29.500  -75.248  -28.455 0.3000000119
3172  29.503  -76.144  -28.749 0.3000000119
2365  29.045  -77.272  -28.377 0.3000000119
4015  26.124  -73.983  -25.436 0.3000000119
181428  25.753  -71.941  -24.713 0.3000000119
4961  24.907  -72.207  -25.017 0.3000000119
4039  28.826  -74.526  -27.585 0.3000000119
4028  27.464  -74.029  -26.342 0.3000000119
162479  28.258  -74.053  -26.885 0.3000000119
180598  27.980  -72.800  -26.030 0.3000000119
4971  26.657  -72.794  -25.188 0.3000000119
4458  25.707  -72.616  -24.815 0.3000000119
5456  26.249  -71.456  -24.697 0.3000000119
7755  26.948  -67.978  -24.991 0.4000000060
6551  26.237  -69.519  -24.762 0.4000000060
1634  28.056  -79.203  -22.778 0.3000000119
1620  27.176  -79.316  -21.428 0.3000000119
2366  28.505  -77.868  -28.064 0.3000000119
2007  27.501  -78.670  -27.699 0.3000000119
2759  29.316  -77.196  -25.278 0.3000000119
2344  28.973  -77.693  -24.906 0.3000000119
1977  28.481  -78.524  -23.894 0.3000000119
1644  28.059  -79.219  -23.508 0.3000000119
1625  27.395  -79.503  -21.949 0.3000000119
3551  29.972  -75.877  -25.851 0.3000000119
186966  29.311  -77.522  -25.552 0.3000000119
1984  28.778  -78.200  -24.643 0.3000000119
1650  27.616  -79.608  -24.270 0.3000000119
1336  27.215  -79.852  -22.918 0.3000000119
2773  29.821  -77.280  -27.057 0.3000000119
1996  28.745  -78.204  -27.349 0.3000000119
1990  28.497  -78.652  -25.374 0.3000000119
1656  27.787  -79.329  -25.726 0.3000000119
184054  28.308  -78.612  -27.090 0.3000000119
1667  27.343  -79.395  -26.665 0.3000000119
4029  26.637  -74.387  -25.955 0.3000000119
3552  25.756  -74.587  -25.607 0.3000000119
2783  30.244  -76.672  -27.557 0.3000000119
4014  26.726  -73.637  -25.618 0.3000000119
1958  28.435  -78.652  -21.998 0.3000000119
1668  26.638  -79.669  -26.691 0.3000000119
3154  29.814  -76.683  -25.966 0.3000000119
161607  28.674  -77.995  -24.142 0.3000000119
167356  29.014  -77.984  -25.461 0.3000000119
185820  28.208  -79.035  -24.172 0.3000000119
1355  26.906  -80.117  -24.886 0.3000000119
163004  26.495  -70.745  -24.726 0.3000000119
164089  32.952  -65.930  -24.652 0.3000000119
9036  32.157  -66.171  -24.595 0.3000000119
9050  31.743  -66.201  -25.249 0.3000000119
9052  30.639  -66.278  -25.844 0.4000000060
9070  29.590  -66.241  -26.567 0.4000000060
8422  28.239  -66.605  -26.858 0.3000000119
8423  27.788  -66.786  -27.766 0.3000000119
9048  33.167  -66.092  -25.643 0.3000000119
8403  32.041  -66.482  -26.759 0.4000000060
8421  31.642  -66.409  -27.312 0.4000000060
9084  31.174  -66.183  -27.746 0.4000000060
163359  29.311  -66.020  -27.790 0.3000000119
165772  32.746  -66.314  -28.918 0.4000000060
168708  31.508  -65.984  -28.314 0.4000000060
9129  30.840  -65.440  -28.876 0.3000000119
9798  32.770  -65.583  -29.490 0.3000000119
9011  33.720  -66.165  -22.514 0.3000000119
9021  33.473  -65.932  -22.956 0.3000000119
9037  31.503  -66.364  -24.616 0.4000000060
8391  30.289  -66.572  -25.021 0.4000000060
179372  29.079  -66.723  -25.650 0.3000000119
8407  28.410  -66.836  -25.882 0.3000000119
8380  27.906  -67.219  -25.357 0.3000000119
9720  33.922  -65.460  -23.127 0.3000000119
9035  33.665  -65.604  -24.481 0.3000000119
9034  34.161  -65.602  -25.166 0.3000000119
164102  33.935  -66.010  -25.868 0.3000000119
8402  32.895  -66.703  -27.109 0.3000000119
8420  32.441  -66.702  -27.594 0.4000000060
9047  34.898  -65.789  -25.930 0.3000000119
9083  35.124  -66.522  -27.467 0.3000000119
8401  33.710  -66.767  -27.317 0.3000000119
8419  33.211  -66.921  -27.859 0.4000000060
8439  31.996  -66.484  -27.939 0.4000000060
8417  34.853  -66.818  -28.106 0.3000000119
8452  34.074  -66.802  -29.117 0.4000000060
9127  33.281  -66.261  -29.317 0.4000000060
9797  35.728  -65.440  -29.687 0.3000000119
9125  35.127  -66.319  -29.651 0.4000000060
9141  33.606  -65.794  -29.721 0.4000000060
9815  33.253  -65.154  -30.209 0.4000000060
9813  35.764  -64.636  -30.096 0.3000000119
10461  34.590  -64.577  -30.691 0.4000000060
10460  35.457  -64.203  -30.580 0.3000000119
6533  35.840  -70.025  -24.577 0.3000000119
6534  34.996  -69.832  -24.208 0.3000000119
5959  33.697  -70.191  -24.327 0.3000000119
167471  32.222  -69.556  -23.939 0.3000000119
8347  34.769  -66.764  -22.000 0.3000000119
7732  33.933  -67.725  -22.563 0.3000000119
178046  32.674  -67.796  -23.038 0.3000000119
6537  31.530  -69.173  -23.872 0.3000000119
9688  35.307  -65.231  -21.813 0.3000000119
9009  34.957  -65.910  -21.826 0.3000000119
7733  33.136  -67.292  -22.717 0.3000000119
7734  32.162  -67.283  -23.277 0.3000000119
7104  31.470  -67.747  -23.647 0.3000000119
8367  30.311  -67.450  -24.221 0.3000000119
7752  28.994  -67.890  -24.517 0.3000000119
7753  28.294  -67.914  -24.673 0.3000000119
170018  27.767  -68.357  -24.615 0.3000000119
168053  27.664  -69.493  -24.720 0.3000000119
9706  34.504  -65.213  -22.660 0.3000000119
9082  35.796  -66.545  -28.103 0.3000000119
8451  34.812  -66.770  -29.202 0.3000000119
9103  36.561  -66.086  -28.137 0.3000000119
9124  35.863  -66.238  -29.218 0.3000000119
9777  37.121  -65.377  -28.635 0.3000000119
10444  36.494  -64.386  -29.654 0.3000000119
10459  36.281  -63.584  -30.221 0.3000000119
6520  36.522  -70.097  -24.275 0.3000000119
6521  35.556  -69.396  -23.890 0.3000000119
177032  35.121  -68.800  -23.227 0.3000000119
6523  33.645  -68.991  -23.281 0.3000000119
7719  35.216  -67.590  -22.303 0.3000000119
7101  34.232  -68.524  -22.979 0.3000000119
5970  27.183  -70.278  -24.814 0.3000000119
5939  37.003  -70.720  -22.544 0.3000000119
172422  37.164  -69.695  -23.803 0.3000000119
7099  37.460  -69.076  -23.458 0.3000000119
7100  36.042  -68.876  -23.467 0.3000000119
7731  34.862  -68.114  -22.718 0.3000000119
8346  35.510  -66.510  -21.685 0.3000000119
5950  37.558  -70.133  -23.200 0.3000000119
6508  38.546  -69.236  -22.652 0.3000000119
7085  37.733  -68.578  -22.913 0.3000000119
7718  36.103  -67.790  -22.386 0.3000000119
7127  26.554  -68.884  -24.782 0.3000000119
7770  27.042  -67.363  -26.457 0.3000000119
8424  27.470  -67.030  -27.006 0.3000000119
9086  29.035  -66.205  -27.087 0.3000000119
9106  30.770  -65.846  -28.228 0.4000000060
9814  34.082  -65.261  -30.193 0.4000000060
9776  37.811  -64.978  -28.424 0.3000000119
9027  33.298  -65.771  -23.702 0.3000000119
179872  32.039  -66.274  -25.953 0.3000000119
9028  32.539  -66.161  -23.919 0.3000000119
158768  31.430  -66.273  -25.976 0.4000000060
9069  30.307  -66.221  -26.522 0.4000000060
168802  30.761  -66.195  -27.176 0.4000000060
8437  33.628  -66.900  -28.529 0.4000000060
9695  34.025  -65.654  -22.561 0.3000000119
8357  32.677  -66.829  -23.058 0.3000000119
172849  30.470  -66.973  -24.458 0.3000000119
8365  31.675  -66.934  -23.803 0.3000000119
8378  29.902  -67.107  -24.596 0.4000000060
8392  28.702  -67.108  -25.161 0.3000000119
9719  34.488  -65.083  -23.313 0.3000000119
9729  34.639  -65.114  -24.111 0.3000000119
9739  34.817  -65.341  -24.968 0.3000000119
8418  34.012  -66.933  -28.022 0.4000000060
9123  36.493  -65.988  -28.728 0.3000000119
7103  32.809  -68.612  -23.246 0.3000000119
179706  32.140  -68.142  -23.358 0.3000000119
7116  31.122  -68.492  -23.824 0.3000000119
9102  37.347  -65.644  -28.024 0.3000000119
13300  19.813  -60.716  -26.989 0.4000000060
1332  27.033  -79.859  -22.437 0.3000000119
1609  26.897  -79.036  -21.019 0.3000000119
1624  28.014  -79.196  -22.049 0.3000000119
1626  26.819  -79.663  -21.996 0.3000000119
1635  27.689  -79.527  -23.011 0.3000000119
1645  27.422  -79.765  -23.479 0.3000000119
1649  28.088  -79.170  -24.831 0.3000000119
1657  26.919  -79.909  -25.886 0.3000000119
1666  28.109  -78.928  -26.435 0.3000000119
1976  28.563  -78.240  -23.362 0.3000000119
1985  28.463  -78.655  -24.526 0.3000000119
1989  28.727  -78.378  -26.344 0.3000000119
1997  27.720  -78.918  -27.266 0.3000000119
2006  28.079  -78.448  -27.748 0.3000000119
2008  27.044  -78.586  -27.704 0.3000000119
2348  29.303  -77.783  -26.465 0.3000000119
2367  27.724  -78.124  -28.084 0.3000000119
2765  30.030  -76.847  -26.615 0.3000000119
2766  29.695  -77.231  -26.072 0.3000000119
2784  29.698  -77.088  -28.090 0.3000000119
2785  28.356  -77.423  -28.290 0.3000000119
2786  27.560  -77.342  -28.029 0.3000000119
2792  30.024  -76.577  -28.424 0.3000000119
3175  26.773  -76.962  -27.348 0.3000000119
3182  30.090  -76.128  -28.726 0.3000000119
3567  26.467  -75.153  -26.265 0.3000000119
4016  24.856  -74.242  -25.317 0.3000000119
4470  27.410  -73.194  -25.838 0.3000000119
4471  25.997  -73.371  -25.103 0.3000000119
4483  28.126  -73.411  -26.425 0.3000000119
4958  26.902  -71.968  -25.006 0.3000000119
4959  26.251  -72.168  -24.803 0.3000000119
4960  25.249  -72.053  -24.786 0.3000000119
4972  24.593  -72.295  -25.410 0.3000000119
5457  25.540  -71.416  -24.757 0.5000000000
5474  24.837  -71.751  -25.215 0.5000000000
5501  24.675  -71.729  -26.500 0.3000000119
5523  29.721  -71.458  -29.962 0.5000000000
5525  27.450  -71.274  -28.566 0.5000000000
5951  36.937  -70.447  -23.579 0.3000000119
5971  26.352  -70.113  -24.711 0.4000000060
5987  25.408  -70.234  -25.315 0.5000000000
5998  24.978  -71.050  -25.388 0.5000000000
6007  25.386  -70.725  -27.008 0.5000000000
6018  26.727  -70.785  -28.131 0.4000000060
6019  25.987  -71.058  -27.738 0.4000000060
6032  29.105  -70.861  -29.312 0.5000000000
6509  38.038  -69.715  -22.892 0.3000000119
6518  38.074  -69.092  -23.135 0.3000000119
6519  37.734  -69.519  -23.407 0.3000000119
6522  34.584  -69.232  -23.510 0.3000000119
6524  33.015  -69.506  -23.710 0.3000000119
6535  34.042  -69.693  -23.822 0.3000000119
6550  26.830  -69.508  -24.672 0.4000000060
6561  25.683  -69.591  -25.173 0.5000000000
6586  27.535  -69.702  -28.463 0.5000000000
7086  36.751  -68.545  -23.057 0.3000000119
7087  35.739  -68.245  -22.824 0.3000000119
7102  33.362  -68.176  -22.888 0.3000000119
7115  32.215  -68.929  -23.586 0.3000000119
7117  30.462  -68.530  -24.084 0.3000000119
7126  27.278  -68.880  -24.634 0.3000000119
7128  25.971  -69.232  -24.937 0.5000000000
7133  26.211  -68.628  -25.121 0.3000000119
7184  29.109  -68.675  -29.894 0.4000000060
7720  34.467  -67.411  -22.265 0.3000000119
7741  30.744  -67.874  -23.968 0.3000000119
7742  30.148  -67.992  -24.169 0.3000000119
7751  29.688  -67.696  -24.396 0.3000000119
7754  27.594  -67.803  -24.894 0.3000000119
7762  27.124  -67.532  -25.560 0.4000000060
7763  26.563  -68.087  -25.363 0.4000000060
7771  26.591  -67.851  -26.106 0.3000000119
7779  26.832  -68.119  -27.547 0.5000000000
7780  26.715  -67.788  -26.816 0.3000000119
7790  27.694  -67.279  -28.549 0.4000000060
7812  29.151  -67.916  -30.426 0.4000000060
8348  33.856  -66.814  -22.333 0.3000000119
8356  33.200  -66.484  -22.710 0.3000000119
8364  32.273  -66.589  -23.547 0.3000000119
8366  30.965  -67.141  -24.054 0.3000000119
8376  31.366  -66.650  -24.192 0.3000000119
8377  30.921  -66.620  -24.551 0.3000000119
8379  28.684  -67.520  -24.766 0.3000000119
8400  34.411  -66.747  -27.535 0.4000000060
8404  31.167  -66.300  -26.627 0.4000000060
8405  29.755  -66.422  -25.830 0.3000000119
8406  29.009  -66.459  -26.305 0.4000000060
8408  27.660  -67.024  -26.136 0.3000000119
8416  35.286  -66.807  -28.713 0.3000000119
8436  34.437  -66.932  -28.647 0.4000000060
8438  32.810  -66.734  -28.340 0.4000000060
8440  27.284  -67.389  -27.769 0.5000000000
8453  33.391  -66.700  -28.993 0.4000000060
8454  28.167  -66.953  -29.055 0.4000000060
8466  28.552  -67.141  -29.822 0.4000000060
8493  28.076  -66.908  -32.898 0.4000000060
9010  34.261  -66.058  -22.201 0.3000000119
9022  32.855  -66.224  -23.265 0.3000000119
9029  31.882  -66.413  -24.075 0.3000000119
9049  32.442  -66.129  -25.362 0.3000000119
9051  31.046  -66.295  -25.175 0.3000000119
9066  34.414  -66.371  -26.775 0.3000000119
9067  33.455  -66.427  -26.518 0.3000000119
9068  32.661  -66.355  -26.260 0.3000000119
9080  37.817  -65.627  -27.442 0.3000000119
9085  29.874  -66.119  -27.147 0.3000000119
9104  35.966  -66.536  -28.733 0.3000000119
9105  32.213  -66.331  -28.471 0.4000000060
9107  30.233  -65.992  -27.823 0.4000000060
9108  28.961  -66.029  -28.520 0.4000000060
9126  33.863  -66.478  -29.465 0.4000000060
9140  34.371  -66.049  -29.807 0.4000000060
9144  26.496  -65.760  -29.768 0.5000000000
9154  29.352  -65.912  -31.807 0.4000000060
9163  29.211  -65.496  -32.368 0.4000000060
9164  27.188  -65.536  -32.549 0.5000000000
9694  35.106  -64.926  -22.253 0.3000000119
9730  33.993  -65.359  -23.827 0.3000000119
9775  38.390  -64.756  -28.248 0.3000000119
9779  25.434  -65.093  -27.987 0.5000000000
9795  37.535  -64.421  -28.882 0.3000000119
9796  36.366  -65.461  -29.236 0.3000000119
9799  31.241  -65.161  -29.545 0.4000000060
9819  26.869  -65.111  -30.165 0.6000000238
9827  33.772  -64.658  -30.790 0.5000000000
9829  31.960  -64.625  -30.690 0.4000000060
9833  27.295  -64.566  -31.566 0.4000000060
9841  27.311  -64.936  -32.326 0.5000000000
9842  27.022  -65.254  -32.074 0.5000000000
9850  28.025  -65.642  -32.888 0.4000000060
10427  38.918  -63.908  -28.127 0.4000000060
10428  38.095  -64.108  -28.575 0.4000000060
10442  37.563  -63.706  -28.931 0.4000000060
10464  23.881  -64.351  -30.250 0.5000000000
10473  36.014  -63.070  -30.751 0.4000000060
10484  31.353  -63.766  -32.258 0.4000000060
10486  30.101  -64.228  -32.469 0.4000000060
10496  28.838  -64.176  -32.811 0.4000000060
10497  28.287  -64.591  -32.766 0.4000000060
11048  30.822  -62.580  -23.060 0.6999999881
11051  28.782  -63.070  -22.835 0.6000000238
11053  26.760  -63.239  -23.096 0.6999999881
11068  32.520  -62.867  -24.236 0.6000000238
11071  29.619  -63.309  -23.742 0.6999999881
11072  29.037  -63.281  -23.320 0.6999999881
11074  27.071  -63.400  -23.817 0.6999999881
11076  25.649  -62.942  -23.725 0.6999999881
11096  29.907  -63.382  -24.616 0.6999999881
11099  27.375  -63.418  -24.561 0.6999999881
11100  26.627  -63.317  -24.452 0.6999999881
11101  25.917  -63.104  -24.425 0.6999999881
11109  36.262  -63.143  -26.171 0.4000000060
11111  34.595  -63.209  -25.818 0.5000000000
11112  33.836  -63.234  -25.741 0.5000000000
11118  28.817  -63.381  -25.493 0.6999999881
11127  41.045  -63.202  -26.831 0.3000000119
11128  38.869  -63.268  -27.307 0.4000000060
11137  27.824  -63.068  -26.029 0.6999999881
11144  39.947  -63.875  -27.478 0.3000000119
11146  38.673  -63.579  -27.969 0.4000000060
11163  37.835  -63.579  -28.602 0.4000000060
11180  24.951  -63.811  -29.566 0.5000000000
11194  34.420  -63.439  -31.613 0.4000000060
11196  27.899  -63.007  -31.721 0.6999999881
11198  23.723  -63.433  -31.453 0.6000000238
11205  28.376  -63.294  -32.221 0.5000000000
11208  28.772  -63.632  -32.704 0.4000000060
11752  27.644  -62.456  -22.239 0.6000000238
11754  26.005  -62.453  -22.080 0.6999999881
11761  29.987  -62.690  -22.844 0.6000000238
11765  26.420  -62.941  -22.506 0.6000000238
11766  25.438  -62.643  -23.072 0.6999999881
11777  36.363  -61.638  -24.142 0.4000000060
11780  32.938  -62.338  -23.755 0.6000000238
11781  31.605  -62.592  -23.399 0.6000000238
11783  24.632  -61.983  -23.682 0.6999999881
11801  34.614  -62.549  -24.673 0.5000000000
11802  33.911  -62.632  -24.576 0.5000000000
11803  33.225  -62.756  -24.427 0.6000000238
11805  24.766  -62.152  -24.312 0.6999999881
11809  20.242  -62.232  -24.365 0.6000000238
11819  40.597  -62.312  -26.733 0.3000000119
11824  35.910  -62.820  -25.377 0.5000000000
11825  27.101  -62.954  -25.875 0.6999999881
11827  25.628  -62.662  -25.158 0.6999999881
11828  25.050  -62.278  -24.891 0.6999999881
11835  40.800  -62.795  -27.078 0.3000000119
11843  25.766  -62.065  -25.996 0.6999999881
11852  31.309  -62.900  -27.688 0.5000000000
11853  30.592  -62.715  -27.563 0.6000000238
11854  29.173  -62.441  -27.299 0.6999999881
11855  28.486  -62.287  -27.159 0.6999999881
11856  27.818  -62.100  -27.017 0.6999999881
11863  33.580  -62.569  -28.726 0.4000000060
11882  36.314  -61.648  -30.484 0.4000000060
11883  36.083  -61.360  -30.483 0.4000000060
11887  24.702  -63.016  -30.962 0.5000000000
11895  23.287  -62.905  -32.126 0.6000000238
11896  22.756  -62.542  -31.786 0.6000000238
11897  35.141  -61.677  -31.649 0.4000000060
11900  32.588  -62.441  -32.788 0.4000000060
11904  28.098  -61.899  -31.797 0.6999999881
11907  32.001  -62.067  -33.090 0.5000000000
11909  30.831  -62.159  -33.053 0.4000000060
12447  15.864  -61.345  -20.911 0.5000000000
12453  17.419  -61.374  -20.986 0.5000000000
12460  32.131  -60.951  -22.437 0.5000000000
12464  26.306  -61.875  -21.620 0.6000000238
12476  34.283  -60.759  -22.814 0.4000000060
12479  31.886  -61.492  -22.634 0.5000000000
12480  31.076  -61.515  -22.622 0.6000000238
12482  28.838  -62.007  -22.419 0.6000000238
12483  25.332  -62.284  -22.437 0.6999999881
12491  38.631  -61.013  -24.242 0.3000000119
12492  37.830  -61.062  -24.003 0.3000000119
12496  24.412  -61.438  -23.313 0.6999999881
12501  42.293  -61.807  -25.853 0.3000000119
12506  36.828  -61.786  -24.431 0.4000000060
12520  41.906  -61.610  -26.251 0.3000000119
12521  41.573  -61.673  -26.438 0.3000000119
12524  38.791  -62.014  -25.333 0.3000000119
12528  20.941  -61.425  -25.450 0.5000000000
12537  41.592  -61.962  -26.637 0.3000000119
12541  25.626  -61.273  -26.421 0.6999999881
12548  17.822  -61.176  -26.342 0.5000000000
12549  17.263  -61.211  -26.017 0.5000000000
12564  31.482  -61.570  -28.611 0.5000000000
12567  29.171  -61.322  -28.178 0.6999999881
12597  22.607  -61.681  -31.806 0.5000000000
12602  29.283  -61.394  -32.080 0.6000000238
12605  26.109  -61.190  -32.121 0.6999999881
12607  24.313  -61.778  -32.456 0.6999999881
12608  22.800  -61.537  -32.107 0.6000000238
12610  31.745  -60.692  -33.132 0.5000000000
13177  19.597  -60.148  -19.025 0.6000000238
13178  18.919  -60.308  -18.828 0.5000000000
13183  18.441  -60.647  -19.293 0.5000000000
13185  17.114  -60.665  -19.334 0.5000000000
13191  18.138  -61.119  -20.427 0.5000000000
13192  17.452  -61.251  -20.138 0.5000000000
13194  15.842  -60.932  -20.091 0.6000000238
13196  14.163  -60.143  -20.213 0.6000000238
13203  27.190  -60.473  -21.215 0.6000000238
13208  15.098  -61.015  -20.733 0.4000000060
13209  13.604  -60.324  -20.723 0.6000000238
13220  28.772  -60.427  -22.639 0.6000000238
13221  28.139  -60.721  -22.055 0.6000000238
13223  25.349  -60.577  -21.441 0.6000000238
13226  17.617  -61.215  -21.810 0.5000000000
13237  36.730  -59.936  -23.119 0.4000000060
13258  35.891  -60.755  -23.304 0.4000000060
13260  23.987  -59.968  -23.683 0.6000000238
13275  24.360  -60.777  -24.737 0.6000000238
13287  24.819  -60.400  -25.929 0.6000000238
13301  18.898  -60.728  -27.030 0.5000000000
13311  26.982  -60.670  -27.811 0.6000000238
13312  26.290  -60.279  -27.644 0.6999999881
13315  21.896  -60.546  -27.880 0.5000000000
13316  20.907  -60.369  -27.841 0.5000000000
13317  20.068  -60.324  -27.694 0.4000000060
13318  18.503  -60.226  -27.465 0.5000000000
13319  17.967  -60.192  -27.149 0.5000000000
13324  28.811  -60.660  -28.505 0.6999999881
13325  28.085  -60.561  -28.415 0.6000000238
13330  21.079  -60.179  -28.757 0.5000000000
13337  30.726  -59.970  -29.384 0.6999999881
13338  29.919  -60.059  -29.129 0.6999999881
13352  22.394  -60.809  -31.236 0.5000000000
13353  22.011  -60.147  -30.763 0.5000000000
13357  33.750  -60.014  -31.991 0.6000000238
13358  33.118  -59.518  -31.773 0.6999999881
13362  22.260  -60.439  -31.070 0.5000000000
13363  33.586  -60.092  -32.601 0.6000000238
13367  29.113  -60.681  -32.086 0.6000000238
13369  26.570  -60.414  -32.276 0.6999999881
13370  25.638  -60.547  -32.087 0.6999999881
13373  33.025  -60.498  -33.115 0.5000000000
13374  32.437  -60.221  -33.242 0.5000000000
13890  19.079  -59.285  -17.867 0.6000000238
13906  19.387  -59.805  -18.429 0.5000000000
13907  18.641  -59.813  -18.333 0.5000000000
13919  16.841  -60.056  -19.073 0.5000000000
13927  20.838  -59.653  -19.791 0.6000000238
13930  15.564  -60.248  -19.597 0.6000000238
13932  14.146  -59.467  -20.168 0.6000000238
13941  28.098  -59.620  -21.156 0.6000000238
13942  27.424  -59.883  -20.935 0.6000000238
13959  25.589  -59.826  -21.181 0.8000000119
13963  18.588  -60.241  -22.305 0.5000000000
13964  12.175  -59.971  -22.398 0.5000000000
13976  33.103  -59.893  -22.504 0.4000000060
13977  31.842  -59.784  -22.914 0.5000000000
13982  24.068  -59.433  -23.211 0.6999999881
13983  19.041  -59.610  -22.713 0.6000000238
13999  23.904  -59.181  -23.981 0.6000000238
14000  18.118  -59.528  -23.807 0.5000000000
14024  25.281  -59.966  -26.881 0.6000000238
14026  17.675  -60.047  -26.670 0.5000000000
14031  25.981  -59.580  -28.086 0.6999999881
14032  25.390  -59.227  -27.847 0.6000000238
14035  18.458  -59.609  -27.626 0.5000000000
14042  19.902  -59.521  -28.795 0.5000000000
14043  19.303  -59.370  -28.483 0.5000000000
14044  18.848  -59.301  -28.214 0.5000000000
14060  29.560  -58.973  -30.090 0.8000000119
14063  21.214  -59.530  -29.898 0.5000000000
14070  25.879  -59.178  -31.353 0.6999999881
14071  25.144  -59.470  -31.274 0.6999999881
14079  28.789  -59.193  -32.316 0.6000000238
14083  24.923  -60.196  -31.779 0.6000000238
14084  24.021  -60.564  -31.886 0.6000000238
14613  21.225  -58.694  -17.797 0.6000000238
14614  20.779  -58.335  -17.252 0.5000000000
14615  18.753  -58.705  -17.466 0.5000000000
14616  18.183  -58.582  -17.697 0.5000000000
14627  21.376  -59.045  -18.531 0.6000000238
14630  17.696  -58.861  -18.198 0.5000000000
14642  22.042  -58.838  -18.733 0.6999999881
14645  16.678  -59.239  -19.053 0.5000000000
14654  28.021  -58.587  -20.312 0.8000000119
14655  27.774  -59.279  -20.553 0.6999999881
14656  26.787  -58.648  -20.403 0.8000000119
14659  22.146  -58.990  -19.942 0.6999999881
14661  15.406  -58.692  -19.780 0.6000000238
14672  26.392  -59.055  -20.630 0.8000000119
14673  25.747  -58.917  -20.999 0.8000000119
14674  25.131  -58.337  -21.631 0.8000000119
14677  21.314  -59.028  -21.116 0.6000000238
14679  13.234  -59.225  -20.844 0.6000000238
14687  29.113  -58.780  -22.358 0.6000000238
14688  28.688  -59.251  -21.647 0.6000000238
14690  24.741  -59.013  -22.093 0.6999999881
14694  19.688  -59.323  -22.368 0.6000000238
14696  12.319  -59.305  -22.786 0.6000000238
14704  35.694  -58.855  -22.876 0.4000000060
14711  20.099  -58.773  -22.788 0.6999999881
14713  18.828  -59.274  -23.438 0.5000000000
14714  12.666  -58.653  -23.213 0.6000000238
14732  12.330  -59.203  -23.611 0.5000000000
14737  42.767  -59.201  -25.078 0.3000000119
14738  41.483  -59.123  -24.571 0.3000000119
14756  24.285  -59.058  -26.243 0.6000000238
14764  24.767  -58.943  -27.464 0.6999999881
14765  24.129  -58.579  -27.202 0.6999999881
14767  18.088  -59.709  -27.064 0.5000000000
14785  20.629  -59.240  -29.522 0.6000000238
14786  20.124  -58.852  -29.132 0.5000000000
14796  28.054  -58.766  -30.599 0.6999999881
14800  24.908  -58.722  -30.395 0.6999999881
14801  23.965  -58.777  -30.446 0.5000000000
14803  21.796  -59.300  -30.499 0.5000000000
14809  30.338  -58.492  -31.486 0.6000000238
14810  29.619  -58.571  -31.552 0.6000000238
14812  27.159  -58.825  -31.310 0.6999999881
14814  24.405  -59.172  -30.940 0.6000000238
14816  22.371  -59.303  -30.805 0.5000000000
14818  29.244  -58.806  -31.884 0.6000000238
14819  28.374  -58.920  -31.932 0.6000000238
14820  27.093  -59.180  -31.936 0.6999999881
15361  21.060  -57.704  -17.173 0.4000000060
15362  20.317  -57.780  -16.935 0.4000000060
15363  19.625  -58.087  -16.893 0.5000000000
15379  22.574  -57.897  -17.922 0.5000000000
15381  21.359  -58.170  -17.432 0.4000000060
15383  18.411  -57.969  -17.298 0.5000000000
15390  23.675  -57.691  -18.619 0.5000000000
15408  16.938  -58.034  -18.919 0.6000000238
15425  25.049  -57.795  -20.528 0.6000000238
15427  23.580  -58.374  -19.733 0.6000000238
15428  16.274  -57.312  -20.099 0.6000000238
15430  14.329  -58.154  -20.483 0.6000000238
15440  25.087  -58.068  -21.203 0.8000000119
15441  24.503  -57.998  -21.225 0.6999999881
15445  13.290  -58.528  -21.137 0.6000000238
15450  29.240  -57.863  -21.857 0.6000000238
15451  24.613  -58.132  -21.892 0.8000000119
15455  21.606  -58.316  -22.340 0.6999999881
15468  24.235  -58.035  -22.488 0.8000000119
15470  23.046  -57.796  -22.890 0.6999999881
15474  19.916  -58.522  -23.477 0.6999999881
15475  13.405  -57.665  -22.369 0.6000000238
15476  13.002  -58.143  -22.762 0.6000000238
15497  20.894  -57.970  -23.676 0.6999999881
15498  20.450  -57.877  -24.212 0.6999999881
15499  19.741  -58.158  -24.123 0.6000000238
15500  19.094  -58.459  -24.389 0.6000000238
15516  13.578  -57.595  -25.149 0.5000000000
15527  18.884  -58.208  -25.797 0.6000000238
15529  13.304  -58.211  -25.404 0.5000000000
15531  23.621  -58.226  -26.823 0.6999999881
15532  23.134  -57.888  -26.387 0.6999999881
15545  19.318  -57.934  -27.792 0.5000000000
15554  21.826  -57.845  -28.561 0.6999999881
15556  19.183  -58.301  -28.171 0.5000000000
15560  25.131  -58.596  -29.831 0.6999999881
15561  24.492  -58.462  -29.456 0.6000000238
15562  23.844  -58.338  -29.143 0.6000000238
15563  23.086  -58.181  -28.984 0.6999999881
15567  19.542  -58.128  -28.619 0.5000000000
15574  22.736  -58.489  -29.858 0.6000000238
16180  20.135  -57.052  -16.787 0.5000000000
16197  18.369  -57.061  -17.043 0.6000000238
16203  24.018  -56.931  -18.441 0.5000000000
16205  17.041  -56.624  -18.841 0.5000000000
16220  26.960  -56.785  -19.602 0.6000000238
16222  25.388  -56.788  -19.330 0.5000000000
16224  17.052  -57.361  -18.774 0.5000000000
16238  27.504  -57.335  -19.813 0.6000000238
16239  26.720  -57.408  -19.932 0.6000000238
16242  16.491  -56.630  -20.254 0.6000000238
16249  29.389  -57.038  -21.478 0.5000000000
16252  14.087  -57.441  -21.399 0.6000000238
16258  14.504  -56.675  -22.508 0.6000000238
16259  13.965  -57.235  -22.063 0.6000000238
16267  22.543  -57.605  -23.614 0.6999999881
16282  22.960  -57.469  -24.854 0.6999999881
16283  22.777  -57.452  -24.253 0.6000000238
16285  21.211  -57.655  -24.227 0.6999999881
16287  13.554  -57.280  -23.662 0.5000000000
16303  21.494  -57.394  -24.814 0.6999999881
16322  22.686  -57.387  -25.355 0.6000000238
16323  22.169  -57.310  -25.609 0.6999999881
16339  22.654  -57.556  -25.992 0.6999999881
16341  21.328  -57.275  -26.644 0.6000000238
16343  19.901  -57.398  -26.986 0.4000000060
16355  21.825  -57.474  -27.158 0.6000000238
16357  20.264  -57.317  -27.652 0.6000000238
16984  19.127  -56.302  -16.573 0.6000000238
16985  18.505  -56.355  -16.813 0.6000000238
17001  18.015  -56.155  -17.223 0.6000000238
17002  17.585  -56.110  -17.788 0.5000000000
17025  27.904  -56.035  -19.588 0.6000000238
17027  26.509  -56.241  -19.351 0.5000000000
17030  16.673  -56.093  -19.942 0.6000000238
17057  15.585  -55.595  -22.589 0.6000000238
17067  14.899  -55.958  -23.705 0.6000000238
17081  14.788  -55.891  -24.512 0.5000000000
17767  19.426  -55.532  -16.555 0.6000000238
17787  17.801  -55.508  -17.445 0.6000000238
17814  28.182  -55.303  -19.825 0.6000000238
17817  16.781  -55.409  -19.582 0.6000000238
17837  16.165  -55.133  -21.525 0.6000000238
17858  15.618  -54.577  -24.567 0.6000000238
18615  19.039  -54.318  -16.598 0.4000000060
18631  16.813  -53.828  -18.971 0.6000000238
18687  15.812  -53.281  -22.072 0.6000000238
18713  15.781  -53.667  -24.296 0.6000000238
19450  17.989  -52.728  -17.205 0.4000000060
19456  18.118  -53.378  -17.202 0.4000000060
19468  16.782  -52.916  -18.832 0.6000000238
19520  15.653  -52.780  -21.500 0.6000000238
19521  14.915  -52.834  -20.908 0.4000000060
19551  15.057  -52.674  -22.392 0.6000000238
19566  15.608  -52.927  -23.713 0.5000000000
19577  15.694  -53.192  -25.103 0.5000000000
20325  16.910  -52.218  -17.815 0.4000000060
20326  16.268  -51.985  -17.956 0.4000000060
20327  14.385  -52.229  -17.812 0.4000000060
20337  14.827  -52.395  -18.365 0.4000000060
20355  16.338  -52.428  -19.301 0.6000000238
20356  15.961  -52.353  -19.643 0.6000000238
20357  15.284  -52.522  -19.855 0.5000000000
20374  15.842  -52.489  -20.313 0.5000000000
20393  16.134  -52.820  -20.640 0.6000000238
20408  15.374  -52.619  -21.979 0.6000000238
20419  15.397  -52.700  -23.053 0.5000000000
21169  17.701  -51.596  -16.746 0.4000000060
21171  15.989  -51.399  -16.841 0.4000000060
21178  17.116  -51.862  -17.198 0.4000000060
21180  15.656  -51.779  -17.515 0.4000000060
21182  14.046  -51.742  -17.467 0.3000000119
21946  15.619  -50.554  -16.464 0.4000000060
21954  14.455  -51.282  -17.048 0.3000000119
24440  13.307  -48.337  -19.180 0.3000000119
24457  13.070  -48.036  -21.265 0.3000000119
25275  16.666  -47.460  -16.945 0.4000000060
25289  19.710  -46.972  -17.505 0.4000000060
25292  16.659  -46.863  -17.225 0.4000000060
25316  14.209  -47.458  -18.772 0.3000000119
25323  14.116  -46.974  -20.351 0.3000000119
25331  13.968  -47.045  -21.348 0.3000000119
25365  14.582  -46.661  -24.182 0.3000000119
25366  14.031  -47.186  -24.180 0.3000000119
25378  13.595  -47.170  -25.225 0.4000000060
25386  14.043  -46.786  -25.583 0.4000000060
26211  17.194  -45.828  -17.434 0.4000000060
26213  16.126  -46.676  -17.555 0.4000000060
26228  16.576  -45.568  -17.889 0.4000000060
26230  15.180  -46.527  -18.477 0.3000000119
26244  14.972  -46.281  -19.140 0.3000000119
26287  14.743  -46.334  -23.199 0.3000000119
26322  14.467  -46.323  -25.958 0.3000000119
26323  13.967  -46.500  -25.887 0.3000000119
27154  16.613  -44.992  -18.318 0.4000000060
27181  14.913  -46.092  -19.806 0.3000000119
27207  15.396  -45.241  -22.438 0.3000000119
27208  15.070  -45.651  -21.872 0.3000000119
27221  15.470  -45.157  -23.181 0.3000000119
27244  14.965  -46.033  -25.562 0.4000000060
27255  14.800  -45.642  -26.108 0.4000000060
27262  15.133  -44.851  -26.095 0.3000000119
28098  17.022  -44.365  -18.649 0.4000000060
28114  16.567  -44.213  -19.447 0.4000000060
28165  15.711  -44.667  -23.544 0.3000000119
28177  15.674  -44.742  -24.449 0.5000000000
28197  14.085  -44.960  -25.992 0.3000000119
28204  15.044  -44.414  -26.273 0.3000000119
28205  14.571  -44.301  -26.132 0.3000000119
29071  21.107  -43.218  -18.977 0.3000000119
29074  18.461  -43.373  -18.912 0.3000000119
29084  16.914  -43.682  -19.915 0.4000000060
29146  16.011  -44.037  -25.600 0.3000000119
29154  15.868  -43.770  -26.081 0.3000000119
29163  15.425  -44.207  -26.293 0.3000000119
30008  18.896  -42.852  -19.380 0.3000000119
30009  18.231  -43.053  -19.553 0.3000000119
30037  16.935  -43.123  -21.173 0.3000000119
30047  17.401  -42.573  -21.719 0.3000000119
30060  17.193  -42.351  -22.509 0.3000000119
30061  16.644  -42.808  -22.951 0.3000000119
30092  16.106  -43.047  -26.094 0.3000000119
31065  17.413  -41.673  -23.761 0.3000000119
31066  16.919  -42.056  -24.012 0.3000000119
31075  16.838  -42.020  -24.838 0.3000000119
31085  17.055  -41.097  -25.822 0.3000000119
31096  16.476  -41.652  -26.253 0.3000000119
32024  19.955  -41.301  -22.518 0.3000000119
32039  19.586  -40.972  -23.092 0.3000000119
32069  17.538  -40.332  -25.837 0.3000000119
32999  18.917  -40.188  -24.270 0.3000000119
33010  19.236  -39.429  -24.814 0.3000000119
34035  18.769  -38.864  -25.488 0.3000000119
158237  17.848  -46.381  -17.205 0.4000000060
158752  40.344  -61.396  -25.563 0.3000000119
160418  23.575  -57.997  -24.553 0.6000000238
160502  32.397  -60.052  -22.579 0.4000000060
160968  36.420  -69.583  -24.048 0.3000000119
161172  29.204  -66.215  -31.001 0.4000000060
161382  30.450  -64.812  -30.943 0.4000000060
161497  27.585  -79.563  -22.502 0.3000000119
162489  23.843  -58.645  -25.736 0.6000000238
163329  18.563  -46.628  -17.248 0.4000000060
163360  34.839  -61.143  -23.238 0.4000000060
163915  23.333  -58.471  -20.428 0.6999999881
164101  35.415  -66.166  -26.819 0.3000000119
164172  22.526  -57.964  -28.548 0.6999999881
164352  35.818  -61.546  -29.920 0.4000000060
164635  27.076  -68.327  -24.723 0.3000000119
166389  29.232  -67.310  -24.703 0.3000000119
166407  15.596  -52.930  -25.771 0.5000000000
166504  15.484  -54.636  -25.245 0.5000000000
166769  29.949  -63.314  -26.240 0.6000000238
166794  16.609  -58.435  -19.215 0.6000000238
167612  32.662  -62.334  -28.652 0.5000000000
167661  15.980  -44.199  -24.865 0.4000000060
167673  25.679  -58.863  -29.018 0.6999999881
167871  36.847  -69.120  -23.706 0.3000000119
168077  35.525  -63.422  -27.351 0.4000000060
168345  25.908  -70.743  -24.695 0.5000000000
168594  29.485  -66.834  -25.113 0.3000000119
168647  16.322  -54.488  -21.088 0.6000000238
168760  34.464  -66.578  -29.534 0.3000000119
168904  34.672  -63.452  -27.236 0.4000000060
169019  14.025  -56.859  -23.645 0.5000000000
169087  18.684  -60.776  -19.950 0.5000000000
169138  20.933  -57.242  -26.196 0.6000000238
169311  36.230  -63.392  -27.413 0.4000000060
169390  19.211  -60.276  -27.633 0.5000000000
169443  19.453  -57.899  -25.283 0.6999999881
169795  14.964  -46.091  -23.862 0.4000000060
170072  30.094  -65.658  -28.583 0.4000000060
170132  28.001  -61.013  -32.094 0.6999999881
170463  16.816  -54.664  -19.236 0.6000000238
170464  25.162  -61.202  -21.728 0.6000000238
170552  25.024  -72.718  -24.911 0.3000000119
170762  27.972  -68.903  -24.604 0.3000000119
170964  27.561  -62.771  -31.408 0.6999999881
171139  34.639  -65.440  -22.183 0.3000000119
171150  29.245  -77.646  -27.673 0.3000000119
171247  31.782  -63.376  -26.017 0.6000000238
171785  31.643  -63.239  -27.158 0.5000000000
171842  19.718  -60.267  -19.580 0.6000000238
172083  28.011  -63.041  -22.678 0.6000000238
172123  27.477  -79.642  -25.120 0.3000000119
172300  19.371  -54.827  -16.537 0.4000000060
172345  25.444  -73.814  -25.193 0.3000000119
172462  20.581  -57.809  -28.816 0.6000000238
173155  22.269  -58.893  -19.300 0.6999999881
173864  29.341  -59.776  -32.221 0.6999999881
174247  19.961  -57.837  -24.736 0.6000000238
174295  19.972  -57.607  -28.415 0.6000000238
174480  16.505  -54.796  -20.538 0.6000000238
174847  40.218  -61.921  -26.089 0.3000000119
174891  26.530  -62.830  -30.363 0.6000000238
174928  32.560  -63.398  -26.342 0.5000000000
175359  13.618  -44.834  -25.483 0.3000000119
176322  17.421  -61.010  -19.623 0.5000000000
176607  35.556  -67.154  -22.011 0.3000000119
176679  30.477  -62.771  -33.006 0.4000000060
176844  28.990  -69.267  -29.455 0.4000000060
176914  32.501  -59.602  -22.808 0.5000000000
177062  27.587  -61.589  -27.372 0.6000000238
177134  15.172  -45.485  -20.964 0.3000000119
177351  16.080  -52.198  -19.053 0.4000000060
177413  23.638  -57.931  -23.880 0.6000000238
177731  17.485  -57.542  -18.159 0.6000000238
177734  16.277  -43.479  -23.231 0.3000000119
177845  36.948  -64.835  -29.135 0.3000000119
177904  24.933  -57.207  -19.365 0.5000000000
178255  28.078  -67.434  -29.181 0.5000000000
179532  35.444  -66.614  -29.154 0.3000000119
181605  29.557  -65.843  -28.336 0.3000000119
181837  34.970  -65.268  -30.113 0.3000000119
181965  26.791  -59.036  -29.424 0.6999999881
182024  28.658  -76.065  -28.313 0.3000000119
182499  35.407  -62.890  -25.296 0.5000000000
182886  21.826  -58.673  -18.190 0.5000000000
182916  19.660  -58.534  -28.892 0.6000000238
183154  21.249  -58.734  -21.819 0.6000000238
183206  33.565  -65.833  -25.162 0.3000000119
183213  25.921  -63.565  -29.180 0.6000000238
183362  15.592  -59.524  -19.523 0.5000000000
183515  15.724  -57.854  -20.067 0.6000000238
183716  31.990  -65.242  -29.633 0.3000000119
183752  33.596  -62.332  -24.090 0.6000000238
184035  19.375  -60.226  -21.291 0.5000000000
184573  26.387  -68.745  -27.206 0.5000000000
184617  13.668  -47.597  -20.035 0.3000000119
184878  34.217  -65.352  -24.498 0.3000000119
185773  35.013  -58.959  -22.804 0.4000000060
185898  36.724  -65.481  -28.913 0.3000000119
186084  13.666  -47.337  -24.729 0.4000000060
186167  31.223  -60.316  -32.701 0.6000000238
186202  15.608  -51.031  -16.629 0.4000000060
186277  31.686  -68.508  -23.622 0.3000000119
186494  13.233  -47.947  -20.486 0.3000000119
186631  26.578  -63.708  -29.430 0.6000000238
186945  31.145  -63.372  -25.923 0.6000000238
187161  15.100  -44.603  -26.240 0.3000000119
187293  18.172  -56.572  -17.096 0.6000000238
187303  28.207  -63.315  -25.554 0.6999999881
187306  26.202  -58.883  -29.414 0.6999999881
187321  28.214  -67.476  -24.938 0.3000000119
187542  29.066  -75.705  -28.398 0.3000000119
187692  32.631  -67.287  -22.989 0.3000000119
187701  26.637  -68.342  -24.924 0.3000000119
188247  14.602  -46.640  -24.822 0.4000000060
188284  28.329  -63.439  -23.998 0.6999999881
188385  31.953  -58.926  -31.604 0.6999999881
188571  29.749  -63.930  -32.795 0.4000000060
188586  31.414  -63.206  -24.439 0.6000000238
189176  35.738  -62.816  -31.088 0.4000000060
189606  26.391  -77.466  -27.271 0.3000000119
189666  35.446  -68.517  -23.044 0.3000000119
189733  28.372  -65.181  -32.835 0.4000000060
190093  29.394  -63.410  -24.281 0.6999999881
190366  15.236  -45.765  -19.336 0.3000000119
190400  27.278  -59.160  -29.407 0.8000000119
190656  16.397  -42.410  -26.132 0.3000000119
190765  27.721  -61.899  -22.076 0.6000000238
190837  36.845  -65.815  -28.333 0.3000000119
190954  21.696  -57.272  -25.317 0.6999999881
