#!ascii label  , from subject sub-v2s2x29066_ses-1 vox2ras=TkReg
2107
7784  20.752  -67.795  -27.378 0.6999999881
8445  19.827  -66.705  -28.536 0.8000000119
9116  19.578  -65.207  -28.720 0.8000000119
9786  19.332  -64.286  -28.347 0.6999999881
6590  20.545  -69.455  -28.132 0.6000000238
7794  20.248  -67.739  -28.001 0.6000000238
8457  19.431  -66.288  -29.283 0.6000000238
6589  21.115  -70.260  -27.922 0.6000000238
9115  20.290  -65.601  -28.226 0.8000000119
176539  19.381  -64.173  -27.700 0.6999999881
9751  18.958  -64.629  -26.937 0.6999999881
9752  18.107  -65.041  -27.000 0.6999999881
169383  21.138  -68.461  -26.884 0.6000000238
8444  20.375  -66.921  -27.900 0.6999999881
185029  18.849  -64.078  -28.069 0.6999999881
6021  21.601  -70.769  -28.108 0.6000000238
6034  22.542  -71.174  -28.848 0.6000000238
6035  21.878  -71.094  -28.663 0.6000000238
5033  23.231  -72.124  -30.268 0.6000000238
174870  22.501  -71.904  -30.056 0.6000000238
9749  20.579  -64.779  -26.631 0.8000000119
9742  19.990  -65.153  -26.093 0.8000000119
161121  18.886  -65.907  -25.889 0.6999999881
8394  19.055  -66.615  -25.256 0.6999999881
8395  17.680  -67.118  -25.560 0.6999999881
9784  20.575  -64.863  -27.834 0.8000000119
9750  19.732  -64.553  -26.855 0.6999999881
9056  18.186  -66.382  -25.872 0.6999999881
8443  20.647  -66.336  -27.907 0.6999999881
9765  20.167  -64.420  -27.363 0.8000000119
9072  18.493  -65.489  -26.405 0.6999999881
8430  20.945  -67.103  -27.524 0.6999999881
6580  21.521  -69.901  -27.016 0.6999999881
6588  22.699  -70.037  -27.841 0.6000000238
185936  22.164  -69.889  -27.211 0.6000000238
5538  23.579  -71.639  -29.822 0.6000000238
5529  22.215  -71.454  -29.320 0.6000000238
5046  24.767  -72.179  -31.187 0.6000000238
4556  25.780  -73.928  -32.799 0.6999999881
4557  24.875  -73.757  -32.537 0.6000000238
3206  26.234  -76.038  -33.121 0.5000000000
3620  25.730  -75.317  -33.235 0.6000000238
2816  25.684  -76.759  -32.971 0.5000000000
9741  20.661  -65.284  -25.731 0.8999999762
9055  19.550  -65.836  -25.648 0.8000000119
8382  19.541  -67.059  -24.389 0.6999999881
9764  21.005  -64.692  -27.382 0.6999999881
8383  18.797  -67.391  -24.674 0.6999999881
9093  21.234  -66.440  -27.833 0.8000000119
162521  21.196  -65.077  -27.964 0.8000000119
8429  22.101  -67.432  -26.980 0.8000000119
7143  23.301  -68.513  -26.613 0.6999999881
7783  21.422  -67.806  -26.919 0.6999999881
7151  22.729  -69.216  -26.711 0.8000000119
7176  23.347  -69.481  -28.130 0.8000000119
6615  23.819  -70.200  -29.288 0.6999999881
5527  23.314  -71.081  -29.276 0.6999999881
5549  24.466  -71.761  -30.606 0.6000000238
4545  25.429  -73.215  -32.410 0.6999999881
3619  26.524  -75.392  -33.240 0.6999999881
9747  21.843  -64.804  -25.719 0.8999999762
8393  20.000  -66.363  -24.862 0.8000000119
7743  19.135  -67.581  -23.838 0.6999999881
9783  21.640  -64.873  -27.931 0.8000000119
9748  21.495  -64.734  -26.623 0.8000000119
9113  21.606  -65.744  -28.206 0.6999999881
177109  24.293  -67.033  -27.031 0.6999999881
8427  23.662  -67.109  -26.968 0.6000000238
7773  22.712  -67.845  -26.585 0.8000000119
7163  23.968  -68.737  -27.996 0.8000000119
183861  23.927  -69.102  -28.733 0.8000000119
6614  24.417  -69.915  -29.871 0.6999999881
6056  25.580  -71.023  -30.957 0.8000000119
6046  24.145  -70.837  -29.846 0.6999999881
5547  26.214  -71.512  -31.467 0.8000000119
4543  27.495  -73.945  -32.639 0.6999999881
4544  26.456  -73.434  -32.650 0.6999999881
5548  25.232  -71.531  -30.993 0.6999999881
3617  27.400  -75.100  -32.628 0.6999999881
4555  26.728  -74.248  -32.918 0.6999999881
11122  13.024  -63.981  -25.911 0.6000000238
11833  12.079  -62.593  -25.859 0.6000000238
12550  12.831  -61.479  -27.062 0.6000000238
13321  13.359  -60.818  -27.588 0.6999999881
9053  21.358  -65.305  -25.174 0.8999999762
8381  20.134  -66.740  -24.024 0.6999999881
9112  22.443  -66.027  -28.315 0.6000000238
9090  24.167  -66.410  -27.315 0.6000000238
9111  23.347  -65.995  -28.153 0.6000000238
7781  24.349  -67.605  -27.081 0.6999999881
7802  24.867  -68.107  -29.588 0.6999999881
8442  25.084  -67.594  -28.638 0.6999999881
9708  19.497  -65.144  -22.336 0.6999999881
9697  18.424  -65.821  -21.651 0.6999999881
7185  24.648  -68.638  -29.928 0.8000000119
7175  24.460  -68.487  -28.912 0.8000000119
11057  19.117  -63.965  -23.186 0.6000000238
181764  18.133  -64.902  -22.499 0.6000000238
9015  17.646  -65.923  -21.540 0.6999999881
190385  24.562  -69.171  -30.130 0.6999999881
9710  17.427  -64.876  -22.561 0.5000000000
9016  16.759  -66.118  -21.608 0.6999999881
6625  26.269  -70.835  -31.341 0.8000000119
173724  24.728  -70.338  -30.287 0.8000000119
10376  17.875  -64.403  -22.961 0.5000000000
163269  17.000  -64.291  -23.097 0.5000000000
5055  27.351  -72.938  -32.371 0.6999999881
10391  17.582  -63.732  -23.625 0.5000000000
178259  16.996  -63.095  -24.174 0.6000000238
11083  16.567  -63.494  -23.590 0.5000000000
10377  15.215  -64.286  -22.552 0.6000000238
10378  14.639  -64.508  -22.545 0.6999999881
161941  13.312  -65.111  -23.996 0.6999999881
179700  15.189  -63.598  -22.843 0.5000000000
10379  14.018  -64.051  -22.693 0.6000000238
180189  13.623  -64.413  -22.910 0.6000000238
11103  11.985  -63.356  -24.682 0.6000000238
11084  15.626  -63.090  -23.371 0.6000000238
10380  13.316  -63.825  -22.776 0.6000000238
10393  12.143  -63.416  -23.705 0.6000000238
11768  14.637  -62.715  -23.120 0.5000000000
11058  14.588  -63.726  -22.681 0.5000000000
11815  11.673  -62.614  -24.910 0.6000000238
12551  12.260  -61.904  -26.376 0.6000000238
13305  12.758  -60.810  -26.769 0.6999999881
14768  14.203  -58.833  -27.491 0.6000000238
14776  14.950  -59.011  -28.612 0.6999999881
11060  12.948  -63.129  -22.734 0.6000000238
11791  11.855  -62.495  -23.378 0.6000000238
12535  11.747  -61.886  -25.424 0.6000000238
13290  12.032  -61.178  -25.745 0.6999999881
178326  13.285  -58.946  -26.294 0.5000000000
9038  21.259  -65.721  -24.268 0.8999999762
162371  22.077  -65.320  -28.483 0.6000000238
10420  22.449  -64.206  -27.209 0.6999999881
8368  20.361  -66.477  -23.289 0.8000000119
7744  18.634  -67.994  -23.313 0.6999999881
9012  20.147  -66.142  -22.614 0.6999999881
9023  20.585  -65.581  -22.662 0.8000000119
178092  24.699  -66.489  -27.288 0.6999999881
171188  20.260  -65.030  -22.654 0.8000000119
9696  19.188  -65.780  -21.920 0.6000000238
11056  19.930  -63.792  -23.170 0.6999999881
11081  19.336  -63.369  -23.590 0.6000000238
187164  25.634  -69.650  -31.308 0.8000000119
176700  25.255  -69.238  -31.159 0.8000000119
160072  27.204  -70.498  -31.891 0.8000000119
181485  18.499  -63.530  -23.674 0.5000000000
6070  27.234  -71.398  -31.780 0.8000000119
11830  18.014  -62.035  -25.338 0.5000000000
11831  17.282  -62.034  -25.381 0.6000000238
11788  17.841  -62.978  -24.300 0.6000000238
11813  16.217  -61.869  -24.863 0.6000000238
11814  15.595  -61.737  -24.419 0.6000000238
16344  14.523  -57.335  -26.795 0.5000000000
11059  13.813  -63.168  -22.709 0.5000000000
15536  14.183  -58.123  -26.978 0.5000000000
15548  15.073  -58.264  -28.168 0.6000000238
11771  12.668  -62.468  -22.607 0.6000000238
12516  11.550  -61.816  -24.520 0.6999999881
12515  11.716  -61.139  -24.887 0.6999999881
14020  12.886  -59.519  -26.043 0.6999999881
11769  14.065  -62.207  -23.010 0.6000000238
183261  12.429  -59.867  -25.452 0.6000000238
185030  13.079  -61.966  -22.586 0.6999999881
190244  11.619  -61.232  -23.379 0.6000000238
14003  12.091  -59.822  -23.979 0.5000000000
171774  22.329  -64.354  -26.334 0.6999999881
10408  22.439  -64.411  -25.294 0.6999999881
9731  21.705  -65.229  -24.413 0.6999999881
9722  21.530  -65.181  -23.706 0.8000000119
166484  21.773  -63.818  -23.531 0.6999999881
11055  20.663  -63.570  -23.289 0.6999999881
10374  20.521  -64.288  -22.970 0.6999999881
17107  14.991  -55.870  -26.284 0.5000000000
14027  17.338  -60.325  -26.207 0.5000000000
176095  17.056  -61.613  -25.691 0.6000000238
16327  14.819  -56.591  -26.614 0.5000000000
13289  16.667  -60.838  -25.551 0.5000000000
14018  17.500  -59.877  -26.132 0.5000000000
12513  16.319  -61.428  -25.208 0.6000000238
11789  15.222  -62.212  -23.882 0.6000000238
14752  12.624  -59.287  -25.210 0.5000000000
14012  17.444  -59.716  -25.463 0.5000000000
176165  16.496  -60.668  -25.159 0.6000000238
164396  15.156  -61.528  -23.739 0.6000000238
13262  15.813  -60.826  -24.210 0.6000000238
10407  22.896  -63.745  -25.653 0.6999999881
182984  22.643  -63.879  -24.733 0.6999999881
10389  22.242  -64.008  -24.007 0.6999999881
167323  13.911  -61.436  -22.230 0.5000000000
175552  17.933  -59.172  -25.146 0.5000000000
171212  11.984  -60.424  -22.793 0.5000000000
14002  16.871  -60.085  -24.222 0.5000000000
12484  15.332  -61.247  -23.069 0.5000000000
12485  14.526  -61.717  -23.036 0.5000000000
12471  12.268  -61.388  -22.407 0.5000000000
189636  13.800  -61.112  -21.665 0.5000000000
13210  13.048  -60.501  -21.313 0.5000000000
13247  17.726  -60.635  -22.587 0.5000000000
12468  15.850  -61.357  -21.835 0.5000000000
13228  12.570  -60.838  -21.847 0.5000000000
13985  17.358  -60.076  -23.541 0.5000000000
13227  16.243  -61.134  -22.566 0.5000000000
12469  14.806  -61.369  -22.239 0.5000000000
14743  18.041  -59.272  -24.479 0.5000000000
13261  16.495  -60.465  -23.845 0.5000000000
12467  16.836  -61.392  -21.752 0.5000000000
18749  15.698  -53.742  -26.793 0.6000000238
17906  15.907  -54.473  -28.519 0.6000000238
17877  15.590  -54.254  -25.872 0.5000000000
20443  15.430  -52.782  -26.225 0.6999999881
19612  15.557  -53.295  -28.044 0.6000000238
18767  15.683  -54.113  -28.857 0.6000000238
19615  13.510  -53.106  -27.567 0.6999999881
20444  14.971  -52.582  -25.981 0.6000000238
20451  14.365  -52.540  -26.766 0.6999999881
19614  14.241  -52.833  -27.943 0.6999999881
18768  14.982  -53.809  -28.734 0.6999999881
19601  12.963  -53.184  -27.131 0.8000000119
20424  15.063  -52.577  -24.045 0.5000000000
20434  15.408  -52.738  -25.239 0.5000000000
19600  13.839  -52.818  -27.384 0.8000000119
20445  14.215  -52.593  -25.781 0.6000000238
19593  10.691  -53.180  -26.257 0.6999999881
19552  14.444  -53.015  -22.874 0.5000000000
178715  15.339  -52.635  -23.639 0.5000000000
19592  11.456  -53.209  -26.433 0.6999999881
19602  11.899  -53.341  -26.926 0.6999999881
20437  13.164  -53.049  -25.966 0.6999999881
19578  13.678  -53.118  -24.417 0.6999999881
184972  9.925  -53.869  -26.902 0.6999999881
19580  11.249  -53.227  -25.795 0.6999999881
20425  14.446  -52.785  -23.754 0.6000000238
172441  12.939  -53.257  -25.171 0.8000000119
175783  7.266  -50.276  -22.847 0.6999999881
22012  7.050  -50.926  -22.967 0.8000000119
19495  13.826  -53.505  -19.389 0.4000000060
19594  9.198  -53.799  -26.063 0.6999999881
19522  14.294  -53.435  -21.153 0.5000000000
19605  10.019  -53.283  -26.166 0.6999999881
19535  14.413  -53.252  -22.021 0.6000000238
18689  12.936  -54.161  -22.680 0.6000000238
163839  12.039  -53.434  -25.058 0.6999999881
19553  13.541  -53.511  -23.424 0.8000000119
19568  12.005  -53.811  -24.189 0.8000000119
188382  8.815  -39.268  -21.763 0.5000000000
32975  9.113  -39.701  -22.043 0.5000000000
32011  9.202  -41.008  -21.477 0.5000000000
26290  10.336  -46.856  -22.740 0.5000000000
24477  9.615  -48.027  -22.817 0.6000000238
25351  10.708  -47.441  -23.246 0.6000000238
26277  9.935  -46.292  -22.186 0.6000000238
28143  9.403  -44.607  -20.903 0.6000000238
24478  8.763  -48.102  -22.735 0.6999999881
25353  9.142  -47.433  -22.768 0.6999999881
23635  7.861  -49.209  -22.637 0.6999999881
169011  7.827  -48.457  -23.207 0.6999999881
19571  8.999  -53.627  -23.898 0.6999999881
19557  8.570  -53.439  -23.319 0.6999999881
20410  8.173  -52.985  -22.827 0.8000000119
19512  13.310  -54.090  -19.806 0.5000000000
167590  9.467  -53.585  -24.493 0.6999999881
18675  13.691  -54.032  -21.541 0.6000000238
161530  10.243  -53.530  -24.639 0.8000000119
18700  12.131  -54.318  -22.814 0.6999999881
18715  10.809  -53.903  -23.806 0.8000000119
19569  11.166  -53.530  -24.750 0.8000000119
35018  8.745  -37.763  -21.915 0.5000000000
34005  9.135  -39.027  -22.273 0.6000000238
34017  9.642  -38.782  -22.871 0.5000000000
32989  9.500  -39.496  -22.586 0.6000000238
32026  9.548  -40.752  -22.087 0.6000000238
31026  9.251  -41.736  -21.329 0.6000000238
31041  10.215  -41.687  -22.141 0.6000000238
30038  9.945  -42.632  -21.447 0.5000000000
26289  11.252  -46.828  -23.153 0.5000000000
27224  11.723  -45.871  -22.538 0.5000000000
24475  11.179  -48.018  -23.405 0.6000000238
27210  11.178  -45.350  -21.968 0.6000000238
27212  9.526  -45.813  -21.666 0.6999999881
29099  9.816  -43.164  -21.049 0.6000000238
23643  10.161  -48.582  -22.653 0.6000000238
23645  8.515  -48.738  -22.468 0.6999999881
25354  8.436  -47.428  -22.782 0.6999999881
26292  8.762  -46.862  -22.467 0.6999999881
26278  9.137  -46.366  -22.075 0.8000000119
27196  9.104  -45.333  -21.146 0.6999999881
23633  8.990  -48.965  -21.810 0.6999999881
23634  8.321  -49.320  -21.916 0.6999999881
21996  8.313  -50.023  -21.372 0.6999999881
22002  7.578  -50.792  -22.168 0.8000000119
20397  8.424  -52.347  -21.648 0.8000000119
21248  7.946  -51.631  -21.832 0.8000000119
18665  12.704  -54.344  -20.266 0.5000000000
188634  10.972  -53.549  -20.019 0.6000000238
19556  9.321  -53.643  -22.934 0.8000000119
19539  8.810  -53.320  -22.476 0.8000000119
18690  12.395  -54.433  -22.004 0.6000000238
18667  11.384  -54.275  -20.637 0.6999999881
19555  10.027  -53.971  -22.463 0.8000000119
18691  11.467  -54.406  -22.173 0.6999999881
18692  10.679  -54.251  -21.889 0.6999999881
18701  11.410  -54.209  -23.151 0.8000000119
36126  8.783  -36.717  -21.994 0.4000000060
36125  9.229  -37.215  -22.518 0.5000000000
34016  10.232  -39.218  -23.185 0.4000000060
32043  10.373  -40.597  -22.763 0.5000000000
31040  10.912  -41.975  -22.360 0.5000000000
26301  12.039  -47.124  -23.876 0.5000000000
27223  12.289  -45.373  -23.008 0.6000000238
28154  11.906  -44.029  -22.214 0.6000000238
164906  10.545  -43.137  -21.453 0.6000000238
23652  11.733  -48.322  -23.469 0.6000000238
28156  10.632  -44.856  -21.480 0.6999999881
28142  10.094  -44.374  -21.164 0.6999999881
182064  10.647  -48.964  -22.245 0.6000000238
22001  8.082  -50.832  -21.428 0.8000000119
169767  10.560  -53.144  -20.133 0.6999999881
19537  10.063  -53.854  -21.534 0.6999999881
19538  9.442  -53.541  -22.040 0.8000000119
20396  9.082  -52.402  -20.980 0.8000000119
18679  10.691  -54.115  -21.059 0.6999999881
36144  9.822  -36.522  -23.105 0.4000000060
38370  9.444  -34.522  -22.754 0.4000000060
38371  9.001  -33.628  -22.156 0.4000000060
35033  10.346  -38.242  -23.392 0.5000000000
36143  10.334  -37.088  -23.448 0.4000000060
38344  8.424  -33.355  -21.409 0.5000000000
32042  11.144  -40.742  -23.089 0.5000000000
30074  12.333  -42.375  -23.134 0.5000000000
30062  11.729  -42.320  -22.607 0.5000000000
31067  12.994  -41.856  -24.086 0.5000000000
29110  11.291  -43.573  -21.820 0.6999999881
23623  9.490  -49.310  -21.306 0.6000000238
21233  9.148  -51.481  -20.683 0.8000000119
20376  10.863  -52.499  -19.798 0.6000000238
20377  10.267  -52.332  -20.156 0.6000000238
21986  10.115  -50.858  -20.345 0.6999999881
21993  9.934  -50.219  -20.550 0.6999999881
20395  9.827  -52.812  -20.520 0.6999999881
39379  8.830  -32.852  -21.308 0.3000000119
36159  10.928  -36.542  -23.736 0.4000000060
37299  10.559  -35.729  -23.597 0.3000000119
37300  10.016  -35.053  -23.317 0.4000000060
39406  9.711  -33.267  -22.864 0.4000000060
171155  9.539  -32.774  -22.378 0.4000000060
39394  9.053  -32.793  -21.742 0.5000000000
187071  10.799  -38.892  -23.529 0.4000000060
39378  9.297  -32.840  -21.613 0.3000000119
33002  11.209  -40.129  -23.373 0.4000000060
169033  12.637  -43.056  -23.219 0.5000000000
32052  11.697  -40.473  -23.625 0.4000000060
28178  13.044  -44.139  -24.097 0.6000000238
33001  11.578  -39.806  -23.705 0.4000000060
30085  13.291  -42.682  -24.425 0.4000000060
31068  12.455  -41.813  -23.557 0.5000000000
22824  9.194  -49.959  -20.873 0.6999999881
20378  9.668  -52.004  -20.442 0.6999999881
38356  10.143  -33.300  -21.709 0.4000000060
38342  9.931  -33.899  -20.828 0.3000000119
176982  11.709  -37.372  -24.142 0.3000000119
186872  12.210  -40.705  -23.878 0.4000000060
187638  13.458  -41.901  -24.600 0.4000000060
32060  13.202  -41.120  -24.506 0.4000000060
37298  10.944  -34.522  -23.724 0.3000000119
38382  10.848  -33.867  -23.459 0.3000000119
182041  10.110  -32.906  -22.515 0.4000000060
38355  10.917  -33.676  -22.161 0.3000000119
37267  10.797  -34.428  -21.039 0.3000000119
37316  11.508  -35.534  -23.749 0.3000000119
35045  11.742  -38.342  -24.107 0.3000000119
33012  13.212  -40.209  -24.785 0.3000000119
33013  12.607  -39.588  -24.495 0.3000000119
32059  13.695  -40.736  -24.957 0.3000000119
38369  11.058  -33.850  -22.951 0.3000000119
37266  11.448  -35.024  -21.378 0.3000000119
38368  11.715  -34.641  -23.063 0.3000000119
34036  12.746  -38.538  -24.917 0.3000000119
34046  13.264  -39.244  -25.177 0.3000000119
33023  13.919  -39.986  -25.354 0.3000000119
38343  9.153  -33.254  -20.790 0.3000000119
38396  11.688  -34.706  -23.455 0.3000000119
38367  12.675  -34.556  -23.304 0.3000000119
35071  13.427  -38.062  -25.590 0.3000000119
9711  16.601  -64.860  -22.572 0.6000000238
9712  15.817  -64.889  -22.491 0.6999999881
9713  14.625  -65.426  -22.759 0.6999999881
9714  14.086  -65.507  -23.239 0.6999999881
31056  11.389  -41.545  -22.867 0.4000000060
29122  12.310  -43.541  -22.766 0.6000000238
37246  10.968  -35.977  -20.621 0.3000000119
8456  19.611  -67.069  -29.161 0.6999999881
9073  17.702  -65.845  -26.547 0.6999999881
7144  22.568  -68.608  -26.418 0.8000000119
5057  25.111  -72.632  -31.856 0.6000000238
5045  25.643  -72.057  -31.530 0.6999999881
9092  22.112  -66.671  -27.698 0.6000000238
8369  19.782  -67.116  -23.511 0.6999999881
6626  24.827  -69.564  -30.525 0.8000000119
5044  26.517  -72.158  -31.864 0.6999999881
5559  27.367  -72.098  -31.934 0.8000000119
14028  13.014  -60.119  -26.810 0.6999999881
10392  12.726  -64.298  -23.821 0.6000000238
11772  12.295  -62.160  -22.782 0.6999999881
179588  19.925  -65.652  -22.256 0.8000000119
11810  19.439  -62.213  -24.614 0.5000000000
176558  18.601  -62.459  -24.617 0.6000000238
19570  9.937  -53.810  -23.533 0.8000000119
1086  21.981  -81.812  -26.420 0.4000000060
159533  22.630  -81.700  -25.279 0.4000000060
163403  22.038  -80.243  -28.893 0.3000000119
1092  21.750  -81.712  -27.269 0.4000000060
846  21.112  -82.464  -26.787 0.4000000060
1081  21.243  -82.097  -25.718 0.4000000060
3177  22.166  -76.561  -27.772 0.4000000060
2369  22.344  -77.898  -27.225 0.5000000000
2009  22.548  -78.815  -27.058 0.5000000000
2795  22.237  -76.825  -28.428 0.3000000119
2370  22.068  -77.947  -27.965 0.4000000060
1377  22.381  -80.727  -26.890 0.4000000060
2376  22.144  -77.729  -28.591 0.3000000119
1679  22.222  -80.118  -27.552 0.3000000119
1091  22.109  -81.405  -26.855 0.3000000119
2024  22.266  -78.707  -28.929 0.3000000119
167708  22.548  -76.497  -28.854 0.4000000060
3591  22.816  -75.181  -27.990 0.4000000060
165763  22.699  -76.264  -26.691 0.5000000000
189785  23.594  -75.653  -29.058 0.3000000119
2799  22.512  -77.199  -29.096 0.3000000119
189112  23.639  -78.084  -30.366 0.4000000060
2801  24.022  -76.929  -29.998 0.3000000119
2385  25.366  -77.508  -31.943 0.4000000060
2382  24.432  -78.150  -31.420 0.4000000060
2390  25.007  -77.791  -32.327 0.4000000060
3590  23.320  -74.836  -28.325 0.4000000060
4062  24.066  -74.567  -28.644 0.4000000060
3598  24.597  -74.994  -29.194 0.4000000060
3597  25.456  -74.839  -29.556 0.4000000060
4522  26.026  -73.557  -28.957 0.5000000000
3186  24.291  -75.628  -29.385 0.4000000060
4070  26.365  -74.671  -29.957 0.4000000060
2800  24.868  -77.112  -30.706 0.4000000060
3195  25.447  -76.663  -30.828 0.5000000000
3603  26.039  -75.351  -30.268 0.4000000060
3203  26.391  -76.602  -32.144 0.4000000060
4093  24.358  -74.280  -32.659 0.6000000238
168965  25.203  -76.074  -33.309 0.4000000060
5010  26.878  -72.575  -28.823 0.6000000238
5032  28.244  -73.086  -29.834 0.6000000238
4069  27.327  -74.485  -30.441 0.6000000238
4530  28.689  -73.556  -30.771 0.6000000238
4068  28.249  -74.207  -31.148 0.6000000238
4537  28.858  -73.793  -31.441 0.6999999881
3607  27.299  -75.538  -31.680 0.5000000000
3606  27.689  -75.039  -32.109 0.6000000238
5054  28.503  -72.866  -32.089 0.6999999881
178598  30.033  -71.893  -30.735 0.6999999881
5546  30.106  -71.797  -31.366 0.6999999881
5030  29.463  -72.197  -30.160 0.6000000238
5042  29.728  -72.484  -31.086 0.6999999881
161008  28.348  -70.370  -32.318 0.6999999881
6638  26.711  -69.542  -32.123 0.6999999881
7197  24.941  -68.677  -30.739 0.6999999881
5053  29.053  -73.195  -31.695 0.6999999881
6069  28.272  -71.229  -31.996 0.6999999881
5558  28.347  -72.058  -31.972 0.6999999881
6635  29.886  -69.790  -32.141 0.5000000000
180617  28.346  -68.804  -32.784 0.6000000238
6068  29.356  -71.042  -32.113 0.6999999881
6637  27.568  -69.776  -32.369 0.6000000238
160024  26.431  -68.808  -32.319 0.6999999881
7212  25.915  -68.256  -32.124 0.6999999881
5557  29.776  -71.901  -31.775 0.6999999881
7196  25.377  -68.435  -31.520 0.6999999881
7815  25.012  -68.095  -30.368 0.6000000238
7211  26.659  -68.178  -32.574 0.6000000238
7225  26.868  -67.464  -32.737 0.6000000238
8479  25.661  -67.170  -31.187 0.6000000238
8487  26.004  -67.020  -31.933 0.6000000238
9763  24.334  -65.777  -27.835 0.5000000000
9094  17.317  -65.438  -27.142 0.6000000238
10422  18.229  -64.306  -28.122 0.6000000238
8467  25.671  -67.067  -30.175 0.6000000238
8455  25.619  -66.957  -29.083 0.6000000238
9110  25.802  -65.502  -28.049 0.5000000000
9762  25.042  -65.513  -27.652 0.5000000000
8411  16.690  -66.884  -26.466 0.6000000238
8410  17.344  -66.603  -26.172 0.6000000238
9074  16.981  -66.174  -26.773 0.6000000238
9155  26.087  -66.543  -30.569 0.6000000238
9134  25.850  -66.181  -28.471 0.5000000000
8441  25.440  -66.670  -28.039 0.5000000000
7135  16.373  -68.693  -25.076 0.6000000238
7757  17.615  -68.273  -24.467 0.6000000238
7765  16.717  -67.966  -25.548 0.6000000238
7775  16.425  -67.569  -26.186 0.6000000238
8396  16.997  -67.272  -25.837 0.6000000238
7756  18.406  -67.940  -24.157 0.6000000238
7764  17.335  -67.764  -25.229 0.6000000238
10419  22.766  -63.931  -27.590 0.6000000238
9145  26.083  -66.393  -29.448 0.6000000238
7120  16.782  -69.016  -23.539 0.6000000238
7089  17.013  -68.624  -22.104 0.6000000238
7745  17.974  -68.400  -23.611 0.6000000238
169275  18.035  -67.781  -21.712 0.6000000238
7737  18.100  -68.284  -22.899 0.6000000238
8338  18.441  -66.832  -21.343 0.5000000000
7721  19.174  -67.159  -22.243 0.6000000238
9013  19.506  -66.366  -22.013 0.5000000000
7136  15.665  -68.918  -25.550 0.6999999881
6552  15.732  -69.313  -24.774 0.6000000238
7105  17.398  -68.694  -22.951 0.6000000238
7709  17.578  -67.534  -21.192 0.6000000238
9001  17.410  -66.592  -21.178 0.6000000238
7738  12.653  -68.018  -22.996 0.6000000238
6525  16.038  -69.364  -23.290 0.6000000238
7106  16.527  -69.006  -22.692 0.6000000238
7711  16.445  -67.538  -21.223 0.5000000000
7091  15.405  -68.800  -22.066 0.6000000238
184846  14.596  -68.051  -22.136 0.6000000238
174456  13.560  -68.040  -22.685 0.6000000238
8362  12.797  -67.166  -23.463 0.6000000238
6526  15.278  -69.522  -23.143 0.6000000238
9002  16.793  -66.866  -21.216 0.6000000238
7726  15.124  -68.190  -21.807 0.6000000238
8350  15.627  -67.518  -21.600 0.5000000000
8359  14.849  -66.762  -22.535 0.6000000238
188498  13.882  -67.235  -22.960 0.5000000000
189890  13.422  -66.803  -23.675 0.5000000000
9700  15.692  -65.465  -22.301 0.6000000238
9024  14.655  -66.213  -22.863 0.6000000238
170931  14.326  -66.729  -23.025 0.6000000238
9031  13.621  -66.332  -23.895 0.6000000238
9732  13.389  -65.594  -24.843 0.6999999881
9744  13.113  -65.673  -26.044 0.6999999881
9754  12.800  -65.585  -26.629 0.6999999881
10423  13.875  -64.591  -27.318 0.6999999881
9025  14.131  -66.106  -23.351 0.6000000238
9723  13.675  -65.745  -23.952 0.6999999881
188397  13.544  -65.009  -26.007 0.6999999881
10416  13.836  -64.807  -26.739 0.6999999881
11157  13.911  -63.936  -27.608 0.6000000238
182215  12.439  -63.860  -25.266 0.6000000238
9802  23.960  -65.037  -29.140 0.5000000000
9781  23.543  -65.488  -28.757 0.5000000000
10466  23.114  -64.200  -30.399 0.5000000000
10448  23.090  -64.490  -29.986 0.5000000000
158583  22.796  -64.510  -29.404 0.6000000238
11889  22.765  -62.731  -30.883 0.6000000238
161241  22.932  -63.656  -30.632 0.6000000238
11869  23.094  -63.126  -28.982 0.6000000238
11156  23.091  -63.476  -27.962 0.6000000238
11138  23.248  -63.345  -27.048 0.6000000238
162828  22.970  -61.554  -29.753 0.5000000000
12570  23.420  -61.823  -28.616 0.6000000238
189248  23.077  -62.882  -25.666 0.6000000238
13328  22.718  -60.783  -28.264 0.6000000238
12544  22.587  -61.002  -26.579 0.5000000000
11829  23.027  -62.156  -25.842 0.6000000238
11102  22.810  -63.172  -24.916 0.6000000238
13298  21.915  -60.769  -26.837 0.5000000000
12508  22.557  -61.737  -25.431 0.6000000238
11785  20.695  -62.832  -23.726 0.5000000000
12510  20.619  -61.769  -24.857 0.5000000000
11079  21.363  -63.367  -23.490 0.6000000238
171050  22.126  -62.096  -24.691 0.6000000238
3193  26.804  -76.133  -31.943 0.6000000238
4073  28.478  -74.061  -31.811 0.6999999881
10431  22.559  -64.967  -28.948 0.5000000000
162316  15.445  -66.747  -22.032 0.6000000238
10401  13.096  -64.979  -24.841 0.6999999881
170897  22.634  -64.248  -28.583 0.6000000238
11078  22.043  -63.240  -23.855 0.6000000238
11808  21.234  -62.252  -24.266 0.6000000238
166120  22.038  -80.394  -28.241 0.3000000119
1684  22.147  -79.440  -28.335 0.3000000119
178758  22.300  -79.341  -27.458 0.4000000060
2383  23.301  -77.596  -29.841 0.3000000119
3187  23.814  -76.195  -29.455 0.4000000060
3191  24.743  -76.271  -30.105 0.4000000060
4523  25.200  -73.748  -28.677 0.4000000060
3604  25.113  -75.491  -29.852 0.3000000119
4059  26.675  -74.009  -29.584 0.5000000000
4521  26.819  -73.318  -29.207 0.6000000238
3190  25.713  -76.053  -30.564 0.5000000000
3602  26.941  -75.162  -30.798 0.5000000000
3608  26.576  -75.861  -31.098 0.5000000000
5031  29.170  -72.940  -30.494 0.6000000238
161450  29.244  -70.059  -32.397 0.6999999881
7724  16.642  -68.252  -21.497 0.6000000238
10435  13.661  -64.257  -28.050 0.6000000238
11877  23.065  -62.723  -29.609 0.6000000238
160541  22.681  -60.809  -29.303 0.5000000000
11868  23.440  -62.452  -28.414 0.6000000238
12542  23.478  -61.953  -27.119 0.6000000238
179354  23.100  -61.209  -28.690 0.5000000000
12561  23.271  -61.337  -27.768 0.6000000238
13329  22.005  -60.454  -28.989 0.5000000000
12527  22.224  -61.174  -26.014 0.5000000000
12509  21.365  -61.762  -24.853 0.5000000000
521  22.850  -82.869  -7.796 0.4000000060
714  23.465  -82.418  -7.529 0.4000000060
720  23.473  -82.264  -9.403 0.5000000000
517  20.723  -83.592  -7.375 0.5000000000
518  19.518  -83.399  -7.609 0.5000000000
530  18.664  -83.569  -8.607 0.5000000000
160163  21.573  -83.397  -7.747 0.5000000000
516  21.556  -83.573  -6.825 0.5000000000
953  23.990  -81.925  -7.707 0.4000000060
1229  24.819  -80.996  -7.765 0.4000000060
956  24.290  -81.364  -9.518 0.5000000000
2338  21.706  -77.629  -24.155 0.3000000119
189494  22.271  -76.458  -23.569 0.3000000119
1651  21.039  -79.133  -24.600 0.3000000119
1652  20.639  -80.048  -24.811 0.3000000119
343  20.703  -83.949  -5.755 0.4000000060
344  19.959  -84.092  -6.044 0.5000000000
345  18.794  -84.268  -6.243 0.5000000000
497  21.230  -83.374  -5.338 0.4000000060
506  22.091  -83.293  -6.336 0.4000000060
170675  23.482  -82.362  -6.657 0.3000000119
940  22.398  -81.557  -6.047 0.3000000119
186733  25.359  -79.046  -10.753 0.4000000060
949  24.484  -81.388  -7.054 0.3000000119
1228  25.316  -80.397  -8.019 0.4000000060
1528  24.962  -79.979  -9.741 0.5000000000
1215  25.124  -80.655  -6.919 0.3000000119
2747  22.606  -77.094  -23.221 0.3000000119
3134  22.257  -75.661  -23.204 0.3000000119
1979  21.583  -78.608  -24.079 0.3000000119
1351  21.267  -80.290  -24.238 0.3000000119
188194  20.843  -80.799  -24.600 0.3000000119
330  20.657  -83.596  -4.900 0.3000000119
337  20.162  -84.097  -5.273 0.4000000060
498  20.876  -82.900  -5.088 0.3000000119
1200  24.398  -81.025  -6.213 0.3000000119
1832  26.515  -78.515  -9.358 0.4000000060
179607  25.982  -78.716  -10.818 0.4000000060
1518  25.797  -79.569  -8.245 0.4000000060
1198  25.216  -80.387  -6.180 0.3000000119
2736  23.843  -76.928  -21.779 0.4000000060
2737  23.173  -76.423  -22.367 0.4000000060
3124  23.036  -75.559  -22.135 0.4000000060
3508  23.016  -74.682  -21.106 0.4000000060
3486  23.009  -74.433  -19.797 0.4000000060
171395  22.749  -74.435  -19.232 0.5000000000
1969  23.188  -78.665  -22.854 0.3000000119
1978  22.094  -78.174  -23.652 0.3000000119
1646  22.134  -79.210  -23.570 0.3000000119
1358  21.522  -81.303  -24.486 0.3000000119
176619  22.548  -81.291  -26.295 0.3000000119
699  20.039  -82.565  -5.024 0.3000000119
163312  27.160  -78.345  -8.487 0.3000000119
161672  27.439  -78.432  -9.694 0.3000000119
1848  27.954  -79.076  -11.508 0.4000000060
1853  28.005  -79.121  -12.231 0.4000000060
1509  24.071  -79.520  -6.499 0.3000000119
1813  26.681  -78.813  -6.765 0.3000000119
1499  25.528  -79.870  -5.925 0.3000000119
1517  26.198  -79.442  -7.289 0.3000000119
3031  24.195  -76.189  -15.323 0.5000000000
3020  25.139  -76.439  -14.225 0.5000000000
180550  26.284  -78.207  -20.520 0.3000000119
2300  25.315  -77.348  -20.670 0.3000000119
1951  25.450  -78.393  -21.471 0.3000000119
2725  24.544  -76.996  -21.089 0.3000000119
170277  24.013  -76.428  -21.246 0.4000000060
189493  24.724  -75.298  -18.114 0.5000000000
3442  24.030  -75.328  -16.728 0.5000000000
2311  24.407  -77.490  -21.602 0.3000000119
3112  23.844  -75.749  -21.037 0.4000000060
3496  23.706  -74.816  -19.814 0.4000000060
3485  24.011  -74.938  -19.038 0.5000000000
3472  23.986  -74.915  -18.234 0.5000000000
1639  22.879  -79.358  -23.141 0.3000000119
180320  22.509  -80.827  -23.753 0.3000000119
1073  22.419  -81.574  -24.669 0.3000000119
1079  23.438  -81.442  -25.240 0.3000000119
1367  23.198  -81.147  -25.791 0.4000000060
1831  28.156  -78.156  -9.016 0.3000000119
2195  28.760  -78.242  -11.206 0.4000000060
1814  24.082  -78.354  -7.419 0.3000000119
1806  26.599  -78.677  -5.848 0.3000000119
1821  27.312  -78.325  -7.342 0.3000000119
1847  28.357  -78.661  -11.752 0.4000000060
1494  25.414  -79.494  -5.653 0.3000000119
2209  26.013  -77.244  -13.258 0.4000000060
2633  25.416  -76.959  -13.790 0.5000000000
3017  27.285  -76.021  -13.710 0.4000000060
2632  26.041  -76.679  -13.400 0.5000000000
1598  27.929  -78.892  -20.032 0.3000000119
178126  25.249  -75.898  -15.141 0.5000000000
3029  25.403  -76.091  -14.582 0.5000000000
2299  25.938  -77.671  -20.286 0.3000000119
3053  26.193  -75.915  -16.310 0.4000000060
175532  26.371  -75.865  -15.557 0.5000000000
1950  26.262  -78.690  -21.078 0.3000000119
2714  25.544  -77.072  -20.015 0.4000000060
2704  25.611  -76.758  -19.273 0.4000000060
3063  26.050  -76.117  -17.085 0.5000000000
3055  24.756  -75.583  -16.251 0.5000000000
1961  24.254  -78.514  -22.186 0.3000000119
3111  24.335  -76.292  -20.651 0.4000000060
3091  24.396  -75.402  -19.523 0.5000000000
3471  24.585  -75.330  -18.774 0.5000000000
1339  23.523  -80.208  -23.216 0.3000000119
1349  24.026  -80.977  -23.738 0.4000000060
1070  24.774  -81.132  -24.904 0.3000000119
1071  23.987  -81.413  -24.798 0.4000000060
1366  23.997  -81.014  -25.512 0.4000000060
7198  22.492  -68.969  -32.085 0.5000000000
1672  23.314  -79.756  -26.306 0.3000000119
2549  24.484  -77.354  -6.784 0.3000000119
1798  25.820  -78.574  -5.281 0.3000000119
2188  29.260  -77.746  -10.726 0.3000000119
180295  24.622  -78.813  -6.195 0.3000000119
2597  29.769  -77.195  -11.111 0.3000000119
172626  27.606  -76.316  -12.950 0.5000000000
185974  28.896  -75.995  -13.667 0.4000000060
3010  28.534  -76.181  -12.977 0.3000000119
165109  28.997  -78.458  -19.790 0.3000000119
171929  27.910  -75.889  -14.472 0.5000000000
1926  27.126  -78.435  -19.663 0.3000000119
3052  26.982  -76.170  -16.078 0.4000000060
189779  27.698  -75.968  -15.130 0.4000000060
2280  26.264  -77.233  -18.911 0.4000000060
2695  26.416  -77.069  -18.171 0.4000000060
2683  26.598  -76.830  -17.483 0.4000000060
2672  26.768  -76.508  -16.787 0.4000000060
1628  25.387  -79.572  -22.231 0.3000000119
1636  25.754  -80.093  -22.634 0.3000000119
187346  25.408  -76.282  -18.886 0.4000000060
3064  25.306  -75.704  -17.602 0.5000000000
1062  25.125  -81.011  -24.292 0.3000000119
1364  25.457  -80.637  -25.492 0.4000000060
1365  24.754  -80.854  -25.483 0.4000000060
7199  21.895  -68.575  -31.461 0.5000000000
1372  23.700  -80.491  -25.965 0.4000000060
1670  24.804  -79.814  -26.193 0.5000000000
6640  22.477  -69.974  -32.682 0.5000000000
2137  25.514  -77.922  -5.161 0.3000000119
7785  15.706  -67.646  -27.095 0.5000000000
3025  29.638  -76.140  -14.038 0.3000000119
3009  30.172  -76.371  -12.732 0.3000000119
8431  16.390  -66.580  -27.102 0.5000000000
7786  15.305  -67.742  -27.540 0.6000000238
2297  29.240  -77.904  -20.194 0.3000000119
1923  29.068  -78.444  -19.036 0.3000000119
190344  28.500  -78.740  -20.791 0.3000000119
1912  27.969  -78.569  -18.799 0.3000000119
2277  28.246  -78.390  -18.249 0.3000000119
2643  29.237  -76.487  -15.258 0.4000000060
180249  29.675  -76.360  -14.733 0.4000000060
10449  18.788  -64.298  -28.920 0.5000000000
7148  13.286  -69.165  -26.858 0.5000000000
2279  26.906  -77.727  -18.604 0.3000000119
2266  27.102  -77.554  -17.885 0.3000000119
2252  28.062  -77.488  -16.917 0.3000000119
2669  29.144  -77.503  -16.490 0.3000000119
9135  19.184  -65.340  -29.638 0.5000000000
1337  26.667  -80.139  -22.966 0.3000000119
1347  25.548  -80.655  -23.711 0.3000000119
188087  19.720  -67.422  -29.454 0.5000000000
171102  25.730  -80.702  -24.171 0.3000000119
7187  20.454  -68.431  -30.284 0.5000000000
1371  26.109  -80.198  -26.193 0.4000000060
7186  21.030  -68.994  -30.642 0.6000000238
1669  26.102  -79.639  -26.896 0.4000000060
1999  25.328  -79.505  -26.466 0.5000000000
6059  21.498  -70.346  -30.707 0.5000000000
2357  24.706  -78.097  -26.346 0.4000000060
2000  24.576  -78.951  -26.235 0.3000000119
2001  23.644  -78.949  -26.259 0.4000000060
6071  22.380  -70.903  -32.010 0.6000000238
3553  25.010  -74.918  -25.602 0.3000000119
3156  23.740  -75.403  -25.889 0.4000000060
2777  23.734  -76.753  -26.149 0.4000000060
167142  22.935  -77.537  -26.577 0.3000000119
5560  22.987  -72.388  -31.752 0.6000000238
5561  22.542  -71.701  -32.072 0.5000000000
186348  24.304  -73.986  -25.308 0.3000000119
4017  23.840  -74.093  -25.620 0.5000000000
3569  23.030  -74.787  -26.497 0.4000000060
3580  22.849  -74.939  -27.313 0.4000000060
5569  22.923  -72.518  -32.219 0.6000000238
4973  24.191  -72.885  -25.607 0.3000000119
4484  23.778  -73.480  -25.902 0.5000000000
4040  23.588  -73.463  -26.762 0.4000000060
4051  23.565  -74.246  -28.032 0.4000000060
5000  24.543  -72.222  -27.031 0.4000000060
4497  24.188  -72.958  -27.329 0.5000000000
4509  24.670  -73.314  -28.084 0.4000000060
4508  25.509  -73.108  -28.412 0.5000000000
7777  15.369  -68.165  -26.977 0.6000000238
159737  14.740  -68.220  -27.390 0.6000000238
2713  28.886  -77.014  -20.579 0.3000000119
2296  29.569  -77.461  -19.708 0.3000000119
2286  29.933  -77.499  -19.161 0.3000000119
1903  29.155  -78.359  -18.394 0.3000000119
7145  15.496  -68.541  -26.299 0.6000000238
7147  14.178  -69.189  -26.417 0.6000000238
2308  28.872  -78.017  -21.386 0.3000000119
2263  29.676  -78.111  -17.956 0.3000000119
2250  29.667  -77.958  -17.133 0.3000000119
6572  13.547  -69.660  -25.984 0.6000000238
2328  28.623  -78.101  -22.762 0.3000000119
2265  28.006  -77.965  -17.641 0.3000000119
2251  28.775  -77.923  -17.131 0.3000000119
6565  12.950  -70.007  -25.485 0.6000000238
1345  26.927  -80.161  -24.007 0.3000000119
185479  12.210  -69.831  -24.404 0.6000000238
6556  12.322  -70.196  -25.176 0.6000000238
6557  11.329  -69.761  -24.543 0.6000000238
6545  10.240  -68.990  -24.118 0.5000000000
2355  25.804  -77.552  -26.901 0.4000000060
3166  24.094  -76.143  -25.998 0.4000000060
5500  25.084  -71.507  -27.124 0.4000000060
5012  24.985  -72.649  -27.827 0.5000000000
3100  27.478  -75.892  -20.591 0.3000000119
3089  28.646  -75.901  -19.547 0.3000000119
3098  29.146  -76.641  -19.879 0.3000000119
3087  30.101  -76.394  -19.039 0.3000000119
2275  30.307  -77.529  -18.384 0.3000000119
2681  31.282  -76.654  -17.741 0.3000000119
2680  31.608  -76.585  -17.099 0.3000000119
7766  16.128  -68.284  -25.908 0.5000000000
2309  28.625  -77.383  -21.327 0.3000000119
2318  28.606  -77.821  -22.074 0.3000000119
6553  15.080  -69.647  -24.538 0.5000000000
7137  14.924  -69.175  -25.892 0.6000000238
2734  28.092  -77.191  -22.378 0.3000000119
2668  30.702  -77.278  -16.268 0.3000000119
6564  13.802  -69.893  -25.062 0.6000000238
2744  28.154  -77.225  -23.204 0.3000000119
6555  13.015  -69.979  -24.655 0.6000000238
2368  26.382  -78.234  -27.415 0.3000000119
1677  26.943  -79.199  -27.356 0.3000000119
6544  10.974  -69.224  -23.982 0.6000000238
7759  9.092  -67.604  -24.537 0.6000000238
6554  14.396  -69.826  -24.387 0.6000000238
178397  14.046  -69.531  -23.170 0.5000000000
6528  13.524  -69.355  -23.031 0.6000000238
6529  12.255  -69.380  -23.578 0.6000000238
7112  11.568  -68.811  -23.515 0.6000000238
7123  9.954  -68.270  -23.896 0.6000000238
186268  9.991  -66.665  -24.675 0.6000000238
7748  10.473  -67.578  -23.787 0.6000000238
9060  9.759  -66.108  -25.847 0.5000000000
6540  14.852  -69.681  -23.784 0.5000000000
172211  14.240  -69.295  -22.728 0.5000000000
7111  12.362  -68.817  -23.165 0.5000000000
8387  10.753  -66.712  -24.366 0.6000000238
9772  10.615  -65.179  -27.807 0.5000000000
11172  13.326  -63.976  -28.824 0.6000000238
10425  12.137  -64.837  -28.130 0.6000000238
10437  11.698  -64.434  -28.869 0.5000000000
10452  12.241  -64.077  -29.153 0.6000000238
10453  11.379  -64.033  -29.360 0.6000000238
7110  13.092  -68.829  -22.863 0.5000000000
9042  11.508  -66.245  -25.091 0.5000000000
9058  11.289  -65.998  -25.760 0.5000000000
9059  10.416  -66.234  -25.254 0.6000000238
9057  12.392  -65.954  -25.817 0.6000000238
9075  11.656  -65.719  -26.433 0.5000000000
9756  11.012  -65.407  -27.002 0.5000000000
9770  12.562  -65.215  -27.407 0.6000000238
11139  13.715  -64.186  -26.754 0.6000000238
10424  13.213  -64.813  -27.764 0.6000000238
11879  12.891  -62.839  -29.749 0.5000000000
17086  8.438  -56.018  -24.800 0.5000000000
7092  14.604  -68.759  -22.257 0.5000000000
188282  11.381  -67.172  -23.776 0.5000000000
9041  12.373  -66.192  -25.072 0.6000000238
17073  6.126  -56.116  -24.012 0.5000000000
17062  5.697  -56.013  -23.299 0.6000000238
169407  6.635  -55.924  -24.706 0.6000000238
169983  7.819  -55.726  -25.470 0.6000000238
171885  7.955  -56.394  -23.844 0.5000000000
17863  8.455  -55.562  -25.803 0.5000000000
17084  10.630  -55.968  -24.899 0.5000000000
14066  12.570  -60.308  -30.402 0.5000000000
12589  12.612  -61.467  -30.222 0.5000000000
20411  7.462  -52.351  -23.234 0.6000000238
21273  6.738  -52.090  -23.908 0.6999999881
20427  7.031  -52.737  -24.144 0.6000000238
20428  6.012  -52.439  -24.376 0.6999999881
175036  4.291  -53.379  -23.519 0.6000000238
18694  4.425  -53.951  -23.259 0.6000000238
19586  5.999  -54.013  -24.852 0.6000000238
20439  4.817  -53.385  -24.322 0.6000000238
20426  7.821  -53.150  -23.689 0.6000000238
19573  7.390  -53.438  -24.514 0.6000000238
18731  5.276  -54.527  -24.628 0.6000000238
18716  4.707  -54.581  -23.942 0.5000000000
174554  5.424  -55.051  -22.387 0.6000000238
19572  8.196  -53.609  -24.255 0.6000000238
18729  6.735  -54.534  -25.069 0.6000000238
17088  5.875  -55.674  -24.531 0.5000000000
17850  5.076  -55.386  -23.692 0.6000000238
19584  7.885  -54.000  -24.981 0.6000000238
17865  6.413  -55.411  -25.010 0.6000000238
18742  8.555  -54.617  -26.042 0.6000000238
17883  7.898  -55.264  -25.760 0.6000000238
165978  8.664  -55.112  -26.152 0.6000000238
17862  9.193  -55.289  -26.222 0.5000000000
17083  11.274  -56.272  -24.999 0.5000000000
17098  11.488  -55.857  -25.669 0.5000000000
16345  12.095  -56.446  -26.024 0.5000000000
15538  12.322  -56.876  -26.827 0.5000000000
21276  4.416  -52.220  -23.671 0.6000000238
21264  4.134  -51.841  -23.054 0.6999999881
19583  8.764  -53.738  -25.069 0.5000000000
17882  9.325  -54.510  -26.628 0.6000000238
17900  10.134  -54.515  -26.962 0.6000000238
17860  10.939  -55.761  -25.476 0.5000000000
17899  10.919  -54.368  -27.109 0.6000000238
174590  12.352  -55.178  -26.833 0.5000000000
17897  12.702  -54.390  -27.313 0.6000000238
17109  12.487  -56.062  -26.788 0.6000000238
23621  11.600  -49.174  -21.550 0.4000000060
23647  6.147  -48.833  -23.202 0.6999999881
24465  5.171  -47.886  -22.015 0.5000000000
23625  4.372  -49.091  -21.376 0.5000000000
22815  11.056  -50.156  -20.399 0.6000000238
172762  9.908  -49.696  -20.925 0.5000000000
175548  4.451  -49.222  -22.095 0.6000000238
177725  4.215  -50.244  -21.804 0.5000000000
165065  11.724  -49.822  -20.381 0.5000000000
22834  7.369  -49.582  -23.226 0.6000000238
22836  5.519  -49.653  -23.213 0.8000000119
22028  6.320  -50.878  -23.807 0.6999999881
22030  4.625  -51.418  -23.462 0.8000000119
21236  4.344  -51.587  -22.009 0.6999999881
18752  10.488  -53.749  -27.054 0.6000000238
17898  11.729  -54.214  -27.212 0.6000000238
25343  4.728  -47.516  -21.150 0.5000000000
23631  11.376  -48.976  -22.314 0.5000000000
24480  7.555  -47.784  -23.075 0.6999999881
23615  4.711  -48.656  -20.609 0.5000000000
23613  12.172  -49.176  -20.364 0.4000000060
183075  11.773  -49.372  -20.912 0.4000000060
187738  11.872  -50.067  -19.921 0.4000000060
21977  11.570  -51.028  -19.562 0.5000000000
20360  11.462  -52.514  -19.304 0.4000000060
25341  6.391  -46.923  -22.241 0.5000000000
25332  4.699  -47.165  -20.524 0.5000000000
23630  11.992  -48.870  -22.113 0.3000000119
23641  11.818  -48.698  -22.932 0.3000000119
25357  6.116  -47.457  -22.518 0.6000000238
22800  12.363  -50.269  -18.842 0.4000000060
21195  12.257  -51.673  -18.509 0.4000000060
181370  11.834  -53.860  -19.492 0.4000000060
26280  7.599  -46.295  -22.086 0.6000000238
25339  8.045  -46.824  -22.533 0.6000000238
20359  12.048  -52.473  -18.742 0.4000000060
26281  6.691  -46.379  -21.945 0.5000000000
26282  5.753  -46.575  -21.632 0.5000000000
25338  13.896  -47.167  -22.306 0.3000000119
24473  12.835  -48.116  -23.206 0.3000000119
24487  12.828  -47.805  -24.008 0.3000000119
25367  12.166  -47.605  -24.092 0.4000000060
176668  13.056  -52.105  -17.890 0.3000000119
19497  12.332  -53.715  -19.094 0.4000000060
19469  13.509  -53.217  -18.667 0.4000000060
24495  13.231  -47.416  -24.701 0.4000000060
27213  8.726  -45.926  -21.550 0.6000000238
26266  6.003  -45.963  -21.368 0.4000000060
25380  12.762  -47.118  -24.622 0.4000000060
26264  14.778  -46.108  -21.411 0.3000000119
25337  14.303  -46.750  -22.756 0.3000000119
27197  8.246  -45.421  -20.891 0.5000000000
182816  12.485  -46.553  -24.170 0.4000000060
27235  12.616  -45.781  -23.857 0.4000000060
29134  12.769  -43.866  -23.351 0.5000000000
189087  12.913  -45.393  -24.354 0.4000000060
28179  12.795  -44.828  -23.643 0.4000000060
30106  15.254  -43.074  -26.288 0.3000000119
31087  14.635  -41.794  -25.684 0.3000000119
30094  14.192  -43.112  -25.568 0.3000000119
30084  13.942  -42.402  -25.155 0.3000000119
31076  13.864  -41.467  -25.003 0.3000000119
37285  8.832  -35.380  -22.090 0.4000000060
31098  15.499  -41.796  -26.285 0.3000000119
2653  31.124  -77.024  -15.817 0.3000000119
2356  25.581  -78.609  -26.803 0.4000000060
28190  13.297  -44.478  -24.829 0.3000000119
18750  12.146  -53.609  -27.200 0.6000000238
187700  7.884  -34.774  -20.832 0.4000000060
21978  10.854  -50.996  -20.071 0.5000000000
29147  13.709  -43.270  -25.086 0.3000000119
2778  23.018  -76.783  -26.465 0.3000000119
165296  23.199  -75.307  -26.147 0.4000000060
7747  11.276  -67.963  -23.432 0.5000000000
177993  23.007  -82.689  -6.274 0.4000000060
522  22.238  -83.135  -8.165 0.5000000000
519  18.761  -83.579  -7.861 0.5000000000
1239  24.615  -80.653  -10.072 0.5000000000
3133  22.758  -75.792  -22.690 0.4000000060
697  22.296  -82.684  -5.741 0.4000000060
1535  25.406  -79.107  -10.053 0.4000000060
165330  26.572  -79.402  -11.701 0.4000000060
2330  22.962  -77.771  -22.891 0.4000000060
3528  22.540  -75.175  -22.549 0.4000000060
3948  22.499  -74.405  -21.437 0.4000000060
169941  19.023  -84.482  -4.662 0.3000000119
1510  23.203  -79.714  -7.284 0.3000000119
1822  26.316  -78.881  -8.403 0.3000000119
1842  26.759  -78.595  -10.313 0.4000000060
1849  27.208  -79.077  -11.201 0.4000000060
1968  23.572  -78.145  -22.482 0.3000000119
182588  23.489  -79.397  -22.899 0.4000000060
1830  28.255  -78.422  -10.116 0.4000000060
2202  27.903  -78.128  -12.577 0.4000000060
3065  24.781  -75.379  -16.898 0.5000000000
7823  21.777  -67.789  -31.772 0.5000000000
1350  23.193  -80.929  -23.710 0.4000000060
189966  27.158  -78.088  -5.815 0.3000000119
167224  28.696  -78.127  -11.631 0.4000000060
2611  27.901  -77.313  -12.130 0.4000000060
173988  27.103  -76.796  -12.764 0.5000000000
3027  27.152  -75.884  -14.551 0.5000000000
1913  27.349  -78.301  -19.012 0.3000000119
1627  26.157  -79.690  -22.094 0.3000000119
1629  24.579  -79.297  -22.402 0.3000000119
1338  24.477  -80.483  -23.214 0.3000000119
6627  22.300  -69.986  -31.791 0.6000000238
3004  29.995  -76.636  -12.123 0.3000000119
2610  28.709  -77.301  -11.803 0.4000000060
2670  28.300  -77.086  -16.390 0.3000000119
7816  19.992  -67.806  -29.818 0.5000000000
1658  25.334  -80.225  -26.133 0.4000000060
2619  31.053  -76.484  -13.100 0.3000000119
2655  29.669  -77.086  -15.862 0.3000000119
3155  24.708  -75.588  -25.869 0.4000000060
2776  24.605  -76.816  -26.192 0.4000000060
173637  24.266  -77.423  -26.205 0.4000000060
4459  25.328  -73.190  -24.958 0.3000000119
186092  30.676  -76.091  -18.565 0.3000000119
6542  13.031  -69.634  -23.738 0.6000000238
2775  25.364  -76.832  -26.478 0.3000000119
3073  31.301  -76.089  -18.127 0.3000000119
3062  31.730  -75.890  -17.589 0.3000000119
2753  28.449  -77.056  -24.026 0.3000000119
9076  10.535  -65.841  -26.239 0.5000000000
9771  11.520  -65.139  -27.636 0.6000000238
21275  5.266  -51.853  -24.013 0.6999999881
22003  4.093  -50.477  -22.456 0.6999999881
22014  5.993  -50.336  -23.615 0.6999999881
23648  5.361  -48.401  -22.583 0.6000000238
24464  12.971  -48.144  -22.277 0.3000000119
25350  13.837  -47.333  -23.341 0.3000000119
6603  20.634  -70.089  -29.041 0.5000000000
6604  20.305  -69.211  -28.886 0.5000000000
6045  30.249  -71.149  -30.703 0.6000000238
8372  12.334  -66.905  -23.924 0.4000000060
8385  12.763  -66.354  -24.587 0.5000000000
11182  13.692  -63.349  -29.081 0.5000000000
11859  13.192  -62.403  -27.340 0.5000000000
11858  13.898  -63.253  -27.983 0.5000000000
11870  14.058  -63.003  -28.712 0.5000000000
175138  13.227  -62.035  -29.907 0.5000000000
12579  13.966  -61.771  -29.682 0.5000000000
11846  12.664  -62.655  -26.567 0.5000000000
165184  13.474  -60.552  -30.616 0.4000000060
12562  13.619  -61.794  -27.977 0.5000000000
171742  14.042  -62.104  -28.943 0.5000000000
12578  14.086  -61.018  -30.148 0.5000000000
14808  13.092  -59.709  -30.465 0.5000000000
13333  14.185  -61.262  -28.701 0.6000000238
13332  14.598  -60.593  -29.331 0.5000000000
14064  14.700  -59.873  -30.435 0.5000000000
16360  13.093  -56.515  -28.286 0.5000000000
14046  14.804  -59.835  -29.030 0.6000000238
15570  13.697  -57.853  -29.970 0.5000000000
187584  13.338  -56.942  -29.001 0.5000000000
14056  14.916  -59.915  -29.926 0.6000000238
15577  14.833  -58.649  -30.815 0.6000000238
14790  13.855  -58.457  -30.434 0.5000000000
14036  14.155  -59.554  -27.925 0.6000000238
14045  15.295  -59.166  -29.833 0.6000000238
14789  15.125  -59.216  -30.503 0.6000000238
16376  14.307  -57.143  -30.047 0.6000000238
15557  15.740  -58.232  -29.643 0.6000000238
173064  13.984  -56.321  -29.315 0.5000000000
17125  13.519  -55.643  -28.331 0.5000000000
15568  15.406  -58.184  -30.736 0.6000000238
15569  14.743  -57.926  -30.626 0.6000000238
19540  5.309  -53.761  -21.949 0.5000000000
20399  4.623  -52.325  -21.968 0.5000000000
182071  4.364  -52.801  -22.448 0.5000000000
17909  13.496  -54.707  -27.804 0.6000000238
16375  16.050  -56.817  -30.032 0.6000000238
17916  14.083  -54.920  -28.660 0.6000000238
16369  15.327  -56.482  -30.075 0.6000000238
17124  14.782  -55.520  -29.459 0.6000000238
17131  15.960  -55.771  -29.786 0.6000000238
27245  13.276  -46.126  -25.475 0.3000000119
36106  8.359  -37.313  -21.371 0.3000000119
5011  25.884  -72.386  -28.231 0.4000000060
5022  28.499  -72.355  -29.490 0.5000000000
182530  23.528  -73.512  -32.282 0.5000000000
5059  23.546  -72.727  -31.666 0.5000000000
5524  28.899  -71.610  -29.368 0.4000000060
5047  23.907  -72.322  -30.874 0.4000000060
6624  30.348  -69.883  -31.381 0.4000000060
6617  20.433  -69.250  -29.733 0.4000000060
5530  21.592  -71.236  -29.256 0.4000000060
6616  20.940  -69.906  -30.183 0.4000000060
6058  21.768  -71.009  -30.874 0.4000000060
5551  22.853  -72.181  -30.917 0.4000000060
8486  29.347  -67.330  -32.283 0.4000000060
7838  28.489  -67.609  -32.853 0.4000000060
7224  27.739  -68.116  -32.864 0.4000000060
7166  20.237  -68.557  -28.362 0.4000000060
7828  29.732  -68.211  -32.087 0.4000000060
7223  28.876  -68.321  -32.786 0.4000000060
9173  26.801  -66.243  -32.546 0.4000000060
187512  26.468  -66.054  -31.654 0.5000000000
15547  15.918  -57.542  -28.940 0.5000000000
16359  15.047  -57.632  -27.716 0.5000000000
17123  16.312  -56.073  -29.683 0.5000000000
178091  15.553  -56.824  -27.980 0.5000000000
170805  15.472  -55.928  -27.432 0.5000000000
17913  16.009  -54.682  -29.133 0.5000000000
17895  15.738  -54.417  -27.503 0.5000000000
21221  4.812  -51.188  -21.240 0.4000000060
21988  4.655  -50.405  -21.152 0.4000000060
17907  15.896  -55.123  -28.118 0.5000000000
17921  15.583  -55.093  -29.583 0.5000000000
189022  29.870  -70.501  -32.046 0.5000000000
7208  29.871  -69.024  -32.108 0.4000000060
7839  27.632  -67.390  -32.880 0.4000000060
525  19.324  -83.048  -8.470 0.4000000060
724  19.574  -82.477  -9.213 0.4000000060
1015  20.134  -81.305  -16.805 0.4000000060
524  20.050  -83.107  -8.016 0.4000000060
723  20.074  -82.227  -9.327 0.4000000060
1291  20.926  -80.617  -16.407 0.4000000060
964  20.064  -81.608  -10.380 0.4000000060
1007  22.300  -81.237  -15.659 0.4000000060
1282  21.398  -80.396  -15.879 0.4000000060
1274  20.285  -80.322  -14.847 0.4000000060
184201  22.203  -82.953  -8.837 0.5000000000
722  20.919  -82.434  -9.197 0.5000000000
962  21.693  -81.810  -10.469 0.4000000060
963  20.779  -81.479  -10.310 0.4000000060
1561  21.081  -79.820  -14.771 0.4000000060
173641  22.698  -82.837  -8.587 0.5000000000
727  23.387  -82.306  -10.331 0.5000000000
533  22.328  -82.524  -10.028 0.5000000000
1243  21.382  -80.839  -11.532 0.4000000060
1244  20.763  -80.650  -11.577 0.4000000060
164484  23.171  -82.296  -11.496 0.4000000060
741  22.629  -82.237  -10.857 0.4000000060
177608  23.778  -82.294  -14.557 0.4000000060
763  23.338  -82.207  -14.406 0.4000000060
998  22.478  -81.024  -14.690 0.4000000060
1267  21.901  -80.160  -13.742 0.4000000060
1263  21.102  -80.130  -12.736 0.4000000060
780  23.015  -82.207  -15.781 0.4000000060
164206  21.785  -80.189  -15.057 0.4000000060
750  23.484  -82.288  -12.259 0.5000000000
182484  23.170  -82.262  -12.106 0.4000000060
980  22.056  -81.058  -11.967 0.4000000060
1254  21.228  -80.479  -12.099 0.4000000060
754  24.203  -82.164  -13.622 0.5000000000
168791  23.285  -82.214  -13.598 0.4000000060
174879  22.832  -81.585  -13.210 0.4000000060
986  22.160  -80.585  -13.178 0.4000000060
1011  25.451  -80.980  -16.223 0.3000000119
1290  24.605  -80.114  -16.920 0.3000000119
1565  25.877  -79.896  -15.503 0.4000000060
176251  25.765  -81.093  -15.185 0.3000000119
1559  26.172  -79.563  -14.951 0.4000000060
1272  26.189  -80.485  -14.773 0.4000000060
1904  22.946  -78.268  -17.260 0.3000000119
1895  23.551  -78.609  -16.711 0.4000000060
1567  24.571  -79.188  -15.994 0.4000000060
1560  25.449  -79.137  -15.208 0.4000000060
2253  23.583  -77.853  -16.031 0.4000000060
1885  24.071  -78.583  -15.969 0.4000000060
1877  24.945  -78.345  -14.869 0.4000000060
1869  26.269  -78.463  -13.979 0.3000000119
770  24.686  -82.011  -14.909 0.3000000119
1548  27.195  -79.714  -13.324 0.3000000119
1259  26.616  -80.183  -13.665 0.4000000060
2254  22.786  -77.076  -16.735 0.4000000060
1876  25.817  -78.784  -14.628 0.3000000119
1878  24.189  -77.918  -15.320 0.4000000060
2226  24.131  -77.215  -14.969 0.4000000060
2217  24.999  -77.360  -14.120 0.4000000060
992  24.911  -81.704  -14.175 0.4000000060
1266  26.131  -80.583  -14.049 0.4000000060
2268  22.355  -77.561  -17.652 0.4000000060
1862  27.582  -79.100  -13.308 0.3000000119
3057  22.437  -75.804  -17.133 0.4000000060
2685  22.132  -76.352  -17.485 0.4000000060
3444  22.842  -75.457  -16.901 0.4000000060
3044  23.196  -76.167  -16.146 0.4000000060
2237  23.211  -77.155  -16.168 0.4000000060
749  24.088  -82.098  -12.825 0.4000000060
1261  25.144  -80.962  -13.048 0.4000000060
1549  26.446  -80.117  -12.983 0.3000000119
1252  25.492  -80.398  -12.700 0.4000000060
1543  27.010  -79.793  -12.475 0.3000000119
3474  21.897  -75.014  -18.539 0.4000000060
3487  21.715  -74.750  -19.327 0.4000000060
162222  22.385  -74.972  -17.851 0.4000000060
3042  24.113  -75.723  -15.971 0.4000000060
2645  23.887  -76.678  -15.380 0.4000000060
970  23.788  -82.005  -10.639 0.4000000060
1540  24.935  -79.770  -11.507 0.3000000119
957  23.973  -81.821  -8.957 0.4000000060
739  23.552  -82.223  -11.278 0.4000000060
960  24.212  -81.436  -10.413 0.4000000060
969  24.130  -81.757  -11.235 0.4000000060
1253  24.897  -80.335  -12.041 0.4000000060
163735  26.499  -65.943  -30.873 0.4000000060
2673  22.959  -76.551  -16.350 0.4000000060
218  18.513  -84.731  -4.930 0.3000000119
331  19.596  -84.132  -4.758 0.4000000060
332  18.477  -84.601  -4.504 0.3000000119
336  20.776  -83.808  -5.311 0.3000000119
342  21.357  -83.622  -5.914 0.4000000060
351  20.834  -83.873  -6.453 0.4000000060
352  19.125  -83.840  -7.008 0.5000000000
353  18.430  -84.122  -7.268 0.5000000000
495  22.455  -82.898  -6.103 0.4000000060
496  21.845  -83.086  -5.794 0.4000000060
505  22.610  -82.997  -6.535 0.4000000060
514  23.001  -82.788  -6.963 0.4000000060
515  22.338  -83.208  -7.187 0.4000000060
523  21.452  -83.039  -8.601 0.5000000000
527  22.535  -82.792  -9.314 0.5000000000
528  21.893  -82.735  -9.305 0.5000000000
529  19.113  -83.064  -9.222 0.5000000000
689  20.290  -83.233  -4.771 0.3000000119
696  22.756  -82.253  -5.968 0.3000000119
698  21.648  -82.820  -5.435 0.4000000060
716  23.607  -82.236  -8.462 0.4000000060
717  23.139  -82.574  -8.282 0.4000000060
718  20.230  -82.686  -8.659 0.4000000060
721  23.075  -82.529  -8.983 0.5000000000
728  22.971  -82.501  -9.760 0.5000000000
729  21.373  -82.174  -9.802 0.4000000060
730  20.408  -81.897  -9.761 0.4000000060
738  24.061  -82.014  -12.013 0.4000000060
740  23.165  -82.340  -10.875 0.4000000060
751  22.726  -81.972  -11.630 0.4000000060
755  23.579  -82.279  -13.178 0.4000000060
756  23.248  -82.255  -12.787 0.4000000060
761  24.253  -82.237  -14.340 0.4000000060
762  23.704  -82.286  -13.944 0.4000000060
771  24.155  -82.306  -14.931 0.4000000060
787  22.434  -81.993  -16.418 0.4000000060
840  21.575  -82.247  -26.341 0.4000000060
841  21.007  -82.403  -26.309 0.4000000060
845  21.536  -82.127  -26.964 0.4000000060
952  24.353  -81.497  -8.215 0.4000000060
961  23.835  -81.909  -9.882 0.4000000060
971  21.934  -81.483  -11.191 0.4000000060
972  21.123  -81.152  -10.977 0.4000000060
973  20.420  -81.136  -11.002 0.4000000060
979  24.605  -81.591  -12.583 0.4000000060
984  25.460  -81.086  -13.751 0.4000000060
985  24.749  -81.667  -13.334 0.4000000060
991  25.713  -81.100  -14.475 0.3000000119
993  22.969  -81.730  -14.132 0.4000000060
994  22.447  -80.832  -13.864 0.4000000060
997  22.967  -81.884  -14.995 0.4000000060
1005  25.558  -81.142  -15.757 0.3000000119
1063  24.419  -81.285  -24.331 0.4000000060
1064  23.663  -81.439  -24.269 0.4000000060
1065  22.858  -81.364  -24.176 0.3000000119
1066  22.035  -81.036  -24.057 0.3000000119
1072  23.231  -81.547  -24.777 0.3000000119
1074  21.903  -81.854  -25.167 0.4000000060
1075  21.002  -81.523  -24.981 0.3000000119
1078  24.236  -81.293  -25.165 0.4000000060
1080  22.010  -81.926  -25.792 0.4000000060
1085  22.575  -81.588  -25.726 0.3000000119
1199  24.704  -80.801  -6.320 0.3000000119
1236  24.765  -80.791  -8.895 0.4000000060
1242  24.574  -80.650  -11.141 0.4000000060
1255  20.595  -80.376  -12.278 0.4000000060
1260  25.946  -80.552  -13.378 0.4000000060
1262  21.596  -80.027  -13.183 0.4000000060
1264  20.547  -80.139  -13.002 0.4000000060
1265  26.547  -80.188  -14.243 0.4000000060
1271  26.524  -79.892  -14.636 0.4000000060
1273  21.085  -80.001  -15.406 0.4000000060
1280  25.856  -80.552  -15.536 0.3000000119
1281  25.506  -80.338  -16.029 0.4000000060
1283  20.716  -80.205  -15.833 0.4000000060
1289  25.197  -80.679  -16.673 0.3000000119
1292  20.477  -80.656  -16.281 0.4000000060
1333  26.445  -80.018  -22.525 0.3000000119
1340  22.657  -80.165  -23.451 0.3000000119
1346  26.299  -80.428  -23.658 0.3000000119
1348  24.833  -80.870  -23.787 0.3000000119
1356  26.265  -80.492  -24.491 0.3000000119
1357  25.563  -80.755  -24.782 0.3000000119
1363  26.190  -80.442  -25.371 0.4000000060
1373  22.965  -80.576  -26.353 0.4000000060
1378  21.997  -81.059  -27.655 0.3000000119
1493  25.953  -79.210  -5.558 0.3000000119
1500  25.085  -80.211  -5.913 0.3000000119
1501  24.635  -80.472  -6.056 0.3000000119
1502  23.937  -80.549  -6.207 0.3000000119
1507  26.134  -79.475  -6.196 0.3000000119
1508  25.624  -80.061  -6.535 0.3000000119
1527  25.353  -79.808  -9.022 0.4000000060
1536  24.890  -79.634  -10.695 0.4000000060
1538  27.503  -79.416  -11.996 0.4000000060
1539  25.462  -79.279  -11.296 0.4000000060
1544  25.734  -79.788  -12.153 0.3000000119
1547  27.668  -79.430  -12.745 0.3000000119
1550  21.438  -79.840  -13.701 0.4000000060
1551  20.991  -79.867  -13.356 0.4000000060
1553  26.833  -79.745  -14.042 0.3000000119
1554  21.611  -79.853  -14.291 0.4000000060
1555  20.990  -79.777  -14.025 0.4000000060
1562  20.509  -79.915  -14.434 0.4000000060
1566  25.155  -79.547  -15.758 0.4000000060
1568  20.584  -79.983  -15.190 0.4000000060
1574  24.901  -79.882  -16.326 0.3000000119
1575  24.245  -79.305  -16.501 0.4000000060
1621  26.555  -79.285  -21.555 0.3000000119
1637  24.953  -80.012  -22.730 0.3000000119
1638  24.131  -79.760  -22.818 0.3000000119
1647  21.539  -79.484  -24.005 0.3000000119
1659  24.512  -80.395  -25.851 0.4000000060
1671  24.107  -79.740  -26.091 0.4000000060
1678  22.659  -79.760  -26.872 0.4000000060
1797  26.258  -78.555  -5.352 0.3000000119
1799  25.264  -78.905  -5.467 0.3000000119
1807  24.914  -79.757  -5.748 0.3000000119
1812  27.247  -78.236  -6.415 0.3000000119
1833  25.821  -78.940  -9.203 0.4000000060
1840  28.325  -78.613  -11.008 0.4000000060
1841  27.758  -78.793  -10.679 0.4000000060
1861  27.863  -78.839  -12.804 0.4000000060
1868  27.092  -79.092  -13.823 0.3000000119
1870  25.341  -77.966  -14.270 0.4000000060
1875  26.570  -79.282  -14.411 0.3000000119
1884  24.679  -78.758  -15.494 0.4000000060
1896  23.085  -77.752  -16.659 0.4000000060
1905  22.568  -78.015  -17.640 0.3000000119
1911  28.607  -78.543  -18.579 0.3000000119
1924  28.390  -78.691  -19.378 0.3000000119
1925  27.709  -78.693  -19.446 0.3000000119
1937  28.919  -78.432  -20.529 0.3000000119
1938  27.464  -78.763  -20.028 0.3000000119
1940  25.726  -77.996  -20.885 0.3000000119
1949  28.745  -78.427  -21.286 0.3000000119
1957  28.703  -78.244  -22.041 0.3000000119
1959  25.827  -79.116  -21.718 0.3000000119
1960  25.031  -78.846  -21.953 0.3000000119
1970  22.597  -78.487  -23.214 0.3000000119
1998  26.477  -78.968  -27.352 0.3000000119
2002  23.027  -79.079  -26.598 0.5000000000
2010  22.164  -78.640  -27.689 0.4000000060
2017  22.105  -78.459  -28.342 0.3000000119
2148  27.734  -77.696  -6.100 0.3000000119
2149  24.917  -78.020  -5.970 0.3000000119
2158  24.442  -77.952  -6.956 0.3000000119
2159  24.021  -77.582  -7.673 0.3000000119
2189  28.792  -78.217  -10.492 0.4000000060
2201  28.382  -78.140  -12.035 0.4000000060
2203  27.218  -77.288  -12.485 0.4000000060
2208  26.970  -78.043  -13.185 0.4000000060
2216  25.735  -77.577  -13.672 0.4000000060
2225  24.555  -77.172  -14.554 0.4000000060
2235  30.089  -77.496  -16.415 0.3000000119
2236  23.679  -77.218  -15.572 0.4000000060
2248  31.004  -77.166  -17.260 0.3000000119
2249  30.533  -77.542  -16.816 0.3000000119
2255  22.395  -77.021  -17.299 0.4000000060
2261  30.839  -77.223  -17.884 0.3000000119
2262  30.369  -77.674  -17.557 0.3000000119
2264  28.894  -78.306  -17.843 0.3000000119
2267  22.666  -77.614  -17.194 0.4000000060
2276  29.630  -78.053  -18.729 0.3000000119
2278  27.593  -78.159  -18.351 0.3000000119
2287  29.429  -77.987  -19.442 0.3000000119
2288  26.717  -77.890  -19.287 0.3000000119
2289  26.141  -77.418  -19.641 0.3000000119
2298  26.518  -78.061  -19.951 0.3000000119
2310  25.030  -77.714  -21.265 0.3000000119
2319  24.697  -78.094  -21.780 0.3000000119
2320  23.987  -77.742  -22.031 0.3000000119
2321  23.392  -77.329  -22.384 0.4000000060
2329  28.468  -77.732  -22.796 0.3000000119
2331  22.481  -77.765  -23.323 0.3000000119
2336  28.529  -77.805  -23.558 0.3000000119
2337  22.179  -77.302  -23.686 0.3000000119
2358  23.832  -78.065  -26.272 0.3000000119
2359  22.997  -78.359  -26.588 0.5000000000
2380  22.579  -78.095  -29.382 0.3000000119
2397  25.560  -77.275  -32.490 0.5000000000
2598  29.105  -77.631  -11.318 0.4000000060
2609  29.517  -76.996  -11.690 0.3000000119
2621  29.207  -76.521  -12.357 0.3000000119
2622  28.206  -76.681  -12.394 0.5000000000
2623  27.562  -76.860  -12.483 0.5000000000
2624  26.592  -77.077  -12.938 0.5000000000
2634  24.829  -76.856  -14.350 0.5000000000
2644  24.359  -76.744  -14.864 0.5000000000
2654  30.474  -77.145  -15.828 0.3000000119
2656  28.750  -76.794  -15.831 0.3000000119
2657  27.829  -76.365  -15.816 0.4000000060
2658  23.393  -76.619  -15.867 0.4000000060
2667  31.222  -77.013  -16.507 0.3000000119
2671  27.528  -76.811  -16.536 0.4000000060
2674  22.550  -76.451  -16.881 0.4000000060
2682  27.315  -77.230  -17.197 0.3000000119
2684  26.013  -76.441  -17.757 0.4000000060
2693  30.858  -76.780  -18.304 0.3000000119
2694  30.331  -76.884  -18.865 0.3000000119
2703  29.759  -76.910  -19.461 0.3000000119
2705  25.191  -76.542  -19.787 0.4000000060
2712  29.351  -77.253  -20.136 0.3000000119
2715  24.935  -76.732  -20.366 0.4000000060
2723  29.057  -77.649  -20.751 0.3000000119
2724  27.997  -76.890  -21.696 0.3000000119
2746  22.712  -76.366  -23.019 0.4000000060
2752  28.818  -77.539  -24.489 0.3000000119
2760  28.976  -76.975  -24.744 0.3000000119
2788  22.069  -77.263  -27.846 0.3000000119
2798  23.172  -76.727  -29.349 0.3000000119
2803  25.917  -77.043  -31.998 0.4000000060
2804  25.552  -77.185  -31.372 0.4000000060
2811  26.192  -76.459  -32.880 0.5000000000
2812  26.104  -76.749  -32.581 0.5000000000
3011  26.780  -76.435  -13.188 0.5000000000
3014  30.360  -76.289  -13.595 0.3000000119
3015  29.476  -76.121  -13.200 0.3000000119
3016  28.132  -75.952  -13.655 0.4000000060
3018  26.442  -76.094  -13.940 0.5000000000
3019  25.665  -76.309  -13.994 0.5000000000
3026  28.843  -76.027  -14.481 0.5000000000
3028  26.492  -75.884  -14.800 0.5000000000
3030  24.770  -76.252  -14.791 0.5000000000
3038  28.381  -76.166  -15.206 0.4000000060
3039  27.116  -75.933  -15.356 0.4000000060
3040  25.827  -75.874  -15.046 0.5000000000
3041  25.513  -75.765  -15.767 0.5000000000
3043  23.646  -76.155  -15.812 0.4000000060
3054  25.413  -75.669  -16.619 0.5000000000
3056  22.863  -76.005  -16.596 0.4000000060
3075  25.742  -76.480  -18.442 0.4000000060
3076  25.147  -75.825  -18.510 0.4000000060
3077  21.991  -75.558  -17.784 0.4000000060
3088  29.485  -76.183  -19.309 0.3000000119
3090  25.015  -76.031  -19.246 0.5000000000
3099  28.358  -76.312  -20.223 0.3000000119
3101  24.680  -76.094  -19.972 0.5000000000
3102  24.146  -75.519  -20.304 0.4000000060
3109  28.100  -76.621  -20.983 0.3000000119
3113  23.344  -75.265  -21.471 0.4000000060
3123  23.539  -76.053  -21.686 0.4000000060
3165  25.535  -76.154  -26.326 0.3000000119
3167  23.239  -76.027  -26.212 0.4000000060
3168  22.762  -75.552  -26.729 0.5000000000
3176  22.389  -76.087  -27.303 0.5000000000
3183  22.460  -75.953  -28.236 0.4000000060
3188  23.037  -76.026  -28.966 0.4000000060
3194  26.177  -76.612  -31.405 0.5000000000
3202  26.620  -76.212  -32.653 0.6000000238
3443  23.375  -75.628  -16.361 0.4000000060
3454  31.936  -75.215  -17.174 0.3000000119
3456  24.410  -75.166  -17.469 0.5000000000
3457  23.619  -75.011  -17.423 0.5000000000
3458  22.920  -75.076  -17.369 0.4000000060
3459  22.430  -75.328  -17.341 0.4000000060
3467  31.249  -75.454  -18.192 0.3000000119
3473  22.606  -74.587  -18.567 0.4000000060
3497  23.197  -74.577  -20.419 0.4000000060
3507  23.580  -75.050  -20.728 0.4000000060
3554  23.443  -74.735  -25.834 0.4000000060
3599  23.802  -75.151  -28.880 0.3000000119
3600  23.094  -75.418  -28.608 0.3000000119
3615  27.232  -75.657  -32.415 0.6000000238
3618  26.927  -75.611  -32.955 0.6999999881
3911  22.205  -74.539  -19.041 0.4000000060
3936  22.617  -74.317  -20.618 0.4000000060
3949  22.142  -74.297  -21.122 0.4000000060
3963  22.014  -74.355  -21.633 0.4000000060
4000  24.737  -73.452  -25.121 0.3000000119
4030  23.336  -74.093  -26.205 0.5000000000
4031  23.181  -74.173  -27.198 0.4000000060
4050  24.376  -73.967  -28.358 0.4000000060
4052  23.063  -74.634  -27.800 0.4000000060
4060  25.759  -74.190  -29.268 0.5000000000
4061  24.889  -74.362  -28.965 0.4000000060
4074  28.089  -74.547  -31.794 0.6000000238
4075  27.708  -74.882  -31.365 0.5000000000
4082  27.935  -74.450  -32.318 0.6999999881
4083  27.389  -74.604  -32.752 0.6999999881
4090  26.964  -74.996  -33.056 0.6999999881
4091  26.173  -74.713  -33.089 0.6999999881
4092  25.240  -74.476  -32.909 0.6000000238
4472  24.193  -73.486  -25.360 0.3000000119
4510  23.864  -73.628  -27.663 0.4000000060
4520  27.470  -73.077  -29.365 0.6000000238
4531  27.704  -73.737  -29.993 0.6000000238
4541  28.865  -73.640  -31.676 0.6999999881
4542  28.382  -73.679  -32.136 0.6999999881
4546  24.591  -73.185  -32.125 0.6000000238
4547  23.894  -73.158  -32.014 0.5000000000
4558  24.113  -73.652  -32.330 0.5000000000
4986  24.349  -72.234  -26.085 0.4000000060
4987  23.992  -72.826  -26.425 0.5000000000
4999  25.236  -72.082  -27.620 0.5000000000
5023  27.709  -72.620  -29.232 0.5000000000
5024  26.225  -72.989  -28.702 0.5000000000
5043  29.264  -73.251  -31.371 0.6999999881
5048  23.326  -72.446  -31.015 0.4000000060
5052  29.620  -72.552  -31.538 0.6999999881
5056  26.059  -72.653  -32.186 0.6999999881
5058  24.313  -72.745  -31.563 0.6000000238
5526  27.531  -72.027  -28.858 0.5000000000
5528  22.858  -71.637  -29.571 0.6000000238
5537  24.176  -71.460  -30.171 0.6000000238
5539  21.837  -71.422  -30.004 0.4000000060
5550  23.834  -71.954  -30.283 0.6000000238
5552  22.264  -71.681  -30.927 0.6000000238
6008  21.695  -70.386  -27.559 0.6000000238
6020  22.151  -70.599  -28.079 0.6000000238
6036  21.250  -70.820  -28.769 0.6000000238
6044  30.383  -70.424  -31.091 0.4000000060
6047  21.222  -70.795  -29.800 0.4000000060
6055  30.318  -71.014  -31.344 0.6000000238
6057  24.830  -71.026  -30.479 0.8000000119
6066  30.281  -70.369  -31.616 0.4000000060
6067  30.092  -71.159  -31.714 0.6999999881
6527  14.588  -69.546  -23.127 0.5000000000
6539  15.557  -69.544  -23.936 0.6000000238
6541  13.705  -69.635  -23.525 0.6000000238
6543  11.651  -69.465  -23.943 0.6000000238
6562  15.241  -69.423  -25.207 0.6999999881
6563  14.633  -69.665  -25.131 0.5000000000
6579  22.869  -69.569  -27.374 0.6000000238
6601  24.188  -69.264  -29.427 0.6999999881
6602  23.048  -70.359  -28.603 0.6000000238
6628  21.769  -69.444  -31.132 0.5000000000
6636  28.382  -69.508  -32.623 0.6000000238
6639  25.838  -69.119  -31.777 0.8000000119
7090  16.194  -68.759  -22.008 0.6000000238
7093  14.126  -68.274  -22.311 0.5000000000
7107  15.717  -69.204  -22.552 0.6000000238
7108  14.955  -69.272  -22.576 0.6000000238
7109  13.846  -68.854  -22.581 0.5000000000
7119  17.369  -68.678  -23.805 0.6000000238
7121  16.283  -69.213  -24.184 0.6000000238
7122  10.693  -68.494  -23.681 0.6000000238
7129  16.923  -68.735  -24.361 0.6000000238
7138  14.235  -69.562  -25.709 0.6000000238
7146  14.820  -68.666  -26.705 0.6000000238
7152  21.970  -69.326  -26.585 0.6999999881
7153  21.299  -69.185  -26.765 0.6000000238
7154  20.689  -68.697  -27.458 0.6000000238
7164  23.386  -68.985  -27.245 0.8000000119
7165  21.013  -69.542  -27.369 0.6000000238
7177  20.137  -68.514  -29.304 0.4000000060
7194  30.148  -69.648  -31.712 0.4000000060
7195  30.103  -69.073  -31.528 0.4000000060
7200  21.132  -68.264  -31.017 0.5000000000
7209  29.254  -69.117  -32.574 0.4000000060
7210  27.362  -68.974  -32.639 0.6000000238
7222  29.573  -68.461  -32.502 0.4000000060
7708  18.134  -67.327  -21.312 0.5000000000
7710  17.014  -67.742  -21.167 0.6000000238
7722  18.608  -67.334  -21.738 0.6000000238
7723  17.359  -68.098  -21.603 0.6000000238
7725  15.858  -68.248  -21.536 0.6000000238
7735  19.255  -67.496  -22.992 0.6999999881
7736  18.567  -67.828  -22.431 0.6000000238
7739  11.904  -68.246  -23.163 0.5000000000
7746  11.997  -67.551  -23.349 0.5000000000
7749  9.688  -67.597  -24.127 0.6000000238
7758  16.996  -68.303  -24.952 0.6000000238
7772  23.173  -68.111  -26.526 0.8000000119
7774  22.084  -68.084  -26.536 0.6999999881
7776  15.884  -67.910  -26.556 0.6000000238
7782  23.745  -67.765  -26.807 0.6999999881
7792  24.519  -67.972  -27.782 0.6999999881
7793  23.959  -68.269  -27.104 0.8000000119
7795  14.740  -67.785  -27.974 0.6000000238
7801  25.316  -67.614  -29.755 0.6999999881
7803  19.861  -67.710  -28.848 0.6999999881
7814  25.370  -67.586  -30.580 0.6000000238
7822  25.306  -67.920  -31.099 0.6999999881
7824  20.676  -67.539  -30.981 0.5000000000
7829  26.117  -67.530  -32.370 0.6999999881
7830  25.652  -67.672  -31.770 0.6999999881
7837  29.302  -67.823  -32.571 0.4000000060
8339  17.800  -66.953  -21.127 0.6000000238
8340  17.161  -67.225  -21.043 0.6000000238
8349  18.962  -66.789  -21.690 0.5000000000
8351  14.962  -67.471  -22.056 0.6000000238
8358  19.767  -66.848  -22.758 0.6999999881
8360  14.328  -67.524  -22.527 0.6000000238
8361  13.332  -67.324  -23.157 0.6000000238
8370  13.852  -66.727  -23.441 0.6000000238
8371  13.117  -66.589  -24.065 0.5000000000
8373  10.038  -67.065  -24.234 0.6000000238
8374  9.517  -67.057  -24.582 0.6000000238
8384  18.037  -67.625  -24.911 0.6000000238
8386  11.853  -66.587  -24.436 0.5000000000
8388  9.436  -66.547  -25.244 0.5000000000
8409  23.302  -67.632  -26.670 0.8000000119
8412  16.129  -67.249  -26.802 0.5000000000
8425  25.180  -66.252  -27.505 0.6999999881
8426  24.849  -67.060  -27.495 0.6999999881
8428  22.879  -67.207  -27.023 0.6000000238
8432  15.812  -67.097  -27.529 0.5000000000
8468  19.714  -66.941  -30.145 0.5000000000
8478  26.126  -66.566  -31.478 0.5000000000
8492  28.961  -67.048  -32.680 0.4000000060
8494  27.155  -66.829  -32.806 0.4000000060
8495  26.456  -66.882  -32.457 0.4000000060
9000  18.130  -66.373  -21.241 0.6000000238
9003  16.132  -66.783  -21.528 0.6000000238
9014  18.806  -66.275  -21.503 0.5000000000
9017  15.923  -66.058  -22.001 0.6000000238
9018  15.219  -65.934  -22.397 0.6000000238
9030  20.971  -65.812  -23.343 0.8000000119
9032  13.262  -66.024  -24.468 0.6000000238
9039  20.661  -66.264  -24.103 0.8999999762
9040  13.027  -65.847  -25.290 0.6999999881
9054  20.708  -65.845  -24.961 0.8000000119
9071  19.260  -65.219  -26.299 0.6999999881
9088  25.327  -65.665  -27.649 0.5000000000
9089  24.875  -66.002  -27.508 0.5000000000
9091  23.154  -66.586  -27.537 0.6000000238
9095  16.698  -65.885  -27.399 0.6000000238
9096  16.165  -66.325  -27.786 0.5000000000
9114  20.903  -65.585  -28.120 0.6999999881
9133  26.265  -65.555  -28.735 0.5000000000
9698  17.107  -65.412  -22.050 0.5000000000
9699  16.319  -65.459  -22.164 0.6000000238
9701  15.200  -65.038  -22.426 0.6999999881
9707  21.044  -64.918  -23.055 0.8000000119
9709  18.684  -65.246  -22.134 0.6000000238
9715  13.663  -65.043  -23.319 0.6999999881
9721  22.012  -64.730  -24.113 0.6999999881
9740  22.005  -64.875  -24.881 0.6999999881
9743  13.389  -65.395  -25.694 0.6999999881
9753  13.545  -65.260  -26.376 0.6999999881
9755  11.893  -65.414  -27.032 0.5000000000
9766  18.569  -64.370  -27.553 0.6999999881
9767  17.737  -64.774  -27.631 0.6000000238
9768  17.015  -65.235  -27.792 0.6000000238
9769  13.457  -65.114  -27.051 0.6999999881
9780  24.595  -65.258  -28.229 0.5000000000
9782  22.770  -65.448  -28.809 0.6000000238
9785  19.959  -64.475  -28.024 0.8000000119
9789  11.133  -64.801  -28.472 0.5000000000
9803  23.065  -64.967  -29.420 0.5000000000
9804  18.993  -64.503  -29.040 0.5000000000
10373  21.227  -64.066  -23.260 0.6999999881
10375  19.728  -64.452  -22.775 0.6999999881
10390  21.715  -64.459  -23.506 0.6999999881
10402  12.456  -64.135  -24.644 0.6000000238
10409  13.663  -64.685  -26.227 0.6999999881
10410  13.159  -64.617  -25.558 0.6999999881
10414  22.888  -63.858  -26.646 0.6000000238
10415  21.843  -64.541  -27.334 0.6999999881
10421  19.076  -64.146  -28.367 0.6999999881
10432  22.209  -64.567  -28.149 0.6000000238
10433  18.631  -64.165  -28.527 0.5000000000
10434  18.059  -64.291  -28.639 0.6000000238
10436  12.773  -64.459  -28.505 0.6000000238
10447  23.527  -64.732  -29.937 0.5000000000
11061  12.357  -62.934  -22.952 0.6000000238
11077  22.555  -63.420  -24.316 0.6999999881
11080  20.061  -63.248  -23.541 0.5000000000
11082  18.369  -64.052  -23.238 0.5000000000
11085  12.677  -63.688  -23.098 0.6000000238
11123  12.200  -63.282  -25.493 0.6000000238
11140  12.805  -63.326  -26.277 0.6000000238
11169  23.295  -63.042  -28.316 0.6000000238
11170  22.890  -63.731  -28.877 0.6000000238
11171  13.905  -63.657  -28.385 0.5000000000
11181  22.894  -63.934  -29.837 0.5000000000
11183  12.677  -63.584  -29.413 0.5000000000
11184  11.665  -63.650  -29.593 0.6000000238
11770  13.352  -62.468  -22.667 0.6000000238
11784  21.490  -62.804  -23.776 0.6000000238
11786  19.602  -62.728  -24.023 0.6000000238
11787  18.777  -62.993  -24.017 0.5000000000
11790  14.750  -61.961  -23.592 0.6000000238
11792  11.593  -62.330  -24.101 0.6999999881
11806  22.757  -62.425  -25.086 0.6000000238
11807  22.515  -62.771  -24.378 0.6000000238
11811  17.696  -62.433  -24.941 0.5000000000
11812  16.933  -62.470  -24.837 0.6000000238
11832  16.728  -61.804  -25.323 0.6000000238
11844  23.338  -62.578  -26.522 0.6000000238
11845  13.484  -63.332  -27.104 0.5000000000
11857  23.509  -62.664  -27.561 0.6000000238
11878  13.864  -62.581  -29.318 0.5000000000
12455  14.390  -61.107  -21.436 0.5000000000
12470  13.248  -61.083  -21.786 0.5000000000
12472  12.182  -60.631  -22.274 0.5000000000
12486  13.197  -61.587  -22.308 0.5000000000
12487  12.625  -61.836  -22.418 0.6999999881
12488  11.866  -61.011  -22.834 0.5000000000
12497  11.874  -61.707  -23.024 0.6999999881
12498  11.589  -61.781  -23.708 0.6999999881
12514  15.903  -61.299  -24.832 0.6000000238
12533  16.701  -61.252  -25.636 0.6000000238
12534  16.252  -61.048  -25.238 0.6000000238
12543  23.050  -61.368  -26.843 0.6000000238
12560  23.603  -62.017  -27.860 0.6000000238
12571  14.261  -61.229  -29.456 0.5000000000
12580  12.181  -61.909  -30.031 0.5000000000
12588  13.360  -61.324  -30.293 0.4000000060
13248  16.757  -60.651  -23.061 0.5000000000
13249  15.908  -60.799  -23.474 0.5000000000
13263  11.794  -60.566  -23.474 0.5000000000
13264  11.581  -61.148  -24.039 0.6000000238
13277  16.395  -60.525  -24.556 0.5000000000
13278  15.974  -60.975  -24.772 0.6000000238
13279  12.078  -60.455  -25.218 0.6000000238
13304  17.065  -60.788  -25.957 0.5000000000
13306  12.381  -61.180  -26.415 0.6999999881
13314  22.653  -60.828  -27.300 0.6000000238
13320  14.125  -60.351  -28.324 0.6000000238
13343  21.954  -60.344  -30.009 0.5000000000
13345  14.556  -60.521  -29.958 0.5000000000
13355  14.228  -60.375  -30.439 0.5000000000
13356  12.617  -60.887  -30.405 0.5000000000
14001  17.447  -59.701  -24.291 0.5000000000
14013  16.954  -60.046  -24.918 0.5000000000
14014  12.231  -59.816  -24.789 0.6000000238
14019  17.025  -60.337  -25.653 0.5000000000
14021  12.466  -60.421  -26.054 0.6999999881
14037  13.545  -60.000  -27.491 0.6999999881
14065  14.112  -59.842  -30.668 0.5000000000
14749  18.428  -58.739  -25.456 0.5000000000
14750  17.902  -59.291  -25.868 0.5000000000
14751  13.069  -58.828  -25.657 0.5000000000
14760  13.702  -58.735  -26.730 0.5000000000
14788  15.508  -58.515  -30.545 0.6000000238
14805  15.241  -58.739  -30.796 0.6000000238
14806  14.773  -59.236  -30.769 0.6000000238
14807  14.049  -59.180  -30.748 0.5000000000
15558  13.087  -57.566  -29.141 0.5000000000
16361  12.648  -56.812  -27.535 0.5000000000
16368  16.263  -56.746  -29.463 0.5000000000
17072  6.995  -56.292  -23.949 0.5000000000
17074  5.492  -55.777  -24.026 0.5000000000
17085  9.486  -55.798  -25.180 0.5000000000
17087  7.451  -56.027  -24.804 0.6000000238
17097  11.895  -55.981  -25.892 0.5000000000
17108  12.907  -55.392  -27.378 0.6000000238
17115  16.133  -55.095  -28.992 0.5000000000
17116  16.218  -55.869  -28.888 0.5000000000
17117  12.839  -56.170  -27.511 0.5000000000
17122  16.225  -55.413  -29.471 0.5000000000
17130  15.988  -55.137  -29.483 0.5000000000
17855  5.216  -55.260  -24.339 0.5000000000
17861  10.116  -55.525  -25.864 0.5000000000
17864  7.208  -55.614  -25.280 0.6000000238
17866  5.737  -55.148  -24.752 0.6000000238
17879  11.706  -55.275  -26.477 0.6000000238
17880  10.794  -55.248  -26.368 0.5000000000
17881  9.798  -55.053  -26.594 0.6000000238
17884  7.018  -55.080  -25.307 0.6000000238
17896  15.475  -55.167  -26.921 0.5000000000
17908  14.131  -54.121  -28.320 0.6999999881
17914  15.653  -54.580  -29.240 0.5000000000
17915  14.890  -54.643  -29.120 0.5000000000
18656  12.521  -54.155  -19.557 0.5000000000
18664  13.551  -54.164  -20.662 0.6000000238
18666  11.950  -54.227  -20.046 0.6999999881
18676  12.803  -54.399  -21.185 0.6000000238
18677  12.105  -54.408  -20.649 0.6999999881
18678  11.195  -54.360  -21.383 0.6999999881
18693  4.946  -54.280  -22.508 0.5000000000
18702  10.720  -54.177  -22.801 0.6999999881
18703  4.823  -54.842  -23.182 0.6000000238
18714  11.924  -54.120  -23.508 0.8000000119
18717  4.466  -53.908  -23.815 0.6000000238
18730  6.142  -54.791  -25.027 0.6000000238
18732  4.687  -53.995  -24.278 0.6000000238
18743  7.679  -54.619  -25.406 0.6000000238
18751  11.230  -53.660  -27.103 0.6000000238
18753  9.768  -53.640  -26.497 0.6999999881
18760  15.734  -53.765  -27.899 0.6000000238
18761  14.108  -53.245  -28.096 0.6999999881
18762  13.247  -53.581  -27.567 0.6000000238
18763  12.738  -53.341  -27.190 0.8000000119
18766  15.737  -53.974  -28.559 0.6000000238
19470  12.573  -53.172  -18.549 0.4000000060
19494  14.544  -53.094  -19.723 0.4000000060
19496  12.991  -53.759  -19.100 0.4000000060
19498  11.314  -53.922  -19.970 0.6000000238
19511  14.181  -53.485  -20.242 0.4000000060
19523  10.806  -53.828  -20.371 0.6000000238
19524  10.209  -53.531  -20.738 0.6999999881
19525  9.539  -53.238  -21.174 0.6999999881
19536  13.702  -53.735  -22.421 0.6000000238
19541  4.612  -53.482  -22.523 0.5000000000
19554  12.597  -54.035  -23.499 0.6999999881
19567  12.828  -53.576  -24.304 0.8000000119
19574  6.473  -53.271  -24.671 0.6000000238
19575  4.491  -53.561  -23.951 0.6000000238
19579  12.151  -53.213  -25.941 0.6999999881
19581  10.480  -53.257  -25.630 0.6999999881
19582  9.674  -53.419  -25.447 0.6999999881
19585  6.985  -54.013  -24.891 0.6000000238
19590  15.637  -53.046  -26.494 0.6999999881
19591  12.453  -53.192  -26.599 0.6999999881
19595  8.470  -54.225  -25.568 0.6000000238
19599  15.614  -53.173  -27.345 0.6000000238
19603  10.928  -53.314  -26.694 0.6999999881
19604  10.288  -53.355  -26.565 0.6999999881
19613  15.032  -52.931  -28.052 0.6999999881
19623  15.396  -53.472  -28.463 0.6000000238
19624  14.750  -53.144  -28.290 0.6999999881
20339  13.182  -52.645  -18.177 0.3000000119
20340  12.584  -52.323  -18.199 0.3000000119
20409  8.902  -53.019  -21.692 0.8000000119
20412  4.069  -52.215  -22.655 0.6999999881
20420  15.129  -52.612  -23.182 0.5000000000
20423  15.378  -52.657  -24.301 0.5000000000
20429  5.012  -52.652  -24.248 0.6999999881
20430  4.435  -52.988  -23.851 0.6000000238
20435  15.003  -52.586  -24.959 0.5000000000
20436  14.418  -52.624  -24.677 0.6999999881
20438  5.559  -53.239  -24.604 0.6000000238
20449  15.498  -52.867  -26.936 0.6999999881
20450  15.093  -52.637  -26.855 0.6999999881
20452  13.500  -52.911  -26.689 0.8000000119
20457  15.362  -52.832  -27.532 0.6000000238
20458  14.642  -52.657  -27.510 0.6999999881
21208  11.758  -51.722  -19.128 0.4000000060
21209  11.168  -51.753  -19.634 0.6000000238
21216  10.656  -51.816  -19.967 0.6000000238
21217  10.202  -51.549  -20.193 0.6999999881
21218  9.709  -51.318  -20.406 0.6999999881
21234  8.520  -51.602  -21.194 0.8000000119
21249  7.458  -51.619  -22.610 0.8000000119
21250  4.058  -51.326  -22.544 0.6999999881
21263  6.820  -51.493  -23.420 0.6999999881
21274  6.132  -51.576  -24.040 0.6999999881
21968  12.079  -50.974  -18.982 0.4000000060
21994  9.461  -50.735  -20.562 0.6999999881
21995  8.723  -50.762  -20.923 0.6999999881
21997  4.239  -50.827  -21.938 0.5000000000
22013  6.707  -50.325  -23.453 0.6999999881
22015  4.247  -51.130  -22.894 0.6999999881
22029  5.568  -51.067  -23.766 0.6999999881
22807  11.999  -50.333  -19.482 0.4000000060
22808  11.532  -50.412  -19.998 0.5000000000
22816  10.499  -50.420  -20.388 0.6000000238
22818  4.903  -49.765  -20.703 0.4000000060
22822  11.189  -49.567  -21.025 0.6000000238
22823  10.522  -49.888  -20.767 0.5000000000
22825  7.752  -49.876  -22.215 0.6999999881
22826  4.418  -49.781  -21.306 0.4000000060
22830  4.257  -49.784  -21.937 0.6000000238
22835  6.596  -49.624  -23.557 0.6999999881
22837  4.543  -49.746  -22.603 0.6000000238
23604  12.621  -49.527  -18.886 0.4000000060
23605  12.180  -49.643  -19.677 0.4000000060
23620  12.115  -48.954  -21.201 0.4000000060
23622  10.375  -49.339  -21.394 0.5000000000
23624  8.812  -49.435  -21.342 0.6999999881
23632  9.811  -48.927  -21.971 0.6999999881
23636  4.701  -48.612  -21.977 0.5000000000
23640  12.415  -48.525  -22.695 0.3000000119
23642  11.067  -48.627  -22.981 0.6000000238
23644  9.309  -48.542  -22.464 0.6999999881
23646  8.179  -48.562  -22.910 0.6999999881
24458  4.574  -48.274  -21.265 0.5000000000
24472  13.373  -47.692  -22.769 0.3000000119
24474  12.280  -48.261  -23.424 0.3000000119
24476  10.426  -48.052  -23.086 0.6000000238
24479  7.990  -48.110  -23.051 0.6999999881
24481  6.084  -48.046  -22.812 0.6000000238
24488  12.239  -47.908  -23.899 0.4000000060
24489  11.746  -47.897  -23.732 0.4000000060
24496  12.764  -47.519  -24.445 0.4000000060
25330  14.345  -46.626  -21.845 0.3000000119
25340  7.312  -46.799  -22.537 0.6000000238
25342  5.428  -47.193  -21.793 0.5000000000
25352  9.935  -47.423  -22.930 0.6999999881
25355  7.812  -47.495  -22.904 0.6000000238
25356  6.986  -47.350  -22.799 0.6000000238
25368  11.435  -47.553  -23.680 0.5000000000
25379  13.245  -47.169  -25.071 0.4000000060
26265  7.011  -45.800  -21.544 0.5000000000
26275  14.725  -46.242  -22.283 0.3000000119
26276  10.830  -46.154  -22.370 0.5000000000
26279  8.357  -46.352  -22.080 0.8000000119
26283  5.047  -46.841  -21.110 0.5000000000
26288  12.097  -46.276  -23.389 0.4000000060
26291  9.529  -46.875  -22.524 0.6999999881
26312  13.207  -46.756  -25.389 0.3000000119
26324  13.657  -46.391  -25.779 0.3000000119
27195  9.874  -45.114  -21.332 0.6999999881
27198  7.324  -45.326  -20.968 0.4000000060
27209  11.914  -44.979  -22.245 0.6000000238
27211  10.319  -45.619  -21.808 0.6999999881
27214  7.904  -45.895  -21.494 0.6000000238
27234  13.193  -45.364  -25.082 0.4000000060
27246  12.901  -46.205  -24.808 0.4000000060
28144  8.590  -44.787  -20.587 0.6000000238
28155  11.338  -44.474  -21.775 0.6999999881
28166  12.376  -44.429  -22.829 0.5000000000
28189  13.625  -44.068  -25.244 0.3000000119
29100  9.611  -43.860  -20.879 0.6000000238
29109  11.821  -43.143  -22.316 0.5000000000
29111  10.713  -44.022  -21.430 0.6999999881
29133  12.989  -43.296  -23.869 0.5000000000
29148  13.304  -43.642  -24.594 0.3000000119
29155  14.701  -43.492  -26.053 0.3000000119
29156  14.092  -43.767  -25.687 0.3000000119
30049  11.140  -42.731  -22.051 0.6000000238
30050  10.395  -42.355  -21.882 0.5000000000
30051  9.761  -42.060  -21.703 0.6000000238
30073  12.814  -42.501  -23.682 0.5000000000
30093  14.651  -42.703  -25.852 0.3000000119
31042  9.675  -41.385  -21.862 0.6000000238
31055  11.974  -41.831  -23.114 0.4000000060
31057  10.673  -41.267  -22.581 0.5000000000
31097  16.149  -41.843  -26.514 0.3000000119
32025  10.027  -41.051  -22.350 0.6000000238
32027  9.129  -40.335  -21.768 0.5000000000
32041  11.925  -41.181  -23.452 0.4000000060
32987  10.682  -40.097  -23.097 0.4000000060
32988  10.004  -39.898  -22.863 0.5000000000
33000  12.144  -40.115  -24.008 0.4000000060
34006  8.743  -38.624  -21.824 0.5000000000
34015  10.907  -39.558  -23.409 0.4000000060
34025  11.483  -39.047  -23.815 0.4000000060
34037  12.138  -38.848  -24.311 0.3000000119
35017  9.159  -38.223  -22.429 0.6000000238
35034  9.710  -37.728  -22.980 0.5000000000
35046  11.182  -38.272  -23.766 0.4000000060
35047  10.985  -37.425  -23.719 0.4000000060
35058  12.251  -37.902  -24.586 0.3000000119
37284  9.318  -35.969  -22.643 0.4000000060
38383  10.513  -34.037  -23.615 0.4000000060
38384  9.999  -33.894  -23.300 0.4000000060
39380  8.517  -32.858  -21.007 0.4000000060
39393  9.574  -32.779  -22.274 0.4000000060
39405  9.896  -32.904  -22.736 0.4000000060
39419  10.353  -33.326  -22.935 0.4000000060
39420  10.244  -33.353  -23.246 0.3000000119
158541  11.731  -62.860  -24.113 0.6000000238
158750  21.771  -80.429  -12.605 0.4000000060
159889  4.205  -53.072  -22.988 0.5000000000
160339  23.166  -74.743  -18.046 0.4000000060
160937  22.813  -61.509  -26.144 0.5000000000
161064  12.674  -40.494  -24.259 0.4000000060
161285  23.327  -75.209  -16.903 0.4000000060
161385  13.694  -61.842  -22.691 0.6999999881
161585  18.343  -67.050  -25.269 0.6999999881
161820  20.834  -83.205  -8.074 0.4000000060
162192  20.178  -65.721  -25.463 0.8999999762
162242  22.903  -82.403  -10.387 0.5000000000
162269  18.782  -64.591  -22.717 0.6000000238
162305  11.867  -54.457  -21.308 0.6999999881
163290  16.164  -62.539  -24.163 0.6000000238
163663  15.471  -57.408  -30.519 0.6000000238
164224  24.194  -77.758  -30.641 0.4000000060
164383  15.525  -61.269  -24.295 0.6000000238
164784  4.848  -50.520  -23.178 0.8000000119
164879  12.147  -55.792  -26.333 0.5000000000
165143  16.214  -57.396  -29.914 0.6000000238
165413  29.051  -78.120  -20.843 0.3000000119
165474  21.970  -80.185  -23.786 0.3000000119
165603  22.070  -80.325  -14.334 0.4000000060
165706  17.067  -61.150  -22.338 0.5000000000
165849  23.226  -73.060  -32.187 0.6000000238
165860  15.763  -42.523  -26.354 0.3000000119
166395  19.046  -84.317  -4.433 0.3000000119
167595  24.878  -76.293  -26.154 0.3000000119
167650  22.786  -74.877  -21.844 0.4000000060
167697  4.705  -47.760  -20.402 0.5000000000
167705  24.191  -74.700  -25.519 0.3000000119
167803  15.566  -54.536  -26.552 0.5000000000
168145  12.738  -61.343  -22.102 0.5000000000
169050  11.876  -60.469  -24.393 0.5000000000
169614  13.446  -59.340  -26.963 0.5000000000
169817  19.737  -82.037  -9.798 0.4000000060
170351  21.228  -82.298  -5.491 0.3000000119
170462  20.246  -83.876  -4.953 0.3000000119
170530  24.771  -75.853  -15.536 0.5000000000
170708  15.784  -57.711  -30.389 0.6000000238
170907  7.742  -48.969  -23.015 0.6999999881
171192  7.939  -52.348  -22.321 0.8000000119
171505  26.227  -80.075  -15.124 0.4000000060
171610  23.357  -74.555  -18.957 0.5000000000
171686  14.098  -64.805  -22.779 0.6000000238
171970  13.902  -62.579  -28.277 0.5000000000
172020  6.989  -48.258  -23.286 0.6999999881
172089  22.974  -76.986  -22.787 0.4000000060
172181  24.653  -77.614  -14.649 0.4000000060
172308  29.281  -72.517  -31.819 0.6999999881
172407  21.518  -67.090  -27.365 0.6999999881
172516  26.929  -80.133  -23.364 0.3000000119
172575  17.777  -68.289  -22.255 0.6000000238
172602  6.783  -47.754  -22.974 0.6999999881
172801  15.990  -64.100  -22.901 0.5000000000
173063  21.788  -61.503  -25.354 0.5000000000
173074  5.050  -49.028  -22.650 0.6000000238
173408  24.588  -72.866  -25.181 0.3000000119
173567  4.130  -52.625  -23.278 0.6999999881
173636  8.222  -47.963  -22.928 0.6999999881
174496  24.540  -81.308  -11.912 0.4000000060
174639  23.513  -77.308  -26.260 0.4000000060
174727  22.847  -81.805  -12.364 0.4000000060
175325  13.710  -69.854  -24.164 0.6000000238
175505  12.185  -42.863  -22.790 0.6000000238
176027  7.339  -48.998  -23.439 0.6999999881
176157  25.099  -77.545  -26.449 0.4000000060
176335  26.361  -66.430  -32.069 0.4000000060
176714  23.840  -78.947  -22.596 0.4000000060
177019  22.575  -75.505  -27.530 0.4000000060
177206  11.891  -53.218  -19.093 0.4000000060
177654  21.204  -64.967  -26.012 0.8999999762
177661  21.713  -68.645  -26.500 0.8000000119
177786  21.800  -76.692  -24.116 0.3000000119
178060  15.444  -61.075  -23.838 0.5000000000
178270  4.692  -49.307  -20.870 0.5000000000
178304  9.491  -40.131  -22.360 0.6000000238
178455  25.955  -75.993  -14.436 0.5000000000
178536  22.358  -81.030  -12.634 0.4000000060
178550  23.358  -82.229  -6.181 0.3000000119
178640  24.965  -77.663  -31.352 0.4000000060
178643  14.226  -69.712  -23.690 0.5000000000
178667  17.912  -65.346  -22.027 0.6000000238
179485  23.690  -69.646  -28.854 0.8000000119
179957  28.469  -78.750  -20.179 0.3000000119
180273  20.119  -83.809  -6.869 0.5000000000
180334  26.004  -78.572  -9.988 0.4000000060
180515  26.700  -78.726  -7.672 0.3000000119
180566  12.000  -39.489  -24.045 0.4000000060
180592  11.237  -53.290  -19.646 0.6000000238
180629  5.281  -55.475  -23.025 0.6000000238
180753  5.191  -53.838  -24.596 0.6000000238
181256  12.588  -41.188  -23.948 0.5000000000
181277  25.298  -80.471  -23.197 0.3000000119
181647  26.029  -80.366  -23.083 0.3000000119
182102  25.273  -81.501  -14.842 0.3000000119
182384  25.537  -65.999  -27.836 0.5000000000
182434  21.632  -65.208  -28.151 0.6999999881
182564  23.973  -81.883  -8.329 0.4000000060
182759  6.617  -50.856  -23.500 0.6999999881
182961  24.898  -80.892  -12.474 0.4000000060
183021  15.229  -61.706  -24.022 0.6000000238
183134  13.686  -60.776  -21.209 0.5000000000
183250  22.330  -64.397  -24.567 0.6999999881
183621  28.561  -77.543  -16.726 0.3000000119
183738  29.126  -71.814  -31.974 0.6999999881
183810  28.135  -78.662  -12.316 0.4000000060
183973  13.128  -54.244  -21.957 0.6000000238
184080  21.978  -77.112  -17.989 0.4000000060
184175  17.552  -59.566  -24.869 0.5000000000
184239  25.379  -70.253  -30.889 0.8000000119
184360  13.166  -64.397  -23.257 0.6000000238
184411  12.831  -69.278  -23.190 0.6000000238
184428  24.870  -77.863  -31.872 0.4000000060
184455  27.381  -77.694  -5.637 0.3000000119
184500  26.144  -70.036  -31.512 0.8000000119
184726  8.439  -52.832  -22.163 0.8000000119
184770  25.647  -80.086  -7.368 0.3000000119
184784  15.185  -42.390  -26.181 0.3000000119
184859  13.716  -52.900  -25.214 0.6999999881
185413  9.669  -68.756  -24.257 0.5000000000
185458  11.455  -53.962  -23.899 0.8000000119
185691  22.386  -76.891  -27.070 0.3000000119
185724  14.542  -56.388  -25.759 0.5000000000
186235  13.188  -58.951  -30.218 0.5000000000
186255  24.350  -81.398  -8.897 0.5000000000
186371  10.520  -34.759  -23.681 0.4000000060
186503  23.223  -61.909  -26.457 0.6000000238
186993  21.889  -80.804  -28.623 0.3000000119
187165  9.844  -40.504  -22.542 0.6000000238
187868  20.540  -66.001  -22.968 0.8000000119
187979  12.293  -49.919  -19.222 0.4000000060
188008  9.805  -39.360  -22.906 0.6000000238
188010  19.073  -64.257  -28.592 0.5000000000
188093  21.929  -62.603  -24.118 0.6000000238
188201  7.870  -50.336  -21.679 0.8000000119
188240  10.434  -39.695  -23.149 0.4000000060
188922  13.064  -44.830  -24.395 0.4000000060
189034  31.555  -75.643  -17.991 0.3000000119
189071  10.172  -43.705  -21.166 0.6999999881
189263  29.549  -77.572  -10.282 0.3000000119
189594  22.648  -72.011  -32.366 0.5000000000
189757  12.606  -56.502  -27.111 0.5000000000
190038  28.381  -77.341  -21.861 0.3000000119
190110  11.054  -49.199  -21.707 0.5000000000
190139  22.670  -82.684  -5.989 0.4000000060
190324  13.259  -47.765  -23.563 0.3000000119
190410  22.636  -68.539  -32.524 0.5000000000
190428  23.141  -63.289  -26.271 0.6000000238
190936  12.438  -34.618  -23.529 0.3000000119
191012  22.606  -69.415  -32.448 0.5000000000
