#!ascii label  , from subject sub-v2s2x29090_ses-1 vox2ras=TkReg
647
13104  -33.392  -56.739  -11.478 0.6999999881
13112  -33.006  -56.737  -12.880 0.6000000238
13124  -33.163  -56.549  -13.203 0.6000000238
13927  -34.407  -55.569  -13.960 0.4000000060
16865  -32.844  -51.489  -7.358 0.6999999881
17522  -32.018  -50.594  -8.549 0.6999999881
139445  -33.186  -51.920  -7.770 0.6999999881
17523  -32.423  -51.024  -9.174 0.6000000238
16167  -33.473  -52.763  -8.450 0.6999999881
16881  -32.883  -51.798  -9.237 0.6000000238
15400  -33.399  -53.396  -8.927 0.6000000238
16179  -33.015  -52.479  -9.781 0.6000000238
14603  -32.939  -54.819  -9.695 0.6000000238
135714  -33.049  -53.179  -10.146 0.6000000238
136126  -32.950  -53.307  -11.011 0.5000000000
14641  -32.792  -54.413  -11.083 0.5000000000
15420  -32.853  -53.733  -11.646 0.5000000000
14677  -32.335  -54.495  -12.711 0.6000000238
12342  -32.155  -56.660  -11.798 0.6000000238
13917  -31.983  -55.195  -12.974 0.6000000238
137905  -31.947  -55.923  -12.812 0.6000000238
13133  -32.023  -56.448  -14.061 0.6000000238
151555  -31.826  -50.391  -7.876 0.6000000238
147206  -31.608  -50.183  -9.856 0.6000000238
17528  -32.123  -50.776  -9.854 0.6000000238
17542  -32.453  -51.154  -10.368 0.6000000238
17559  -32.390  -51.064  -10.992 0.6000000238
16883  -32.773  -51.808  -10.096 0.6000000238
16189  -32.924  -52.472  -10.568 0.6000000238
16911  -32.702  -51.947  -12.229 0.6000000238
16213  -32.797  -52.744  -12.344 0.6000000238
14660  -32.657  -54.426  -11.925 0.6000000238
16229  -32.472  -53.172  -13.075 0.6999999881
15443  -32.298  -53.918  -13.137 0.6000000238
14676  -31.771  -54.701  -13.629 0.6000000238
13134  -32.413  -56.648  -14.316 0.5000000000
13148  -32.406  -56.226  -15.164 0.5000000000
18216  -31.454  -49.962  -8.327 0.6000000238
18224  -31.115  -49.623  -9.703 0.6000000238
18242  -31.218  -49.829  -10.472 0.6000000238
18256  -31.333  -50.012  -11.243 0.6000000238
17541  -31.870  -50.509  -10.622 0.6000000238
18263  -31.425  -50.145  -12.039 0.6000000238
17571  -31.930  -50.671  -12.291 0.6000000238
16893  -32.592  -51.471  -11.552 0.6000000238
142230  -32.453  -51.667  -12.770 0.6000000238
16922  -32.069  -51.857  -13.481 0.6999999881
153580  -31.747  -55.549  -13.610 0.6000000238
135939  -31.699  -55.953  -14.252 0.6000000238
13159  -33.166  -55.960  -15.726 0.4000000060
147746  -30.956  -48.702  -8.917 0.6000000238
18215  -31.053  -49.390  -8.843 0.6000000238
18241  -30.906  -49.269  -10.317 0.6000000238
18262  -30.930  -49.604  -11.775 0.6000000238
18268  -30.961  -49.724  -12.673 0.6000000238
17586  -31.726  -50.967  -13.558 0.6999999881
16242  -30.857  -52.686  -14.922 0.6000000238
16228  -31.962  -52.862  -13.683 0.6000000238
15442  -31.764  -53.805  -13.806 0.6000000238
15454  -31.111  -54.609  -14.666 0.6000000238
155872  -30.999  -55.019  -15.971 0.6000000238
13939  -31.474  -55.753  -15.030 0.6000000238
13955  -32.322  -55.841  -15.738 0.4000000060
13940  -31.893  -55.961  -15.349 0.5000000000
19633  -30.950  -48.081  -8.520 0.5000000000
19651  -30.968  -48.139  -9.369 0.6000000238
18933  -30.891  -48.553  -10.152 0.6000000238
144163  -30.826  -48.862  -10.864 0.6000000238
18939  -30.795  -49.057  -11.541 0.5000000000
149501  -30.789  -48.644  -11.919 0.5000000000
18944  -30.747  -49.120  -12.224 0.5000000000
18959  -30.528  -49.023  -13.879 0.6000000238
18958  -30.157  -49.328  -14.602 0.6000000238
140852  -30.675  -49.627  -13.550 0.6999999881
17585  -31.155  -50.907  -14.226 0.6999999881
16934  -30.025  -51.637  -16.066 0.6000000238
16930  -31.423  -51.742  -14.194 0.6999999881
16935  -30.309  -51.766  -15.617 0.6000000238
16252  -30.269  -52.744  -15.687 0.6000000238
15453  -31.000  -53.623  -14.728 0.6000000238
152030  -30.290  -53.590  -15.742 0.6000000238
15468  -30.666  -54.458  -15.743 0.6000000238
14725  -31.489  -55.112  -16.216 0.5000000000
141294  -32.546  -54.799  -16.155 0.4000000060
20471  -31.007  -47.280  -9.460 0.6000000238
155279  -31.052  -47.471  -10.581 0.6000000238
19677  -30.921  -48.110  -10.709 0.5000000000
19684  -31.029  -48.022  -11.941 0.6000000238
148572  -31.246  -47.805  -12.658 0.5000000000
19701  -30.897  -48.364  -13.312 0.6000000238
19702  -31.321  -47.945  -13.952 0.5000000000
18950  -30.679  -49.058  -13.001 0.6000000238
138619  -30.806  -48.439  -14.066 0.5000000000
19712  -30.496  -48.759  -14.606 0.5000000000
18966  -30.079  -49.037  -15.182 0.5000000000
18276  -30.379  -49.611  -14.184 0.6000000238
19721  -29.728  -48.641  -16.349 0.5000000000
146917  -29.855  -49.568  -15.281 0.5000000000
18284  -30.211  -50.039  -14.880 0.6000000238
18972  -29.327  -49.084  -16.689 0.4000000060
17592  -30.140  -50.879  -15.548 0.6999999881
18295  -29.193  -49.678  -17.063 0.4000000060
151858  -29.704  -50.861  -17.190 0.5000000000
16937  -29.940  -51.795  -16.576 0.6000000238
16944  -30.046  -51.600  -17.193 0.5000000000
16263  -30.137  -52.551  -16.925 0.6000000238
16271  -30.336  -52.192  -17.438 0.5000000000
15475  -30.362  -53.615  -17.071 0.6000000238
15477  -32.086  -54.193  -16.294 0.5000000000
16264  -30.358  -53.025  -17.239 0.6000000238
16265  -30.811  -53.135  -17.217 0.6000000238
16257  -32.394  -53.065  -16.161 0.6000000238
143325  -31.048  -47.024  -10.126 0.5000000000
20508  -31.115  -47.546  -11.247 0.5000000000
20519  -31.904  -47.050  -12.975 0.5000000000
20530  -31.910  -47.312  -13.831 0.4000000060
19724  -31.638  -47.701  -15.310 0.4000000060
19723  -31.008  -48.047  -15.640 0.5000000000
19711  -30.488  -48.511  -15.293 0.5000000000
19730  -30.821  -47.855  -16.370 0.5000000000
19738  -29.125  -48.097  -18.340 0.4000000060
19728  -29.389  -48.338  -17.170 0.4000000060
18977  -29.186  -48.995  -17.448 0.4000000060
18299  -29.308  -49.612  -17.750 0.5000000000
17615  -29.477  -50.289  -17.416 0.5000000000
146693  -29.822  -49.408  -18.719 0.5000000000
17616  -29.982  -50.902  -17.663 0.5000000000
152645  -30.499  -50.507  -18.279 0.5000000000
16938  -32.507  -51.982  -16.090 0.5000000000
16945  -30.793  -52.358  -17.438 0.6000000238
16256  -31.663  -52.955  -16.763 0.5000000000
20547  -31.485  -47.583  -16.004 0.4000000060
21454  -30.493  -46.993  -17.241 0.5000000000
19729  -30.070  -48.063  -16.713 0.5000000000
20554  -29.748  -47.480  -17.366 0.5000000000
19746  -29.272  -48.437  -18.810 0.4000000060
18995  -30.399  -49.438  -18.877 0.5000000000
17598  -32.139  -51.185  -16.583 0.5000000000
17599  -32.897  -50.926  -15.873 0.3000000119
19002  -30.582  -48.828  -19.274 0.5000000000
17618  -30.780  -50.684  -18.104 0.5000000000
17609  -31.371  -51.462  -17.373 0.5000000000
21463  -29.791  -46.586  -17.598 0.4000000060
134361  -29.187  -47.764  -17.832 0.4000000060
139963  -29.269  -46.326  -17.980 0.4000000060
21487  -29.242  -46.772  -19.659 0.4000000060
20562  -29.055  -47.401  -18.431 0.4000000060
19754  -29.367  -47.896  -19.252 0.4000000060
21497  -29.616  -46.489  -20.170 0.4000000060
20581  -29.946  -47.722  -19.764 0.5000000000
159378  -32.928  -48.982  -17.254 0.4000000060
18289  -32.654  -50.270  -16.323 0.4000000060
18308  -30.837  -49.954  -18.470 0.5000000000
18301  -32.181  -49.664  -17.495 0.5000000000
158217  -31.401  -49.669  -18.443 0.5000000000
18300  -31.466  -50.068  -17.986 0.5000000000
22420  -29.407  -45.733  -20.419 0.4000000060
158602  -30.188  -47.352  -20.000 0.4000000060
18987  -32.682  -48.650  -18.256 0.4000000060
18986  -31.994  -49.282  -18.185 0.5000000000
19756  -30.664  -48.176  -19.617 0.5000000000
19003  -31.393  -48.558  -19.362 0.5000000000
22421  -30.197  -45.546  -20.783 0.4000000060
19747  -32.621  -48.323  -18.877 0.4000000060
19739  -33.215  -48.082  -18.416 0.3000000119
21498  -30.528  -46.871  -20.221 0.5000000000
19757  -31.445  -47.933  -19.763 0.5000000000
18997  -32.042  -48.740  -18.887 0.5000000000
23421  -30.335  -44.752  -20.988 0.4000000060
20583  -32.690  -47.714  -19.682 0.3000000119
20584  -33.281  -47.495  -19.579 0.3000000119
22431  -30.946  -45.248  -20.894 0.4000000060
20582  -32.191  -47.627  -19.936 0.5000000000
22422  -31.155  -46.014  -20.602 0.4000000060
21499  -31.494  -46.709  -20.267 0.5000000000
20592  -32.302  -46.966  -20.247 0.5000000000
24445  -30.978  -43.393  -21.651 0.4000000060
20593  -33.595  -47.038  -20.008 0.3000000119
139154  -33.957  -46.528  -20.442 0.3000000119
160181  -30.823  -44.340  -21.155 0.4000000060
21507  -32.727  -46.302  -20.540 0.4000000060
23422  -31.216  -44.662  -21.079 0.4000000060
22432  -32.160  -45.869  -20.630 0.4000000060
25451  -30.723  -42.716  -22.015 0.5000000000
21508  -33.589  -46.145  -20.745 0.3000000119
22434  -34.101  -45.441  -21.168 0.4000000060
23433  -34.755  -44.276  -21.784 0.4000000060
22435  -34.823  -45.629  -21.164 0.4000000060
24436  -31.352  -44.015  -21.333 0.4000000060
23423  -32.632  -44.571  -21.138 0.5000000000
23424  -33.523  -44.651  -21.247 0.4000000060
24437  -32.270  -43.919  -21.374 0.5000000000
141607  -31.870  -45.177  -20.906 0.5000000000
24447  -32.653  -43.295  -21.731 0.5000000000
24438  -33.117  -43.902  -21.438 0.4000000060
23432  -33.956  -43.990  -21.592 0.4000000060
24449  -34.473  -43.450  -21.997 0.4000000060
22443  -34.957  -45.072  -21.556 0.3000000119
144655  -31.468  -42.952  -21.927 0.5000000000
25452  -32.153  -42.787  -21.960 0.5000000000
26422  -34.124  -41.237  -22.702 0.4000000060
134848  -34.747  -42.011  -22.451 0.3000000119
26418  -30.713  -41.608  -22.688 0.5000000000
26421  -33.444  -41.275  -22.794 0.4000000060
24448  -33.562  -43.174  -21.885 0.4000000060
146565  -34.220  -42.621  -22.218 0.4000000060
25455  -35.031  -42.929  -22.303 0.4000000060
25462  -35.481  -42.519  -22.454 0.3000000119
151920  -31.000  -42.092  -22.349 0.5000000000
25453  -32.928  -42.597  -22.019 0.5000000000
26419  -31.668  -41.649  -22.602 0.5000000000
27328  -33.600  -40.605  -23.017 0.4000000060
27329  -34.134  -40.614  -22.762 0.4000000060
28266  -30.545  -40.380  -23.600 0.5000000000
26423  -35.544  -41.862  -22.466 0.3000000119
141243  -31.209  -41.122  -22.963 0.5000000000
27326  -32.029  -40.847  -23.126 0.5000000000
27327  -32.944  -40.732  -23.141 0.5000000000
26409  -33.164  -41.927  -22.355 0.5000000000
26408  -32.376  -42.104  -22.256 0.5000000000
137053  -34.060  -39.471  -22.853 0.4000000060
29228  -29.752  -39.318  -24.042 0.5000000000
28282  -32.136  -39.681  -23.835 0.5000000000
28270  -34.708  -39.824  -22.416 0.3000000119
134185  -34.788  -40.569  -22.473 0.3000000119
29229  -31.123  -39.190  -24.094 0.5000000000
155432  -31.644  -39.458  -23.952 0.5000000000
27338  -31.863  -40.253  -23.551 0.5000000000
12350  -32.210  -56.739  -12.492 0.6000000238
13136  -33.731  -56.058  -13.593 0.5000000000
15411  -32.949  -54.043  -10.321 0.6000000238
17578  -31.600  -50.411  -12.834 0.6999999881
14710  -31.058  -55.162  -15.337 0.6000000238
18277  -30.736  -50.149  -14.223 0.6999999881
133982  -30.858  -54.594  -16.354 0.6000000238
16929  -30.822  -51.757  -14.942 0.6999999881
17597  -29.838  -50.979  -16.121 0.5000000000
151258  -30.039  -53.383  -16.224 0.6000000238
155231  -30.034  -48.768  -15.712 0.5000000000
149944  -29.826  -50.230  -15.617 0.4000000060
146728  -31.214  -50.825  -17.729 0.5000000000
16946  -31.559  -52.239  -17.001 0.5000000000
20570  -29.064  -47.174  -19.071 0.4000000060
160931  -29.527  -48.399  -19.161 0.5000000000
21476  -28.970  -46.671  -18.484 0.4000000060
154083  -32.880  -47.304  -20.013 0.4000000060
24450  -35.330  -43.818  -22.134 0.3000000119
27337  -31.230  -40.587  -23.375 0.5000000000
27339  -32.531  -40.215  -23.509 0.5000000000
9099  -34.538  -61.329  -7.485 0.5000000000
146151  -35.735  -60.541  -7.836 0.5000000000
9728  -35.261  -60.917  -7.649 0.5000000000
10970  -37.842  -58.668  -8.481 0.5000000000
9735  -36.852  -60.798  -8.431 0.5000000000
9729  -36.293  -60.517  -8.196 0.4000000060
9712  -34.280  -60.819  -6.653 0.5000000000
9714  -36.020  -60.022  -7.647 0.6000000238
143902  -34.877  -60.755  -7.051 0.6000000238
10359  -37.522  -59.417  -8.257 0.5000000000
149283  -36.534  -59.897  -7.950 0.5000000000
11642  -38.602  -57.788  -9.791 0.4000000060
10303  -31.846  -59.782  -5.561 0.6999999881
141364  -33.093  -59.541  -5.502 0.6999999881
9694  -34.510  -59.745  -6.020 0.6999999881
10952  -36.028  -58.826  -6.924 0.5000000000
147591  -35.509  -59.174  -6.500 0.6999999881
11630  -37.723  -57.957  -8.470 0.5000000000
11629  -37.434  -58.203  -8.153 0.5000000000
11624  -36.909  -58.046  -7.664 0.5000000000
144469  -38.412  -57.042  -10.178 0.5000000000
11636  -38.188  -58.015  -9.004 0.5000000000
11596  -30.070  -58.087  -6.016 0.5000000000
10933  -30.448  -58.701  -5.806 0.6999999881
154259  -31.511  -57.990  -5.085 0.6999999881
10934  -30.985  -59.144  -5.568 0.6999999881
11585  -32.640  -58.254  -5.230 0.6999999881
10304  -33.788  -59.724  -5.717 0.6000000238
11618  -35.837  -58.021  -6.774 0.6999999881
11617  -35.095  -57.900  -6.417 0.6000000238
13088  -37.650  -56.354  -8.752 0.5000000000
12323  -37.285  -56.824  -8.135 0.6000000238
160807  -36.779  -56.548  -7.781 0.6000000238
144026  -37.991  -56.304  -9.660 0.5000000000
13106  -38.231  -56.226  -11.299 0.5000000000
141379  -30.950  -56.847  -5.334 0.5000000000
12260  -31.535  -57.322  -5.048 0.6999999881
10935  -32.888  -58.954  -5.388 0.6999999881
11597  -33.104  -57.771  -5.666 0.6999999881
12278  -32.784  -57.053  -5.429 0.6999999881
147078  -34.313  -58.696  -5.884 0.8000000119
11616  -34.367  -57.700  -6.471 0.6999999881
13075  -35.837  -55.729  -8.179 0.6000000238
13061  -35.447  -56.435  -7.758 0.6999999881
155791  -37.197  -55.647  -8.639 0.6999999881
13076  -36.613  -55.542  -8.337 0.6000000238
13897  -37.889  -55.597  -10.833 0.6000000238
13096  -37.748  -55.630  -10.082 0.6000000238
13909  -37.564  -54.809  -11.876 0.6000000238
13040  -29.897  -56.339  -6.111 0.5000000000
150757  -30.937  -55.519  -5.524 0.6000000238
13013  -30.524  -56.244  -5.636 0.5000000000
13014  -31.118  -56.204  -5.322 0.6000000238
12992  -31.639  -56.578  -5.091 0.6000000238
12261  -32.307  -56.971  -5.045 0.6999999881
13016  -33.237  -56.557  -6.103 0.6999999881
13769  -33.454  -55.834  -6.215 0.6000000238
12280  -33.724  -57.637  -6.202 0.6999999881
12299  -33.567  -57.059  -6.502 0.6999999881
12301  -34.783  -57.399  -6.742 0.6999999881
13879  -36.621  -54.822  -9.836 0.6999999881
13896  -37.488  -54.985  -11.090 0.6999999881
14626  -37.053  -54.744  -10.509 0.6999999881
13766  -30.452  -54.878  -5.764 0.5000000000
138558  -32.676  -54.244  -5.502 0.6000000238
14553  -32.970  -54.986  -5.515 0.6000000238
141795  -33.352  -55.162  -5.874 0.6000000238
12313  -33.796  -56.963  -7.299 0.8000000119
13073  -33.203  -56.709  -8.483 0.5000000000
13789  -33.569  -55.841  -6.975 0.6000000238
13074  -34.927  -56.356  -8.302 0.6999999881
13085  -34.034  -56.749  -9.213 0.6999999881
13878  -35.212  -55.135  -10.298 0.6999999881
13858  -35.192  -55.509  -9.505 0.6999999881
14663  -37.101  -54.342  -12.277 0.5000000000
14662  -36.433  -54.183  -11.923 0.6999999881
14694  -35.706  -54.438  -13.198 0.5000000000
14550  -30.119  -54.224  -5.793 0.5000000000
15348  -31.383  -53.574  -5.502 0.5000000000
16103  -32.228  -52.584  -5.687 0.6000000238
14552  -31.800  -54.304  -5.464 0.6000000238
16104  -32.936  -52.991  -5.924 0.6000000238
15351  -33.393  -53.576  -6.108 0.6000000238
16131  -33.530  -52.780  -6.873 0.6000000238
14565  -33.649  -54.130  -6.440 0.6000000238
15374  -33.716  -53.294  -7.293 0.6000000238
12321  -33.045  -56.780  -9.334 0.6000000238
13072  -32.900  -56.565  -9.082 0.5000000000
14575  -33.713  -54.044  -7.660 0.5000000000
13084  -33.545  -56.844  -10.103 0.6000000238
157453  -33.149  -56.919  -9.842 0.6000000238
13894  -34.457  -55.509  -11.551 0.6000000238
13105  -33.926  -56.208  -11.149 0.6000000238
13918  -34.333  -55.485  -13.168 0.5000000000
15340  -30.983  -53.020  -5.402 0.5000000000
16102  -31.574  -52.807  -5.465 0.6000000238
16130  -33.182  -52.469  -6.424 0.6000000238
13835  -33.166  -55.837  -8.621 0.5000000000
14604  -33.275  -54.240  -9.169 0.5000000000
13093  -32.554  -56.580  -10.362 0.4000000060
13876  -32.649  -55.860  -10.134 0.5000000000
13856  -32.862  -55.877  -9.347 0.5000000000
13114  -33.808  -56.137  -11.939 0.6000000238
15339  -30.335  -52.933  -5.316 0.5000000000
161416  -31.177  -51.641  -5.292 0.6000000238
145212  -32.223  -51.343  -6.248 0.6000000238
16848  -32.757  -51.777  -6.512 0.6000000238
13892  -32.298  -55.973  -11.409 0.5000000000
13893  -32.578  -55.466  -10.853 0.4000000060
16079  -29.978  -52.241  -5.017 0.5000000000
155656  -30.573  -51.565  -5.024 0.5000000000
17483  -31.669  -51.302  -5.731 0.6000000238
17509  -32.323  -50.882  -7.689 0.6000000238
16813  -29.245  -51.894  -4.893 0.5000000000
17468  -30.368  -50.847  -5.008 0.5000000000
17494  -31.250  -50.520  -5.944 0.6000000238
17508  -31.918  -50.528  -7.191 0.6000000238
17465  -28.577  -50.800  -4.880 0.5000000000
17467  -29.739  -50.667  -4.779 0.5000000000
153798  -30.598  -49.524  -5.695 0.5000000000
141401  -31.045  -49.855  -6.304 0.6000000238
18189  -31.454  -50.206  -6.760 0.6000000238
18159  -29.480  -49.988  -4.901 0.5000000000
18855  -29.858  -49.357  -5.170 0.5000000000
18867  -28.375  -48.954  -5.496 0.5000000000
18204  -31.069  -49.471  -7.921 0.5000000000
153343  -29.535  -48.768  -5.364 0.5000000000
18887  -30.811  -49.167  -6.537 0.5000000000
19593  -28.175  -48.412  -5.828 0.5000000000
19594  -28.838  -47.879  -5.910 0.5000000000
19596  -30.238  -48.202  -6.095 0.5000000000
18904  -30.896  -48.901  -7.338 0.4000000060
19611  -27.984  -47.712  -6.208 0.5000000000
20417  -29.933  -47.688  -6.133 0.5000000000
20436  -30.549  -47.460  -6.940 0.4000000060
19623  -30.839  -47.976  -7.596 0.4000000060
20416  -29.467  -47.439  -6.110 0.4000000060
20448  -30.373  -46.686  -7.118 0.4000000060
21360  -30.684  -46.500  -7.933 0.4000000060
12344  -33.114  -56.917  -11.051 0.6000000238
13125  -33.749  -56.098  -12.770 0.5000000000
13928  -34.990  -54.952  -13.561 0.4000000060
138553  -33.558  -54.939  -8.031 0.6000000238
20455  -30.892  -47.311  -8.179 0.4000000060
21374  -30.926  -46.756  -8.773 0.4000000060
10936  -33.620  -59.022  -5.612 0.6999999881
12314  -34.226  -57.023  -7.891 0.6999999881
13859  -36.053  -55.078  -9.241 0.6999999881
13836  -35.493  -55.627  -8.758 0.6999999881
13060  -33.417  -56.641  -7.654 0.6000000238
141634  -33.742  -54.788  -7.141 0.6000000238
14642  -36.133  -54.327  -11.170 0.6999999881
12322  -33.636  -56.819  -8.764 0.6999999881
153220  -34.515  -56.274  -9.507 0.6999999881
13908  -34.984  -54.800  -11.981 0.6000000238
14678  -35.691  -54.361  -12.395 0.6000000238
8525  -33.675  -61.898  -7.713 0.5000000000
9101  -35.701  -61.028  -8.266 0.5000000000
9692  -33.149  -60.258  -5.755 0.6000000238
9713  -35.414  -60.260  -7.098 0.6000000238
9730  -37.060  -60.110  -8.251 0.5000000000
10287  -31.525  -59.278  -5.330 0.6999999881
10288  -32.113  -59.346  -5.265 0.6999999881
10302  -31.164  -59.663  -5.729 0.6999999881
10320  -35.191  -59.693  -6.442 0.6999999881
10321  -35.789  -59.563  -6.950 0.5000000000
10339  -36.341  -59.405  -7.475 0.6000000238
10340  -36.892  -59.388  -7.965 0.5000000000
10915  -31.279  -58.626  -5.274 0.6999999881
10916  -31.844  -58.935  -5.196 0.6999999881
10917  -32.348  -58.906  -5.147 0.6999999881
10937  -34.923  -59.111  -6.064 0.6999999881
10950  -29.658  -58.651  -6.428 0.5000000000
10951  -35.418  -58.591  -6.407 0.6000000238
10959  -36.632  -58.771  -7.546 0.5000000000
10960  -37.236  -58.751  -8.015 0.5000000000
11584  -31.955  -58.424  -5.083 0.6999999881
11598  -33.711  -58.281  -5.854 0.6999999881
11599  -34.357  -58.110  -6.159 0.8000000119
11600  -34.869  -58.438  -6.097 0.8000000119
11623  -36.308  -57.563  -7.205 0.6000000238
11637  -38.641  -58.426  -9.517 0.4000000060
12277  -30.305  -56.965  -5.785 0.5000000000
12279  -33.190  -57.129  -5.935 0.6999999881
12300  -34.005  -57.356  -6.721 0.6999999881
12302  -35.588  -57.391  -6.874 0.6000000238
12315  -35.080  -56.992  -7.200 0.6999999881
12316  -36.102  -56.799  -7.376 0.6999999881
12317  -36.844  -57.194  -7.651 0.6000000238
12324  -37.751  -57.304  -8.603 0.5000000000
12328  -32.847  -56.769  -10.019 0.4000000060
12329  -33.521  -56.881  -9.508 0.6000000238
12330  -38.135  -57.125  -9.300 0.5000000000
12334  -32.677  -56.744  -10.666 0.6000000238
12335  -33.092  -56.913  -10.369 0.6000000238
12343  -32.546  -56.784  -11.377 0.6000000238
12351  -32.553  -56.840  -12.223 0.6000000238
12352  -33.060  -56.888  -11.662 0.6999999881
12362  -32.312  -56.807  -13.637 0.6000000238
12363  -32.378  -56.851  -13.021 0.6000000238
12993  -32.205  -56.268  -5.103 0.6000000238
12994  -32.637  -56.366  -5.305 0.6999999881
13015  -32.937  -56.573  -5.679 0.6000000238
13041  -33.435  -56.610  -6.841 0.6999999881
13062  -36.338  -56.075  -7.851 0.6000000238
13083  -32.742  -56.547  -9.674 0.6000000238
13086  -34.710  -56.262  -8.974 0.6999999881
13087  -37.498  -55.615  -9.284 0.6000000238
13094  -33.493  -56.784  -10.751 0.6000000238
13095  -34.019  -56.389  -10.434 0.6000000238
13097  -38.163  -56.272  -10.516 0.5000000000
13103  -32.359  -56.646  -11.022 0.4000000060
13111  -32.045  -56.424  -12.330 0.6000000238
13113  -33.217  -56.724  -12.330 0.6000000238
13122  -32.091  -56.664  -13.131 0.6000000238
13123  -32.617  -56.772  -13.539 0.5000000000
13135  -33.054  -56.431  -14.014 0.6000000238
13147  -31.999  -56.237  -14.735 0.6000000238
13149  -33.026  -56.256  -14.856 0.4000000060
13755  -31.688  -55.867  -5.214 0.6000000238
13756  -31.746  -55.133  -5.357 0.6000000238
13767  -31.146  -54.799  -5.567 0.6000000238
13768  -33.039  -55.839  -5.680 0.6000000238
13788  -30.123  -55.592  -5.937 0.5000000000
13813  -33.452  -55.859  -7.797 0.6000000238
13837  -36.181  -55.328  -8.656 0.6999999881
13857  -33.194  -55.010  -8.989 0.6000000238
13860  -36.827  -55.173  -9.045 0.6999999881
13877  -34.600  -55.957  -10.040 0.6999999881
13880  -37.200  -55.144  -9.848 0.6000000238
13881  -37.463  -55.191  -10.468 0.6000000238
13895  -35.214  -54.775  -11.113 0.6999999881
13905  -32.093  -55.929  -12.072 0.6000000238
13906  -32.225  -55.313  -12.174 0.6000000238
13907  -34.358  -55.483  -12.366 0.5000000000
13910  -37.952  -55.498  -11.575 0.5000000000
13919  -34.956  -54.867  -12.783 0.6000000238
13954  -31.509  -55.513  -15.747 0.5000000000
14545  -32.419  -54.841  -5.322 0.6000000238
14551  -30.913  -54.236  -5.615 0.5000000000
14554  -33.345  -54.369  -5.851 0.6000000238
14587  -33.514  -54.246  -8.493 0.5000000000
14605  -35.890  -54.808  -9.968 0.6999999881
14623  -32.768  -54.908  -10.395 0.5000000000
14624  -35.788  -54.565  -10.582 0.6999999881
14625  -36.466  -54.491  -10.541 0.6999999881
14643  -36.979  -54.382  -11.314 0.6999999881
14661  -35.682  -54.383  -11.705 0.6999999881
14679  -36.508  -54.182  -12.773 0.5000000000
14693  -31.382  -55.313  -14.462 0.6000000238
14726  -32.268  -55.413  -15.969 0.4000000060
15347  -30.616  -53.609  -5.549 0.5000000000
15349  -32.266  -53.434  -5.537 0.6000000238
15350  -32.982  -53.698  -5.747 0.6000000238
15364  -33.605  -53.415  -6.632 0.6000000238
15387  -33.642  -53.340  -8.088 0.6000000238
15399  -33.149  -53.775  -9.633 0.5000000000
15430  -32.738  -53.619  -12.401 0.6999999881
15467  -30.329  -53.894  -16.491 0.6000000238
15476  -30.930  -53.798  -16.799 0.6000000238
16080  -30.903  -52.308  -5.215 0.6000000238
16105  -33.412  -53.020  -6.346 0.6000000238
16152  -33.296  -52.106  -7.072 0.6000000238
16153  -33.527  -52.575  -7.698 0.6999999881
16166  -33.254  -52.135  -8.432 0.6999999881
16180  -33.235  -52.579  -9.066 0.6000000238
16199  -32.878  -52.380  -11.482 0.6000000238
16243  -31.510  -52.526  -14.179 0.6000000238
16251  -30.017  -52.607  -16.297 0.6000000238
16255  -30.171  -53.361  -16.727 0.6000000238
16814  -29.876  -51.386  -4.806 0.5000000000
16829  -31.642  -52.073  -5.483 0.6000000238
16830  -32.225  -51.888  -5.905 0.6000000238
16831  -32.702  -52.325  -6.036 0.6000000238
16875  -32.748  -51.385  -8.323 0.6000000238
16894  -32.702  -51.713  -10.847 0.6000000238
16910  -32.393  -51.201  -12.215 0.6000000238
16923  -32.523  -52.355  -12.955 0.6999999881
17466  -29.169  -50.540  -4.818 0.5000000000
17482  -31.002  -51.023  -5.324 0.5000000000
17495  -31.861  -50.796  -6.417 0.6000000238
17496  -32.387  -51.087  -6.866 0.6000000238
17529  -32.548  -51.300  -9.747 0.6000000238
17558  -32.002  -50.692  -11.554 0.6000000238
17577  -31.179  -50.223  -13.530 0.6999999881
17593  -30.605  -50.862  -14.912 0.6999999881
17596  -29.524  -50.338  -16.188 0.5000000000
17606  -29.411  -50.335  -16.811 0.5000000000
17607  -29.734  -51.017  -16.692 0.5000000000
17608  -30.700  -51.500  -17.742 0.5000000000
17610  -31.926  -50.423  -17.161 0.5000000000
17617  -30.453  -51.019  -18.008 0.5000000000
17625  -29.680  -50.201  -17.987 0.5000000000
17626  -30.190  -50.565  -18.112 0.5000000000
18160  -30.176  -50.107  -5.077 0.5000000000
18161  -30.740  -50.345  -5.435 0.6000000238
18175  -28.164  -49.545  -5.263 0.5000000000
18188  -31.091  -49.627  -7.089 0.6000000238
18205  -31.458  -50.011  -7.550 0.6000000238
18225  -31.508  -50.010  -9.107 0.6000000238
18255  -30.894  -49.480  -11.040 0.5000000000
18288  -29.347  -49.711  -16.358 0.4000000060
18306  -29.506  -49.553  -18.333 0.5000000000
18307  -30.134  -49.981  -18.439 0.5000000000
18854  -29.031  -49.293  -5.173 0.5000000000
18868  -28.939  -48.554  -5.570 0.5000000000
18869  -30.103  -48.761  -5.641 0.5000000000
18870  -30.536  -48.774  -6.113 0.5000000000
18914  -30.952  -48.791  -8.203 0.6000000238
18918  -30.956  -48.977  -9.564 0.6000000238
18973  -29.633  -49.218  -15.867 0.5000000000
18985  -29.232  -48.870  -18.189 0.5000000000
18993  -29.459  -49.046  -18.656 0.5000000000
18994  -29.793  -48.885  -19.056 0.5000000000
18996  -31.255  -49.261  -18.865 0.5000000000
19595  -29.623  -48.118  -5.734 0.5000000000
19612  -30.310  -47.735  -6.456 0.5000000000
19613  -30.637  -48.299  -6.704 0.5000000000
19671  -31.001  -47.775  -10.064 0.6000000238
19683  -30.844  -48.401  -11.374 0.6000000238
19689  -30.810  -48.504  -12.502 0.6000000238
19690  -31.449  -47.705  -13.329 0.5000000000
19713  -31.078  -48.140  -14.766 0.5000000000
19722  -30.351  -48.324  -16.011 0.5000000000
19755  -29.935  -48.333  -19.401 0.5000000000
19758  -32.200  -48.151  -19.449 0.5000000000
19759  -32.938  -47.925  -19.198 0.4000000060
20415  -28.748  -47.241  -6.281 0.5000000000
20434  -29.334  -46.834  -6.504 0.4000000060
20435  -29.997  -47.127  -6.525 0.4000000060
20449  -30.708  -47.158  -7.517 0.4000000060
20555  -30.494  -47.577  -16.922 0.5000000000
20571  -33.583  -47.557  -18.853 0.3000000119
20580  -29.762  -47.117  -19.947 0.4000000060
20590  -30.680  -47.607  -19.982 0.5000000000
20591  -31.450  -47.324  -20.077 0.5000000000
21391  -30.985  -46.498  -9.568 0.4000000060
21462  -29.211  -47.006  -17.921 0.5000000000
21496  -29.096  -46.042  -19.782 0.4000000060
21500  -33.194  -46.798  -20.409 0.4000000060
21506  -31.985  -46.384  -20.429 0.4000000060
21509  -34.373  -46.050  -20.864 0.4000000060
22394  -29.049  -45.785  -18.389 0.4000000060
22433  -32.970  -45.467  -20.903 0.4000000060
24446  -31.824  -43.403  -21.689 0.5000000000
25454  -33.568  -42.414  -22.153 0.4000000060
25461  -33.918  -41.875  -22.445 0.4000000060
26407  -31.587  -42.367  -22.157 0.5000000000
26420  -32.628  -41.421  -22.730 0.5000000000
27325  -30.353  -40.991  -23.126 0.5000000000
28269  -34.205  -40.107  -22.741 0.4000000060
28280  -30.280  -39.760  -23.881 0.5000000000
28281  -31.270  -39.911  -23.772 0.5000000000
28283  -32.792  -39.692  -23.687 0.5000000000
29230  -31.940  -39.070  -24.073 0.5000000000
134836  -34.782  -41.253  -22.512 0.3000000119
136281  -37.058  -56.087  -8.160 0.6000000238
136776  -32.487  -56.139  -10.726 0.5000000000
138254  -34.557  -55.637  -10.742 0.6000000238
138351  -32.555  -55.150  -11.474 0.4000000060
138393  -31.874  -56.163  -13.556 0.6000000238
139306  -34.745  -60.278  -6.479 0.5000000000
141185  -31.177  -46.886  -10.765 0.5000000000
141353  -33.615  -54.988  -6.332 0.6000000238
142028  -34.301  -57.193  -7.134 0.6999999881
143050  -34.039  -56.610  -9.800 0.6000000238
143381  -33.640  -56.837  -8.075 0.8000000119
144065  -32.119  -51.082  -12.876 0.6000000238
144787  -29.149  -48.399  -17.805 0.4000000060
146572  -33.758  -56.083  -14.418 0.4000000060
146577  -30.990  -47.507  -8.855 0.6000000238
146821  -30.129  -46.164  -20.499 0.4000000060
148061  -33.400  -54.987  -8.531 0.6000000238
148821  -36.371  -58.239  -7.198 0.5000000000
148890  -27.697  -49.015  -5.678 0.5000000000
149044  -37.358  -57.587  -8.097 0.5000000000
149591  -30.309  -51.511  -17.659 0.5000000000
149674  -29.210  -51.153  -4.762 0.5000000000
149857  -33.193  -53.062  -9.520 0.6000000238
150384  -32.519  -59.783  -5.477 0.6999999881
150494  -33.751  -53.897  -6.998 0.6000000238
150556  -34.269  -44.667  -21.435 0.4000000060
150714  -32.101  -57.754  -5.048 0.6999999881
150794  -32.447  -55.590  -5.248 0.6000000238
150922  -32.609  -57.551  -5.245 0.6999999881
151038  -32.913  -53.122  -11.784 0.5000000000
151304  -33.175  -58.454  -5.589 0.6999999881
151880  -29.113  -47.800  -18.807 0.4000000060
151882  -31.890  -44.454  -21.158 0.5000000000
152352  -32.590  -49.727  -16.850 0.4000000060
152370  -34.179  -56.857  -8.651 0.6999999881
152893  -29.407  -47.350  -19.586 0.4000000060
152947  -30.905  -50.074  -5.835 0.6000000238
155217  -32.587  -59.329  -5.298 0.6999999881
157458  -30.746  -57.762  -5.466 0.6999999881
158938  -34.272  -59.295  -5.750 0.8000000119
158983  -31.927  -50.506  -9.310 0.6000000238
161216  -29.594  -49.781  -15.825 0.4000000060
