#!ascii label  , from subject sub-v2s2x29090_ses-1 vox2ras=TkReg
1710
5126  -35.532  -67.667  -1.405 0.5000000000
4634  -35.012  -67.888  -1.715 0.6000000238
6182  -43.642  -66.095  1.490 0.3000000119
4661  -34.714  -68.837  -2.421 0.5000000000
6797  -41.179  -64.866  -0.187 0.4000000060
6783  -42.150  -65.127  0.299 0.4000000060
7341  -42.492  -64.387  0.189 0.4000000060
6784  -43.262  -65.154  0.945 0.3000000119
145219  -41.308  -64.126  -0.445 0.4000000060
6830  -34.159  -64.976  -1.803 0.5000000000
6813  -34.741  -65.376  -1.479 0.5000000000
134892  -34.955  -67.219  -1.488 0.5000000000
7390  -33.607  -64.596  -2.213 0.6000000238
6224  -33.643  -66.239  -1.935 0.5000000000
5141  -34.453  -67.437  -1.879 0.6000000238
7285  -43.817  -64.813  2.939 0.3000000119
5140  -34.018  -67.727  -2.390 0.5000000000
155400  -39.274  -64.594  -0.779 0.5000000000
152587  -39.386  -65.414  -0.515 0.5000000000
6770  -44.226  -65.399  2.371 0.3000000119
5694  -33.826  -67.018  -2.126 0.6000000238
4649  -34.589  -68.109  -2.173 0.5000000000
7922  -40.441  -63.579  -1.229 0.5000000000
7352  -40.655  -64.113  -0.655 0.4000000060
7353  -41.939  -63.839  -0.389 0.4000000060
148103  -44.092  -64.503  1.329 0.3000000119
7328  -44.459  -64.637  1.962 0.3000000119
150211  -40.362  -63.372  -1.890 0.4000000060
7923  -41.267  -63.538  -0.904 0.4000000060
7924  -42.334  -63.372  -0.830 0.4000000060
7961  -41.124  -63.403  -2.037 0.4000000060
6880  -35.612  -65.622  -4.748 0.6999999881
152626  -35.173  -64.044  -3.893 0.6999999881
151104  -34.772  -63.723  -3.481 0.6999999881
5682  -36.085  -66.940  -1.113 0.5000000000
6899  -34.654  -65.485  -5.667 0.6999999881
6878  -34.508  -64.926  -5.103 0.6999999881
7429  -34.026  -63.745  -3.678 0.8000000119
7411  -34.315  -63.798  -2.972 0.5000000000
7389  -33.158  -64.221  -2.742 0.6999999881
6209  -37.348  -66.271  -0.787 0.5000000000
7449  -33.189  -63.934  -4.785 0.6999999881
6794  -37.602  -65.465  -0.892 0.4000000060
6795  -38.268  -65.222  -0.803 0.5000000000
7304  -43.373  -64.078  2.785 0.3000000119
6846  -32.440  -64.585  -2.951 0.6000000238
7375  -38.251  -63.956  -1.480 0.5000000000
7376  -39.050  -63.883  -1.325 0.5000000000
7305  -44.220  -64.435  2.648 0.3000000119
6828  -33.003  -64.975  -2.360 0.5000000000
144967  -39.196  -63.471  -1.844 0.5000000000
6848  -40.026  -64.809  -3.001 0.4000000060
152028  -40.030  -63.911  -2.811 0.4000000060
7962  -42.017  -63.405  -1.953 0.4000000060
7925  -43.272  -63.434  -0.372 0.4000000060
7917  -43.967  -63.708  0.488 0.4000000060
136275  -41.358  -64.673  -2.650 0.3000000119
7971  -40.783  -63.822  -2.570 0.4000000060
5229  -35.862  -67.692  -7.992 0.5000000000
5786  -35.345  -66.988  -7.657 0.6000000238
5216  -35.939  -67.558  -7.241 0.6000000238
5740  -35.750  -66.792  -5.812 0.6000000238
6284  -35.667  -66.236  -5.195 0.6000000238
4764  -35.583  -68.704  -10.450 0.5000000000
4747  -35.735  -68.308  -9.696 0.5000000000
155753  -35.716  -67.871  -8.877 0.6000000238
157974  -35.125  -66.595  -7.083 0.6000000238
5769  -35.303  -66.559  -6.463 0.6999999881
7371  -34.908  -64.478  -1.837 0.6000000238
158989  -39.625  -63.196  1.704 0.3000000119
4780  -34.476  -68.756  -11.613 0.6999999881
5272  -35.149  -67.943  -10.224 0.6000000238
5254  -34.724  -67.322  -9.944 0.6000000238
141203  -34.765  -66.686  -8.332 0.6000000238
5785  -34.624  -66.270  -7.545 0.6999999881
6912  -34.063  -65.308  -6.365 0.6999999881
7957  -35.876  -63.587  -2.856 0.6000000238
7372  -35.766  -64.319  -1.761 0.6000000238
6227  -36.867  -65.710  -1.039 0.5000000000
4301  -35.202  -70.435  -11.987 0.6999999881
5286  -34.330  -68.064  -11.235 0.6000000238
154231  -34.143  -67.056  -10.307 0.6000000238
5800  -34.099  -66.378  -9.027 0.6000000238
161432  -33.721  -65.464  -7.292 0.6999999881
152921  -32.952  -64.310  -5.827 0.6999999881
141586  -37.121  -64.391  -1.449 0.5000000000
7303  -42.270  -64.055  2.821 0.3000000119
3734  -34.594  -70.924  -12.536 0.6999999881
4793  -33.736  -68.943  -11.827 0.6000000238
4779  -33.825  -68.247  -11.463 0.6999999881
6341  -33.516  -65.884  -8.577 0.6000000238
6323  -32.960  -65.481  -8.173 0.6000000238
7428  -32.469  -63.866  -3.979 0.6999999881
7967  -36.709  -63.490  -2.801 0.5000000000
148149  -37.988  -63.595  -3.052 0.5000000000
5270  -33.556  -67.287  -10.708 0.6000000238
6356  -32.519  -66.320  -9.193 0.6000000238
7478  -32.540  -64.352  -6.141 0.6000000238
7427  -31.767  -63.979  -4.298 0.6000000238
155499  -31.851  -64.639  -3.352 0.6000000238
7432  -37.726  -64.154  -3.528 0.5000000000
7306  -44.521  -64.061  2.217 0.3000000119
4298  -33.139  -69.228  -11.804 0.6999999881
4762  -32.686  -68.429  -10.671 0.6000000238
5814  -32.861  -66.639  -9.750 0.6000000238
6927  -32.160  -65.610  -8.251 0.6000000238
6909  -31.810  -64.922  -7.202 0.5000000000
7476  -31.153  -64.343  -6.204 0.5000000000
6844  -31.411  -65.082  -3.576 0.5000000000
6250  -32.147  -65.978  -3.037 0.5000000000
7416  -39.211  -64.081  -3.075 0.5000000000
6255  -42.184  -66.705  -2.992 0.3000000119
6850  -42.236  -65.596  -2.668 0.3000000119
7418  -42.312  -64.491  -2.444 0.3000000119
7397  -43.115  -64.206  -2.213 0.4000000060
7963  -42.952  -63.453  -1.780 0.4000000060
6249  -31.560  -65.816  -3.467 0.5000000000
6254  -41.191  -66.615  -2.943 0.3000000119
135347  -41.359  -65.755  -2.781 0.3000000119
7395  -41.664  -63.792  -2.385 0.4000000060
4271  -36.772  -70.022  -10.089 0.5000000000
156379  -36.697  -69.456  -9.426 0.5000000000
4236  -36.912  -69.368  -8.731 0.5000000000
4735  -36.451  -68.541  -8.234 0.5000000000
151689  -36.719  -70.996  -11.626 0.5000000000
3720  -36.563  -70.782  -11.280 0.5000000000
4270  -36.045  -69.574  -10.709 0.5000000000
142549  -36.316  -68.734  -9.161 0.5000000000
5230  -36.318  -68.133  -7.537 0.5000000000
5757  -36.262  -67.456  -5.807 0.6000000238
5741  -36.223  -66.978  -5.234 0.6000000238
3719  -35.961  -70.681  -11.677 0.5000000000
6285  -36.255  -66.229  -4.639 0.6000000238
7430  -35.927  -64.297  -3.908 0.8000000119
7915  -38.041  -62.837  0.929 0.3000000119
3203  -35.542  -71.238  -12.662 0.6000000238
3735  -35.470  -71.041  -12.295 0.6000000238
4286  -35.700  -70.034  -11.424 0.6000000238
6286  -37.013  -66.514  -4.244 0.4000000060
7916  -38.700  -62.695  1.077 0.3000000119
3747  -34.264  -71.657  -13.201 0.6999999881
6866  -37.199  -64.850  -3.897 0.5000000000
7413  -36.360  -63.704  -3.407 0.6000000238
7882  -40.774  -63.520  2.227 0.3000000119
7883  -41.705  -63.472  2.381 0.3000000119
3212  -34.172  -72.322  -13.906 0.6999999881
153350  -38.105  -65.942  -3.703 0.4000000060
7907  -42.366  -62.917  2.115 0.3000000119
3733  -33.626  -70.538  -12.566 0.6000000238
138941  -33.110  -69.911  -12.182 0.6999999881
6867  -37.937  -65.100  -3.696 0.4000000060
7342  -44.771  -63.904  1.453 0.3000000119
3746  -33.351  -71.826  -13.254 0.6000000238
3732  -32.971  -70.829  -12.516 0.6999999881
5253  -32.438  -67.387  -9.845 0.6000000238
6339  -31.934  -66.271  -8.661 0.5000000000
6918  -31.009  -65.274  -7.303 0.5000000000
7426  -31.092  -64.278  -4.296 0.6000000238
6252  -39.370  -66.148  -3.188 0.4000000060
6847  -39.250  -65.128  -3.206 0.4000000060
5156  -42.214  -68.083  -4.201 0.3000000119
5710  -42.387  -67.588  -3.561 0.3000000119
5747  -43.318  -67.102  -4.213 0.3000000119
6257  -43.549  -66.565  -3.443 0.3000000119
6831  -43.157  -65.340  -2.525 0.4000000060
7918  -44.926  -63.428  0.811 0.3000000119
5268  -32.183  -68.245  -9.875 0.6000000238
5799  -31.480  -66.978  -8.564 0.5000000000
6321  -30.859  -66.088  -7.714 0.5000000000
6908  -30.652  -64.736  -6.585 0.5000000000
6861  -30.103  -64.892  -4.426 0.5000000000
6270  -30.064  -65.522  -4.187 0.6000000238
5704  -31.176  -66.388  -3.852 0.5000000000
6253  -40.290  -66.622  -3.013 0.3000000119
5155  -41.754  -68.000  -3.524 0.3000000119
156113  -31.556  -67.680  -8.879 0.5000000000
6907  -29.708  -65.428  -6.607 0.5000000000
6895  -29.264  -65.148  -5.249 0.5000000000
6283  -28.885  -65.716  -4.804 0.5000000000
162085  -37.708  -70.646  -12.030 0.5000000000
3721  -37.148  -70.780  -10.952 0.5000000000
4252  -37.203  -70.009  -9.201 0.5000000000
143073  -38.006  -70.575  -8.629 0.5000000000
4225  -37.663  -70.188  -7.603 0.5000000000
4727  -37.349  -69.593  -7.149 0.5000000000
148483  -36.460  -70.869  -13.306 0.5000000000
3705  -37.030  -70.590  -10.524 0.5000000000
4716  -37.518  -69.680  -6.363 0.4000000060
3736  -36.084  -70.966  -11.955 0.5000000000
4703  -37.276  -69.014  -5.704 0.4000000060
7902  -37.402  -63.347  1.015 0.3000000119
158381  -37.411  -62.081  0.230 0.3000000119
3757  -36.060  -70.951  -13.993 0.6000000238
5189  -36.780  -67.957  -5.318 0.4000000060
5742  -36.800  -67.202  -4.721 0.4000000060
3756  -35.598  -71.190  -14.545 0.6000000238
3226  -34.673  -72.030  -14.004 0.6000000238
8444  -39.743  -62.630  1.352 0.3000000119
8445  -40.690  -62.426  1.407 0.3000000119
145736  -34.257  -72.604  -14.504 0.6000000238
149905  -37.827  -66.649  -3.914 0.4000000060
3246  -34.352  -72.381  -15.239 0.6000000238
5729  -39.333  -68.002  -3.489 0.4000000060
6274  -38.712  -66.724  -3.460 0.4000000060
7885  -43.467  -62.916  2.124 0.3000000119
3225  -33.481  -72.768  -14.169 0.6999999881
5707  -39.703  -67.212  -3.185 0.3000000119
5177  -41.566  -68.574  -4.004 0.3000000119
3707  -38.219  -70.634  -10.180 0.5000000000
3688  -37.399  -70.497  -9.670 0.5000000000
3690  -38.255  -70.654  -8.975 0.5000000000
137380  -38.752  -70.553  -7.966 0.4000000060
3737  -37.168  -70.871  -12.166 0.5000000000
3639  -37.810  -70.350  -7.415 0.4000000060
4210  -37.921  -70.207  -6.918 0.4000000060
144088  -37.120  -70.608  -13.053 0.6000000238
4178  -38.399  -70.127  -5.321 0.4000000060
4690  -38.590  -69.811  -4.806 0.4000000060
8455  -39.175  -62.196  0.834 0.3000000119
8454  -38.205  -62.264  0.547 0.3000000119
3238  -34.861  -71.822  -14.679 0.6000000238
5190  -37.920  -68.989  -4.712 0.4000000060
5727  -37.500  -67.406  -4.282 0.4000000060
5174  -39.043  -68.865  -3.967 0.4000000060
4678  -40.608  -69.360  -4.377 0.4000000060
5153  -40.272  -68.248  -3.348 0.3000000119
161020  -41.243  -68.927  -4.315 0.3000000119
2737  -33.028  -72.936  -14.980 0.6000000238
3723  -38.447  -70.364  -10.970 0.5000000000
3691  -38.666  -70.530  -9.567 0.5000000000
4254  -39.125  -70.038  -9.348 0.4000000060
149345  -39.061  -70.165  -8.763 0.4000000060
4302  -38.545  -69.723  -12.717 0.5000000000
3739  -38.576  -69.997  -11.851 0.5000000000
4226  -39.118  -70.133  -7.428 0.4000000060
3758  -36.952  -70.241  -14.034 0.6000000238
3750  -37.711  -69.842  -13.672 0.6000000238
4312  -39.124  -68.907  -13.412 0.6000000238
4212  -38.874  -70.404  -6.545 0.4000000060
3771  -36.299  -70.427  -14.805 0.6000000238
4318  -37.599  -69.494  -14.363 0.6000000238
4704  -39.239  -70.034  -6.048 0.4000000060
141395  -39.248  -70.150  -5.496 0.4000000060
3770  -35.562  -70.993  -15.149 0.6000000238
4676  -39.095  -69.606  -4.400 0.4000000060
5204  -40.009  -69.125  -5.671 0.4000000060
4692  -40.398  -69.338  -4.945 0.4000000060
159113  -40.603  -68.909  -5.360 0.4000000060
7906  -41.253  -62.904  1.926 0.3000000119
8457  -40.966  -61.803  0.928 0.3000000119
3779  -35.469  -70.462  -15.697 0.6000000238
5192  -41.131  -68.953  -4.764 0.4000000060
8448  -43.868  -62.438  1.695 0.3000000119
8446  -41.762  -62.242  1.446 0.3000000119
140863  -34.249  -71.615  -15.899 0.6000000238
3245  -33.588  -72.323  -15.710 0.6000000238
4837  -34.071  -69.328  -16.243 0.6999999881
5903  -35.335  -67.554  -15.788 0.6999999881
4339  -33.931  -70.477  -16.316 0.6000000238
5351  -34.912  -67.924  -16.070 0.6999999881
5902  -35.025  -67.047  -16.425 0.6999999881
4345  -33.145  -69.539  -16.583 0.6000000238
146681  -35.531  -67.008  -15.140 0.6999999881
7006  -35.473  -65.187  -14.955 0.6000000238
5357  -34.308  -67.395  -16.593 0.6999999881
6457  -35.415  -66.016  -15.797 0.6999999881
144247  -38.892  -70.161  -10.386 0.5000000000
4255  -39.761  -69.470  -9.849 0.5000000000
4303  -39.235  -69.392  -12.473 0.5000000000
4794  -40.658  -68.591  -12.255 0.5000000000
4289  -40.175  -69.033  -11.321 0.5000000000
4737  -40.368  -68.803  -9.213 0.5000000000
4239  -39.620  -69.461  -9.263 0.4000000060
4238  -39.096  -70.050  -8.271 0.4000000060
4813  -38.423  -68.558  -14.109 0.6000000238
4814  -39.064  -68.356  -13.861 0.6000000238
4805  -39.749  -68.328  -13.467 0.6000000238
4807  -40.721  -68.152  -12.717 0.6000000238
5231  -39.129  -68.689  -7.472 0.4000000060
4329  -37.057  -69.561  -14.815 0.6000000238
5319  -38.888  -68.195  -13.849 0.6000000238
5303  -40.092  -67.853  -12.975 0.6000000238
148078  -39.212  -69.320  -6.665 0.4000000060
4328  -36.495  -69.660  -15.241 0.6000000238
4826  -36.984  -69.148  -15.069 0.6000000238
149770  -37.455  -68.207  -14.234 0.6000000238
5867  -38.291  -67.515  -12.707 0.6000000238
5302  -39.276  -67.803  -13.183 0.6000000238
5758  -39.409  -68.150  -6.217 0.4000000060
6900  -39.213  -65.422  -6.108 0.4000000060
148299  -36.667  -68.883  -15.122 0.6000000238
5329  -36.647  -67.970  -14.259 0.6000000238
5881  -37.634  -67.644  -13.135 0.6000000238
5845  -37.964  -67.056  -11.800 0.6000000238
6376  -38.344  -66.287  -10.517 0.6000000238
148810  -39.312  -67.058  -6.170 0.4000000060
5759  -39.819  -66.812  -5.878 0.4000000060
4341  -35.516  -69.662  -15.830 0.6000000238
5897  -35.957  -67.588  -14.481 0.5000000000
5888  -36.263  -67.252  -13.758 0.6000000238
5866  -37.324  -67.097  -12.309 0.6000000238
6425  -37.184  -66.606  -11.539 0.6000000238
6358  -37.937  -65.639  -9.987 0.6999999881
141976  -34.784  -70.873  -15.980 0.6999999881
5341  -35.757  -67.950  -15.182 0.6000000238
5865  -36.613  -67.013  -12.903 0.6000000238
6375  -37.307  -65.369  -10.053 0.6000000238
136885  -38.059  -64.651  -9.446 0.6000000238
8560  -38.516  -63.174  -9.166 0.6000000238
6979  -36.161  -65.693  -11.867 0.6000000238
6949  -36.736  -64.942  -10.225 0.6000000238
6950  -37.177  -64.778  -9.721 0.6000000238
8537  -37.874  -63.059  -8.816 0.6000000238
6444  -35.550  -65.793  -14.026 0.6000000238
6438  -35.914  -66.392  -13.380 0.6000000238
7545  -36.231  -64.291  -10.543 0.5000000000
7502  -36.738  -64.157  -9.694 0.6000000238
8021  -37.170  -62.933  -8.902 0.6000000238
6978  -35.808  -64.910  -11.885 0.5000000000
6456  -35.194  -66.276  -16.627 0.6999999881
7593  -35.339  -64.242  -14.476 0.6999999881
7581  -35.338  -64.251  -13.392 0.5000000000
142904  -35.324  -64.001  -12.646 0.6000000238
7544  -35.803  -64.311  -11.348 0.5000000000
8051  -36.121  -63.492  -10.167 0.5000000000
139243  -35.054  -63.295  -11.747 0.6000000238
11035  -26.728  -58.565  -13.387 0.6000000238
151806  -26.814  -59.237  -12.893 0.6000000238
10421  -27.477  -59.535  -14.237 0.6000000238
4765  -40.391  -68.986  -10.454 0.5000000000
4782  -41.041  -68.585  -11.276 0.5000000000
4750  -41.205  -68.454  -9.562 0.5000000000
5242  -40.131  -68.512  -8.680 0.5000000000
5241  -39.375  -68.539  -8.190 0.4000000060
5868  -39.851  -67.412  -12.506 0.5000000000
5304  -40.650  -67.797  -12.658 0.5000000000
5849  -41.313  -66.853  -12.202 0.5000000000
5788  -39.376  -67.042  -7.884 0.4000000060
6326  -39.297  -66.352  -7.660 0.4000000060
5869  -40.630  -67.378  -12.490 0.5000000000
6405  -41.778  -66.208  -11.848 0.5000000000
5218  -39.157  -68.339  -6.745 0.4000000060
6325  -38.978  -66.340  -7.060 0.4000000060
6913  -39.062  -65.668  -6.582 0.4000000060
6377  -39.160  -66.045  -10.547 0.5000000000
6378  -39.990  -65.787  -10.816 0.5000000000
6404  -40.751  -66.284  -11.596 0.5000000000
6314  -39.112  -66.442  -6.428 0.4000000060
6359  -38.587  -65.719  -10.084 0.6000000238
6951  -39.221  -65.293  -10.145 0.6000000238
143338  -38.779  -64.539  -9.600 0.6000000238
7505  -39.264  -64.035  -9.798 0.5000000000
149466  -38.924  -61.879  -9.335 0.4000000060
161592  -39.328  -61.540  -9.814 0.4000000060
8582  -39.586  -61.969  -10.081 0.4000000060
9114  -37.890  -61.410  -8.535 0.6000000238
8538  -38.280  -61.867  -8.775 0.6000000238
9745  -38.802  -60.461  -9.220 0.5000000000
9757  -39.377  -60.498  -9.994 0.4000000060
9149  -39.637  -61.185  -10.221 0.4000000060
10391  -39.517  -59.884  -10.570 0.4000000060
5907  -34.737  -66.481  -16.926 0.6999999881
8038  -36.580  -63.254  -9.448 0.6000000238
9737  -38.148  -60.700  -8.635 0.5000000000
10379  -39.139  -59.773  -9.829 0.4000000060
8096  -34.996  -63.695  -13.993 0.6000000238
8050  -35.564  -63.056  -10.498 0.5000000000
8559  -36.360  -62.499  -9.218 0.5000000000
9736  -37.521  -60.762  -8.420 0.5000000000
10988  -38.414  -58.877  -9.050 0.5000000000
10989  -38.888  -59.031  -9.672 0.4000000060
11643  -38.923  -58.425  -10.172 0.4000000060
8088  -34.931  -63.595  -12.982 0.6000000238
152598  -36.308  -61.287  -8.598 0.5000000000
152953  -27.039  -56.861  -12.238 0.6999999881
11663  -26.947  -57.686  -12.246 0.6000000238
140073  -27.240  -57.345  -11.542 0.6999999881
150441  -26.793  -58.486  -12.493 0.6000000238
11641  -27.471  -57.864  -10.239 0.6000000238
9795  -27.546  -60.349  -13.034 0.6000000238
11018  -27.249  -58.942  -11.134 0.6000000238
11002  -27.431  -58.723  -10.356 0.6000000238
11634  -27.646  -57.578  -9.496 0.6000000238
147175  -28.273  -58.273  -8.070 0.6000000238
9804  -28.374  -60.506  -14.173 0.5000000000
144708  -27.542  -60.427  -12.295 0.6000000238
9771  -27.672  -60.290  -10.817 0.6000000238
10376  -27.616  -59.351  -9.755 0.6000000238
10987  -27.912  -59.135  -8.998 0.6000000238
157398  -40.768  -68.021  -8.670 0.5000000000
9194  -28.709  -61.130  -13.680 0.5000000000
9796  -28.083  -60.762  -13.360 0.5000000000
10390  -27.813  -60.112  -10.034 0.5000000000
10357  -28.392  -59.825  -8.487 0.5000000000
4783  -41.551  -68.064  -11.658 0.4000000060
5287  -42.114  -67.721  -11.282 0.5000000000
5804  -40.942  -67.387  -8.430 0.5000000000
5803  -39.784  -67.688  -8.282 0.4000000060
9187  -29.203  -61.517  -13.100 0.5000000000
162185  -28.511  -61.333  -12.111 0.5000000000
137063  -28.330  -60.578  -9.630 0.5000000000
9743  -28.458  -60.417  -8.980 0.5000000000
5850  -42.236  -67.010  -11.852 0.5000000000
141566  -39.618  -65.724  -7.762 0.4000000060
7483  -39.954  -64.544  -7.595 0.4000000060
148600  -39.776  -63.828  -7.420 0.4000000060
9195  -29.446  -61.314  -14.019 0.5000000000
9177  -29.032  -61.569  -12.169 0.5000000000
9146  -28.624  -61.274  -10.840 0.6000000238
9127  -29.409  -61.475  -9.730 0.6000000238
150592  -39.092  -64.971  -6.966 0.4000000060
8609  -30.515  -62.212  -12.895 0.6000000238
9178  -29.704  -61.903  -11.819 0.6000000238
9147  -29.261  -61.553  -10.527 0.6999999881
6379  -40.992  -65.559  -11.197 0.4000000060
6952  -40.199  -65.112  -10.527 0.5000000000
8655  -33.754  -62.687  -18.109 0.6000000238
7506  -39.972  -63.835  -10.149 0.5000000000
135584  -40.556  -62.634  -10.650 0.4000000060
7610  -34.383  -63.774  -18.028 0.6000000238
8562  -39.858  -62.849  -10.218 0.4000000060
7611  -34.775  -64.204  -17.632 0.6000000238
7598  -35.120  -63.760  -16.109 0.6000000238
9150  -40.031  -61.109  -10.864 0.4000000060
8095  -34.549  -63.437  -14.496 0.6000000238
7009  -35.419  -65.057  -16.183 0.6999999881
8597  -34.651  -63.003  -11.442 0.6000000238
145201  -34.323  -62.686  -10.800 0.6000000238
8598  -35.016  -62.777  -10.715 0.5000000000
8558  -35.687  -62.369  -9.507 0.5000000000
12349  -27.267  -56.587  -11.686 0.6999999881
12341  -27.387  -56.571  -11.020 0.6999999881
135599  -27.533  -56.235  -9.914 0.6000000238
12333  -27.499  -56.915  -10.200 0.6000000238
13071  -27.964  -56.511  -8.645 0.6000000238
12320  -27.936  -57.291  -8.780 0.6000000238
12312  -28.722  -57.116  -7.335 0.6999999881
145399  -29.010  -57.645  -6.997 0.6000000238
10969  -28.254  -58.932  -8.262 0.6000000238
162008  -42.931  -67.487  -10.309 0.5000000000
5257  -42.525  -67.753  -9.706 0.5000000000
5256  -41.853  -68.008  -9.329 0.5000000000
5805  -42.042  -67.238  -8.557 0.5000000000
10336  -28.667  -59.412  -7.702 0.6000000238
10958  -29.099  -59.030  -7.042 0.5000000000
5806  -43.008  -67.036  -8.820 0.5000000000
6928  -40.559  -65.771  -7.975 0.5000000000
6929  -40.959  -64.926  -7.859 0.4000000060
9108  -29.637  -61.060  -8.222 0.6000000238
159548  -29.245  -61.002  -8.722 0.6000000238
10317  -29.591  -59.400  -6.654 0.5000000000
136727  -42.124  -66.660  -11.995 0.5000000000
8646  -33.061  -62.106  -16.971 0.6000000238
144693  -32.174  -62.458  -14.822 0.4000000060
8622  -31.225  -62.403  -13.529 0.6000000238
138835  -30.388  -62.228  -10.758 0.6000000238
9128  -30.175  -61.803  -9.453 0.6000000238
9707  -30.206  -60.332  -6.809 0.6000000238
6968  -42.087  -65.521  -11.463 0.4000000060
6969  -43.083  -65.552  -11.481 0.4000000060
154489  -33.170  -62.665  -15.435 0.5000000000
140085  -31.804  -62.533  -13.993 0.5000000000
8610  -31.350  -62.537  -12.641 0.6000000238
135256  -30.779  -62.386  -12.048 0.6999999881
8575  -31.132  -62.386  -10.357 0.6000000238
8553  -30.960  -62.211  -9.564 0.6000000238
152592  -30.538  -61.516  -8.165 0.6000000238
6953  -41.250  -64.869  -10.827 0.5000000000
144827  -33.509  -62.550  -16.144 0.6000000238
8611  -32.138  -62.770  -12.492 0.6000000238
8593  -31.619  -62.582  -11.780 0.6000000238
8530  -31.655  -62.269  -9.008 0.6000000238
9110  -31.354  -61.870  -8.245 0.6000000238
9088  -31.620  -61.299  -6.967 0.6000000238
7524  -41.012  -63.948  -10.559 0.4000000060
8640  -33.543  -62.895  -15.205 0.5000000000
8632  -32.448  -62.818  -13.903 0.6000000238
150803  -32.374  -62.754  -11.912 0.6000000238
142811  -32.245  -62.441  -9.577 0.6000000238
8523  -32.188  -62.172  -8.276 0.6000000238
8104  -34.618  -63.271  -16.649 0.6000000238
8099  -34.602  -63.381  -15.499 0.6000000238
155985  -33.509  -63.098  -14.486 0.6000000238
8595  -32.947  -62.778  -11.650 0.6000000238
143105  -32.893  -62.635  -10.856 0.6000000238
8614  -34.112  -63.004  -11.868 0.6000000238
155728  -34.342  -63.329  -12.916 0.6000000238
8557  -34.740  -62.364  -9.541 0.5000000000
9112  -35.586  -61.606  -8.698 0.5000000000
13904  -27.053  -55.427  -12.074 0.6999999881
13092  -27.396  -55.765  -10.880 0.6999999881
15419  -26.209  -53.396  -11.477 0.6999999881
14639  -26.671  -53.893  -11.141 0.6999999881
14640  -27.036  -54.486  -11.120 0.6999999881
13875  -27.381  -55.074  -9.914 0.6999999881
13081  -27.656  -55.744  -9.269 0.6000000238
13834  -28.093  -55.867  -8.190 0.6000000238
13059  -28.934  -56.024  -6.995 0.5000000000
13058  -28.510  -56.396  -7.585 0.6999999881
145485  -28.938  -56.629  -7.069 0.5000000000
12297  -29.216  -57.136  -6.778 0.5000000000
11615  -29.532  -57.779  -6.487 0.5000000000
152618  -43.746  -66.753  -9.397 0.4000000060
152440  -42.626  -65.740  -8.216 0.5000000000
7490  -42.673  -64.363  -8.192 0.5000000000
7489  -41.647  -64.238  -7.912 0.5000000000
8015  -41.211  -63.498  -7.805 0.4000000060
6380  -43.486  -66.075  -11.350 0.4000000060
6345  -43.497  -66.160  -8.667 0.4000000060
149689  -30.109  -59.734  -6.448 0.6000000238
9708  -31.007  -60.771  -6.697 0.6000000238
10319  -30.707  -60.063  -6.223 0.6000000238
9089  -32.301  -61.436  -6.892 0.6000000238
9690  -31.458  -60.273  -5.994 0.6000000238
135171  -33.304  -62.426  -9.033 0.6000000238
8524  -33.055  -62.263  -8.343 0.6000000238
9710  -32.703  -60.896  -6.251 0.6000000238
147369  -33.560  -62.595  -10.462 0.6000000238
9090  -33.111  -61.458  -6.922 0.5000000000
8556  -34.060  -62.419  -9.288 0.6000000238
8532  -33.908  -62.260  -8.595 0.5000000000
156718  -35.050  -61.821  -8.702 0.5000000000
16198  -25.039  -52.638  -11.420 0.6999999881
15409  -25.650  -52.848  -11.095 0.6999999881
14601  -26.855  -53.913  -10.012 0.6999999881
14622  -27.167  -54.508  -10.364 0.6999999881
15398  -27.061  -54.027  -9.315 0.6000000238
13855  -27.480  -54.952  -9.251 0.6999999881
13812  -28.162  -55.259  -7.772 0.4000000060
16196  -24.302  -52.914  -11.381 0.6999999881
16187  -24.910  -52.464  -10.691 0.6999999881
16188  -25.700  -52.783  -10.295 0.6000000238
15397  -26.621  -53.563  -9.337 0.6000000238
136728  -28.455  -55.014  -7.171 0.5000000000
14620  -24.083  -54.240  -10.541 0.6999999881
146127  -23.689  -52.832  -10.348 0.6999999881
160184  -29.220  -55.132  -6.512 0.5000000000
13854  -24.658  -54.969  -9.360 0.6999999881
13787  -29.422  -55.674  -6.452 0.5000000000
13833  -24.627  -55.045  -8.602 0.6000000238
13810  -24.508  -55.185  -7.840 0.6000000238
13784  -24.093  -55.210  -7.239 0.6000000238
150354  -21.945  -55.104  -6.446 0.5000000000
15358  -20.117  -53.718  -6.240 0.5000000000
7491  -43.672  -64.489  -8.593 0.4000000060
8022  -42.141  -63.562  -8.081 0.4000000060
9711  -33.526  -60.854  -6.354 0.6000000238
15373  -27.237  -53.710  -7.600 0.5000000000
14573  -27.519  -54.274  -8.068 0.5000000000
16176  -24.039  -52.224  -10.153 0.6000000238
16177  -24.929  -52.316  -9.881 0.6000000238
16165  -25.895  -52.912  -8.338 0.6000000238
15385  -26.597  -53.361  -7.901 0.6000000238
14562  -27.783  -54.060  -7.243 0.5000000000
14563  -28.319  -54.388  -6.883 0.5000000000
150569  -29.363  -54.120  -6.011 0.5000000000
14584  -23.583  -53.637  -9.491 0.6999999881
138806  -23.399  -52.234  -9.911 0.6000000238
16163  -24.091  -52.008  -9.415 0.6000000238
16150  -25.132  -52.683  -7.849 0.6000000238
16127  -25.178  -52.799  -6.675 0.6000000238
15346  -29.841  -53.547  -5.599 0.5000000000
154052  -23.619  -53.868  -8.826 0.6999999881
15395  -22.865  -52.102  -9.376 0.6000000238
161703  -22.321  -52.062  -8.669 0.6000000238
16125  -23.105  -52.211  -6.951 0.6000000238
16126  -24.250  -52.530  -6.431 0.6000000238
14571  -23.347  -53.755  -8.214 0.6000000238
15371  -22.538  -52.682  -8.533 0.6000000238
138842  -22.038  -52.032  -8.004 0.6000000238
16095  -22.894  -51.847  -6.398 0.6000000238
14561  -23.446  -54.379  -7.368 0.6000000238
14560  -21.935  -52.977  -7.382 0.6000000238
15361  -21.673  -52.208  -7.613 0.6000000238
16094  -22.322  -51.542  -6.390 0.6000000238
143352  -22.790  -54.229  -6.879 0.5000000000
15359  -20.716  -53.598  -6.240 0.5000000000
157873  -20.864  -52.707  -6.706 0.5000000000
16847  -21.301  -51.149  -6.568 0.6000000238
16823  -22.173  -51.099  -6.137 0.6000000238
8023  -43.073  -63.666  -8.473 0.4000000060
14557  -19.188  -54.047  -6.913 0.5000000000
137586  -20.275  -52.298  -6.711 0.5000000000
16846  -20.523  -51.562  -6.822 0.6000000238
18181  -21.220  -50.071  -6.578 0.6000000238
16863  -18.368  -52.174  -7.954 0.5000000000
16864  -19.009  -51.464  -7.339 0.5000000000
16844  -19.290  -51.919  -6.927 0.4000000060
17491  -20.112  -50.712  -6.933 0.5000000000
18180  -20.519  -50.143  -6.876 0.6000000238
15362  -27.471  -53.557  -6.750 0.6000000238
15344  -27.770  -53.226  -5.950 0.5000000000
15345  -28.395  -53.489  -5.922 0.5000000000
16129  -27.020  -53.096  -6.287 0.6000000238
136542  -27.783  -52.706  -5.417 0.5000000000
15338  -29.663  -52.959  -5.296 0.5000000000
16827  -25.414  -52.002  -5.733 0.6999999881
16828  -26.339  -51.921  -5.572 0.6999999881
16096  -23.970  -52.200  -6.090 0.6000000238
16826  -24.685  -52.073  -5.819 0.6999999881
17477  -23.550  -51.153  -5.835 0.6000000238
152083  -24.385  -50.823  -5.903 0.6999999881
17476  -22.826  -50.987  -5.939 0.6000000238
18170  -23.843  -50.478  -6.046 0.6999999881
18182  -21.962  -50.000  -6.426 0.6000000238
18183  -22.777  -49.894  -6.436 0.6999999881
16880  -18.337  -51.915  -9.586 0.5000000000
17521  -18.664  -50.796  -8.708 0.5000000000
18200  -19.652  -50.184  -7.689 0.4000000060
18201  -20.274  -49.818  -7.464 0.6000000238
18203  -21.635  -49.535  -6.926 0.6000000238
17526  -18.450  -50.984  -9.621 0.5000000000
18213  -19.277  -50.112  -8.551 0.4000000060
18223  -19.667  -49.536  -8.934 0.5000000000
16078  -29.159  -52.642  -5.159 0.5000000000
16077  -28.104  -52.276  -5.117 0.5000000000
137934  -26.961  -52.218  -5.481 0.6000000238
17464  -27.323  -50.650  -5.257 0.5000000000
18157  -27.981  -50.307  -5.082 0.5000000000
147214  -25.927  -51.149  -5.609 0.6999999881
18171  -25.037  -50.283  -6.023 0.6999999881
18185  -24.957  -49.712  -6.477 0.6000000238
18882  -22.363  -49.396  -6.965 0.6999999881
18884  -24.338  -49.426  -6.853 0.6000000238
18898  -20.694  -49.229  -8.007 0.6000000238
18911  -21.914  -48.709  -8.151 0.6000000238
17540  -18.824  -50.078  -10.644 0.5000000000
18916  -19.732  -49.162  -9.650 0.4000000060
18910  -20.867  -48.823  -8.844 0.6000000238
18937  -19.313  -49.365  -11.455 0.4000000060
18931  -19.483  -49.088  -10.537 0.4000000060
18932  -20.195  -48.557  -10.302 0.5000000000
154217  -20.399  -48.790  -9.478 0.5000000000
17481  -26.904  -50.272  -5.516 0.6000000238
18174  -27.372  -49.780  -5.472 0.5000000000
18187  -26.227  -49.547  -6.053 0.6000000238
18865  -26.937  -49.106  -5.935 0.5000000000
18186  -25.524  -49.649  -6.296 0.6000000238
18885  -25.232  -49.236  -6.871 0.6000000238
19609  -26.126  -48.386  -6.960 0.5000000000
18902  -24.832  -48.903  -7.400 0.6000000238
18912  -22.761  -48.568  -8.084 0.6999999881
19619  -24.338  -48.613  -7.895 0.5000000000
19628  -21.506  -48.480  -8.831 0.6000000238
18917  -20.999  -48.320  -9.683 0.5000000000
18938  -19.774  -48.728  -11.067 0.4000000060
19666  -20.830  -48.046  -10.543 0.5000000000
22369  -15.859  -43.443  -15.254 0.4000000060
23357  -15.903  -42.630  -15.330 0.3000000119
22370  -16.629  -43.771  -15.947 0.4000000060
18866  -27.367  -48.397  -6.111 0.5000000000
21439  -18.763  -46.002  -15.709 0.3000000119
22371  -17.811  -44.644  -16.316 0.4000000060
19621  -25.797  -48.004  -7.684 0.5000000000
19610  -26.769  -48.180  -6.599 0.5000000000
150591  -19.913  -48.037  -16.040 0.3000000119
22372  -18.914  -45.362  -16.154 0.4000000060
19632  -25.349  -47.907  -8.425 0.5000000000
19717  -20.621  -48.926  -16.551 0.3000000119
18913  -23.764  -48.293  -8.427 0.6000000238
19647  -22.548  -47.934  -9.475 0.6999999881
158031  -23.181  -47.812  -9.555 0.6000000238
139993  -20.836  -47.693  -11.880 0.5000000000
141655  -22.271  -47.512  -10.522 0.5000000000
19675  -22.000  -47.373  -11.171 0.4000000060
19676  -22.738  -47.328  -11.019 0.4000000060
23337  -17.715  -43.325  -13.674 0.3000000119
24337  -15.998  -42.828  -14.715 0.3000000119
24372  -16.151  -42.066  -15.832 0.3000000119
152660  -16.702  -42.495  -16.621 0.3000000119
23359  -17.319  -43.668  -16.542 0.4000000060
19622  -26.402  -47.767  -7.181 0.5000000000
21440  -19.948  -46.233  -16.216 0.4000000060
22381  -18.869  -44.567  -16.668 0.4000000060
20453  -25.825  -47.446  -8.266 0.5000000000
157416  -20.466  -47.192  -16.473 0.4000000060
21451  -20.662  -45.930  -16.810 0.4000000060
19650  -24.926  -47.770  -9.039 0.5000000000
146887  -25.448  -47.404  -8.967 0.5000000000
19718  -21.350  -48.695  -17.029 0.4000000060
19649  -24.410  -47.671  -9.547 0.5000000000
19668  -22.865  -47.569  -10.196 0.5000000000
19669  -23.738  -47.539  -10.042 0.5000000000
19688  -21.105  -47.864  -13.602 0.3000000119
20503  -21.582  -47.333  -13.090 0.4000000060
20492  -22.631  -47.240  -11.890 0.4000000060
20494  -23.901  -47.223  -11.449 0.4000000060
152080  -18.464  -44.102  -13.036 0.3000000119
24357  -17.219  -42.046  -14.854 0.3000000119
24382  -16.574  -41.675  -16.533 0.4000000060
24383  -17.168  -42.023  -17.379 0.4000000060
148791  -28.675  -46.736  -6.623 0.4000000060
23366  -17.960  -43.414  -17.159 0.4000000060
21340  -28.217  -46.411  -6.951 0.4000000060
160684  -19.779  -45.398  -16.477 0.4000000060
23367  -19.549  -44.106  -17.236 0.4000000060
21355  -26.916  -46.473  -7.702 0.4000000060
23368  -20.841  -44.638  -17.465 0.4000000060
20470  -25.573  -46.900  -9.492 0.5000000000
20551  -21.733  -47.485  -17.372 0.4000000060
19720  -22.623  -48.020  -16.552 0.3000000119
20483  -24.857  -47.074  -10.427 0.5000000000
20526  -22.603  -47.545  -14.415 0.3000000119
24339  -18.413  -42.892  -14.094 0.3000000119
25352  -17.729  -41.590  -15.387 0.3000000119
25351  -16.667  -41.796  -15.747 0.3000000119
26335  -16.940  -40.655  -17.242 0.4000000060
25392  -17.274  -40.944  -17.783 0.4000000060
25402  -18.529  -41.363  -18.515 0.3000000119
24394  -18.084  -42.033  -18.039 0.4000000060
21342  -29.769  -46.346  -6.836 0.4000000060
21373  -30.570  -45.718  -8.324 0.4000000060
23379  -20.235  -43.697  -17.732 0.4000000060
21356  -27.683  -45.996  -7.491 0.4000000060
21371  -26.463  -46.220  -8.453 0.4000000060
22383  -21.279  -45.612  -17.327 0.3000000119
21390  -25.935  -46.302  -9.202 0.4000000060
19727  -21.934  -48.248  -17.243 0.3000000119
159124  -22.149  -47.127  -17.535 0.3000000119
20506  -24.012  -47.149  -12.271 0.4000000060
24340  -19.973  -43.404  -14.108 0.3000000119
25375  -18.167  -41.061  -15.830 0.4000000060
26336  -17.499  -40.462  -16.797 0.4000000060
26363  -17.735  -40.422  -18.284 0.4000000060
151205  -30.851  -46.046  -8.988 0.4000000060
22277  -30.060  -45.169  -7.984 0.4000000060
24395  -19.465  -42.691  -18.173 0.4000000060
22275  -28.934  -45.164  -7.609 0.4000000060
21372  -27.087  -45.873  -8.000 0.4000000060
22295  -28.205  -44.800  -8.079 0.4000000060
23369  -21.867  -45.219  -17.741 0.3000000119
22293  -26.906  -45.438  -8.496 0.4000000060
136635  -22.767  -46.411  -17.437 0.3000000119
21389  -25.611  -46.316  -9.912 0.5000000000
20553  -22.663  -47.671  -17.178 0.3000000119
159120  -23.307  -46.778  -16.617 0.3000000119
21397  -25.346  -46.243  -10.652 0.5000000000
136601  -23.769  -47.250  -13.942 0.3000000119
20495  -24.450  -47.013  -11.684 0.4000000060
140027  -22.956  -47.246  -12.766 0.4000000060
24359  -20.482  -43.015  -14.638 0.3000000119
26364  -18.462  -40.242  -18.723 0.3000000119
26372  -19.520  -41.141  -19.057 0.3000000119
22309  -30.728  -45.454  -9.033 0.4000000060
24396  -20.888  -43.276  -18.206 0.3000000119
23249  -29.535  -44.785  -7.879 0.4000000060
23275  -30.388  -44.997  -8.673 0.3000000119
23380  -21.441  -44.266  -17.976 0.3000000119
23271  -27.404  -44.793  -8.544 0.4000000060
23248  -28.946  -44.625  -8.000 0.4000000060
23382  -22.921  -44.927  -17.648 0.3000000119
22386  -23.816  -45.665  -16.740 0.3000000119
22316  -25.667  -45.620  -10.234 0.4000000060
20537  -23.332  -47.400  -15.629 0.3000000119
20529  -24.346  -46.788  -14.431 0.3000000119
20518  -24.319  -46.918  -13.770 0.3000000119
21410  -24.969  -46.007  -12.128 0.3000000119
25403  -20.168  -42.267  -18.627 0.3000000119
25415  -20.950  -41.862  -18.985 0.3000000119
25404  -21.518  -42.787  -18.561 0.3000000119
23290  -30.252  -44.333  -9.005 0.3000000119
23272  -28.651  -44.249  -8.367 0.4000000060
24282  -29.733  -43.964  -8.713 0.4000000060
23370  -23.759  -44.811  -17.081 0.3000000119
23270  -26.727  -44.893  -9.068 0.4000000060
143100  -27.910  -43.687  -9.096 0.4000000060
22373  -23.782  -46.266  -16.386 0.3000000119
20538  -24.035  -46.805  -15.157 0.3000000119
22323  -25.453  -45.551  -11.019 0.3000000119
21417  -24.938  -45.927  -12.720 0.3000000119
24385  -23.987  -43.883  -17.162 0.3000000119
23371  -24.500  -45.013  -16.377 0.3000000119
24291  -27.364  -43.495  -9.640 0.3000000119
25279  -28.895  -42.945  -9.477 0.3000000119
142533  -24.692  -45.360  -15.692 0.3000000119
23298  -26.247  -44.315  -10.199 0.3000000119
22353  -24.844  -45.805  -13.886 0.3000000119
23304  -25.598  -44.844  -11.592 0.3000000119
24386  -24.631  -43.386  -16.796 0.3000000119
25394  -24.902  -42.395  -16.726 0.3000000119
23360  -25.136  -44.635  -15.731 0.3000000119
24305  -26.937  -43.373  -10.157 0.3000000119
135238  -25.161  -43.927  -16.157 0.3000000119
25395  -25.518  -42.429  -16.248 0.3000000119
137786  -23.564  -47.232  -12.775 0.4000000060
19700  -22.611  -47.860  -15.168 0.3000000119
20528  -23.874  -47.143  -14.602 0.3000000119
7956  -35.104  -63.685  -2.907 0.6000000238
6814  -35.578  -65.066  -1.422 0.5000000000
142117  -35.036  -66.575  -1.304 0.5000000000
5680  -34.344  -66.637  -1.590 0.5000000000
150855  -35.732  -66.470  -1.159 0.5000000000
145615  -38.741  -65.753  -0.567 0.5000000000
161914  -34.376  -64.354  -4.634 0.6999999881
6865  -35.978  -65.239  -4.313 0.6999999881
6898  -34.038  -64.949  -5.704 0.6999999881
145432  -33.175  -63.784  -3.987 0.6999999881
6210  -38.067  -66.026  -0.645 0.4000000060
7448  -32.463  -63.789  -4.559 0.6999999881
7940  -37.898  -63.601  -2.043 0.5000000000
8430  -44.333  -63.031  2.027 0.3000000119
7969  -38.742  -63.622  -2.912 0.5000000000
137790  -39.873  -65.686  -3.063 0.3000000119
146181  -36.616  -68.140  -6.067 0.6000000238
5771  -36.012  -67.380  -6.473 0.6000000238
150840  -37.073  -68.986  -6.807 0.5000000000
4781  -35.303  -69.118  -11.199 0.6000000238
6312  -34.207  -65.711  -7.001 0.6999999881
7905  -40.334  -63.038  1.798 0.3000000119
5815  -33.593  -66.439  -9.658 0.6000000238
154667  -34.191  -66.152  -8.262 0.6000000238
6911  -33.571  -65.198  -6.906 0.6999999881
7414  -37.195  -63.654  -3.258 0.5000000000
7394  -37.087  -63.743  -2.061 0.6000000238
6815  -36.484  -64.977  -1.305 0.5000000000
6910  -32.684  -64.819  -6.922 0.6000000238
7447  -31.753  -63.897  -5.038 0.6999999881
5813  -32.074  -66.970  -9.229 0.5000000000
7468  -31.067  -64.074  -5.490 0.5000000000
7908  -45.045  -63.224  1.462 0.3000000119
4284  -32.756  -69.679  -11.642 0.6000000238
7475  -30.465  -64.405  -5.905 0.5000000000
6256  -43.076  -66.325  -2.939 0.3000000119
6272  -36.701  -65.590  -4.174 0.5000000000
7919  -45.284  -63.086  0.876 0.3000000119
136512  -29.353  -65.215  -5.940 0.5000000000
3629  -38.658  -70.548  -6.369 0.4000000060
8456  -40.072  -61.972  0.923 0.3000000119
4827  -37.685  -68.948  -14.524 0.6000000238
4838  -35.018  -68.951  -15.949 0.6999999881
6989  -35.639  -65.341  -13.164 0.6000000238
5331  -38.624  -68.364  -14.056 0.6000000238
5306  -41.642  -67.511  -12.093 0.5000000000
143350  -39.013  -67.733  -7.300 0.4000000060
5846  -38.556  -66.870  -11.285 0.6000000238
5847  -39.422  -66.943  -11.679 0.5000000000
6401  -36.657  -65.996  -11.335 0.6000000238
8041  -39.290  -63.423  -9.784 0.4000000060
6460  -35.056  -65.689  -17.145 0.6000000238
8100  -35.063  -63.731  -15.022 0.6999999881
151658  -27.302  -59.962  -11.930 0.6000000238
4767  -41.876  -68.125  -10.019 0.4000000060
142206  -40.004  -61.575  -10.572 0.4000000060
8536  -36.821  -62.038  -8.756 0.4000000060
6459  -34.477  -65.866  -17.307 0.6000000238
11651  -27.312  -58.083  -10.973 0.6000000238
9755  -28.198  -60.731  -10.412 0.6000000238
136086  -41.686  -65.754  -8.080 0.5000000000
144472  -29.775  -61.853  -12.589 0.5000000000
10358  -28.930  -60.124  -7.868 0.6000000238
8621  -30.609  -61.958  -13.909 0.4000000060
8086  -33.845  -63.245  -13.263 0.5000000000
6954  -42.390  -64.928  -11.172 0.5000000000
8576  -32.071  -62.506  -10.375 0.6000000238
8624  -32.674  -62.968  -13.081 0.5000000000
13069  -25.065  -55.716  -8.195 0.6000000238
140989  -19.511  -53.522  -6.507 0.5000000000
16151  -25.991  -53.042  -7.300 0.5000000000
16148  -23.362  -51.861  -8.906 0.6000000238
16149  -24.001  -52.442  -7.576 0.6000000238
16098  -25.742  -52.536  -5.990 0.6000000238
14570  -22.588  -53.310  -7.794 0.6000000238
16874  -18.251  -52.075  -8.741 0.5000000000
16811  -27.825  -51.748  -5.052 0.5000000000
18901  -23.486  -48.779  -7.686 0.6000000238
18221  -18.734  -50.214  -9.915 0.5000000000
19629  -22.249  -48.298  -8.774 0.6000000238
22359  -16.534  -44.532  -15.595 0.3000000119
18886  -26.458  -48.794  -6.395 0.5000000000
19682  -20.903  -47.668  -12.713 0.3000000119
20432  -27.536  -47.376  -6.631 0.4000000060
20447  -27.422  -46.825  -7.060 0.4000000060
20491  -21.602  -47.296  -12.074 0.4000000060
20525  -21.980  -47.603  -14.283 0.3000000119
21396  -24.896  -46.764  -11.054 0.5000000000
21358  -29.403  -45.707  -7.150 0.4000000060
24358  -18.999  -42.368  -14.629 0.3000000119
22393  -22.561  -45.616  -17.744 0.3000000119
159834  -25.872  -45.759  -9.600 0.4000000060
20507  -24.434  -46.930  -12.429 0.3000000119
23381  -22.287  -44.743  -17.971 0.3000000119
21402  -25.073  -46.131  -11.421 0.4000000060
25354  -20.818  -42.502  -15.045 0.3000000119
23383  -23.267  -44.161  -17.593 0.3000000119
23287  -26.598  -44.441  -9.574 0.4000000060
141120  -24.509  -44.252  -16.644 0.3000000119
4712  -27.674  -68.976  -6.178 0.5000000000
4702  -27.796  -68.381  -5.761 0.5000000000
5201  -27.851  -67.756  -5.308 0.5000000000
5755  -28.308  -66.632  -5.463 0.4000000060
135268  -27.650  -69.948  -7.221 0.5000000000
4209  -28.127  -69.382  -6.809 0.5000000000
4713  -28.358  -68.590  -6.520 0.5000000000
5215  -28.731  -67.821  -6.578 0.5000000000
5756  -28.743  -66.439  -6.133 0.5000000000
6311  -29.126  -65.822  -6.327 0.4000000060
3654  -27.848  -70.609  -7.911 0.4000000060
4222  -28.473  -69.911  -7.452 0.5000000000
5226  -29.443  -67.820  -7.100 0.5000000000
5768  -29.670  -66.128  -6.888 0.4000000060
4233  -28.702  -70.507  -8.092 0.5000000000
4223  -29.345  -69.595  -7.778 0.5000000000
4723  -28.849  -69.150  -7.107 0.5000000000
155608  -30.120  -70.007  -8.758 0.5000000000
4725  -30.032  -68.885  -7.938 0.5000000000
4235  -30.650  -69.538  -8.866 0.5000000000
5238  -30.549  -68.264  -8.095 0.5000000000
5228  -31.002  -67.616  -8.306 0.4000000060
3669  -29.669  -70.665  -8.966 0.5000000000
4249  -30.434  -70.204  -9.197 0.5000000000
4745  -31.183  -68.975  -9.000 0.5000000000
5252  -31.608  -68.336  -9.214 0.5000000000
3744  -29.888  -71.305  -13.548 0.5000000000
3169  -29.258  -71.938  -10.058 0.5000000000
3190  -29.331  -72.491  -11.424 0.5000000000
3702  -30.290  -71.419  -10.234 0.5000000000
143886  -30.113  -72.499  -11.618 0.5000000000
156590  -31.083  -70.707  -10.262 0.5000000000
3703  -31.113  -71.302  -10.817 0.5000000000
4267  -31.405  -70.045  -10.059 0.5000000000
4746  -31.677  -68.965  -9.566 0.5000000000
3209  -29.764  -72.232  -13.360 0.5000000000
3755  -30.506  -71.325  -14.357 0.5000000000
4825  -31.787  -69.486  -15.437 0.5000000000
2710  -30.363  -72.700  -12.956 0.5000000000
3223  -30.812  -72.045  -14.689 0.5000000000
146867  -31.773  -70.672  -15.889 0.5000000000
141956  -30.801  -72.650  -12.480 0.5000000000
2718  -30.999  -72.717  -13.675 0.5000000000
3224  -31.435  -72.533  -14.860 0.5000000000
3192  -31.455  -71.703  -11.535 0.5000000000
3210  -31.879  -72.506  -13.150 0.5000000000
3704  -31.675  -70.414  -10.627 0.5000000000
4268  -31.977  -69.680  -10.470 0.5000000000
4269  -32.589  -69.195  -11.059 0.5000000000
145545  -32.507  -66.729  -17.232 0.5000000000
5905  -32.576  -67.451  -17.140 0.6000000238
4343  -32.058  -69.361  -16.325 0.5000000000
3235  -31.930  -72.244  -15.519 0.5000000000
4344  -32.366  -69.496  -16.630 0.5000000000
2736  -32.285  -72.845  -14.942 0.5000000000
3244  -32.667  -71.950  -15.987 0.5000000000
3202  -32.470  -71.902  -12.840 0.5000000000
3211  -32.604  -72.570  -13.672 0.5000000000
3731  -32.216  -71.295  -12.052 0.5000000000
7617  -33.862  -64.113  -18.057 0.5000000000
7020  -34.403  -64.483  -17.838 0.5000000000
5356  -33.185  -67.959  -16.856 0.6000000238
11692  -26.943  -56.768  -15.601 0.5000000000
11039  -26.752  -58.039  -13.999 0.6000000238
142141  -26.654  -56.047  -15.622 0.5000000000
12379  -26.665  -56.458  -14.783 0.5000000000
11675  -26.709  -57.473  -13.466 0.6000000238
13120  -26.703  -56.060  -13.322 0.6000000238
157682  -26.375  -55.295  -14.457 0.5000000000
140692  -26.520  -55.317  -13.719 0.6000000238
14692  -25.848  -53.736  -13.915 0.5000000000
13916  -26.733  -55.354  -12.867 0.6000000238
13903  -26.670  -54.666  -12.504 0.6000000238
15439  -24.936  -53.240  -13.524 0.5000000000
15441  -25.632  -53.337  -13.194 0.6000000238
149848  -26.538  -54.134  -12.229 0.6000000238
14673  -24.249  -53.753  -12.873 0.5000000000
15427  -24.985  -52.995  -12.758 0.5000000000
13890  -24.586  -54.793  -10.975 0.5000000000
13079  -25.217  -55.588  -9.721 0.6000000238
12310  -25.574  -57.324  -7.719 0.6000000238
12319  -25.710  -57.128  -8.579 0.5000000000
14638  -24.053  -54.120  -11.281 0.6000000238
16210  -24.352  -53.271  -12.006 0.5000000000
143871  -25.160  -55.590  -8.926 0.5000000000
13037  -23.899  -55.858  -6.694 0.6000000238
13056  -24.875  -56.012  -7.479 0.6000000238
13782  -22.576  -55.392  -6.496 0.6000000238
7927  -45.089  -63.230  0.142 0.3000000119
158021  -45.272  -63.784  -2.083 0.3000000119
158146  -43.768  -63.962  -1.954 0.3000000119
7983  -45.602  -63.595  -4.204 0.3000000119
6832  -44.027  -64.995  -2.351 0.3000000119
7964  -44.013  -63.536  -1.446 0.3000000119
7926  -44.185  -63.399  -0.113 0.3000000119
5783  -30.234  -66.523  -7.431 0.4000000060
2719  -31.786  -72.758  -13.802 0.5000000000
3781  -32.842  -70.380  -16.478 0.5000000000
11040  -27.018  -58.712  -14.367 0.5000000000
5782  -29.633  -66.916  -7.051 0.4000000060
5227  -30.248  -67.473  -7.632 0.5000000000
3686  -29.957  -71.028  -9.551 0.5000000000
3208  -29.337  -71.748  -12.852 0.5000000000
2709  -29.731  -72.753  -12.537 0.5000000000
3745  -30.457  -70.441  -13.935 0.5000000000
4326  -30.965  -70.554  -14.635 0.5000000000
2727  -30.893  -72.562  -14.206 0.5000000000
4338  -32.115  -70.312  -16.318 0.5000000000
7947  -45.120  -63.263  -0.612 0.3000000119
6852  -44.428  -65.431  -2.897 0.3000000119
7400  -45.345  -64.104  -2.685 0.3000000119
7399  -45.027  -64.266  -2.089 0.3000000119
6833  -44.656  -64.836  -2.434 0.3000000119
144586  -45.391  -64.247  -3.505 0.3000000119
24293  -29.391  -43.445  -9.097 0.3000000119
2702  -29.668  -72.686  -12.000 0.5000000000
2703  -30.186  -72.700  -12.258 0.5000000000
2708  -29.260  -72.535  -12.092 0.5000000000
2711  -31.183  -72.694  -13.071 0.5000000000
2716  -29.454  -72.417  -12.731 0.5000000000
2717  -30.304  -72.573  -13.555 0.5000000000
2728  -31.673  -72.829  -14.364 0.5000000000
2729  -32.618  -72.947  -14.488 0.6000000238
2730  -33.472  -72.901  -14.773 0.6000000238
3180  -29.472  -72.227  -10.670 0.5000000000
3181  -30.194  -72.070  -10.941 0.5000000000
3191  -30.768  -72.014  -11.295 0.5000000000
3200  -30.833  -72.368  -11.874 0.5000000000
3201  -31.569  -72.255  -12.358 0.5000000000
3213  -34.588  -72.008  -13.761 0.6000000238
3214  -35.030  -71.650  -13.375 0.6000000238
3215  -35.747  -71.296  -13.205 0.6000000238
3222  -30.271  -72.106  -14.008 0.5000000000
3227  -35.287  -71.538  -13.943 0.6000000238
3234  -31.225  -71.980  -15.233 0.5000000000
3236  -32.883  -72.735  -15.406 0.5000000000
3237  -33.688  -72.844  -15.111 0.6000000238
3243  -32.016  -71.300  -16.024 0.5000000000
3640  -38.424  -70.511  -6.903 0.4000000060
3655  -38.454  -70.587  -7.575 0.4000000060
3656  -38.677  -70.578  -7.066 0.4000000060
3670  -38.004  -70.508  -8.058 0.5000000000
3671  -38.386  -70.647  -8.274 0.4000000060
3672  -38.716  -70.561  -8.767 0.4000000060
3687  -30.769  -70.493  -9.749 0.5000000000
3689  -37.832  -70.634  -9.246 0.5000000000
3706  -37.620  -70.722  -10.094 0.5000000000
3717  -31.928  -70.820  -11.297 0.5000000000
3718  -32.588  -70.346  -11.861 0.5000000000
3722  -37.745  -70.818  -10.808 0.5000000000
3738  -37.854  -70.270  -12.775 0.5000000000
3748  -35.000  -71.509  -13.018 0.6999999881
3749  -36.342  -71.092  -12.435 0.5000000000
3767  -31.007  -71.323  -15.049 0.5000000000
3768  -31.481  -71.360  -15.603 0.5000000000
3769  -34.927  -71.454  -15.488 0.6000000238
3777  -32.518  -71.092  -16.330 0.5000000000
3778  -33.303  -71.368  -16.253 0.6000000238
3780  -36.036  -70.266  -15.386 0.6000000238
4179  -38.876  -70.253  -5.352 0.4000000060
4192  -27.031  -69.369  -5.760 0.5000000000
4193  -38.004  -69.948  -5.751 0.4000000060
4194  -38.554  -70.404  -5.797 0.4000000060
4195  -38.898  -70.355  -5.896 0.4000000060
4211  -38.230  -70.339  -6.307 0.4000000060
4224  -37.152  -69.423  -7.918 0.5000000000
4234  -29.500  -70.241  -8.408 0.5000000000
4237  -37.446  -70.122  -8.374 0.5000000000
4250  -31.143  -69.658  -9.450 0.5000000000
4251  -31.681  -69.467  -9.920 0.5000000000
4253  -37.678  -70.505  -8.840 0.5000000000
4272  -39.188  -69.936  -9.906 0.5000000000
4273  -39.629  -69.529  -10.509 0.5000000000
4283  -32.282  -70.005  -11.128 0.5000000000
4285  -34.952  -69.569  -11.744 0.6000000238
4287  -36.405  -70.380  -10.990 0.5000000000
4288  -39.287  -69.655  -11.367 0.5000000000
4299  -33.540  -69.589  -12.150 0.6999999881
4300  -34.252  -69.706  -12.193 0.6000000238
4304  -39.943  -68.977  -12.273 0.5000000000
4311  -38.406  -69.455  -13.527 0.6000000238
4313  -39.800  -68.786  -12.926 0.5000000000
4319  -38.186  -69.136  -14.166 0.6000000238
4320  -38.780  -68.985  -13.704 0.6000000238
4327  -31.529  -70.465  -15.342 0.5000000000
4337  -31.884  -69.921  -15.929 0.5000000000
4340  -34.868  -69.988  -16.062 0.6999999881
4342  -36.035  -69.717  -15.583 0.6000000238
4648  -34.166  -68.375  -2.645 0.5000000000
4677  -39.813  -69.595  -4.307 0.4000000060
4689  -37.892  -69.513  -5.186 0.4000000060
4691  -39.398  -69.900  -4.921 0.4000000060
4705  -39.741  -69.792  -5.352 0.4000000060
4714  -28.996  -68.446  -6.929 0.5000000000
4715  -37.012  -68.797  -6.335 0.6000000238
4717  -39.123  -69.912  -6.967 0.4000000060
4724  -29.449  -68.699  -7.397 0.5000000000
4726  -36.818  -68.790  -7.406 0.5000000000
4728  -39.178  -69.546  -7.924 0.4000000060
4734  -30.649  -68.926  -8.486 0.5000000000
4736  -39.538  -69.277  -8.697 0.4000000060
4748  -36.237  -69.099  -9.939 0.5000000000
4749  -40.466  -68.928  -9.754 0.5000000000
4761  -32.131  -69.004  -10.222 0.5000000000
4763  -34.904  -68.308  -10.948 0.6000000238
4766  -41.175  -68.577  -10.255 0.5000000000
4778  -33.174  -68.559  -11.434 0.6999999881
4795  -41.132  -68.208  -12.160 0.4000000060
4796  -41.357  -67.895  -12.108 0.4000000060
4806  -40.293  -68.422  -12.994 0.6000000238
4839  -35.852  -69.112  -15.707 0.6000000238
4840  -36.438  -69.218  -15.424 0.6000000238
4842  -32.633  -68.766  -16.792 0.6000000238
4843  -33.392  -68.795  -16.621 0.6000000238
5139  -33.418  -67.361  -2.708 0.6000000238
5154  -41.053  -68.232  -3.395 0.3000000119
5173  -38.059  -68.366  -4.295 0.4000000060
5175  -40.089  -69.026  -3.799 0.4000000060
5176  -40.882  -68.867  -3.831 0.3000000119
5178  -42.666  -67.895  -4.435 0.3000000119
5191  -38.510  -69.206  -4.353 0.4000000060
5193  -42.298  -68.186  -4.515 0.3000000119
5202  -37.388  -68.740  -5.125 0.4000000060
5203  -39.461  -69.244  -6.084 0.4000000060
5214  -28.209  -67.837  -6.006 0.5000000000
5217  -36.504  -68.250  -6.825 0.6000000238
5239  -31.121  -68.320  -8.653 0.5000000000
5240  -31.946  -67.731  -9.408 0.5000000000
5243  -41.091  -68.345  -8.985 0.5000000000
5244  -41.618  -67.837  -8.792 0.5000000000
5255  -35.273  -67.686  -9.556 0.5000000000
5269  -32.812  -67.701  -10.436 0.6000000238
5271  -34.442  -67.586  -10.715 0.6000000238
5273  -42.417  -67.773  -10.464 0.5000000000
5284  -33.274  -67.903  -11.090 0.6000000238
5285  -33.902  -67.756  -11.113 0.6000000238
5288  -42.763  -67.245  -11.162 0.5000000000
5305  -41.100  -67.794  -12.366 0.6000000238
5317  -37.044  -67.747  -13.647 0.6000000238
5318  -37.796  -67.980  -13.738 0.6000000238
5320  -39.621  -68.208  -13.531 0.6000000238
5321  -40.189  -68.159  -13.112 0.6000000238
5330  -38.026  -68.520  -14.255 0.6000000238
5342  -36.382  -68.312  -14.883 0.5000000000
5343  -37.203  -68.654  -14.690 0.6000000238
5350  -34.134  -68.361  -16.274 0.6999999881
5352  -35.479  -68.386  -15.668 0.6999999881
5353  -36.099  -68.679  -15.358 0.6000000238
5681  -35.545  -67.057  -1.265 0.5000000000
5708  -40.469  -67.578  -3.104 0.3000000119
5709  -41.083  -67.415  -3.114 0.3000000119
5711  -42.982  -67.045  -3.506 0.3000000119
5712  -43.336  -67.005  -3.885 0.3000000119
5728  -38.362  -67.662  -3.859 0.4000000060
5730  -42.862  -67.459  -4.121 0.3000000119
5743  -40.838  -68.158  -5.534 0.4000000060
5745  -42.550  -67.747  -4.746 0.3000000119
5766  -28.479  -67.160  -6.091 0.5000000000
5767  -29.023  -67.094  -6.615 0.4000000060
5770  -35.548  -67.030  -6.983 0.6000000238
5772  -39.056  -67.247  -6.701 0.4000000060
5784  -30.889  -66.861  -7.991 0.5000000000
5787  -39.076  -67.021  -7.469 0.4000000060
5801  -35.359  -67.229  -8.402 0.6000000238
5802  -39.215  -67.706  -7.800 0.4000000060
5816  -34.207  -66.793  -9.723 0.6000000238
5817  -34.908  -67.114  -9.118 0.6000000238
5818  -42.489  -67.642  -9.031 0.5000000000
5819  -43.245  -67.289  -9.686 0.5000000000
5830  -32.989  -67.104  -10.245 0.6000000238
5831  -33.548  -66.799  -10.138 0.6000000238
5832  -39.048  -66.578  -10.981 0.5000000000
5848  -40.379  -66.889  -12.062 0.5000000000
5851  -42.965  -66.597  -11.587 0.5000000000
5870  -41.185  -67.330  -12.360 0.5000000000
5882  -38.538  -67.871  -13.464 0.6000000238
5887  -35.707  -66.738  -14.185 0.6000000238
5906  -33.600  -66.829  -17.039 0.6000000238
6208  -36.542  -66.500  -0.984 0.5000000000
6213  -40.828  -65.623  -0.138 0.4000000060
6225  -34.667  -66.073  -1.413 0.5000000000
6226  -35.269  -65.901  -1.288 0.5000000000
6236  -32.494  -65.437  -2.640 0.5000000000
6251  -38.623  -65.593  -3.415 0.4000000060
6268  -28.677  -66.261  -4.417 0.5000000000
6271  -30.895  -65.624  -3.840 0.5000000000
6273  -37.452  -65.766  -3.957 0.5000000000
6282  -28.509  -66.205  -4.960 0.5000000000
6291  -43.530  -66.770  -4.681 0.3000000119
6299  -28.749  -65.783  -5.567 0.5000000000
6300  -34.664  -65.844  -6.297 0.6999999881
6301  -35.184  -66.098  -5.758 0.6000000238
6302  -39.287  -66.118  -6.107 0.4000000060
6303  -39.492  -65.627  -5.850 0.4000000060
6313  -34.796  -66.195  -6.866 0.6999999881
6322  -31.492  -65.837  -8.024 0.5000000000
6324  -33.800  -65.717  -7.754 0.6999999881
6338  -31.328  -66.399  -8.238 0.5000000000
6340  -32.698  -65.881  -8.749 0.6000000238
6342  -40.018  -66.636  -8.060 0.4000000060
6343  -41.296  -66.571  -8.218 0.5000000000
6344  -42.416  -66.480  -8.332 0.5000000000
6357  -33.197  -66.114  -9.270 0.6000000238
6374  -36.863  -65.678  -10.638 0.6000000238
6402  -37.730  -66.618  -11.004 0.6000000238
6403  -39.788  -66.461  -11.223 0.5000000000
6406  -42.650  -66.176  -11.729 0.5000000000
6423  -36.079  -66.060  -12.588 0.6000000238
6424  -36.610  -66.449  -12.043 0.6000000238
6453  -35.506  -66.162  -14.772 0.6999999881
6461  -35.305  -65.599  -16.677 0.6999999881
6732  -44.189  -65.156  2.738 0.3000000119
6753  -44.360  -64.605  2.313 0.3000000119
6769  -44.109  -65.442  1.780 0.3000000119
6796  -40.148  -64.912  -0.463 0.4000000060
6798  -41.756  -64.455  -0.116 0.4000000060
6812  -34.132  -65.800  -1.589 0.5000000000
6816  -37.810  -64.621  -1.164 0.5000000000
6817  -38.568  -64.521  -1.007 0.5000000000
6829  -33.558  -65.398  -1.933 0.6000000238
6845  -31.963  -65.227  -3.120 0.5000000000
6849  -40.752  -65.079  -2.829 0.3000000119
6853  -45.145  -64.821  -3.746 0.3000000119
6860  -29.501  -65.261  -4.590 0.5000000000
6862  -30.759  -64.841  -4.051 0.6000000238
6863  -34.533  -64.023  -4.077 0.6999999881
6864  -35.116  -64.750  -4.457 0.6999999881
6876  -29.891  -64.712  -4.936 0.5000000000
6877  -33.886  -64.368  -5.038 0.6999999881
6879  -35.108  -65.550  -5.140 0.6000000238
6896  -29.818  -64.669  -5.594 0.5000000000
6897  -33.365  -64.669  -6.253 0.6999999881
6917  -30.261  -65.732  -7.158 0.5000000000
6919  -31.745  -65.355  -7.705 0.5000000000
6920  -32.399  -65.181  -7.660 0.6000000238
6921  -33.196  -65.252  -7.489 0.6999999881
6922  -39.154  -65.632  -7.366 0.4000000060
6923  -40.048  -65.176  -7.754 0.4000000060
6930  -42.159  -65.036  -8.048 0.5000000000
6931  -43.211  -65.205  -8.346 0.4000000060
6937  -37.686  -65.022  -9.622 0.6000000238
6938  -38.356  -65.168  -9.739 0.6000000238
6967  -36.281  -65.158  -11.102 0.6000000238
6999  -35.486  -64.932  -13.980 0.5000000000
7014  -34.107  -65.299  -17.592 0.5000000000
7015  -34.868  -64.996  -17.513 0.6000000238
7016  -35.268  -65.022  -17.042 0.6000000238
7019  -33.746  -64.805  -17.735 0.5000000000
7327  -39.909  -63.634  2.056 0.3000000119
7329  -44.823  -63.886  1.839 0.3000000119
7343  -45.012  -63.401  1.359 0.3000000119
7351  -39.852  -64.047  -0.952 0.5000000000
7354  -42.828  -63.705  -0.055 0.4000000060
7373  -36.468  -64.264  -1.673 0.6000000238
7374  -37.631  -63.993  -1.600 0.5000000000
7377  -44.887  -63.743  -1.373 0.3000000119
7378  -45.112  -63.564  -1.468 0.3000000119
7391  -34.773  -63.925  -2.446 0.6000000238
7392  -35.412  -63.886  -2.322 0.6000000238
7393  -36.220  -63.789  -2.232 0.6000000238
7396  -42.386  -63.728  -2.195 0.4000000060
7398  -44.563  -64.286  -1.971 0.3000000119
7407  -31.486  -64.436  -3.832 0.5000000000
7408  -32.115  -64.159  -3.601 0.6000000238
7409  -32.806  -63.963  -3.401 0.6000000238
7410  -33.545  -63.841  -3.260 0.6999999881
7412  -35.530  -63.717  -3.422 0.6999999881
7415  -38.423  -63.910  -3.206 0.5000000000
7417  -40.574  -64.416  -2.799 0.3000000119
7419  -45.026  -64.852  -2.914 0.3000000119
7425  -30.517  -64.437  -4.599 0.5000000000
7431  -36.846  -64.159  -3.727 0.5000000000
7446  -31.085  -64.099  -4.826 0.6000000238
7450  -33.849  -63.946  -4.362 0.6999999881
7467  -30.433  -64.304  -5.225 0.5000000000
7469  -31.792  -64.099  -5.797 0.6000000238
7470  -32.556  -64.000  -5.371 0.6999999881
7471  -33.343  -64.323  -5.512 0.6999999881
7477  -31.871  -64.490  -6.544 0.5000000000
7482  -39.316  -64.369  -7.249 0.4000000060
7484  -40.648  -64.072  -7.709 0.4000000060
7488  -37.608  -63.649  -8.998 0.6000000238
7503  -37.460  -64.324  -9.336 0.6000000238
7504  -38.113  -64.099  -9.247 0.6000000238
7522  -39.614  -64.588  -10.071 0.5000000000
7523  -40.375  -64.530  -10.387 0.5000000000
7565  -35.516  -64.173  -12.053 0.6000000238
7599  -35.361  -64.311  -15.575 0.6999999881
7604  -35.024  -63.932  -17.071 0.6000000238
7605  -35.299  -64.393  -16.626 0.6000000238
7612  -35.134  -64.503  -17.281 0.6000000238
7884  -42.553  -63.547  2.524 0.3000000119
7886  -44.102  -63.648  2.384 0.3000000119
7887  -44.780  -63.480  1.955 0.3000000119
7903  -38.405  -63.270  1.321 0.3000000119
7904  -39.121  -63.016  1.429 0.3000000119
7914  -37.392  -62.614  0.580 0.3000000119
7941  -38.605  -63.550  -1.914 0.5000000000
7942  -39.738  -63.527  -1.551 0.4000000060
7943  -40.940  -63.394  -1.517 0.4000000060
7944  -41.643  -63.362  -1.446 0.4000000060
7945  -43.314  -63.281  -0.978 0.4000000060
7946  -44.522  -63.379  -0.658 0.3000000119
7958  -38.292  -63.466  -2.524 0.5000000000
7959  -38.998  -63.479  -2.374 0.5000000000
7960  -39.650  -63.454  -2.156 0.4000000060
7968  -37.534  -63.435  -2.655 0.5000000000
7970  -39.485  -63.591  -2.740 0.5000000000
8014  -39.810  -63.048  -7.247 0.4000000060
8039  -37.110  -63.700  -9.191 0.6000000238
8040  -38.739  -63.755  -9.371 0.6000000238
8058  -35.253  -63.185  -11.169 0.6000000238
8059  -35.737  -63.639  -10.906 0.5000000000
8073  -33.948  -63.183  -12.534 0.6000000238
8074  -34.603  -63.283  -12.241 0.6000000238
8075  -35.176  -63.590  -12.221 0.6000000238
8085  -33.222  -63.106  -13.745 0.6000000238
8087  -34.437  -63.406  -13.602 0.6000000238
8094  -33.910  -63.237  -14.050 0.6000000238
8098  -34.088  -62.959  -15.834 0.5000000000
8103  -34.295  -62.901  -17.527 0.6000000238
8107  -34.284  -63.192  -18.049 0.6000000238
8108  -34.606  -63.536  -17.615 0.6000000238
8114  -33.866  -63.371  -18.225 0.5000000000
8531  -32.538  -62.382  -8.933 0.6000000238
8533  -34.634  -62.183  -8.940 0.5000000000
8534  -35.296  -62.102  -9.164 0.5000000000
8535  -35.995  -61.926  -9.038 0.5000000000
8554  -31.602  -62.392  -9.747 0.6000000238
8555  -32.854  -62.457  -9.451 0.6000000238
8561  -39.081  -62.741  -9.566 0.4000000060
8574  -30.485  -62.170  -10.082 0.6000000238
8577  -32.831  -62.516  -10.057 0.6000000238
8578  -34.173  -62.526  -9.991 0.6000000238
8579  -34.822  -62.543  -10.147 0.5000000000
8580  -35.375  -62.631  -10.075 0.5000000000
8581  -35.967  -62.806  -9.868 0.5000000000
8583  -40.244  -62.102  -10.622 0.4000000060
8592  -30.935  -62.412  -11.241 0.6999999881
8594  -32.254  -62.633  -11.252 0.6000000238
8596  -33.669  -62.775  -11.325 0.6000000238
8612  -32.860  -62.926  -12.365 0.5000000000
8613  -33.500  -62.984  -12.113 0.6000000238
8623  -31.937  -62.696  -13.241 0.6000000238
8625  -33.350  -63.106  -12.841 0.5000000000
8631  -31.310  -62.125  -14.654 0.6000000238
8639  -32.744  -62.334  -15.817 0.6000000238
8647  -33.695  -62.468  -17.267 0.6000000238
9008  -39.556  -61.548  0.361 0.3000000119
9009  -40.375  -61.402  0.413 0.3000000119
9091  -33.833  -61.320  -6.996 0.5000000000
9096  -31.100  -61.412  -7.512 0.6000000238
9097  -31.871  -61.724  -7.591 0.6000000238
9098  -32.690  -61.921  -7.596 0.6000000238
9100  -35.129  -61.436  -8.194 0.5000000000
9107  -29.552  -61.361  -8.994 0.6000000238
9109  -30.798  -61.913  -8.856 0.6000000238
9111  -34.524  -61.882  -8.279 0.5000000000
9113  -37.190  -61.434  -8.550 0.4000000060
9129  -38.556  -61.263  -8.917 0.5000000000
9148  -29.912  -61.844  -10.261 0.6999999881
9167  -28.534  -61.338  -11.594 0.5000000000
9168  -29.141  -61.604  -11.322 0.5000000000
9169  -29.781  -61.906  -11.052 0.6999999881
9186  -28.448  -61.247  -12.731 0.5000000000
9188  -29.929  -61.741  -13.465 0.5000000000
9196  -30.127  -61.472  -14.386 0.4000000060
9691  -32.267  -60.343  -5.800 0.6000000238
9693  -34.021  -60.311  -6.060 0.6000000238
9709  -31.874  -60.869  -6.347 0.6000000238
9726  -29.571  -60.416  -7.430 0.6000000238
9727  -30.301  -60.966  -7.421 0.6000000238
9734  -28.929  -60.586  -8.486 0.6000000238
9744  -28.932  -60.957  -9.211 0.5000000000
9756  -28.753  -61.155  -10.038 0.5000000000
9758  -39.779  -60.544  -10.683 0.4000000060
9772  -28.098  -60.853  -11.202 0.6000000238
9773  -39.969  -60.686  -11.235 0.4000000060
9784  -27.602  -60.420  -11.577 0.6000000238
9785  -28.061  -60.950  -12.018 0.5000000000
9803  -27.724  -60.234  -13.818 0.5000000000
9805  -29.114  -60.679  -14.556 0.5000000000
10301  -30.534  -59.431  -5.961 0.6000000238
10318  -30.026  -59.196  -6.226 0.5000000000
10337  -29.231  -59.733  -7.213 0.6000000238
10338  -29.721  -59.934  -6.879 0.6000000238
10360  -38.107  -59.471  -8.627 0.5000000000
10377  -28.044  -59.922  -9.283 0.5000000000
10378  -38.638  -59.626  -9.152 0.4000000060
10389  -27.474  -59.559  -10.539 0.6000000238
10396  -27.359  -59.760  -11.313 0.6000000238
10403  -27.158  -59.860  -12.568 0.6000000238
10412  -27.215  -59.792  -13.379 0.6000000238
10957  -28.591  -58.642  -7.578 0.6000000238
10986  -27.609  -58.489  -9.583 0.6000000238
11003  -39.223  -59.109  -10.529 0.4000000060
11029  -26.990  -59.240  -11.982 0.6000000238
11621  -28.547  -57.827  -7.582 0.6000000238
11622  -29.044  -58.277  -6.970 0.6000000238
11628  -28.193  -57.728  -8.245 0.6000000238
11635  -27.934  -58.208  -8.770 0.6000000238
11676  -26.816  -57.335  -12.725 0.6000000238
11685  -26.747  -57.275  -14.439 0.6000000238
12298  -29.722  -57.049  -6.288 0.5000000000
12309  -25.242  -56.826  -7.229 0.6000000238
12311  -28.276  -57.049  -8.030 0.6000000238
12337  -38.830  -57.788  -10.735 0.4000000060
12361  -26.801  -56.768  -12.988 0.6999999881
12372  -26.687  -56.710  -13.857 0.5000000000
13012  -24.391  -56.526  -6.374 0.6000000238
13038  -24.813  -56.477  -6.892 0.6000000238
13039  -29.359  -56.489  -6.600 0.5000000000
13057  -25.388  -56.519  -7.927 0.6000000238
13070  -25.421  -56.232  -8.553 0.6000000238
13082  -27.685  -56.695  -9.407 0.6000000238
13102  -27.300  -55.937  -11.509 0.6999999881
13110  -27.156  -56.192  -12.022 0.6999999881
13121  -26.924  -56.121  -12.554 0.6000000238
13132  -26.562  -55.963  -14.179 0.5000000000
13146  -26.472  -55.673  -15.032 0.5000000000
13158  -26.237  -55.370  -15.972 0.5000000000
13765  -29.633  -54.893  -6.139 0.5000000000
13783  -23.452  -55.151  -6.776 0.6000000238
13785  -24.451  -55.934  -6.994 0.6000000238
13786  -28.912  -55.354  -6.858 0.5000000000
13809  -23.952  -54.607  -7.769 0.6000000238
13811  -27.756  -55.034  -8.469 0.4000000060
13874  -24.646  -54.896  -10.149 0.6999999881
13891  -27.233  -55.204  -11.355 0.6999999881
13915  -26.430  -54.551  -13.353 0.6000000238
14549  -28.683  -54.003  -6.232 0.5000000000
14564  -28.944  -54.694  -6.552 0.5000000000
14572  -24.079  -54.499  -8.348 0.6000000238
14574  -28.008  -54.666  -7.621 0.5000000000
14585  -24.144  -54.421  -9.041 0.6999999881
14586  -27.353  -54.428  -8.897 0.6000000238
14599  -23.715  -53.539  -10.174 0.6999999881
14600  -24.111  -54.336  -9.792 0.6999999881
14602  -27.241  -54.483  -9.642 0.6999999881
14619  -23.891  -53.541  -10.810 0.6999999881
14621  -26.861  -54.056  -10.683 0.6999999881
14637  -24.051  -53.509  -11.524 0.6000000238
14656  -24.151  -53.667  -12.238 0.5000000000
14658  -26.622  -54.008  -11.688 0.6000000238
14659  -26.902  -54.654  -11.816 0.6000000238
14675  -26.265  -53.893  -12.915 0.6000000238
15356  -18.558  -52.996  -7.499 0.5000000000
15357  -18.917  -53.183  -6.963 0.5000000000
15360  -21.317  -52.985  -6.809 0.5000000000
15363  -28.093  -53.786  -6.500 0.5000000000
15370  -22.101  -52.174  -8.289 0.6000000238
15372  -26.784  -53.315  -7.019 0.6000000238
15383  -22.443  -52.053  -8.872 0.6000000238
15384  -22.892  -52.811  -9.148 0.6000000238
15386  -27.028  -53.785  -8.580 0.5000000000
15396  -23.254  -52.690  -9.835 0.6000000238
15410  -26.366  -53.439  -10.668 0.6999999881
15418  -25.586  -52.961  -11.864 0.6999999881
15426  -24.557  -53.342  -12.733 0.5000000000
15428  -25.410  -53.035  -12.619 0.5000000000
15429  -26.073  -53.465  -12.303 0.6999999881
15440  -25.219  -53.092  -13.262 0.5000000000
15452  -25.244  -53.278  -14.057 0.5000000000
16076  -27.490  -52.210  -5.249 0.5000000000
16097  -24.860  -52.414  -6.050 0.6000000238
16099  -27.261  -52.699  -5.697 0.5000000000
16100  -28.396  -52.918  -5.387 0.5000000000
16101  -29.053  -53.391  -5.646 0.5000000000
16121  -19.350  -52.610  -6.739 0.5000000000
16122  -19.919  -52.860  -6.470 0.5000000000
16123  -20.404  -52.966  -6.486 0.5000000000
16124  -21.715  -51.933  -7.163 0.6000000238
16128  -26.202  -52.959  -6.465 0.6000000238
16146  -18.416  -52.681  -7.839 0.5000000000
16147  -22.642  -51.984  -9.058 0.6000000238
16161  -18.324  -52.758  -8.520 0.5000000000
16162  -23.227  -51.968  -9.515 0.6000000238
16164  -25.092  -52.409  -8.922 0.6000000238
16175  -18.402  -52.758  -9.405 0.5000000000
16178  -25.890  -52.876  -9.368 0.6000000238
16185  -23.992  -52.585  -10.508 0.6000000238
16186  -24.470  -52.579  -10.950 0.6999999881
16197  -24.697  -52.790  -11.593 0.6999999881
16211  -24.683  -52.991  -12.088 0.5000000000
16212  -25.051  -52.792  -12.093 0.6999999881
16810  -27.202  -51.553  -5.249 0.6000000238
16812  -28.502  -51.619  -4.909 0.5000000000
16824  -22.915  -51.459  -6.023 0.6000000238
16825  -23.531  -51.779  -5.979 0.6000000238
16845  -19.871  -51.970  -6.743 0.5000000000
17478  -24.206  -51.656  -5.819 0.6999999881
17479  -25.059  -51.245  -5.726 0.6999999881
17480  -26.674  -50.970  -5.433 0.6999999881
17490  -19.654  -51.328  -6.940 0.4000000060
17492  -20.805  -50.750  -6.660 0.6000000238
17493  -21.636  -50.606  -6.242 0.6000000238
17506  -19.080  -50.756  -7.889 0.5000000000
17507  -19.982  -50.271  -7.157 0.5000000000
17520  -18.517  -51.461  -8.124 0.5000000000
17527  -18.802  -50.336  -9.229 0.5000000000
18158  -28.729  -50.065  -4.962 0.5000000000
18168  -22.385  -50.548  -6.063 0.6000000238
18169  -23.158  -50.489  -6.036 0.6000000238
18172  -25.696  -50.341  -5.832 0.6999999881
18173  -26.359  -50.311  -5.660 0.6000000238
18184  -23.626  -49.893  -6.439 0.6999999881
18202  -20.950  -49.601  -7.160 0.6000000238
18214  -19.948  -49.638  -8.225 0.5000000000
18222  -19.221  -49.800  -9.406 0.4000000060
18254  -19.045  -49.975  -11.240 0.5000000000
18883  -23.324  -49.300  -7.007 0.6000000238
18899  -21.501  -49.128  -7.575 0.6000000238
18900  -22.816  -49.002  -7.447 0.6999999881
18903  -25.532  -48.649  -7.267 0.6000000238
18909  -20.225  -49.181  -8.843 0.5000000000
18943  -19.775  -48.778  -11.900 0.4000000060
19620  -25.146  -48.399  -7.897 0.5000000000
19630  -23.026  -48.123  -8.873 0.6000000238
19631  -24.695  -48.167  -8.464 0.5000000000
19646  -21.834  -48.087  -9.517 0.6999999881
19648  -23.756  -47.908  -9.234 0.6000000238
19665  -20.334  -48.155  -11.277 0.5000000000
19667  -21.598  -47.774  -10.355 0.5000000000
19670  -24.453  -47.359  -10.233 0.5000000000
19674  -21.189  -47.629  -11.196 0.5000000000
19681  -20.272  -48.211  -12.305 0.3000000119
19687  -20.503  -48.362  -13.270 0.3000000119
19710  -22.791  -47.835  -15.632 0.3000000119
20431  -26.993  -47.509  -6.863 0.5000000000
20433  -28.081  -47.032  -6.610 0.4000000060
20445  -26.198  -47.467  -7.720 0.5000000000
20446  -26.693  -47.157  -7.410 0.5000000000
20454  -26.325  -46.950  -8.049 0.4000000060
20469  -25.031  -47.314  -9.723 0.5000000000
20481  -23.415  -47.323  -10.830 0.4000000060
20482  -24.010  -47.323  -10.718 0.5000000000
20484  -25.288  -46.835  -10.242 0.5000000000
20493  -23.238  -47.263  -11.474 0.4000000060
20504  -22.235  -47.223  -12.663 0.4000000060
20505  -23.419  -47.234  -12.111 0.4000000060
20514  -21.613  -47.503  -13.827 0.4000000060
20515  -22.304  -47.317  -13.532 0.4000000060
20516  -23.273  -47.378  -13.600 0.3000000119
20517  -24.041  -47.125  -13.114 0.4000000060
20527  -23.227  -47.552  -14.709 0.3000000119
20542  -19.641  -47.051  -15.835 0.3000000119
20543  -20.548  -47.983  -16.537 0.3000000119
20544  -21.184  -47.820  -17.036 0.4000000060
20545  -22.328  -48.176  -17.149 0.3000000119
20546  -23.030  -47.311  -16.554 0.3000000119
20552  -22.338  -47.748  -17.425 0.3000000119
21341  -29.017  -46.275  -6.852 0.4000000060
21357  -28.559  -45.800  -7.264 0.4000000060
21359  -30.125  -45.852  -7.451 0.4000000060
21370  -25.922  -46.900  -8.747 0.5000000000
21401  -24.743  -46.616  -11.891 0.4000000060
21409  -24.716  -46.492  -12.580 0.3000000119
21416  -24.708  -46.312  -13.301 0.3000000119
21422  -24.583  -46.454  -14.001 0.3000000119
21438  -17.817  -45.228  -15.918 0.3000000119
21441  -20.948  -46.878  -16.843 0.4000000060
21442  -22.901  -46.999  -17.083 0.3000000119
21443  -23.630  -46.825  -16.007 0.3000000119
21444  -24.264  -46.147  -15.602 0.3000000119
21452  -21.522  -46.589  -17.328 0.4000000060
21453  -23.284  -46.327  -16.950 0.3000000119
22274  -28.161  -45.412  -7.673 0.4000000060
22276  -29.671  -45.262  -7.517 0.4000000060
22294  -27.553  -45.364  -8.016 0.4000000060
22308  -26.309  -45.605  -9.076 0.4000000060
22317  -26.108  -45.045  -9.737 0.4000000060
22345  -25.076  -45.540  -13.197 0.3000000119
22374  -24.252  -45.718  -16.200 0.3000000119
22382  -20.222  -45.017  -16.924 0.4000000060
22384  -22.172  -46.314  -17.620 0.3000000119
22385  -23.172  -45.673  -17.312 0.3000000119
23273  -29.353  -44.317  -8.302 0.4000000060
23274  -29.911  -44.554  -8.372 0.3000000119
23288  -27.227  -44.170  -9.169 0.4000000060
23289  -27.946  -44.229  -8.632 0.4000000060
23297  -25.780  -44.882  -10.602 0.3000000119
23358  -16.237  -42.725  -16.059 0.3000000119
24281  -29.072  -43.852  -8.672 0.4000000060
24290  -26.765  -43.870  -9.825 0.3000000119
24292  -28.613  -43.457  -9.066 0.3000000119
24338  -16.803  -42.602  -14.410 0.3000000119
24356  -16.175  -42.165  -15.151 0.3000000119
24384  -18.747  -43.072  -17.671 0.4000000060
25278  -28.052  -43.134  -9.538 0.3000000119
25374  -16.922  -41.056  -16.443 0.4000000060
25379  -25.355  -43.082  -16.284 0.3000000119
25391  -16.749  -41.111  -17.127 0.4000000060
26353  -17.410  -40.364  -17.696 0.4000000060
26374  -21.714  -41.326  -19.289 0.3000000119
134056  -34.230  -64.229  -2.274 0.5000000000
134118  -24.477  -47.160  -10.926 0.5000000000
134196  -29.947  -68.233  -7.611 0.5000000000
134218  -21.294  -48.865  -8.268 0.6000000238
134366  -21.570  -51.474  -6.684 0.6000000238
134549  -38.896  -67.306  -12.206 0.6000000238
134809  -37.983  -70.584  -11.520 0.5000000000
135022  -20.186  -51.241  -6.853 0.5000000000
135331  -26.739  -57.931  -12.920 0.6000000238
135397  -40.562  -65.768  -2.921 0.3000000119
135594  -39.095  -64.928  -6.322 0.4000000060
135625  -20.792  -52.006  -6.904 0.6000000238
135757  -41.749  -67.321  -3.184 0.3000000119
136197  -27.392  -57.362  -10.812 0.6000000238
136224  -26.575  -52.633  -5.886 0.6000000238
136967  -33.447  -62.494  -9.704 0.6000000238
137279  -27.321  -55.105  -10.656 0.6999999881
137565  -37.812  -60.097  -8.412 0.5000000000
137794  -37.653  -62.231  -8.587 0.6000000238
138331  -22.664  -44.302  -17.966 0.3000000119
138682  -30.269  -62.215  -11.534 0.6000000238
138717  -26.320  -53.309  -9.939 0.6000000238
138843  -27.073  -58.276  -11.720 0.6000000238
139925  -35.426  -63.660  -11.588 0.6000000238
139931  -30.132  -61.559  -8.738 0.6000000238
140015  -35.564  -64.659  -12.585 0.6000000238
140233  -21.335  -54.357  -6.283 0.5000000000
140652  -27.462  -55.676  -10.197 0.6999999881
140731  -35.316  -66.791  -16.026 0.6999999881
140988  -28.050  -59.976  -14.474 0.5000000000
141056  -24.346  -47.980  -8.959 0.5000000000
142018  -42.483  -62.871  -8.362 0.4000000060
142126  -25.866  -49.024  -6.652 0.6000000238
142885  -19.562  -50.764  -7.250 0.4000000060
142994  -31.592  -62.521  -10.962 0.6000000238
143422  -28.515  -55.651  -7.423 0.6000000238
143442  -22.050  -54.200  -6.492 0.5000000000
143601  -18.323  -51.420  -8.955 0.5000000000
143639  -42.414  -63.329  -1.426 0.4000000060
143757  -28.140  -67.294  -5.613 0.5000000000
144230  -30.065  -57.531  -5.999 0.5000000000
144800  -39.422  -65.046  -7.498 0.4000000060
144998  -28.062  -67.213  -5.138 0.5000000000
145142  -22.214  -47.776  -10.008 0.6999999881
145505  -25.266  -45.576  -11.721 0.3000000119
145508  -41.826  -68.610  -4.449 0.3000000119
145761  -24.359  -52.243  -8.530 0.6000000238
145941  -23.978  -53.017  -10.911 0.6999999881
146169  -32.953  -62.806  -14.740 0.6000000238
146173  -27.892  -60.791  -12.687 0.5000000000
146707  -40.038  -69.621  -4.763 0.4000000060
146836  -41.682  -67.015  -12.125 0.5000000000
147057  -37.355  -68.109  -4.748 0.4000000060
147243  -30.099  -69.524  -8.380 0.5000000000
147884  -24.049  -49.011  -7.380 0.6000000238
148114  -19.150  -49.614  -10.138 0.5000000000
148119  -36.514  -64.784  -4.034 0.8000000119
148284  -34.021  -63.167  -14.894 0.6000000238
148362  -22.206  -49.000  -7.558 0.6000000238
149074  -24.476  -46.833  -13.029 0.3000000119
149140  -35.049  -68.438  -1.983 0.6000000238
149155  -19.086  -49.566  -10.789 0.4000000060
149346  -38.512  -64.601  -3.378 0.5000000000
149369  -37.521  -66.023  -10.444 0.6000000238
150600  -27.370  -68.828  -5.455 0.5000000000
150659  -26.426  -53.319  -8.717 0.6000000238
150993  -28.676  -52.299  -5.042 0.5000000000
151112  -21.178  -52.084  -7.123 0.6000000238
151573  -29.874  -72.610  -13.047 0.5000000000
151700  -43.324  -64.256  0.562 0.4000000060
151730  -43.175  -63.389  2.432 0.3000000119
151779  -27.880  -51.108  -4.999 0.5000000000
151784  -22.565  -47.150  -17.499 0.3000000119
151891  -24.408  -50.066  -6.259 0.6000000238
151892  -29.970  -64.851  -6.282 0.5000000000
152042  -19.893  -42.263  -14.914 0.3000000119
152177  -31.272  -64.715  -6.806 0.5000000000
152386  -31.025  -69.881  -14.149 0.5000000000
152479  -36.054  -65.789  -1.157 0.5000000000
152966  -37.198  -65.028  -1.155 0.5000000000
153309  -38.911  -63.285  -9.463 0.6000000238
153365  -38.118  -70.275  -12.187 0.5000000000
153504  -41.686  -68.239  -10.798 0.5000000000
153605  -40.149  -63.567  -2.446 0.4000000060
153804  -39.914  -68.087  -5.887 0.4000000060
153831  -22.706  -51.945  -8.362 0.6000000238
153999  -26.762  -49.778  -5.732 0.6000000238
154315  -38.387  -62.517  -8.954 0.4000000060
154354  -18.716  -52.322  -7.263 0.5000000000
154385  -39.454  -59.436  -11.159 0.4000000060
154485  -34.114  -62.759  -16.714 0.6000000238
154608  -37.375  -70.877  -11.464 0.5000000000
155075  -38.081  -70.683  -9.550 0.5000000000
155263  -27.318  -47.842  -6.469 0.5000000000
155421  -30.841  -66.822  -4.142 0.5000000000
155434  -39.120  -61.145  -9.561 0.4000000060
155737  -40.492  -63.257  -10.460 0.4000000060
155944  -38.303  -60.091  -8.753 0.5000000000
156007  -35.193  -62.390  -9.680 0.5000000000
156085  -38.132  -63.562  -9.092 0.6000000238
157099  -35.810  -65.343  -12.404 0.5000000000
157174  -30.190  -62.150  -12.183 0.6000000238
157473  -34.385  -65.403  -6.016 0.6999999881
158335  -22.293  -51.923  -7.191 0.6000000238
158441  -26.866  -48.606  -6.243 0.5000000000
158554  -34.216  -62.849  -11.398 0.6000000238
158871  -21.920  -49.247  -7.232 0.6000000238
159076  -26.687  -58.033  -13.426 0.6000000238
159136  -37.156  -66.199  -10.975 0.6000000238
159350  -24.122  -43.353  -17.229 0.3000000119
159585  -40.590  -63.497  -2.241 0.4000000060
159956  -27.458  -56.216  -10.454 0.6000000238
160152  -28.426  -43.865  -8.736 0.4000000060
160201  -38.831  -65.072  -0.713 0.5000000000
160234  -28.203  -56.458  -8.102 0.6999999881
160417  -18.615  -51.844  -7.617 0.5000000000
160590  -17.206  -44.628  -16.020 0.3000000119
160671  -29.215  -66.464  -6.628 0.4000000060
160720  -33.536  -66.069  -17.309 0.5000000000
160862  -29.231  -60.560  -8.008 0.6000000238
160898  -39.191  -62.631  1.197 0.3000000119
160990  -36.072  -64.639  -1.493 0.6000000238
161017  -30.291  -65.181  -6.793 0.5000000000
161038  -30.779  -46.241  -8.490 0.4000000060
161135  -24.872  -44.476  -16.248 0.3000000119
161285  -24.489  -55.546  -7.391 0.6000000238
161600  -33.752  -64.031  -2.661 0.6999999881
161916  -39.270  -69.767  -8.808 0.4000000060
161972  -42.039  -67.985  -10.582 0.5000000000
162113  -26.912  -59.232  -13.657 0.6000000238
