#!ascii label  , from subject sub-v2s2x29090_ses-1 vox2ras=TkReg
963
54206  -23.679  -16.380  -27.162 0.4285714328
56257  -23.823  -14.888  -28.421 0.2857142985
55202  -23.687  -15.453  -27.966 0.4285714328
55203  -24.201  -15.089  -27.869 0.4285714328
57276  -24.966  -14.075  -28.280 0.4285714328
56268  -23.649  -14.496  -29.086 0.2857142985
56269  -24.290  -14.205  -28.655 0.4285714328
57289  -24.831  -13.568  -28.947 0.4285714328
58311  -24.201  -13.038  -30.479 0.4285714328
58326  -23.986  -12.902  -31.232 0.4285714328
59378  -24.905  -11.964  -31.460 0.4285714328
59413  -24.389  -11.989  -32.547 0.5714285970
59397  -24.872  -11.685  -32.042 0.4285714328
60595  -25.465  -11.162  -32.295 0.2857142985
60612  -24.866  -11.306  -33.418 0.7142857313
60613  -25.495  -10.904  -33.113 0.7142857313
61958  -25.841  -10.453  -33.744 0.7142857313
61959  -26.477  -10.114  -33.643 0.4285714328
61941  -26.076  -10.439  -33.203 0.5714285970
63410  -27.305  -9.202  -34.683 0.5714285970
61975  -25.650  -10.475  -34.402 0.5714285970
63409  -26.610  -9.566  -34.845 0.5714285970
61997  -25.986  -10.088  -35.078 0.5714285970
63411  -28.040  -8.867  -34.483 0.4285714328
64749  -27.279  -8.597  -35.996 0.5714285970
65996  -28.340  -7.703  -36.133 0.5714285970
140179  -26.671  -9.080  -35.947 0.7142857313
64759  -27.781  -8.019  -36.397 0.7142857313
136470  -28.864  -7.340  -36.018 0.5714285970
63438  -25.785  -10.022  -36.813 0.5714285970
143383  -27.175  -8.361  -36.852 0.8571428657
135083  -28.467  -7.287  -36.636 0.7142857313
65997  -28.974  -6.842  -36.545 0.5714285970
64769  -26.650  -8.808  -37.375 0.7142857313
67191  -29.156  -6.282  -37.004 0.7142857313
67178  -29.416  -6.435  -36.403 0.5714285970
66003  -27.647  -7.837  -37.147 0.7142857313
67190  -28.556  -6.774  -37.321 0.7142857313
68408  -28.815  -5.935  -37.775 0.5714285970
66004  -28.101  -7.385  -37.284 0.7142857313
68397  -29.398  -5.627  -37.246 0.5714285970
66012  -27.625  -7.588  -37.970 0.5714285970
66013  -28.093  -7.081  -37.866 0.7142857313
69587  -29.223  -5.172  -37.843 0.7142857313
67205  -28.127  -6.339  -38.873 0.7142857313
68407  -28.417  -5.891  -38.436 0.7142857313
69603  -28.686  -5.299  -38.366 0.7142857313
70816  -29.316  -4.014  -38.421 0.7142857313
70795  -29.714  -4.490  -37.869 0.5714285970
68415  -28.275  -5.453  -39.122 0.7142857313
67198  -27.831  -7.083  -38.601 0.5714285970
71979  -29.367  -3.210  -38.547 0.5714285970
73152  -29.526  -2.364  -38.494 0.5714285970
67213  -27.983  -6.158  -39.502 0.8571428657
142164  -29.181  -2.669  -38.997 0.7142857313
71999  -28.968  -3.218  -39.270 0.7142857313
135547  -28.438  -4.584  -39.309 0.8571428657
70837  -28.674  -3.872  -39.388 0.7142857313
142874  -28.607  -1.715  -40.538 0.8571428657
73171  -29.285  -2.028  -39.155 0.5714285970
72009  -28.514  -3.269  -40.073 0.8571428657
70854  -28.330  -4.168  -39.922 0.8571428657
74387  -28.409  -1.370  -41.168 0.8571428657
75497  -28.667  -0.714  -41.046 0.8571428657
76661  -28.382  0.236  -42.229 0.8571428657
73193  -28.584  -2.358  -40.292 0.8571428657
138257  -28.413  -0.779  -41.546 0.8571428657
75512  -27.932  -0.842  -42.630 1.0000000000
75513  -28.267  -0.486  -42.124 1.0000000000
73206  -28.315  -2.164  -40.949 0.8571428657
75525  -28.047  -0.129  -42.777 1.0000000000
74395  -27.745  -1.549  -42.350 1.0000000000
76676  -27.207  0.220  -43.474 1.0000000000
143480  -26.105  0.748  -43.402 0.7142857313
75524  -27.575  -0.346  -43.153 1.0000000000
75523  -26.933  -0.493  -43.398 1.0000000000
77835  -27.497  0.897  -43.473 1.0000000000
80291  -26.117  3.658  -43.260 1.0000000000
80290  -24.976  3.681  -43.306 0.8571428657
82628  -25.445  4.922  -43.766 0.8571428657
85794  -26.087  7.654  -45.051 0.8571428657
84804  -25.815  6.645  -44.592 0.8571428657
83736  -26.180  6.151  -44.212 1.0000000000
87809  -26.764  9.532  -46.790 0.8571428657
87810  -27.178  9.311  -46.066 0.8571428657
87818  -26.447  9.853  -47.523 0.7142857313
85804  -24.990  7.882  -46.463 0.5714285970
87825  -25.120  9.338  -48.127 0.7142857313
88857  -25.883  10.157  -48.298 0.5714285970
87816  -24.327  9.214  -47.878 0.5714285970
86795  -24.387  8.754  -47.643 0.5714285970
88855  -24.810  10.043  -48.387 0.4285714328
88863  -25.063  10.564  -48.867 0.4285714328
147028  -24.958  10.943  -46.249 0.2857142985
89836  -25.045  11.238  -45.462 0.2857142985
88840  -24.220  10.431  -46.361 0.2857142985
89849  -25.399  11.497  -45.947 0.2857142985
63430  -26.983  -9.090  -35.369 0.5714285970
70838  -28.870  -4.299  -38.878 0.7142857313
148848  -29.078  -3.736  -38.921 0.7142857313
72010  -28.930  -2.537  -39.625 0.8571428657
74374  -28.907  -1.044  -40.464 0.8571428657
76643  -28.673  -0.126  -41.452 0.8571428657
77846  -26.224  1.523  -43.146 0.8571428657
143658  -25.210  12.719  -44.204 0.1428571492
56267  -23.172  -15.061  -28.945 0.2857142985
56276  -23.406  -14.247  -29.747 0.2857142985
57288  -24.057  -13.865  -29.339 0.2857142985
57299  -24.480  -13.274  -29.725 0.4285714328
155718  -25.245  -12.296  -30.533 0.4285714328
57315  -23.575  -13.477  -30.838 0.2857142985
58349  -24.321  -12.319  -31.777 0.4285714328
57298  -23.802  -13.652  -30.093 0.4285714328
58328  -25.315  -11.969  -31.019 0.4285714328
58348  -23.758  -12.877  -31.869 0.5714285970
60594  -24.892  -11.423  -32.737 0.5714285970
60625  -24.767  -11.314  -34.119 0.2857142985
61976  -26.243  -10.062  -34.308 0.4285714328
65975  -28.964  -8.090  -34.801 0.4285714328
63428  -25.920  -9.980  -35.929 0.7142857313
63439  -26.283  -9.488  -36.305 0.7142857313
64734  -27.677  -8.691  -35.198 0.7142857313
64750  -28.062  -8.177  -35.690 0.5714285970
65987  -28.734  -7.798  -35.442 0.4285714328
137424  -28.083  -7.642  -36.699 0.7142857313
63447  -26.260  -9.438  -37.113 0.5714285970
64748  -26.665  -8.914  -36.572 0.5714285970
69588  -29.782  -5.068  -37.348 0.5714285970
64770  -27.113  -8.198  -37.679 0.5714285970
68379  -29.649  -5.933  -36.643 0.5714285970
67199  -28.310  -6.526  -38.148 0.7142857313
158925  -27.445  -7.552  -38.597 0.8571428657
69610  -28.640  -4.848  -38.794 0.7142857313
73194  -29.007  -1.715  -39.896 0.5714285970
155615  -28.323  -2.788  -40.707 1.0000000000
76678  -28.118  0.482  -42.843 1.0000000000
73234  -27.187  -1.916  -42.553 1.0000000000
141273  -25.153  1.934  -43.069 0.7142857313
79073  -25.766  2.322  -43.033 1.0000000000
79074  -26.821  2.324  -43.325 1.0000000000
79072  -24.793  2.853  -43.103 0.7142857313
156251  -26.802  3.041  -43.410 1.0000000000
79083  -24.301  2.156  -43.732 0.7142857313
81478  -25.182  4.295  -43.535 0.8571428657
84814  -25.503  7.059  -45.146 0.8571428657
83747  -25.803  5.540  -44.038 1.0000000000
82629  -26.254  5.011  -43.648 1.0000000000
86789  -25.712  8.607  -46.512 0.7142857313
88850  -24.388  9.813  -47.945 0.7142857313
136981  -24.849  8.489  -47.299 0.5714285970
154839  -24.612  9.088  -47.952 0.7142857313
88856  -25.063  9.902  -48.498 0.7142857313
87815  -24.041  9.040  -47.436 0.4285714328
89860  -25.059  11.301  -46.795 0.2857142985
89875  -24.828  11.063  -48.415 0.4285714328
151230  -24.917  11.431  -47.538 0.4285714328
60641  -25.149  -10.900  -34.556 0.4285714328
60655  -25.052  -10.906  -35.278 0.4285714328
136946  -24.702  10.653  -47.834 0.4285714328
87824  -24.702  9.424  -48.097 0.7142857313
88847  -24.528  10.481  -47.192 0.2857142985
55187  -23.629  -15.943  -27.525 0.4285714328
154934  -23.273  -15.380  -28.433 0.2857142985
56258  -24.540  -14.625  -28.078 0.4285714328
58327  -24.677  -12.456  -30.952 0.4285714328
59396  -23.815  -12.576  -32.462 0.4285714328
159603  -24.501  -11.742  -33.114 0.2857142985
60626  -25.293  -10.892  -33.876 0.5714285970
63429  -26.402  -9.531  -35.565 0.5714285970
64735  -28.401  -8.350  -34.982 0.4285714328
65988  -29.206  -7.400  -35.517 0.5714285970
146005  -29.080  -4.693  -38.385 0.7142857313
67204  -27.687  -6.804  -39.403 0.8571428657
137164  -28.200  -3.892  -40.512 0.8571428657
73219  -28.007  -1.994  -41.688 1.0000000000
140809  -26.398  0.080  -43.509 1.0000000000
77845  -25.389  1.125  -43.319 0.8571428657
86780  -25.947  8.174  -45.691 0.8571428657
87817  -25.635  9.120  -47.301 0.7142857313
86796  -24.773  8.904  -47.836 0.5714285970
87808  -23.769  9.216  -46.716 0.4285714328
153337  -24.038  9.700  -47.201 0.4285714328
142890  -25.387  11.792  -45.378 0.2857142985
138332  -25.445  12.419  -44.991 0.1428571492
92724  -22.723  13.529  -51.304 0.2857142985
92710  -22.725  14.513  -49.730 0.1428571492
91721  -23.942  12.309  -50.041 0.2857142985
91731  -22.869  12.674  -51.524 0.2857142985
92700  -23.424  13.986  -49.365 0.1428571492
93673  -22.421  15.200  -49.553 0.1428571492
91692  -24.848  12.819  -47.935 0.1428571492
90822  -24.439  12.095  -49.303 0.2857142985
92693  -24.554  13.574  -48.222 0.1428571492
89906  -23.864  11.549  -51.119 0.2857142985
90835  -23.533  12.129  -50.898 0.2857142985
88880  -28.038  10.262  -51.278 0.2857142985
89896  -26.187  11.185  -51.113 0.2857142985
93665  -23.703  14.972  -48.086 0.1428571492
89878  -24.785  11.299  -49.232 0.2857142985
154987  -27.485  10.819  -49.246 0.2857142985
89894  -24.561  11.372  -50.395 0.2857142985
150873  -24.402  11.654  -49.868 0.2857142985
87830  -29.077  9.550  -48.926 0.1428571492
153884  -27.530  10.935  -50.337 0.2857142985
89886  -26.141  11.152  -50.341 0.2857142985
92692  -23.929  14.185  -48.534 0.1428571492
89885  -25.302  11.156  -50.045 0.2857142985
84837  -29.290  6.399  -48.641 0.1428571492
86804  -29.370  8.166  -49.191 0.1428571492
88871  -28.437  10.263  -49.817 0.4285714328
88865  -26.721  10.861  -49.140 0.2857142985
85788  -28.994  7.430  -45.286 0.2857142985
87811  -28.479  9.391  -46.393 0.4285714328
138392  -27.496  10.605  -48.594 0.2857142985
83762  -29.667  5.925  -46.017 0.1428571492
85808  -29.311  7.874  -46.876 0.2857142985
88852  -27.940  10.219  -47.694 0.4285714328
86783  -28.335  8.793  -45.457 0.5714285970
88851  -27.478  10.042  -47.264 0.7142857313
82630  -29.705  5.194  -44.899 0.1428571492
141356  -29.245  5.919  -44.974 0.1428571492
87819  -27.634  9.685  -46.571 0.7142857313
85787  -28.495  7.600  -44.864 0.4285714328
82616  -29.835  4.749  -44.297 0.2857142985
83740  -29.159  4.847  -44.411 0.7142857313
85795  -26.910  8.235  -45.044 0.7142857313
144455  -27.500  5.342  -43.939 0.8571428657
85786  -27.605  7.608  -44.657 0.5714285970
81451  -29.872  3.857  -43.072 0.2857142985
81467  -29.795  4.249  -43.730 0.2857142985
84807  -28.164  6.885  -44.529 0.7142857313
84813  -24.909  6.573  -45.524 0.5714285970
84806  -27.274  6.854  -44.390 0.8571428657
81452  -30.494  4.039  -42.569 0.1428571492
81465  -28.140  3.765  -43.857 0.7142857313
80260  -30.734  3.785  -42.003 0.1428571492
73232  -26.009  -3.098  -42.975 0.5714285970
74409  -26.559  -1.152  -43.220 0.8571428657
75536  -26.300  -0.623  -43.406 0.8571428657
74420  -25.800  -1.212  -43.417 0.4285714328
75535  -25.670  -0.448  -43.458 0.5714285970
80275  -25.885  3.023  -43.093 0.8571428657
79076  -28.152  2.111  -43.472 0.8571428657
81464  -27.035  3.451  -43.546 0.8571428657
137028  -30.204  3.149  -41.835 0.2857142985
139233  -28.035  3.061  -43.743 0.8571428657
138708  -27.357  3.978  -43.660 0.8571428657
84801  -26.925  6.224  -44.137 0.8571428657
159829  -30.403  2.880  -41.274 0.4285714328
80258  -29.194  3.125  -43.092 0.7142857313
81466  -28.969  3.905  -43.895 0.7142857313
70891  -25.745  -3.925  -42.875 0.2857142985
146611  -26.762  -1.673  -42.909 0.5714285970
156205  -25.980  -2.393  -43.206 0.5714285970
77848  -27.851  1.506  -43.530 0.8571428657
77847  -27.213  1.519  -43.469 0.8571428657
136762  -27.945  2.537  -43.700 0.8571428657
80276  -27.464  2.811  -43.662 0.8571428657
79048  -29.209  2.069  -42.132 0.4285714328
159312  -28.803  2.260  -42.947 0.8571428657
80277  -28.436  2.724  -43.481 0.8571428657
154383  -30.182  2.336  -40.965 0.4285714328
66038  -26.749  -7.462  -40.632 0.7142857313
67231  -26.397  -6.496  -41.738 0.4285714328
66028  -27.217  -7.176  -40.026 0.7142857313
68429  -27.891  -5.277  -40.510 0.8571428657
69637  -27.203  -5.296  -41.512 0.5714285970
70892  -26.277  -4.368  -42.474 0.5714285970
69646  -25.610  -4.732  -42.782 0.4285714328
70869  -27.825  -4.108  -41.118 0.8571428657
70880  -26.842  -3.903  -42.250 0.5714285970
147364  -26.339  -3.693  -42.619 0.5714285970
72033  -28.032  -2.738  -41.255 0.8571428657
73218  -27.614  -2.691  -41.787 0.7142857313
72042  -26.711  -3.171  -42.495 0.5714285970
76644  -29.163  0.445  -40.940 0.7142857313
76662  -28.841  0.683  -41.689 0.7142857313
77822  -28.435  1.008  -42.496 0.7142857313
77837  -28.300  1.584  -43.104 0.8571428657
77799  -30.663  1.557  -39.725 0.2857142985
76645  -29.595  0.996  -40.457 0.4285714328
77811  -29.295  1.189  -41.148 0.5714285970
64779  -27.017  -8.043  -38.565 0.4285714328
64788  -26.685  -8.261  -39.426 0.4285714328
66037  -26.317  -7.609  -41.058 0.4285714328
69618  -28.162  -4.938  -39.870 0.7142857313
70870  -28.025  -4.550  -40.501 0.7142857313
72022  -27.736  -3.379  -41.482 0.8571428657
75482  -29.298  -0.454  -40.032 0.7142857313
76629  -30.009  0.837  -39.766 0.2857142985
76628  -29.443  0.264  -40.233 0.5714285970
75498  -29.058  -0.285  -40.704 0.5714285970
64778  -26.628  -8.730  -38.199 0.4285714328
63469  -26.260  -9.335  -38.811 0.5714285970
140637  -27.251  -7.538  -39.243 0.5714285970
68422  -27.970  -5.686  -39.942 0.7142857313
74334  -29.690  -1.621  -38.634 0.4285714328
75461  -29.522  -0.640  -39.387 0.4285714328
76613  -30.209  0.405  -39.164 0.4285714328
76612  -29.724  0.028  -39.585 0.4285714328
155895  -25.501  -10.376  -36.271 0.5714285970
67179  -29.964  -6.251  -36.024 0.4285714328
153936  -29.918  -5.482  -36.915 0.4285714328
73136  -30.466  -2.594  -37.596 0.4285714328
70817  -29.805  -3.633  -37.930 0.4285714328
148493  -25.842  -11.654  -31.049 0.1428571492
149288  -30.172  -4.622  -37.325 0.4285714328
70796  -30.240  -4.022  -37.424 0.4285714328
71963  -30.355  -3.266  -37.488 0.4285714328
60596  -26.179  -11.036  -31.890 0.1428571492
61924  -27.000  -10.580  -32.242 0.1428571492
63390  -28.367  -9.211  -33.806 0.2857142985
67147  -31.103  -6.813  -34.818 0.2857142985
69562  -31.821  -4.838  -35.303 0.2857142985
68366  -31.120  -5.772  -35.643 0.2857142985
70769  -31.325  -4.573  -35.951 0.2857142985
68381  -30.865  -5.305  -36.202 0.2857142985
154921  -30.841  -4.700  -36.515 0.4285714328
60576  -27.000  -11.200  -31.488 0.1428571492
59398  -25.485  -11.488  -31.555 0.1428571492
61943  -27.478  -10.127  -32.859 0.2857142985
63371  -27.915  -9.672  -33.332 0.2857142985
64711  -30.057  -8.471  -33.674 0.2857142985
65978  -30.747  -7.406  -34.451 0.2857142985
65977  -29.982  -7.565  -34.706 0.2857142985
64736  -29.570  -8.161  -34.346 0.2857142985
135169  -30.319  -7.001  -35.016 0.2857142985
63373  -29.404  -9.580  -32.972 0.2857142985
61925  -27.817  -10.394  -32.355 0.2857142985
63391  -29.082  -9.124  -33.562 0.2857142985
63372  -28.663  -9.592  -33.155 0.2857142985
61942  -26.692  -10.269  -32.995 0.2857142985
64710  -29.450  -8.676  -33.828 0.2857142985
58313  -25.710  -12.464  -30.000 0.1428571492
58312  -24.898  -12.744  -30.190 0.2857142985
59364  -26.454  -12.092  -30.285 0.1428571492
54207  -24.178  -16.057  -27.100 0.2857142985
54193  -24.100  -16.653  -26.798 0.2857142985
57300  -25.203  -12.996  -29.493 0.2857142985
54194  -24.782  -16.375  -26.827 0.1428571492
53121  -23.882  -17.350  -26.604 0.2857142985
61945  -28.988  -10.099  -32.603 0.2857142985
64688  -29.774  -9.011  -33.281 0.2857142985
134306  -31.486  -6.227  -35.132 0.2857142985
67163  -29.413  -6.889  -35.860 0.4285714328
68380  -30.235  -5.652  -36.445 0.4285714328
70785  -31.678  -3.816  -36.140 0.2857142985
142175  -27.258  -6.302  -40.820 0.7142857313
70797  -30.767  -3.673  -37.036 0.4285714328
72043  -27.263  -3.306  -42.026 0.5714285970
71980  -29.920  -2.831  -37.982 0.4285714328
74352  -29.396  -1.312  -39.273 0.4285714328
75462  -30.069  -0.233  -38.955 0.2857142985
76630  -30.651  1.020  -39.127 0.2857142985
148954  -25.014  5.458  -44.442 0.7142857313
77823  -29.006  1.406  -41.897 0.7142857313
81479  -26.342  4.290  -43.366 0.8571428657
161192  -25.477  7.591  -45.634 0.5714285970
85785  -26.726  7.421  -44.632 0.7142857313
79034  -29.865  1.673  -40.707 0.2857142985
82614  -27.842  4.572  -43.849 0.8571428657
88864  -25.609  10.591  -48.935 0.2857142985
84808  -28.914  6.810  -44.854 0.4285714328
85798  -29.052  7.908  -45.617 0.4285714328
93666  -24.382  14.404  -47.623 0.1428571492
88867  -28.742  10.070  -49.250 0.2857142985
153653  -29.338  8.815  -48.825 0.1428571492
89907  -24.196  11.382  -51.780 0.2857142985
137199  -24.797  -15.755  -27.163 0.1428571492
55201  -23.015  -15.964  -28.119 0.2857142985
56259  -25.624  -14.195  -28.011 0.1428571492
59379  -26.540  -11.661  -30.876 0.1428571492
60577  -27.857  -11.377  -31.323 0.1428571492
60598  -28.639  -11.047  -31.773 0.1428571492
63389  -27.594  -9.382  -33.985 0.2857142985
67130  -31.529  -7.244  -34.218 0.2857142985
161180  -26.565  -8.692  -38.923 0.5714285970
65976  -29.343  -7.694  -35.010 0.2857142985
64811  -26.261  -8.186  -40.673 0.2857142985
70770  -32.007  -4.155  -35.516 0.2857142985
71948  -32.053  -3.114  -36.301 0.2857142985
67221  -27.125  -6.871  -40.584 0.7142857313
67212  -27.579  -6.424  -40.125 0.5714285970
68451  -25.918  -6.097  -42.265 0.4285714328
68439  -26.967  -6.066  -41.391 0.5714285970
71947  -31.360  -3.400  -36.671 0.4285714328
72052  -25.227  -3.467  -43.306 0.2857142985
71964  -31.032  -2.861  -37.164 0.2857142985
143391  -27.407  -4.620  -41.510 0.7142857313
143849  -25.444  -2.701  -43.480 0.2857142985
73137  -30.917  -2.040  -37.457 0.1428571492
74336  -30.807  -1.152  -37.732 0.4285714328
74335  -30.156  -1.224  -38.256 0.4285714328
75444  -31.243  -0.253  -37.940 0.1428571492
77836  -27.995  0.963  -43.205 0.8571428657
150485  -30.759  0.328  -38.533 0.1428571492
77798  -30.117  1.467  -40.166 0.2857142985
79033  -29.506  1.875  -41.383 0.5714285970
82613  -27.015  4.773  -43.642 0.8571428657
80244  -30.950  3.378  -41.389 0.2857142985
90806  -24.942  12.036  -47.733 0.2857142985
81468  -30.685  4.514  -43.112 0.1428571492
83748  -28.691  6.130  -44.478 0.5714285970
82618  -31.310  5.095  -43.514 0.1428571492
83749  -29.756  5.669  -45.487 0.1428571492
83750  -30.364  5.603  -45.192 0.1428571492
84824  -29.448  6.514  -46.175 0.1428571492
88859  -28.256  10.279  -48.266 0.2857142985
87821  -28.966  9.482  -47.552 0.2857142985
85805  -29.198  7.940  -46.145 0.2857142985
135482  -29.382  6.857  -47.330 0.1428571492
84834  -29.374  6.333  -47.993 0.1428571492
137660  -29.319  7.126  -48.076 0.1428571492
143087  -28.073  10.538  -50.473 0.2857142985
142894  -28.254  9.624  -51.440 0.2857142985
86814  -28.604  8.851  -51.129 0.1428571492
86815  -29.021  8.391  -50.434 0.1428571492
55190  -25.819  -14.879  -27.454 0.1428571492
147983  -27.172  -11.924  -30.530 0.1428571492
77784  -31.228  1.493  -39.281 0.2857142985
84844  -28.984  6.620  -50.130 0.1428571492
87850  -27.774  9.898  -52.187 0.2857142985
54205  -23.118  -16.499  -27.525 0.2857142985
55188  -24.207  -15.529  -27.487 0.2857142985
56244  -24.850  -15.083  -27.531 0.1428571492
158481  -25.129  -14.489  -27.785 0.1428571492
57277  -25.524  -13.701  -28.512 0.1428571492
57290  -25.528  -13.282  -28.979 0.1428571492
59399  -26.172  -11.353  -31.336 0.1428571492
63388  -26.869  -9.643  -34.141 0.4285714328
61960  -27.161  -9.835  -33.482 0.2857142985
60614  -26.104  -10.655  -32.584 0.1428571492
72023  -28.137  -3.370  -40.880 0.7142857313
74410  -27.283  -1.147  -42.929 0.8571428657
160327  -27.548  -2.153  -42.119 0.8571428657
76690  -26.831  0.823  -43.529 0.8571428657
86782  -27.518  8.920  -45.417 0.7142857313
161739  -27.134  9.814  -47.013 0.5714285970
143372  -26.572  10.561  -48.595 0.2857142985
89884  -24.822  11.272  -49.787 0.2857142985
74375  -29.217  -1.031  -39.816 0.4285714328
59363  -25.836  -12.006  -30.614 0.1428571492
61996  -25.497  -10.453  -35.600 0.5714285970
64709  -28.841  -8.625  -34.252 0.2857142985
69573  -30.359  -5.038  -36.823 0.4285714328
136347  -27.132  -2.596  -42.263 0.5714285970
157661  -27.218  5.798  -44.053 0.8571428657
90815  -24.719  11.997  -48.547 0.2857142985
89879  -25.198  10.944  -49.440 0.2857142985
91720  -23.328  12.946  -50.633 0.2857142985
92711  -22.818  13.890  -50.399 0.1428571492
91711  -23.699  13.235  -49.803 0.2857142985
93674  -23.182  14.694  -48.937 0.1428571492
91712  -24.167  12.775  -49.378 0.2857142985
142932  -23.105  11.872  -51.739 0.2857142985
92701  -24.136  13.455  -49.031 0.1428571492
91703  -24.514  12.792  -48.709 0.1428571492
161913  -24.007  11.746  -50.432 0.2857142985
88879  -27.558  10.828  -51.002 0.2857142985
137618  -25.287  11.294  -51.648 0.2857142985
89887  -26.937  11.101  -50.661 0.2857142985
89881  -26.991  11.038  -49.853 0.2857142985
88870  -27.849  10.785  -49.768 0.2857142985
88866  -28.182  10.470  -49.058 0.2857142985
89895  -25.349  11.231  -50.745 0.2857142985
87827  -28.882  9.821  -48.197 0.2857142985
87841  -28.924  9.167  -50.330 0.1428571492
86809  -29.226  8.890  -49.638 0.1428571492
89880  -25.960  10.998  -49.639 0.2857142985
85822  -29.191  7.372  -49.639 0.1428571492
136210  -29.388  8.169  -48.258 0.1428571492
138881  -29.236  8.107  -49.870 0.1428571492
87834  -28.539  9.822  -50.634 0.1428571492
140697  -29.262  7.289  -45.809 0.1428571492
87806  -27.992  9.299  -45.870 0.5714285970
86791  -28.630  9.046  -45.889 0.4285714328
87820  -28.303  9.809  -47.102 0.5714285970
157699  -29.649  6.049  -46.484 0.1428571492
86797  -29.284  8.653  -47.367 0.2857142985
85813  -29.348  7.768  -47.559 0.2857142985
86784  -28.903  8.497  -45.747 0.4285714328
85797  -28.721  8.167  -45.256 0.5714285970
85796  -27.977  8.320  -45.000 0.7142857313
157266  -29.060  5.412  -44.620 0.4285714328
139678  -29.291  4.375  -44.147 0.5714285970
83739  -28.396  5.257  -44.206 0.7142857313
83738  -27.756  6.089  -44.210 0.7142857313
152988  -29.279  3.657  -43.501 0.5714285970
80259  -29.990  3.454  -42.482 0.4285714328
151190  -27.619  3.368  -43.737 0.8571428657
73233  -26.571  -2.378  -42.782 0.5714285970
74408  -26.213  -1.801  -43.165 0.5714285970
141279  -25.137  -0.939  -43.517 0.4285714328
73244  -25.591  -1.984  -43.502 0.4285714328
80243  -29.484  2.763  -42.344 0.4285714328
79049  -29.814  2.488  -41.660 0.5714285970
80278  -28.688  3.296  -43.717 0.8571428657
79047  -28.744  1.655  -42.549 0.7142857313
66027  -26.763  -7.850  -40.037 0.5714285970
67232  -26.723  -6.893  -41.149 0.4285714328
159481  -27.656  -5.859  -40.491 0.7142857313
68428  -27.457  -5.631  -40.999 0.7142857313
69627  -27.656  -4.919  -41.050 0.7142857313
68438  -26.594  -5.659  -41.871 0.4285714328
69636  -26.866  -4.738  -41.982 0.5714285970
69647  -26.117  -5.184  -42.317 0.4285714328
68450  -25.490  -5.540  -42.707 0.2857142985
70881  -27.362  -4.018  -41.763 0.7142857313
63483  -26.229  -9.079  -39.662 0.5714285970
74353  -29.859  -0.925  -38.796 0.4285714328
135073  -30.554  -5.850  -35.953 0.2857142985
73153  -30.171  -1.963  -37.980 0.4285714328
70783  -30.596  -4.377  -36.963 0.4285714328
67165  -30.613  -6.359  -35.417 0.2857142985
67164  -29.973  -6.738  -35.492 0.2857142985
69561  -31.360  -5.251  -35.700 0.2857142985
65989  -29.672  -7.199  -35.240 0.2857142985
70784  -31.062  -4.088  -36.536 0.4285714328
153606  -27.331  -11.603  -30.998 0.1428571492
61944  -28.237  -10.053  -32.745 0.2857142985
65949  -30.358  -7.944  -34.071 0.2857142985
60597  -27.870  -10.881  -31.838 0.1428571492
53122  -24.805  -17.144  -26.484 0.1428571492
55172  -25.421  -16.069  -26.888 0.1428571492
75443  -30.413  -0.546  -38.297 0.2857142985
92683  -24.934  13.634  -47.403 0.1428571492
55189  -25.379  -15.480  -27.186 0.1428571492
91693  -25.257  12.835  -47.143 0.1428571492
82643  -24.400  5.318  -45.279 0.5714285970
81477  -24.029  3.819  -45.051 0.4285714328
82626  -24.168  4.497  -45.185 0.4285714328
82627  -24.697  4.752  -44.411 0.5714285970
83746  -25.477  6.060  -44.533 0.4285714328
77853  -24.103  1.385  -43.942 0.4285714328
137436  -24.180  2.866  -44.014 0.4285714328
79082  -23.783  2.525  -44.531 0.4285714328
80289  -24.408  3.426  -44.212 0.5714285970
80301  -24.529  4.043  -44.365 0.5714285970
76689  -25.382  0.331  -43.446 0.5714285970
69550  -33.056  -4.801  -34.528 0.1428571492
59412  -23.920  -12.255  -33.242 0.2857142985
68367  -31.723  -5.582  -35.237 0.1428571492
68359  -34.383  -5.870  -34.780 0.1428571492
68358  -32.885  -5.545  -34.258 0.1428571492
69552  -34.326  -5.084  -34.935 0.1428571492
68382  -35.046  -5.358  -36.095 0.1428571492
67131  -32.232  -7.063  -33.929 0.1428571492
157311  -33.336  -6.032  -34.032 0.1428571492
67148  -31.879  -6.639  -34.508 0.1428571492
67166  -34.762  -6.418  -35.443 0.1428571492
67149  -33.906  -6.378  -34.263 0.1428571492
153898  -35.359  -7.180  -38.686 0.1428571492
67181  -35.181  -6.408  -37.177 0.1428571492
67193  -35.273  -6.835  -38.022 0.1428571492
58347  -23.174  -13.236  -32.361 0.2857142985
65921  -31.182  -8.366  -33.163 0.1428571492
65922  -31.948  -8.232  -33.133 0.1428571492
65950  -31.201  -7.844  -33.715 0.1428571492
64712  -30.686  -8.275  -33.499 0.1428571492
65951  -31.963  -7.601  -33.655 0.1428571492
65979  -33.862  -7.086  -33.985 0.1428571492
67132  -32.861  -7.120  -33.731 0.1428571492
67150  -34.442  -6.569  -34.751 0.1428571492
67133  -33.376  -6.718  -33.846 0.1428571492
155425  -34.752  -7.116  -35.819 0.1428571492
67192  -35.014  -7.242  -37.322 0.1428571492
66014  -35.409  -7.777  -39.179 0.1428571492
57339  -23.353  -13.344  -31.561 0.2857142985
139695  -22.980  -13.920  -31.219 0.2857142985
159357  -22.735  -14.306  -31.016 0.2857142985
63374  -30.191  -9.501  -32.751 0.1428571492
64689  -31.428  -8.809  -32.773 0.1428571492
65954  -34.177  -7.782  -33.917 0.1428571492
161283  -32.398  -7.799  -33.398 0.1428571492
144941  -34.658  -7.798  -35.747 0.1428571492
137364  -34.769  -7.516  -36.553 0.1428571492
66021  -35.761  -8.066  -39.965 0.1428571492
63375  -31.010  -9.437  -32.568 0.1428571492
61947  -30.611  -10.078  -32.322 0.1428571492
63377  -32.509  -9.377  -32.518 0.1428571492
63376  -31.780  -9.421  -32.485 0.1428571492
64714  -34.170  -8.583  -33.661 0.1428571492
158136  -32.063  -8.886  -32.722 0.1428571492
64737  -34.441  -8.401  -34.209 0.1428571492
64691  -33.192  -8.449  -33.090 0.1428571492
145897  -34.528  -7.865  -34.730 0.1428571492
66006  -35.110  -7.927  -38.449 0.1428571492
153941  -34.643  -8.124  -36.601 0.1428571492
64781  -35.542  -8.644  -39.679 0.1428571492
61928  -30.194  -10.632  -31.976 0.1428571492
61926  -28.488  -10.525  -32.226 0.1428571492
61931  -32.624  -10.532  -31.897 0.1428571492
63359  -32.169  -9.964  -32.156 0.1428571492
63358  -31.419  -10.022  -32.209 0.1428571492
148365  -33.120  -9.075  -32.793 0.1428571492
144716  -34.434  -9.469  -35.183 0.1428571492
61962  -34.227  -9.931  -33.895 0.1428571492
63431  -34.485  -9.034  -35.753 0.1428571492
64760  -34.550  -8.556  -36.226 0.1428571492
146900  -34.551  -8.699  -34.870 0.1428571492
66005  -34.745  -8.039  -37.342 0.1428571492
152984  -34.593  -8.376  -35.435 0.1428571492
60602  -33.253  -10.755  -32.078 0.1428571492
61930  -31.852  -10.557  -31.805 0.1428571492
61961  -33.962  -10.517  -33.636 0.1428571492
60615  -33.584  -10.939  -32.574 0.1428571492
61978  -34.298  -9.988  -34.699 0.1428571492
64771  -34.514  -8.716  -37.147 0.1428571492
61999  -34.210  -9.762  -36.160 0.1428571492
61932  -33.494  -10.235  -32.560 0.1428571492
64692  -33.653  -8.828  -33.172 0.1428571492
64713  -33.673  -8.166  -33.448 0.1428571492
64801  -36.350  -9.077  -40.601 0.1428571492
150241  -36.268  -8.262  -40.864 0.1428571492
70771  -33.228  -4.135  -34.920 0.1428571492
64780  -34.669  -8.790  -38.195 0.1428571492
64789  -35.108  -9.239  -39.322 0.1428571492
66029  -36.794  -8.916  -41.569 0.1428571492
155736  -24.699  1.498  -43.513 0.4285714328
139697  -35.712  -7.485  -40.124 0.1428571492
67200  -35.503  -7.204  -39.356 0.1428571492
68383  -35.247  -5.558  -36.986 0.1428571492
146618  -35.408  -6.394  -38.766 0.1428571492
146941  -32.688  -3.920  -35.286 0.1428571492
71932  -32.399  -3.525  -35.744 0.1428571492
83761  -24.398  6.065  -45.752 0.4285714328
85793  -24.898  7.158  -45.949 0.4285714328
87859  -27.652  9.114  -52.682 0.1428571492
156563  -25.313  6.482  -44.959 0.4285714328
69549  -32.316  -5.108  -34.665 0.1428571492
145027  -30.609  -8.792  -33.015 0.1428571492
61946  -29.791  -10.131  -32.466 0.1428571492
61927  -29.326  -10.719  -32.059 0.1428571492
147254  -31.707  -2.784  -36.769 0.1428571492
73123  -31.689  -2.141  -37.064 0.1428571492
68357  -32.165  -5.930  -34.628 0.1428571492
69563  -32.488  -4.424  -34.918 0.1428571492
69551  -33.685  -5.413  -34.391 0.1428571492
68368  -34.761  -5.570  -35.437 0.1428571492
70759  -33.764  -4.614  -34.819 0.1428571492
69564  -34.722  -4.849  -35.574 0.1428571492
135327  -35.039  -6.020  -36.255 0.1428571492
157775  -32.464  -7.440  -33.620 0.1428571492
68347  -32.710  -6.437  -34.108 0.1428571492
67180  -34.925  -6.792  -36.435 0.1428571492
65953  -33.461  -7.477  -33.629 0.1428571492
65980  -34.302  -7.126  -34.417 0.1428571492
65924  -33.214  -7.961  -33.340 0.1428571492
65990  -34.608  -7.125  -35.086 0.1428571492
65923  -32.722  -8.126  -33.209 0.1428571492
64690  -32.605  -8.674  -32.875 0.1428571492
61929  -31.020  -10.592  -31.861 0.1428571492
63360  -32.693  -9.963  -32.239 0.1428571492
63412  -34.445  -9.186  -34.216 0.1428571492
63392  -34.073  -9.336  -33.443 0.1428571492
63378  -33.583  -9.523  -32.883 0.1428571492
61948  -33.912  -10.014  -33.177 0.1428571492
134840  -33.774  -10.552  -32.999 0.1428571492
51898  -22.911  -18.237  -26.758 0.1428571492
53120  -23.115  -17.610  -26.899 0.1428571492
51910  -22.342  -18.059  -27.318 0.1428571492
53134  -22.717  -17.208  -27.416 0.1428571492
53135  -23.393  -16.897  -26.995 0.1428571492
55200  -22.412  -16.224  -28.648 0.1428571492
136386  -22.760  -15.669  -28.833 0.1428571492
55208  -22.130  -16.028  -29.272 0.1428571492
55209  -22.535  -15.326  -29.566 0.1428571492
56275  -22.801  -14.747  -30.096 0.1428571492
55216  -22.117  -15.257  -30.411 0.1428571492
134368  -22.483  -14.696  -30.818 0.1428571492
56317  -21.787  -14.816  -31.978 0.1428571492
57355  -22.519  -13.870  -32.712 0.1428571492
57338  -22.760  -13.882  -31.946 0.1428571492
58358  -22.834  -13.432  -33.037 0.2857142985
58359  -23.319  -12.921  -33.079 0.1428571492
58371  -22.799  -13.319  -33.628 0.2857142985
59440  -24.270  -11.801  -34.474 0.2857142985
62029  -25.422  -10.409  -37.493 0.4285714328
63458  -26.273  -9.403  -37.966 0.4285714328
75534  -24.835  -0.355  -43.527 0.2857142985
76703  -23.908  0.561  -44.024 0.2857142985
76704  -24.641  0.876  -43.581 0.2857142985
148528  -22.437  3.688  -46.476 0.2857142985
81490  -23.656  4.227  -45.758 0.2857142985
82642  -23.789  4.922  -45.899 0.2857142985
58372  -23.328  -12.797  -33.821 0.2857142985
59426  -24.380  -11.775  -33.721 0.1428571492
55215  -21.842  -15.846  -29.985 0.1428571492
56292  -21.801  -15.133  -31.282 0.1428571492
57337  -22.097  -14.358  -32.316 0.1428571492
57366  -22.337  -13.792  -33.399 0.1428571492
58387  -22.749  -13.228  -34.326 0.2857142985
59425  -23.822  -12.268  -34.107 0.2857142985
58388  -23.252  -12.777  -34.593 0.2857142985
59439  -23.721  -12.313  -34.911 0.2857142985
60640  -24.657  -11.344  -34.863 0.2857142985
61995  -24.981  -10.900  -36.167 0.4285714328
62016  -25.220  -10.605  -36.901 0.4285714328
62028  -24.911  -11.006  -37.749 0.2857142985
74419  -25.091  -1.574  -43.751 0.2857142985
75547  -23.417  -0.838  -44.350 0.2857142985
76688  -24.519  0.253  -43.571 0.2857142985
76702  -23.321  0.385  -44.786 0.2857142985
77852  -23.461  1.222  -44.689 0.2857142985
136515  -23.832  1.868  -44.415 0.2857142985
79090  -23.353  2.830  -45.309 0.2857142985
140907  -22.202  2.955  -46.440 0.2857142985
59454  -24.157  -11.860  -35.256 0.2857142985
75548  -24.370  -1.070  -43.849 0.2857142985
140423  -23.614  -0.081  -44.364 0.2857142985
74431  -23.756  -1.590  -44.338 0.2857142985
151548  -23.020  0.762  -45.383 0.2857142985
77869  -22.384  1.561  -46.336 0.2857142985
79081  -23.388  2.057  -45.093 0.2857142985
79098  -21.920  2.097  -46.789 0.2857142985
76716  -22.873  0.061  -45.675 0.2857142985
141272  -22.465  0.653  -46.335 0.2857142985
63446  -25.813  -9.946  -37.712 0.4285714328
134378  -23.111  -14.766  -29.477 0.1428571492
57314  -23.086  -14.112  -30.518 0.1428571492
53145  -22.380  -16.770  -28.107 0.1428571492
80300  -23.545  3.539  -45.596 0.2857142985
79089  -22.733  2.332  -45.928 0.2857142985
56293  -22.345  -14.461  -31.518 0.1428571492
55230  -21.409  -15.734  -30.684 0.1428571492
80311  -22.926  3.236  -46.028 0.2857142985
77868  -21.916  1.069  -47.032 0.2857142985
63468  -25.732  -9.802  -39.440 0.2857142985
63457  -25.807  -9.962  -38.600 0.2857142985
64800  -26.386  -8.487  -40.101 0.2857142985
91763  -24.553  12.646  -55.504 0.1428571492
90874  -25.052  12.336  -55.505 0.1428571492
89926  -24.446  11.875  -54.413 0.1428571492
149339  -26.162  11.115  -52.819 0.1428571492
89909  -26.749  10.961  -52.377 0.1428571492
91756  -25.019  12.981  -54.954 0.1428571492
89918  -25.553  11.272  -52.673 0.1428571492
90843  -22.891  11.787  -52.568 0.1428571492
92731  -21.498  14.780  -52.658 0.1428571492
64799  -25.952  -8.924  -40.413 0.2857142985
88899  -27.033  10.464  -52.860 0.1428571492
89928  -25.790  11.171  -55.255 0.1428571492
88890  -27.428  10.618  -51.851 0.1428571492
136084  -25.610  11.204  -53.835 0.1428571492
88898  -26.296  10.932  -53.551 0.1428571492
89897  -26.913  11.068  -51.461 0.1428571492
89917  -23.618  11.514  -52.709 0.1428571492
89908  -26.225  11.171  -51.974 0.1428571492
90862  -22.791  12.441  -54.037 0.1428571492
155491  -21.794  14.294  -53.230 0.1428571492
90852  -22.490  12.373  -53.315 0.1428571492
92723  -21.825  14.352  -51.579 0.1428571492
90842  -22.507  12.446  -52.476 0.1428571492
156597  -24.670  11.414  -52.557 0.1428571492
89935  -24.687  12.369  -55.446 0.1428571492
91755  -24.121  12.984  -55.121 0.1428571492
89927  -25.018  11.679  -54.986 0.1428571492
157542  -24.324  11.646  -53.366 0.1428571492
89925  -23.740  11.849  -53.836 0.1428571492
91745  -24.408  13.482  -54.270 0.1428571492
90853  -23.014  11.952  -53.455 0.1428571492
74441  -22.661  -1.534  -45.895 0.1428571492
75559  -22.610  -0.760  -45.806 0.1428571492
77881  -21.518  1.421  -47.288 0.1428571492
144378  -19.929  2.439  -46.549 0.1428571492
79096  -20.060  3.204  -46.943 0.1428571492
73254  -24.389  -1.922  -44.136 0.1428571492
79111  -21.172  2.275  -47.222 0.1428571492
80308  -19.627  3.998  -46.645 0.1428571492
81500  -20.392  4.369  -46.738 0.1428571492
82649  -20.830  4.815  -46.693 0.2857142985
67240  -25.839  -6.801  -41.953 0.1428571492
145434  -24.462  -3.869  -43.692 0.1428571492
72051  -24.735  -3.026  -43.747 0.1428571492
73253  -23.568  -2.362  -44.716 0.1428571492
79035  -31.029  2.862  -40.722 0.1428571492
74453  -22.268  -1.307  -46.930 0.1428571492
80310  -21.682  3.499  -46.694 0.1428571492
81502  -22.505  4.371  -46.530 0.1428571492
82650  -21.632  4.805  -46.657 0.1428571492
141624  -21.767  5.403  -46.459 0.2857142985
83773  -23.288  6.106  -46.409 0.2857142985
86779  -22.993  8.426  -45.931 0.2857142985
86778  -22.324  8.142  -45.626 0.2857142985
87805  -23.250  9.086  -45.849 0.2857142985
90807  -25.297  12.025  -46.945 0.1428571492
89835  -24.133  11.777  -43.993 0.1428571492
83760  -23.879  5.635  -46.053 0.2857142985
83772  -22.346  5.872  -46.306 0.2857142985
154474  -23.923  6.215  -46.193 0.2857142985
85803  -24.398  7.403  -46.464 0.2857142985
85802  -23.678  7.293  -46.297 0.2857142985
85792  -22.103  7.521  -45.501 0.2857142985
86788  -24.372  8.060  -47.018 0.2857142985
86786  -23.230  7.907  -46.152 0.2857142985
86787  -23.853  8.510  -46.721 0.2857142985
87798  -21.633  9.522  -44.359 0.2857142985
90798  -25.463  11.882  -46.286 0.1428571492
158540  -21.740  8.045  -45.091 0.1428571492
85791  -21.622  7.583  -44.975 0.1428571492
149390  -21.012  5.362  -46.563 0.2857142985
87804  -22.394  8.956  -45.216 0.2857142985
88839  -23.624  9.867  -45.800 0.1428571492
87799  -22.475  9.774  -44.947 0.2857142985
88828  -23.057  10.441  -44.563 0.1428571492
81488  -18.892  5.117  -46.049 0.2857142985
87790  -21.261  9.845  -43.775 0.1428571492
89822  -23.142  11.698  -43.396 0.1428571492
88827  -21.884  10.373  -43.962 0.1428571492
82597  -18.627  5.068  -43.059 0.1428571492
137155  -31.683  3.380  -41.021 0.1428571492
76614  -31.442  1.057  -38.742 0.1428571492
70902  -25.057  -4.297  -43.202 0.1428571492
161649  -23.714  -2.837  -44.706 0.1428571492
80233  -31.867  2.911  -40.514 0.1428571492
145189  -22.764  -3.066  -45.883 0.1428571492
74452  -22.160  -1.129  -46.912 0.1428571492
74462  -21.774  -0.857  -47.498 0.1428571492
75580  -21.605  -0.452  -47.575 0.1428571492
77867  -20.398  1.504  -47.021 0.1428571492
81487  -18.872  4.950  -45.673 0.1428571492
160450  -19.394  5.211  -46.061 0.2857142985
84821  -22.483  6.788  -46.007 0.1428571492
85801  -22.839  7.422  -45.987 0.1428571492
137059  -22.616  11.039  -43.857 0.1428571492
89834  -23.555  11.182  -44.275 0.1428571492
79024  -30.678  2.134  -40.253 0.1428571492
142159  -31.475  2.574  -40.159 0.1428571492
88829  -24.034  10.785  -45.294 0.1428571492
159534  -24.368  11.384  -44.755 0.1428571492
90790  -25.552  12.154  -45.695 0.1428571492
69659  -24.967  -5.128  -43.114 0.1428571492
73243  -24.927  -2.277  -43.825 0.1428571492
84823  -24.332  6.689  -46.187 0.2857142985
81503  -23.176  4.630  -46.271 0.1428571492
82652  -23.234  5.339  -46.392 0.1428571492
74430  -23.025  -1.623  -44.919 0.1428571492
75571  -21.933  -0.791  -47.293 0.1428571492
76737  -21.521  0.455  -47.479 0.1428571492
73278  -22.401  -1.942  -46.723 0.1428571492
72083  -22.545  -2.540  -46.378 0.1428571492
77879  -20.790  1.423  -47.290 0.1428571492
79110  -20.797  2.049  -47.311 0.1428571492
80323  -21.043  3.249  -47.092 0.1428571492
143161  -24.171  -2.678  -44.223 0.1428571492
81499  -19.693  4.673  -46.390 0.1428571492
80322  -20.561  3.705  -47.131 0.1428571492
81501  -21.876  4.103  -46.654 0.1428571492
72062  -24.161  -3.316  -44.021 0.1428571492
82651  -22.470  5.054  -46.453 0.2857142985
84822  -23.472  6.763  -46.264 0.2857142985
86775  -21.648  8.698  -44.763 0.1428571492
135655  -23.917  7.796  -46.528 0.2857142985
91680  -25.540  12.729  -46.238 0.1428571492
83771  -21.387  5.857  -46.133 0.1428571492
58386  -22.036  -13.318  -34.752 0.1428571492
58406  -23.171  -12.769  -35.348 0.1428571492
59451  -21.695  -12.527  -35.537 0.1428571492
59466  -22.455  -12.567  -36.522 0.1428571492
59477  -22.801  -12.281  -37.045 0.1428571492
59452  -23.144  -12.694  -36.057 0.1428571492
59478  -23.016  -11.964  -37.672 0.1428571492
59467  -23.053  -12.574  -36.663 0.1428571492
59469  -24.057  -11.943  -35.966 0.1428571492
59488  -23.499  -11.972  -37.969 0.1428571492
60675  -23.860  -11.879  -37.822 0.1428571492
62015  -24.759  -11.135  -36.972 0.1428571492
60676  -24.358  -11.503  -38.266 0.1428571492
141189  -24.354  -11.574  -37.464 0.1428571492
60684  -22.473  -11.171  -37.746 0.1428571492
60695  -23.782  -11.224  -38.944 0.1428571492
62043  -24.789  -11.091  -38.741 0.1428571492
62072  -25.234  -10.063  -39.868 0.1428571492
64810  -25.631  -8.626  -40.881 0.1428571492
66036  -25.844  -8.037  -41.221 0.1428571492
82641  -19.763  5.475  -45.905 0.1428571492
59453  -23.646  -12.374  -35.711 0.1428571492
60654  -24.540  -11.412  -35.672 0.1428571492
57383  -21.558  -13.697  -34.166 0.1428571492
58403  -21.515  -12.867  -35.024 0.1428571492
58420  -22.717  -12.757  -36.187 0.1428571492
62044  -25.343  -10.515  -38.281 0.1428571492
154797  -22.687  -13.128  -35.025 0.1428571492
60666  -24.319  -11.638  -36.585 0.1428571492
62058  -25.197  -10.526  -39.269 0.1428571492
158622  -22.377  -13.176  -35.222 0.1428571492
58405  -22.641  -12.972  -35.624 0.1428571492
58404  -22.099  -12.993  -35.369 0.1428571492
59465  -21.855  -12.132  -36.138 0.1428571492
59479  -23.421  -12.315  -37.365 0.1428571492
156332  -23.887  -12.025  -37.213 0.1428571492
59468  -23.647  -12.343  -36.569 0.1428571492
60686  -23.862  -11.595  -38.406 0.1428571492
60685  -23.225  -11.475  -38.333 0.1428571492
60687  -24.302  -11.352  -38.993 0.1428571492
58369  -21.021  -13.316  -33.867 0.1428571492
63361  -33.086  -9.712  -32.476 0.1428571492
65952  -32.870  -7.656  -33.485 0.1428571492
67239  -25.387  -6.683  -42.326 0.1428571492
72061  -23.666  -3.330  -44.628 0.1428571492
73265  -22.852  -2.417  -45.840 0.1428571492
73266  -23.307  -2.952  -45.274 0.1428571492
74396  -28.143  -1.189  -41.959 1.0000000000
74451  -21.922  -1.345  -46.963 0.1428571492
75533  -24.056  -0.242  -43.849 0.2857142985
75546  -23.107  -0.347  -44.969 0.1428571492
75570  -21.472  -0.529  -47.536 0.1428571492
76677  -27.776  0.337  -43.256 1.0000000000
76727  -22.134  -0.074  -47.260 0.1428571492
76728  -22.264  -0.386  -46.596 0.2857142985
76735  -20.810  0.864  -47.229 0.1428571492
76736  -21.235  0.634  -47.351 0.1428571492
77860  -20.010  1.390  -46.251 0.1428571492
77861  -22.924  1.445  -45.607 0.2857142985
77880  -21.178  1.341  -47.316 0.1428571492
79075  -27.636  2.115  -43.627 0.8571428657
79097  -20.561  2.964  -47.205 0.1428571492
79109  -20.460  2.280  -47.150 0.1428571492
80288  -23.889  3.182  -44.824 0.2857142985
80309  -20.117  3.823  -46.984 0.1428571492
80312  -23.100  3.954  -46.180 0.2857142985
81489  -20.182  5.162  -46.432 0.2857142985
81498  -19.300  4.688  -46.135 0.1428571492
81515  -21.110  4.100  -46.855 0.1428571492
82596  -18.400  4.954  -42.555 0.1428571492
82615  -28.633  4.415  -44.077 0.7142857313
83737  -26.703  5.546  -43.901 0.8571428657
83745  -24.900  6.005  -45.082 0.4285714328
84805  -26.487  6.761  -44.409 0.8571428657
84815  -29.320  6.497  -45.482 0.1428571492
85784  -26.088  7.159  -44.666 0.8571428657
85818  -29.277  7.275  -48.849 0.1428571492
86781  -26.616  8.807  -45.780 0.8571428657
86790  -26.387  9.133  -46.441 0.8571428657
86792  -29.068  8.721  -46.431 0.4285714328
87812  -28.951  9.275  -46.917 0.4285714328
87826  -28.492  9.965  -47.736 0.5714285970
87835  -28.902  9.667  -49.773 0.1428571492
88858  -27.128  10.345  -47.982 0.2857142985
88860  -28.703  10.115  -48.710 0.2857142985
89936  -25.477  11.955  -55.540 0.1428571492
90863  -23.380  12.319  -54.471 0.1428571492
90872  -23.124  12.535  -54.513 0.1428571492
91730  -22.205  13.658  -52.371 0.1428571492
92739  -22.186  14.056  -53.622 0.1428571492
93706  -21.499  15.464  -52.540 0.1428571492
93713  -21.613  14.893  -53.290 0.1428571492
138762  -25.473  -10.555  -34.962 0.5714285970
140297  -29.365  7.134  -46.508 0.1428571492
141315  -22.872  -1.010  -45.081 0.1428571492
146257  -21.499  -0.080  -47.524 0.1428571492
148474  -22.512  -1.857  -46.648 0.1428571492
150286  -29.264  9.114  -48.170 0.1428571492
150673  -21.602  2.841  -46.950 0.2857142985
153203  -23.953  12.077  -54.647 0.1428571492
153937  -33.049  -10.240  -32.217 0.1428571492
154630  -24.944  11.483  -53.616 0.1428571492
156615  -24.624  11.338  -51.088 0.2857142985
159255  -28.796  6.812  -50.746 0.1428571492
159961  -23.418  11.488  -51.937 0.2857142985
160803  -24.687  10.819  -45.844 0.1428571492
161877  -21.530  -1.072  -47.345 0.1428571492
161923  -27.765  10.409  -48.106 0.4285714328
