#!ascii label  , from subject sub-v2s2x29090_ses-1 vox2ras=TkReg
1736
53656  8.171  -17.226  48.055 0.0000000000
81291  37.679  3.516  19.306 0.0000000000
67050  24.601  -8.033  37.860 0.0000000000
74058  29.626  -2.465  38.050 0.0000000000
137493  19.615  -12.505  40.060 0.0000000000
58227  16.235  -13.880  49.094 0.0000000000
139718  47.523  5.795  11.590 0.0000000000
141498  46.026  9.433  21.329 0.0000000000
73049  33.151  -3.107  29.584 0.0000000000
86108  51.964  6.672  3.146 0.0000000000
64380  25.125  -9.924  43.629 0.0000000000
57101  11.476  -15.068  48.862 0.0000000000
85934  47.621  6.884  16.382 0.0000000000
83546  42.540  5.140  16.061 0.0000000000
80177  39.280  1.748  24.587 0.0000000000
82291  43.437  4.345  25.450 0.0000000000
77854  35.475  -0.039  24.014 0.0000000000
136837  26.692  -4.599  32.686 0.0000000000
70580  26.457  -4.759  37.414 0.0000000000
161346  22.529  -11.488  44.787 0.0000000000
60550  20.253  -12.010  49.943 0.0000000000
59477  18.540  -13.416  44.711 0.0000000000
144887  13.901  -13.583  44.598 0.0000000000
63016  22.774  -10.252  38.925 0.0000000000
88210  52.355  8.321  11.500 0.0000000000
89197  52.612  8.864  16.318 0.0000000000
85880  40.882  6.412  20.240 0.0000000000
77773  35.538  0.751  29.833 0.0000000000
73008  32.460  -3.598  35.095 0.0000000000
84792  49.455  5.658  7.109 0.0000000000
87229  54.645  8.166  6.919 0.0000000000
84835  55.885  6.122  4.155 0.0000000000
154575  25.065  -9.608  46.938 0.0000000000
55979  9.959  -15.879  48.240 0.0000000000
146603  10.501  -16.454  52.601 0.0000000000
53625  8.724  -17.722  51.500 0.0000000000
141728  42.603  4.670  13.786 0.0000000000
141979  39.988  2.019  28.241 0.0000000000
157780  41.808  2.933  28.575 0.0000000000
51248  3.407  -20.079  52.353 0.0000000000
76640  35.675  -0.735  20.885 0.0000000000
68229  24.003  -6.616  34.390 0.0000000000
163056  25.109  -5.095  34.673 0.0000000000
68211  25.608  -6.696  37.316 0.0000000000
143445  21.291  -12.074  43.019 0.0000000000
60581  20.725  -12.575  45.150 0.0000000000
162310  19.123  -13.129  42.427 0.0000000000
61694  21.323  -11.587  40.087 0.0000000000
61663  22.872  -11.145  42.468 0.0000000000
137263  18.220  -13.102  49.699 0.0000000000
155865  49.749  6.448  11.656 0.0000000000
88186  52.817  8.515  13.666 0.0000000000
87166  50.344  7.006  14.286 0.0000000000
88139  47.090  8.139  18.785 0.0000000000
139029  49.498  9.489  18.633 0.0000000000
82396  37.362  3.534  17.871 0.0000000000
83515  39.319  4.469  17.909 0.0000000000
84595  39.292  5.227  19.889 0.0000000000
74163  32.628  -2.142  26.761 0.0000000000
76569  33.824  -0.491  27.149 0.0000000000
75272  34.321  -1.480  29.933 0.0000000000
157228  28.047  -4.100  35.407 0.0000000000
161011  29.616  -4.560  33.620 0.0000000000
72982  30.560  -3.241  36.512 0.0000000000
136699  46.063  5.739  9.052 0.0000000000
136937  46.577  5.972  6.910 0.0000000000
147067  48.562  6.090  9.602 0.0000000000
86016  50.500  6.581  9.229 0.0000000000
87265  56.170  8.312  2.438 0.0000000000
163066  55.037  7.915  3.855 0.0000000000
154802  55.818  7.375  5.158 0.0000000000
83649  53.362  5.867  4.346 0.0000000000
65772  25.041  -8.864  40.519 0.0000000000
67033  26.668  -7.456  40.001 0.0000000000
65744  26.430  -8.495  42.934 0.0000000000
147092  13.555  -14.211  48.582 0.0000000000
58188  14.866  -14.556  52.674 0.0000000000
57063  12.730  -15.150  52.399 0.0000000000
84720  45.079  5.579  11.795 0.0000000000
85976  47.515  6.201  14.242 0.0000000000
139076  45.133  5.614  13.582 0.0000000000
84656  45.035  6.105  16.240 0.0000000000
85905  44.297  6.752  18.248 0.0000000000
80206  39.622  1.697  21.779 0.0000000000
81269  40.988  3.370  22.543 0.0000000000
81235  41.859  3.040  24.952 0.0000000000
139946  31.182  -4.760  29.700 0.0000000000
75175  32.608  -1.608  39.570 0.0000000000
52418  6.261  -18.680  48.187 0.0000000000
52390  7.177  -19.164  52.142 0.0000000000
50087  5.363  -20.737  52.295 0.0000000000
80236  36.284  2.420  18.855 0.0000000000
77907  37.400  0.206  21.145 0.0000000000
79057  37.383  0.885  24.098 0.0000000000
79008  38.052  1.159  27.700 0.0000000000
71883  25.010  -4.826  32.216 0.0000000000
71832  26.361  -4.651  34.992 0.0000000000
72974  27.739  -3.545  37.699 0.0000000000
68188  27.370  -6.126  39.291 0.0000000000
150129  27.697  -3.384  39.732 0.0000000000
149658  23.353  -10.568  47.171 0.0000000000
61597  22.283  -11.057  50.385 0.0000000000
136020  21.686  -11.668  47.519 0.0000000000
60568  19.657  -13.095  47.242 0.0000000000
59437  17.071  -13.437  47.213 0.0000000000
59508  17.324  -13.228  42.510 0.0000000000
155277  15.683  -13.266  44.651 0.0000000000
153584  14.790  -13.693  46.421 0.0000000000
58259  12.806  -14.222  46.458 0.0000000000
57124  11.085  -14.795  46.465 0.0000000000
56000  8.912  -15.572  45.473 0.0000000000
65859  22.915  -8.180  34.701 0.0000000000
148029  22.211  -9.762  35.871 0.0000000000
64442  23.645  -9.218  38.368 0.0000000000
62981  23.790  -10.357  41.682 0.0000000000
62951  23.896  -10.727  44.643 0.0000000000
85931  53.465  7.219  16.478 0.0000000000
88155  49.608  7.831  16.387 0.0000000000
82432  39.927  3.926  15.397 0.0000000000
84639  41.805  5.599  17.753 0.0000000000
139922  43.458  8.179  20.728 0.0000000000
84572  42.067  5.502  22.462 0.0000000000
85848  44.238  7.681  23.043 0.0000000000
76610  33.770  -0.865  23.844 0.0000000000
79011  35.718  0.634  27.574 0.0000000000
80116  37.509  1.709  30.959 0.0000000000
70654  30.665  -4.894  31.404 0.0000000000
73030  32.959  -3.521  31.980 0.0000000000
74054  33.634  -2.544  37.988 0.0000000000
150897  34.858  -2.375  35.789 0.0000000000
75237  34.776  -1.561  32.565 0.0000000000
152915  35.805  0.078  33.206 0.0000000000
143023  36.897  1.983  33.398 0.0000000000
83667  50.464  5.296  4.337 0.0000000000
84790  51.720  6.137  7.021 0.0000000000
88237  53.939  8.789  8.845 0.0000000000
64321  25.439  -9.135  48.788 0.0000000000
141869  8.857  -16.754  48.112 0.0000000000
161245  9.479  -16.957  50.608 0.0000000000
150438  8.504  -17.622  50.064 0.0000000000
80125  40.084  1.979  29.842 0.0000000000
80124  40.674  2.325  29.371 0.0000000000
51257  2.975  -19.045  51.846 0.0000000000
68220  24.251  -7.440  36.044 0.0000000000
68219  24.869  -6.751  36.082 0.0000000000
68212  25.097  -7.107  36.892 0.0000000000
60614  20.399  -12.419  41.702 0.0000000000
157808  20.439  -12.476  42.473 0.0000000000
156400  19.823  -12.624  41.397 0.0000000000
61717  20.825  -11.578  38.388 0.0000000000
61695  20.438  -12.076  39.812 0.0000000000
61681  21.341  -11.683  40.885 0.0000000000
59407  16.803  -13.692  49.897 0.0000000000
58217  16.276  -13.894  50.611 0.0000000000
84731  48.919  6.156  11.509 0.0000000000
85982  50.038  6.618  12.953 0.0000000000
147750  49.269  6.373  13.113 0.0000000000
88120  46.688  8.802  19.972 0.0000000000
89142  48.195  9.649  20.014 0.0000000000
148424  37.790  3.603  18.376 0.0000000000
143041  38.508  4.233  18.820 0.0000000000
83485  38.436  4.456  19.463 0.0000000000
73057  32.296  -3.602  28.220 0.0000000000
74139  33.099  -2.608  28.212 0.0000000000
141517  33.763  -1.554  28.463 0.0000000000
74121  33.951  -2.162  29.966 0.0000000000
72983  29.067  -3.350  36.889 0.0000000000
72997  29.883  -3.565  36.206 0.0000000000
74073  30.147  -2.620  37.553 0.0000000000
84749  47.175  5.765  10.833 0.0000000000
154725  47.303  5.837  9.360 0.0000000000
84748  47.997  5.922  10.533 0.0000000000
86007  49.007  6.196  10.695 0.0000000000
86124  54.381  8.049  2.411 0.0000000000
163557  53.596  6.855  2.716 0.0000000000
84836  53.980  6.541  3.864 0.0000000000
84853  52.641  5.890  3.228 0.0000000000
65746  25.277  -9.171  41.986 0.0000000000
65758  25.729  -8.656  41.639 0.0000000000
64390  25.821  -9.143  43.036 0.0000000000
58232  12.542  -14.526  49.066 0.0000000000
57091  13.176  -14.641  50.533 0.0000000000
138999  12.025  -15.067  50.099 0.0000000000
54819  10.035  -16.878  53.340 0.0000000000
54817  11.168  -16.670  54.246 0.0000000000
84736  43.555  5.383  11.439 0.0000000000
84707  45.021  5.583  12.959 0.0000000000
84708  43.671  5.216  12.770 0.0000000000
155063  42.124  4.473  14.272 0.0000000000
84687  43.664  5.163  14.452 0.0000000000
84676  43.141  5.389  15.951 0.0000000000
85920  44.517  6.499  17.573 0.0000000000
84637  43.333  5.965  17.244 0.0000000000
80197  39.762  1.641  23.025 0.0000000000
80185  40.760  2.361  23.309 0.0000000000
81237  40.664  2.309  24.856 0.0000000000
136629  44.201  5.621  9.787 0.0000000000
141413  5.713  -19.978  50.361 0.0000000000
50108  5.076  -20.033  50.265 0.0000000000
79124  35.004  1.197  18.788 0.0000000000
77953  36.878  0.729  19.558 0.0000000000
77954  36.261  0.282  19.513 0.0000000000
77872  35.806  -0.172  23.112 0.0000000000
77871  36.545  0.067  22.869 0.0000000000
79058  36.744  0.523  24.128 0.0000000000
79031  38.021  1.162  26.151 0.0000000000
79032  36.589  0.607  25.457 0.0000000000
141429  24.151  -5.020  32.164 0.0000000000
70605  25.835  -4.858  35.551 0.0000000000
71844  25.476  -4.926  34.576 0.0000000000
71821  26.221  -4.654  35.895 0.0000000000
72986  26.892  -4.262  35.972 0.0000000000
71814  26.785  -4.324  37.361 0.0000000000
67024  27.408  -7.230  41.205 0.0000000000
68181  27.154  -6.823  39.610 0.0000000000
68172  27.706  -6.674  40.863 0.0000000000
71786  27.745  -3.704  41.270 0.0000000000
74037  28.047  -2.407  39.958 0.0000000000
61630  22.714  -11.246  46.213 0.0000000000
61623  22.344  -11.205  47.594 0.0000000000
61624  21.777  -11.801  46.660 0.0000000000
140042  19.825  -13.202  44.952 0.0000000000
59434  20.075  -13.015  46.633 0.0000000000
59462  18.709  -13.437  45.912 0.0000000000
137028  18.252  -13.297  47.686 0.0000000000
59449  17.961  -13.388  46.189 0.0000000000
136599  17.148  -13.157  41.048 0.0000000000
59496  14.383  -13.253  43.199 0.0000000000
155913  15.185  -13.189  43.002 0.0000000000
137900  14.584  -13.350  44.154 0.0000000000
59452  15.251  -13.484  45.870 0.0000000000
156255  14.059  -13.687  45.286 0.0000000000
59441  13.465  -14.012  46.646 0.0000000000
59467  13.331  -13.851  45.198 0.0000000000
57126  9.649  -15.306  45.805 0.0000000000
67078  22.277  -7.876  33.201 0.0000000000
65872  21.908  -8.522  33.525 0.0000000000
138901  21.919  -10.728  37.742 0.0000000000
64452  22.439  -10.129  37.526 0.0000000000
64451  22.943  -9.582  37.251 0.0000000000
143636  23.322  -9.680  38.786 0.0000000000
64420  23.920  -9.520  39.811 0.0000000000
62993  23.114  -10.501  40.570 0.0000000000
61655  22.287  -11.587  43.590 0.0000000000
159125  23.411  -10.930  42.975 0.0000000000
154206  23.185  -11.124  44.902 0.0000000000
62932  23.760  -10.554  46.391 0.0000000000
61599  20.964  -11.554  50.285 0.0000000000
51239  6.296  -20.103  54.300 0.0000000000
52385  7.259  -19.065  53.138 0.0000000000
89220  53.719  8.927  12.498 0.0000000000
88167  52.879  8.757  15.502 0.0000000000
88178  53.189  8.550  14.923 0.0000000000
89195  53.221  8.543  16.107 0.0000000000
88143  52.766  8.538  17.589 0.0000000000
85955  47.831  6.651  15.622 0.0000000000
85954  48.584  6.823  15.398 0.0000000000
148297  48.835  7.574  16.590 0.0000000000
90188  51.134  10.208  19.128 0.0000000000
84612  40.233  5.988  19.626 0.0000000000
144294  40.558  5.185  18.018 0.0000000000
85909  41.392  6.373  19.221 0.0000000000
85892  42.387  6.870  19.408 0.0000000000
87092  42.209  7.429  20.444 0.0000000000
82321  42.070  3.722  23.774 0.0000000000
83457  41.514  4.550  22.555 0.0000000000
83447  42.906  4.653  23.782 0.0000000000
76603  32.358  -1.161  24.301 0.0000000000
76551  34.756  0.122  28.658 0.0000000000
77797  34.268  -0.041  27.200 0.0000000000
78992  35.541  0.867  28.931 0.0000000000
138307  36.237  1.036  28.900 0.0000000000
78984  36.520  1.381  30.501 0.0000000000
71893  26.151  -4.626  31.663 0.0000000000
71880  27.332  -4.619  32.194 0.0000000000
71837  30.661  -4.144  34.587 0.0000000000
70638  29.807  -4.823  32.397 0.0000000000
159962  31.557  -4.270  33.132 0.0000000000
71878  31.882  -4.277  31.731 0.0000000000
71849  32.436  -3.811  33.540 0.0000000000
74045  33.264  -2.153  38.899 0.0000000000
75214  35.367  -1.727  35.922 0.0000000000
74093  34.540  -2.245  34.222 0.0000000000
75229  35.303  -1.228  34.178 0.0000000000
76445  35.464  -0.550  33.021 0.0000000000
77668  35.987  -0.060  34.599 0.0000000000
139306  48.027  5.755  7.202 0.0000000000
83640  49.724  5.279  5.443 0.0000000000
83638  51.122  5.151  5.681 0.0000000000
142992  50.895  5.800  6.926 0.0000000000
87196  51.393  7.253  10.462 0.0000000000
86030  52.145  7.319  8.946 0.0000000000
88216  52.986  8.867  10.179 0.0000000000
89250  54.499  9.460  10.117 0.0000000000
86104  56.214  7.078  3.049 0.0000000000
87234  55.131  7.763  5.596 0.0000000000
142980  55.072  8.049  7.314 0.0000000000
88241  55.102  8.387  8.139 0.0000000000
64360  25.113  -10.003  44.854 0.0000000000
145310  26.147  -9.162  45.087 0.0000000000
64349  25.619  -9.363  46.548 0.0000000000
57102  10.893  -15.307  48.500 0.0000000000
55961  10.939  -15.669  49.912 0.0000000000
54848  10.345  -16.122  50.074 0.0000000000
163024  9.610  -16.976  51.573 0.0000000000
53611  8.948  -17.709  53.625 0.0000000000
142294  41.067  4.481  13.383 0.0000000000
83569  41.370  4.349  14.168 0.0000000000
80151  39.901  2.061  26.599 0.0000000000
81220  40.472  2.386  26.201 0.0000000000
81204  40.579  2.429  27.758 0.0000000000
81185  41.867  3.058  29.974 0.0000000000
50103  4.125  -20.004  50.892 0.0000000000
51256  3.647  -19.676  51.467 0.0000000000
51249  2.738  -19.577  52.339 0.0000000000
76688  35.172  -0.578  19.705 0.0000000000
76618  34.663  -0.815  22.752 0.0000000000
137719  24.207  -5.337  33.260 0.0000000000
69370  24.307  -5.855  34.166 0.0000000000
69356  25.177  -5.814  35.865 0.0000000000
70568  26.217  -5.467  37.532 0.0000000000
61656  21.687  -11.898  43.680 0.0000000000
61640  21.274  -12.284  45.167 0.0000000000
139446  20.767  -12.463  44.057 0.0000000000
60599  20.130  -12.825  43.781 0.0000000000
146480  18.999  -13.387  44.112 0.0000000000
59498  12.400  -13.743  43.692 0.0000000000
59513  12.265  -13.482  42.840 0.0000000000
63037  21.372  -11.221  38.037 0.0000000000
61693  21.970  -11.187  40.005 0.0000000000
63007  22.487  -10.824  40.298 0.0000000000
61680  22.015  -11.323  40.799 0.0000000000
61665  21.715  -11.721  42.524 0.0000000000
162476  19.052  -12.610  50.063 0.0000000000
143573  51.748  7.652  11.842 0.0000000000
88194  52.713  8.492  12.971 0.0000000000
142719  51.485  7.436  12.912 0.0000000000
87165  51.124  7.400  14.130 0.0000000000
87145  51.404  8.089  15.329 0.0000000000
87123  47.042  7.370  17.696 0.0000000000
88147  48.627  8.232  17.731 0.0000000000
88130  47.853  8.519  18.867 0.0000000000
89141  49.163  10.363  20.039 0.0000000000
82417  38.250  3.546  16.776 0.0000000000
82395  37.985  3.756  17.742 0.0000000000
84629  39.348  5.107  19.106 0.0000000000
85871  40.327  6.032  20.201 0.0000000000
140484  44.247  5.390  25.041 0.0000000000
75368  32.259  -1.581  25.447 0.0000000000
75367  32.726  -1.118  25.404 0.0000000000
75336  33.369  -1.054  27.105 0.0000000000
136370  34.017  -1.085  28.685 0.0000000000
77759  35.102  0.089  30.079 0.0000000000
71840  27.753  -4.366  34.431 0.0000000000
71854  28.056  -4.494  33.753 0.0000000000
71839  28.997  -4.182  34.902 0.0000000000
71830  30.304  -3.891  35.377 0.0000000000
72995  31.740  -3.524  35.657 0.0000000000
84788  44.867  5.993  7.873 0.0000000000
84795  45.830  6.187  6.872 0.0000000000
84777  46.278  5.798  8.187 0.0000000000
136698  47.466  5.821  7.786 0.0000000000
84775  48.921  6.071  8.331 0.0000000000
152279  50.056  6.256  8.227 0.0000000000
84758  49.793  6.384  9.273 0.0000000000
86006  50.612  6.765  10.628 0.0000000000
87267  54.833  8.880  2.130 0.0000000000
88270  55.411  8.610  3.246 0.0000000000
86086  56.040  7.461  4.202 0.0000000000
84819  55.922  6.952  5.057 0.0000000000
87241  55.594  7.776  4.700 0.0000000000
86070  54.462  7.310  5.220 0.0000000000
86055  53.899  7.002  5.822 0.0000000000
65799  24.799  -8.403  39.044 0.0000000000
67043  25.412  -7.893  39.011 0.0000000000
65786  25.451  -8.315  40.133 0.0000000000
67016  26.879  -7.778  41.617 0.0000000000
67008  27.499  -7.490  42.661 0.0000000000
58229  14.805  -14.094  48.905 0.0000000000
58209  14.886  -14.244  50.560 0.0000000000
58210  14.276  -14.351  50.942 0.0000000000
57072  13.417  -14.893  52.312 0.0000000000
55937  11.270  -15.977  52.418 0.0000000000
157385  12.266  -15.868  53.994 0.0000000000
156610  46.238  5.693  11.827 0.0000000000
84703  47.917  5.965  12.758 0.0000000000
154746  46.324  5.772  12.981 0.0000000000
84694  46.084  5.872  14.295 0.0000000000
84672  46.035  6.133  15.506 0.0000000000
84697  43.770  5.175  13.661 0.0000000000
84686  44.955  5.703  14.957 0.0000000000
85936  46.177  6.550  16.691 0.0000000000
85918  45.898  6.748  17.327 0.0000000000
87113  45.585  7.330  18.466 0.0000000000
88132  45.267  8.001  19.660 0.0000000000
80223  38.546  2.675  20.207 0.0000000000
81281  39.492  3.209  20.974 0.0000000000
161811  40.313  2.542  22.141 0.0000000000
81244  41.770  3.110  24.161 0.0000000000
147758  42.530  3.563  25.146 0.0000000000
81218  41.823  2.967  26.522 0.0000000000
82273  42.737  3.550  27.211 0.0000000000
159020  43.767  4.511  26.821 0.0000000000
142874  31.966  -4.246  29.476 0.0000000000
75190  30.764  -1.938  38.515 0.0000000000
86031  44.070  6.095  8.156 0.0000000000
84762  44.670  5.667  9.259 0.0000000000
136703  45.394  5.624  10.488 0.0000000000
88271  52.688  8.882  2.673 0.0000000000
88272  52.128  8.427  3.300 0.0000000000
53657  7.463  -17.859  47.982 0.0000000000
52403  7.518  -18.474  50.054 0.0000000000
52410  6.874  -18.926  49.553 0.0000000000
51254  6.571  -19.710  51.615 0.0000000000
50078  5.603  -20.668  53.952 0.0000000000
50096  4.636  -20.757  51.773 0.0000000000
82372  36.765  3.117  18.233 0.0000000000
81314  35.594  3.030  18.161 0.0000000000
152881  37.409  2.957  19.278 0.0000000000
79112  37.851  1.380  19.944 0.0000000000
79097  38.679  1.070  21.038 0.0000000000
144772  38.414  0.954  22.983 0.0000000000
77908  36.747  -0.151  21.155 0.0000000000
79069  37.678  0.752  23.235 0.0000000000
80178  38.633  1.502  24.967 0.0000000000
80168  38.613  1.538  25.766 0.0000000000
80153  38.645  1.408  27.358 0.0000000000
80138  38.934  1.567  29.362 0.0000000000
71871  25.495  -4.783  32.651 0.0000000000
70623  24.821  -4.973  33.386 0.0000000000
71857  25.757  -4.813  33.910 0.0000000000
152938  26.671  -4.591  33.986 0.0000000000
145409  27.155  -4.251  35.543 0.0000000000
72984  27.925  -3.793  36.624 0.0000000000
74075  28.269  -3.098  37.941 0.0000000000
68190  26.202  -7.101  38.613 0.0000000000
69339  26.549  -6.027  38.150 0.0000000000
70567  26.671  -5.173  38.059 0.0000000000
137169  27.762  -5.417  40.523 0.0000000000
70553  27.411  -4.728  39.241 0.0000000000
71809  26.931  -4.430  38.119 0.0000000000
72965  27.781  -3.397  38.801 0.0000000000
74047  28.233  -2.592  39.086 0.0000000000
75180  28.581  -2.186  39.021 0.0000000000
64323  23.826  -9.902  49.086 0.0000000000
62915  22.632  -10.640  49.352 0.0000000000
61615  22.014  -11.160  48.701 0.0000000000
61609  20.709  -11.778  49.227 0.0000000000
154637  21.263  -12.246  46.549 0.0000000000
146240  20.341  -12.724  47.323 0.0000000000
135986  20.059  -12.394  48.862 0.0000000000
60552  18.695  -12.980  49.089 0.0000000000
147546  17.496  -13.447  48.353 0.0000000000
59417  16.366  -13.798  48.420 0.0000000000
149833  18.524  -13.186  41.698 0.0000000000
59507  18.202  -13.259  42.490 0.0000000000
164041  17.625  -13.311  43.817 0.0000000000
136600  16.119  -13.133  42.069 0.0000000000
59493  16.397  -13.231  43.623 0.0000000000
59463  17.217  -13.334  44.937 0.0000000000
59450  16.626  -13.332  45.969 0.0000000000
59438  15.822  -13.639  47.161 0.0000000000
59428  15.236  -13.847  47.584 0.0000000000
58249  14.426  -13.943  47.498 0.0000000000
58242  13.252  -14.210  47.903 0.0000000000
58244  11.870  -14.592  47.564 0.0000000000
58270  11.909  -14.243  45.350 0.0000000000
58253  11.670  -14.549  46.776 0.0000000000
57116  11.287  -14.862  47.259 0.0000000000
57111  10.116  -15.572  47.522 0.0000000000
55985  9.487  -15.906  47.066 0.0000000000
54873  8.355  -16.833  47.228 0.0000000000
54887  7.694  -17.095  46.649 0.0000000000
53664  6.420  -17.866  47.002 0.0000000000
68237  23.278  -6.720  33.348 0.0000000000
67074  23.553  -7.434  34.702 0.0000000000
67065  23.624  -8.068  35.978 0.0000000000
65849  22.460  -8.868  35.057 0.0000000000
65826  23.304  -8.983  36.888 0.0000000000
65811  24.078  -8.615  37.929 0.0000000000
65788  24.335  -8.979  39.441 0.0000000000
64411  24.606  -9.366  40.902 0.0000000000
62970  24.720  -10.118  43.044 0.0000000000
62982  23.105  -10.799  41.746 0.0000000000
62971  24.037  -10.590  43.130 0.0000000000
62959  24.590  -10.339  43.704 0.0000000000
62940  24.453  -10.403  45.174 0.0000000000
64338  23.989  -10.114  47.430 0.0000000000
53617  8.161  -18.241  51.819 0.0000000000
136261  8.124  -18.477  54.097 0.0000000000
88185  53.297  8.401  14.003 0.0000000000
85974  49.046  6.462  13.881 0.0000000000
146753  49.810  7.450  15.676 0.0000000000
163261  51.081  8.720  16.529 0.0000000000
89172  49.641  9.039  17.935 0.0000000000
88144  51.221  9.677  17.763 0.0000000000
150514  52.297  9.131  17.384 0.0000000000
82460  39.950  4.083  14.083 0.0000000000
83548  41.125  4.433  15.762 0.0000000000
83538  39.537  4.121  16.978 0.0000000000
160113  40.987  4.780  16.896 0.0000000000
84660  42.200  5.436  17.096 0.0000000000
85922  43.074  6.277  17.944 0.0000000000
87103  43.799  7.470  19.620 0.0000000000
88107  45.031  8.785  20.927 0.0000000000
150966  39.934  4.613  21.164 0.0000000000
83475  40.614  5.348  21.468 0.0000000000
85860  41.439  6.399  21.272 0.0000000000
84561  43.668  5.423  23.899 0.0000000000
85850  43.240  6.590  22.608 0.0000000000
87068  42.443  7.421  21.304 0.0000000000
88099  43.165  8.191  21.523 0.0000000000
88097  44.365  8.990  22.378 0.0000000000
76619  33.961  -0.962  23.048 0.0000000000
163283  34.842  -0.399  23.953 0.0000000000
76593  33.617  -0.656  25.429 0.0000000000
141954  34.687  -0.002  25.965 0.0000000000
77824  35.814  0.268  25.469 0.0000000000
79010  36.805  0.939  27.761 0.0000000000
78990  37.689  1.284  29.301 0.0000000000
80127  38.657  1.571  30.103 0.0000000000
70639  29.028  -4.799  32.381 0.0000000000
70672  30.877  -4.910  30.537 0.0000000000
71891  32.076  -4.206  30.979 0.0000000000
73037  32.997  -3.443  31.183 0.0000000000
74056  31.578  -2.238  38.129 0.0000000000
72971  32.552  -2.930  36.884 0.0000000000
72979  33.050  -3.197  36.174 0.0000000000
74082  34.103  -2.803  36.836 0.0000000000
73006  33.816  -3.106  35.179 0.0000000000
73017  33.596  -3.185  34.136 0.0000000000
74106  33.997  -2.570  32.805 0.0000000000
141953  33.896  -2.474  31.184 0.0000000000
75257  34.689  -1.418  31.160 0.0000000000
77726  35.323  -0.302  31.490 0.0000000000
77741  35.639  0.363  31.360 0.0000000000
78931  36.613  1.234  35.045 0.0000000000
78956  36.557  1.517  33.409 0.0000000000
78968  36.328  1.286  31.865 0.0000000000
80106  37.228  1.895  32.182 0.0000000000
87250  50.851  7.601  3.928 0.0000000000
84838  51.252  5.749  3.687 0.0000000000
83651  51.702  5.086  4.581 0.0000000000
84805  52.646  5.755  5.812 0.0000000000
86038  53.547  7.472  7.119 0.0000000000
139896  51.732  6.798  8.266 0.0000000000
86029  52.504  7.295  8.236 0.0000000000
87221  54.394  8.256  7.558 0.0000000000
88224  54.895  8.934  9.370 0.0000000000
64322  24.555  -9.630  49.091 0.0000000000
64307  25.105  -9.521  49.416 0.0000000000
54861  8.686  -17.107  48.781 0.0000000000
160688  9.079  -17.007  49.349 0.0000000000
53643  8.583  -17.395  49.465 0.0000000000
162437  40.315  2.077  30.462 0.0000000000
67057  24.648  -7.722  37.202 0.0000000000
67064  24.601  -7.435  36.584 0.0000000000
60623  20.231  -12.368  40.804 0.0000000000
61682  20.848  -11.945  40.575 0.0000000000
153140  16.071  -13.941  49.781 0.0000000000
84717  48.087  5.922  11.970 0.0000000000
84716  48.707  6.110  12.498 0.0000000000
89144  46.494  9.293  20.702 0.0000000000
89131  47.125  9.777  21.003 0.0000000000
89132  46.602  9.846  21.495 0.0000000000
82363  37.783  3.681  19.115 0.0000000000
82362  38.074  3.957  19.404 0.0000000000
162753  32.873  -3.340  29.114 0.0000000000
73056  32.804  -3.232  28.531 0.0000000000
158513  33.174  -2.835  28.926 0.0000000000
74128  33.586  -2.491  29.398 0.0000000000
74074  29.390  -2.825  37.466 0.0000000000
84732  48.042  5.906  11.220 0.0000000000
84747  48.518  6.026  10.854 0.0000000000
86125  53.090  6.895  2.550 0.0000000000
86107  52.556  6.436  2.946 0.0000000000
84852  53.188  6.346  2.922 0.0000000000
139547  25.288  -9.639  43.046 0.0000000000
143238  25.421  -9.314  42.569 0.0000000000
64379  25.663  -9.480  43.637 0.0000000000
58233  12.088  -14.623  48.456 0.0000000000
57100  12.054  -14.864  49.315 0.0000000000
84737  42.716  5.311  11.321 0.0000000000
156595  43.848  5.354  12.062 0.0000000000
84722  43.196  5.214  12.038 0.0000000000
83558  42.155  4.540  14.946 0.0000000000
136546  42.687  4.942  15.420 0.0000000000
84658  43.601  5.723  16.535 0.0000000000
84659  42.797  5.511  16.701 0.0000000000
80187  39.400  1.562  23.707 0.0000000000
80176  39.946  1.941  24.259 0.0000000000
80166  39.987  2.030  25.014 0.0000000000
51276  5.112  -19.165  48.927 0.0000000000
79134  34.367  1.579  18.413 0.0000000000
79123  35.679  0.734  19.040 0.0000000000
139317  34.926  0.310  19.005 0.0000000000
77853  36.305  0.167  23.711 0.0000000000
79044  36.892  0.717  24.730 0.0000000000
77823  36.189  0.292  24.637 0.0000000000
70591  25.900  -4.905  36.144 0.0000000000
71815  26.339  -4.623  36.669 0.0000000000
71820  26.693  -4.331  36.480 0.0000000000
68167  27.880  -6.642  41.694 0.0000000000
61638  22.630  -11.397  45.457 0.0000000000
147933  22.308  -11.430  46.730 0.0000000000
61631  22.155  -11.628  45.994 0.0000000000
159134  18.816  -13.443  45.278 0.0000000000
59461  19.460  -13.317  45.563 0.0000000000
59448  18.560  -13.387  46.581 0.0000000000
144988  18.066  -13.398  45.354 0.0000000000
59479  13.770  -13.439  43.754 0.0000000000
59466  14.545  -13.498  44.962 0.0000000000
63026  22.428  -10.348  38.193 0.0000000000
64443  23.025  -9.771  38.095 0.0000000000
64432  23.349  -9.839  39.448 0.0000000000
63006  22.937  -10.397  39.817 0.0000000000
61646  22.757  -11.381  44.169 0.0000000000
62942  23.207  -10.995  45.791 0.0000000000
50074  5.986  -20.607  54.832 0.0000000000
156232  6.591  -20.266  55.058 0.0000000000
88209  53.049  9.072  11.536 0.0000000000
88202  53.553  9.114  12.081 0.0000000000
89196  52.937  8.767  16.102 0.0000000000
155781  52.957  8.713  16.437 0.0000000000
88142  53.154  8.307  17.143 0.0000000000
89178  52.863  8.680  16.945 0.0000000000
87148  48.347  7.107  16.139 0.0000000000
87131  48.095  7.412  16.941 0.0000000000
84627  40.831  6.048  19.091 0.0000000000
85894  40.888  6.446  19.791 0.0000000000
85893  41.660  6.766  19.657 0.0000000000
158043  41.570  6.947  20.300 0.0000000000
82306  42.897  4.158  24.501 0.0000000000
82320  42.546  4.055  23.977 0.0000000000
83433  43.398  4.542  24.843 0.0000000000
77774  35.088  0.433  29.187 0.0000000000
77784  35.038  0.482  28.435 0.0000000000
138940  36.150  1.127  29.706 0.0000000000
78985  35.952  1.102  30.515 0.0000000000
71881  26.029  -4.661  32.356 0.0000000000
158348  26.626  -4.608  32.070 0.0000000000
71828  31.475  -4.015  34.401 0.0000000000
71851  31.007  -4.324  33.682 0.0000000000
71850  31.827  -4.045  33.681 0.0000000000
71836  32.313  -3.784  34.295 0.0000000000
76395  35.828  -0.988  36.168 0.0000000000
162981  35.341  -1.384  34.795 0.0000000000
75222  35.654  -0.822  34.688 0.0000000000
77644  35.943  -0.481  35.359 0.0000000000
84793  48.672  5.628  6.668 0.0000000000
84794  47.838  5.775  6.253 0.0000000000
83626  49.369  5.439  6.155 0.0000000000
155608  49.162  5.480  5.444 0.0000000000
83625  50.024  5.277  5.992 0.0000000000
84791  50.104  5.508  6.687 0.0000000000
87195  51.892  7.767  11.025 0.0000000000
87194  52.137  7.970  10.297 0.0000000000
88217  52.634  8.599  10.902 0.0000000000
89243  53.587  9.528  10.910 0.0000000000
84849  56.159  6.789  3.716 0.0000000000
84850  55.878  6.372  2.911 0.0000000000
151604  55.791  6.034  3.482 0.0000000000
83662  55.254  5.302  3.656 0.0000000000
87228  55.031  7.954  6.514 0.0000000000
87220  55.035  8.200  7.435 0.0000000000
64350  24.954  -9.931  45.912 0.0000000000
64359  25.644  -9.561  45.509 0.0000000000
55971  10.383  -15.766  48.854 0.0000000000
55962  10.565  -15.858  49.494 0.0000000000
156342  10.112  -16.163  49.445 0.0000000000
53634  9.225  -17.223  51.056 0.0000000000
144026  9.752  -16.809  50.987 0.0000000000
53624  9.217  -17.306  51.968 0.0000000000
53615  9.363  -17.290  52.975 0.0000000000
139458  40.266  4.409  13.334 0.0000000000
83570  40.663  4.318  13.894 0.0000000000
139620  39.926  2.041  27.406 0.0000000000
80135  40.621  2.372  28.588 0.0000000000
52411  3.955  -18.752  50.026 0.0000000000
68236  23.836  -6.292  33.785 0.0000000000
69348  25.399  -6.285  36.553 0.0000000000
68225  24.837  -6.177  35.438 0.0000000000
69355  25.571  -5.428  36.361 0.0000000000
69347  25.811  -5.851  37.040 0.0000000000
60598  21.180  -12.224  43.669 0.0000000000
60607  19.862  -12.878  42.933 0.0000000000
59490  19.472  -13.186  43.567 0.0000000000
164448  19.310  -13.151  43.041 0.0000000000
61706  20.987  -11.635  39.195 0.0000000000
61716  21.393  -11.362  38.712 0.0000000000
61705  21.668  -11.257  39.354 0.0000000000
60606  21.046  -12.105  42.193 0.0000000000
61674  21.658  -11.632  41.655 0.0000000000
160579  21.857  -11.749  43.141 0.0000000000
161819  18.631  -12.879  49.784 0.0000000000
144869  18.616  -12.846  50.415 0.0000000000
140231  50.945  7.026  11.974 0.0000000000
87182  51.377  7.336  12.423 0.0000000000
85981  50.847  6.992  12.785 0.0000000000
85972  50.573  6.954  13.557 0.0000000000
87154  51.723  7.990  14.664 0.0000000000
87155  50.863  7.495  14.816 0.0000000000
136178  46.865  7.617  18.256 0.0000000000
157102  47.679  8.164  18.487 0.0000000000
82419  36.715  3.114  17.408 0.0000000000
82418  37.470  3.295  17.174 0.0000000000
83492  38.618  4.509  19.077 0.0000000000
83500  38.878  4.589  18.825 0.0000000000
84614  39.233  5.092  19.421 0.0000000000
84603  39.822  5.722  19.784 0.0000000000
84594  39.859  5.564  20.296 0.0000000000
74178  31.999  -2.406  25.746 0.0000000000
75352  32.348  -1.970  26.150 0.0000000000
143341  32.887  -1.319  26.240 0.0000000000
160320  33.022  -1.713  27.081 0.0000000000
75291  33.971  -1.732  29.190 0.0000000000
76530  34.310  -0.927  29.275 0.0000000000
76529  34.726  -0.225  29.267 0.0000000000
76505  34.691  -0.764  29.979 0.0000000000
73010  28.244  -4.200  34.944 0.0000000000
71831  29.439  -3.952  35.497 0.0000000000
72996  30.821  -3.568  35.907 0.0000000000
71829  31.142  -3.841  35.159 0.0000000000
72981  31.293  -3.212  36.412 0.0000000000
84778  45.474  5.776  8.420 0.0000000000
84787  45.611  5.929  7.641 0.0000000000
84760  47.909  5.933  9.416 0.0000000000
84776  47.575  5.865  8.663 0.0000000000
136966  48.189  5.898  8.062 0.0000000000
136612  48.377  6.011  8.864 0.0000000000
148436  49.086  6.216  9.099 0.0000000000
85998  49.730  6.421  10.839 0.0000000000
85997  50.399  6.692  11.416 0.0000000000
87188  51.137  7.165  11.214 0.0000000000
86106  54.189  7.322  2.821 0.0000000000
146322  54.989  8.448  2.682 0.0000000000
87248  55.503  8.232  3.724 0.0000000000
87247  55.857  8.085  3.715 0.0000000000
87240  55.716  7.890  4.257 0.0000000000
87249  55.272  7.845  4.222 0.0000000000
86087  54.605  7.288  4.395 0.0000000000
84821  54.028  6.609  4.595 0.0000000000
84822  53.666  6.369  5.159 0.0000000000
65787  24.889  -8.662  39.801 0.0000000000
67035  25.263  -8.192  39.529 0.0000000000
65757  26.320  -8.285  42.049 0.0000000000
67017  26.207  -8.106  41.252 0.0000000000
67009  26.959  -7.893  42.424 0.0000000000
58230  14.011  -14.221  49.283 0.0000000000
58220  14.180  -14.313  50.135 0.0000000000
156775  12.942  -14.967  51.498 0.0000000000
57082  13.638  -14.640  51.354 0.0000000000
57062  13.301  -15.111  53.260 0.0000000000
55954  10.875  -15.915  50.676 0.0000000000
139186  11.504  -15.662  51.357 0.0000000000
84734  45.711  5.646  11.280 0.0000000000
157521  45.675  5.657  11.957 0.0000000000
84706  45.669  5.689  13.067 0.0000000000
84695  45.799  5.748  13.704 0.0000000000
84684  46.397  6.080  14.913 0.0000000000
144140  45.363  5.712  14.279 0.0000000000
83582  42.350  4.765  13.065 0.0000000000
84709  42.828  5.022  12.593 0.0000000000
83581  43.082  4.931  13.303 0.0000000000
84674  44.629  5.765  15.679 0.0000000000
143030  44.183  5.461  15.063 0.0000000000
84673  45.347  5.958  15.578 0.0000000000
85937  45.460  6.425  16.788 0.0000000000
85904  45.007  6.877  18.042 0.0000000000
87114  44.793  7.212  18.680 0.0000000000
136304  45.229  7.560  19.080 0.0000000000
87102  44.596  7.570  19.431 0.0000000000
79110  38.969  1.831  20.588 0.0000000000
155500  39.112  2.611  20.668 0.0000000000
80205  39.960  2.111  21.945 0.0000000000
81236  41.246  2.653  24.530 0.0000000000
81245  41.221  2.746  23.811 0.0000000000
164276  42.118  3.155  25.442 0.0000000000
81211  41.301  2.774  27.256 0.0000000000
81219  41.084  2.721  26.423 0.0000000000
81202  41.871  2.971  27.865 0.0000000000
82272  43.243  3.931  27.559 0.0000000000
82281  43.337  4.018  26.937 0.0000000000
83380  43.741  4.454  27.536 0.0000000000
71912  31.301  -4.542  28.903 0.0000000000
71911  31.891  -4.119  28.587 0.0000000000
84779  43.561  6.004  8.670 0.0000000000
136534  44.109  5.770  8.949 0.0000000000
84735  44.882  5.565  11.054 0.0000000000
155210  44.715  5.575  10.380 0.0000000000
52425  6.965  -18.340  48.265 0.0000000000
52417  6.877  -18.653  48.838 0.0000000000
51262  5.893  -20.124  51.088 0.0000000000
51255  5.999  -20.244  51.987 0.0000000000
51247  6.021  -20.329  53.089 0.0000000000
147244  5.293  -20.834  53.098 0.0000000000
50097  4.066  -20.341  51.543 0.0000000000
136384  4.099  -20.653  52.228 0.0000000000
138171  36.055  3.262  17.845 0.0000000000
82373  36.196  3.214  18.032 0.0000000000
80238  35.075  2.068  18.512 0.0000000000
80251  35.128  2.711  18.293 0.0000000000
80237  35.648  2.553  18.524 0.0000000000
81303  36.145  2.842  18.488 0.0000000000
80235  36.984  2.295  19.181 0.0000000000
80225  37.579  2.183  19.581 0.0000000000
79121  37.225  1.402  19.479 0.0000000000
77933  37.373  0.597  20.095 0.0000000000
77906  38.067  0.742  20.630 0.0000000000
77884  38.133  0.536  21.533 0.0000000000
79080  38.744  0.966  22.044 0.0000000000
76662  35.812  -0.450  20.052 0.0000000000
76627  36.223  -0.449  21.421 0.0000000000
77852  36.988  0.451  23.459 0.0000000000
77870  37.276  0.326  22.664 0.0000000000
79056  38.165  1.046  23.765 0.0000000000
136143  38.060  1.141  24.550 0.0000000000
79042  38.024  1.169  25.347 0.0000000000
79019  38.053  1.142  26.946 0.0000000000
154210  38.572  1.344  28.013 0.0000000000
80146  38.774  1.472  28.603 0.0000000000
78998  38.052  1.231  28.493 0.0000000000
71882  25.458  -4.729  31.961 0.0000000000
70624  24.503  -5.296  33.867 0.0000000000
70641  24.351  -5.076  32.787 0.0000000000
70612  24.969  -5.014  34.177 0.0000000000
71843  25.871  -4.799  34.491 0.0000000000
71858  25.268  -4.924  34.152 0.0000000000
71842  26.356  -4.665  34.365 0.0000000000
71841  27.044  -4.457  34.462 0.0000000000
73012  26.836  -4.452  34.974 0.0000000000
157510  27.139  -4.092  36.604 0.0000000000
72985  27.459  -4.043  36.191 0.0000000000
137027  27.582  -3.850  36.964 0.0000000000
72973  28.198  -3.486  37.223 0.0000000000
67042  25.939  -7.527  38.982 0.0000000000
67048  25.607  -7.491  38.468 0.0000000000
67041  26.489  -7.252  39.244 0.0000000000
68189  26.792  -6.567  38.801 0.0000000000
69329  26.953  -5.730  38.657 0.0000000000
148715  27.650  -3.674  40.419 0.0000000000
70537  27.634  -4.646  40.033 0.0000000000
138327  27.572  -4.006  39.491 0.0000000000
71805  27.322  -4.263  38.770 0.0000000000
162484  27.316  -4.133  38.480 0.0000000000
71808  27.602  -3.713  38.967 0.0000000000
74048  28.035  -2.764  39.325 0.0000000000
62924  23.565  -10.227  48.136 0.0000000000
62914  23.175  -10.417  48.913 0.0000000000
152905  22.961  -10.691  47.850 0.0000000000
61616  21.238  -11.742  48.401 0.0000000000
61632  21.551  -12.038  45.876 0.0000000000
60574  20.897  -12.536  45.843 0.0000000000
60559  19.903  -12.776  47.966 0.0000000000
59414  19.379  -12.821  48.522 0.0000000000
163505  19.319  -13.062  47.805 0.0000000000
59436  17.925  -13.372  47.030 0.0000000000
59425  17.619  -13.394  47.750 0.0000000000
59426  16.872  -13.579  47.960 0.0000000000
136743  16.862  -13.174  41.867 0.0000000000
138206  17.684  -13.213  41.774 0.0000000000
59492  17.725  -13.280  43.279 0.0000000000
59525  15.575  -13.006  41.518 0.0000000000
138433  15.391  -13.103  42.274 0.0000000000
59494  15.660  -13.225  43.579 0.0000000000
155137  16.017  -13.246  44.189 0.0000000000
138770  16.751  -13.279  44.264 0.0000000000
59464  16.319  -13.264  44.890 0.0000000000
136828  16.734  -13.303  45.408 0.0000000000
141508  15.566  -13.542  46.521 0.0000000000
59439  15.238  -13.699  46.957 0.0000000000
58240  14.707  -14.020  48.165 0.0000000000
58250  13.702  -14.043  47.344 0.0000000000
58251  13.012  -14.231  47.186 0.0000000000
58243  12.550  -14.416  47.775 0.0000000000
58252  12.329  -14.424  47.003 0.0000000000
59481  12.411  -13.957  44.651 0.0000000000
58262  10.804  -14.682  45.639 0.0000000000
58261  11.464  -14.502  45.943 0.0000000000
57110  10.804  -15.239  47.753 0.0000000000
57117  10.634  -15.196  46.961 0.0000000000
57118  9.902  -15.429  46.646 0.0000000000
55992  9.229  -15.775  46.262 0.0000000000
55980  9.099  -16.331  47.526 0.0000000000
55986  8.784  -16.232  46.740 0.0000000000
54904  7.351  -16.897  46.094 0.0000000000
162207  7.000  -17.428  46.612 0.0000000000
54905  6.713  -17.012  46.136 0.0000000000
65871  22.542  -8.078  33.919 0.0000000000
156249  23.063  -7.660  34.192 0.0000000000
138409  23.407  -7.935  35.266 0.0000000000
64477  21.809  -9.468  34.728 0.0000000000
164182  22.185  -9.455  35.332 0.0000000000
65812  23.453  -9.096  37.631 0.0000000000
65825  23.816  -8.564  37.185 0.0000000000
65800  24.224  -8.844  38.696 0.0000000000
64431  23.809  -9.354  39.085 0.0000000000
147358  24.058  -9.701  40.542 0.0000000000
64412  24.208  -9.865  41.257 0.0000000000
64401  24.368  -9.952  41.875 0.0000000000
62994  22.733  -10.869  41.047 0.0000000000
62972  23.569  -10.898  43.492 0.0000000000
62960  24.011  -10.677  43.905 0.0000000000
62950  24.528  -10.413  44.400 0.0000000000
137224  24.102  -9.779  48.395 0.0000000000
62896  22.897  -10.720  49.926 0.0000000000
159540  14.906  -14.282  51.338 0.0000000000
58208  15.661  -14.141  51.259 0.0000000000
58198  15.272  -14.245  52.152 0.0000000000
52396  7.710  -18.545  50.954 0.0000000000
137946  7.619  -18.758  51.733 0.0000000000
51242  7.585  -19.014  54.257 0.0000000000
158951  7.829  -18.664  53.462 0.0000000000
51237  7.823  -19.345  55.025 0.0000000000
52376  8.422  -18.781  54.920 0.0000000000
157846  8.253  -19.479  55.275 0.0000000000
157709  53.383  8.719  13.191 0.0000000000
161744  53.530  8.166  15.467 0.0000000000
84692  47.733  6.062  13.522 0.0000000000
85983  48.490  6.207  13.301 0.0000000000
85975  48.268  6.332  14.063 0.0000000000
87147  49.081  7.291  15.898 0.0000000000
87157  49.333  6.973  15.194 0.0000000000
159138  50.276  7.893  16.055 0.0000000000
88169  51.065  8.335  16.044 0.0000000000
88170  50.427  8.419  16.621 0.0000000000
88137  48.960  8.697  18.154 0.0000000000
88146  49.282  8.434  17.464 0.0000000000
143623  51.014  9.995  18.488 0.0000000000
89163  51.548  9.837  18.533 0.0000000000
89171  51.933  9.483  17.906 0.0000000000
89162  51.898  9.356  18.514 0.0000000000
89161  52.354  8.909  18.050 0.0000000000
82446  39.381  3.781  14.749 0.0000000000
82461  39.014  3.866  13.961 0.0000000000
82445  40.117  4.012  14.800 0.0000000000
82431  40.628  4.142  15.234 0.0000000000
82414  40.437  4.199  15.918 0.0000000000
82394  38.782  3.932  17.356 0.0000000000
82416  39.005  3.757  16.422 0.0000000000
84640  41.018  5.584  18.301 0.0000000000
136154  40.500  4.797  17.426 0.0000000000
83513  41.100  5.174  17.564 0.0000000000
83512  41.625  5.138  17.030 0.0000000000
84638  42.613  5.796  17.498 0.0000000000
84625  42.337  6.109  18.219 0.0000000000
136366  42.862  7.745  20.467 0.0000000000
85891  43.211  7.047  19.257 0.0000000000
87090  43.492  7.754  20.176 0.0000000000
88122  44.162  7.958  20.162 0.0000000000
140377  44.211  8.538  21.001 0.0000000000
81280  39.983  3.449  21.432 0.0000000000
82353  39.666  4.071  21.063 0.0000000000
82344  40.190  4.027  21.555 0.0000000000
83456  41.994  4.751  22.813 0.0000000000
83464  41.528  5.144  22.265 0.0000000000
84583  41.516  5.787  21.859 0.0000000000
84584  40.970  5.881  21.320 0.0000000000
84582  42.069  6.257  21.922 0.0000000000
85840  44.511  7.066  23.605 0.0000000000
84560  44.159  6.212  23.687 0.0000000000
85849  43.851  6.902  22.981 0.0000000000
85858  42.687  6.875  21.933 0.0000000000
87056  43.322  7.306  22.279 0.0000000000
87067  42.904  7.714  21.638 0.0000000000
87066  43.502  8.031  22.025 0.0000000000
76620  33.252  -1.085  23.369 0.0000000000
76609  34.453  -0.696  23.544 0.0000000000
77856  34.294  -0.601  24.278 0.0000000000
163770  33.511  -0.655  26.453 0.0000000000
76594  33.241  -0.808  25.748 0.0000000000
142356  33.884  -0.348  26.630 0.0000000000
77796  35.011  0.334  27.618 0.0000000000
77809  34.800  0.106  26.722 0.0000000000
77808  35.521  0.375  26.868 0.0000000000
77825  35.196  0.080  25.539 0.0000000000
136444  35.356  0.202  26.125 0.0000000000
79022  36.053  0.465  26.185 0.0000000000
164081  36.303  0.809  27.496 0.0000000000
78983  36.989  1.351  29.908 0.0000000000
78991  36.857  1.166  29.164 0.0000000000
80128  37.803  1.513  30.170 0.0000000000
156311  38.308  1.425  29.602 0.0000000000
80115  38.320  1.698  30.823 0.0000000000
71853  28.915  -4.528  33.672 0.0000000000
71868  28.517  -4.611  33.027 0.0000000000
71867  29.369  -4.673  33.031 0.0000000000
70655  30.103  -4.922  31.801 0.0000000000
143866  29.478  -4.971  31.780 0.0000000000
70673  29.946  -5.048  31.163 0.0000000000
164370  30.424  -5.013  30.883 0.0000000000
71863  32.356  -3.959  32.270 0.0000000000
71877  32.484  -3.886  31.499 0.0000000000
71890  32.574  -3.791  30.854 0.0000000000
75189  31.519  -1.758  38.730 0.0000000000
74046  32.255  -1.859  38.621 0.0000000000
74055  32.740  -2.391  38.112 0.0000000000
74070  33.003  -2.710  37.457 0.0000000000
72970  33.358  -2.962  36.843 0.0000000000
74080  35.152  -2.132  36.375 0.0000000000
74067  35.147  -2.175  36.978 0.0000000000
74089  34.291  -2.841  36.110 0.0000000000
72993  33.761  -3.107  35.755 0.0000000000
146607  34.283  -2.812  35.406 0.0000000000
159311  33.583  -3.230  34.773 0.0000000000
74094  34.106  -2.815  34.631 0.0000000000
74099  34.499  -2.021  33.140 0.0000000000
164584  34.504  -2.156  33.709 0.0000000000
74110  33.939  -2.528  31.966 0.0000000000
74105  34.387  -2.040  32.306 0.0000000000
75247  34.332  -1.992  31.522 0.0000000000
75246  34.716  -1.534  31.887 0.0000000000
76464  35.310  -0.584  32.249 0.0000000000
160308  35.625  -0.097  32.623 0.0000000000
77725  35.625  0.108  32.042 0.0000000000
77709  35.883  0.491  32.609 0.0000000000
148400  36.619  1.034  35.670 0.0000000000
80072  36.922  1.665  35.642 0.0000000000
80089  36.901  2.055  34.050 0.0000000000
78962  36.262  1.133  32.599 0.0000000000
140030  36.704  1.702  32.595 0.0000000000
80107  36.730  1.665  31.725 0.0000000000
80097  37.252  2.112  33.002 0.0000000000
88266  51.040  8.574  4.135 0.0000000000
86048  45.831  6.532  6.310 0.0000000000
84809  46.386  6.262  6.343 0.0000000000
84840  49.897  5.673  4.326 0.0000000000
164497  50.812  6.097  3.735 0.0000000000
84839  50.604  5.675  4.009 0.0000000000
83666  51.089  5.295  4.125 0.0000000000
84806  51.413  5.582  6.383 0.0000000000
151119  51.895  5.363  5.830 0.0000000000
136128  52.256  5.938  6.455 0.0000000000
140323  53.179  6.614  6.366 0.0000000000
86047  52.545  6.638  7.042 0.0000000000
84774  50.145  6.388  8.744 0.0000000000
84773  50.759  6.433  8.397 0.0000000000
86015  51.300  6.841  9.088 0.0000000000
87214  53.084  8.080  8.703 0.0000000000
87222  53.336  7.784  7.902 0.0000000000
87213  54.124  8.475  8.253 0.0000000000
88236  54.781  8.848  8.745 0.0000000000
88214  54.827  9.025  10.003 0.0000000000
88275  56.031  8.871  2.332 0.0000000000
150560  55.924  9.211  1.851 0.0000000000
54872  9.428  -16.288  48.230 0.0000000000
54849  9.590  -16.594  49.540 0.0000000000
54860  9.245  -16.655  48.823 0.0000000000
54850  9.141  -17.157  50.128 0.0000000000
53635  8.682  -17.640  50.697 0.0000000000
80136  40.074  2.007  29.034 0.0000000000
142179  24.148  -6.926  34.929 0.0000000000
68226  24.463  -6.833  35.432 0.0000000000
161131  20.857  -12.279  42.724 0.0000000000
60615  19.821  -12.743  42.079 0.0000000000
153907  19.255  -12.953  41.556 0.0000000000
60613  20.928  -12.047  41.297 0.0000000000
149947  17.555  -13.395  49.688 0.0000000000
59406  18.037  -13.198  50.457 0.0000000000
159378  17.439  -13.442  50.443 0.0000000000
59398  17.057  -13.610  51.000 0.0000000000
58207  16.612  -13.899  51.625 0.0000000000
85989  50.241  6.647  12.189 0.0000000000
85990  49.486  6.371  12.322 0.0000000000
85973  49.811  6.655  13.712 0.0000000000
141014  46.755  8.407  19.413 0.0000000000
88119  47.428  8.809  19.525 0.0000000000
89143  47.290  9.366  20.333 0.0000000000
90175  47.835  10.100  20.875 0.0000000000
82380  37.730  3.531  17.737 0.0000000000
83486  38.200  4.065  19.170 0.0000000000
83484  38.954  4.632  20.141 0.0000000000
73064  32.668  -3.069  27.840 0.0000000000
74150  32.907  -2.391  27.471 0.0000000000
75317  33.343  -1.755  27.850 0.0000000000
75292  33.521  -2.188  28.671 0.0000000000
142298  28.461  -3.685  36.615 0.0000000000
73009  28.646  -4.025  35.474 0.0000000000
72998  28.954  -3.776  36.134 0.0000000000
74083  29.978  -3.042  36.940 0.0000000000
74072  30.834  -2.804  37.071 0.0000000000
136702  46.699  5.753  9.795 0.0000000000
136607  47.532  5.853  9.993 0.0000000000
163732  48.116  5.979  9.973 0.0000000000
136073  48.583  6.082  10.278 0.0000000000
140784  53.687  7.430  2.360 0.0000000000
86105  54.566  7.367  3.587 0.0000000000
84851  53.834  6.652  3.177 0.0000000000
84837  53.357  5.992  3.489 0.0000000000
83664  52.698  5.498  3.728 0.0000000000
65759  25.172  -9.030  41.258 0.0000000000
65745  25.825  -8.843  42.378 0.0000000000
58231  13.159  -14.359  49.199 0.0000000000
58221  13.466  -14.404  49.912 0.0000000000
57092  12.693  -14.649  49.829 0.0000000000
57083  12.571  -14.939  50.719 0.0000000000
57073  12.269  -15.248  51.492 0.0000000000
155267  10.633  -16.602  53.611 0.0000000000
139309  44.321  5.463  11.593 0.0000000000
84721  44.527  5.479  12.419 0.0000000000
152581  44.437  5.434  13.268 0.0000000000
83568  43.216  4.908  13.961 0.0000000000
83557  42.863  4.790  14.590 0.0000000000
84688  43.408  5.215  15.219 0.0000000000
84657  44.333  5.906  16.378 0.0000000000
85938  44.753  6.305  16.897 0.0000000000
85939  44.056  6.133  17.057 0.0000000000
85921  43.808  6.376  17.750 0.0000000000
79067  39.747  1.614  22.382 0.0000000000
141818  40.235  2.077  22.691 0.0000000000
80186  40.144  1.926  23.513 0.0000000000
81246  40.656  2.244  24.131 0.0000000000
81227  41.133  2.652  25.255 0.0000000000
81201  42.330  3.247  28.318 0.0000000000
157902  44.044  5.485  10.739 0.0000000000
52426  5.645  -18.587  47.988 0.0000000000
51275  6.201  -19.099  48.987 0.0000000000
51268  5.566  -19.454  49.230 0.0000000000
162604  5.484  -19.791  49.824 0.0000000000
50101  5.320  -20.289  50.741 0.0000000000
150569  35.718  1.734  18.801 0.0000000000
79122  36.488  1.339  19.132 0.0000000000
148504  36.778  0.295  19.983 0.0000000000
137589  36.879  0.018  20.553 0.0000000000
76628  35.553  -0.740  21.682 0.0000000000
77887  36.052  -0.333  22.255 0.0000000000
79043  37.450  0.958  24.930 0.0000000000
161715  37.053  0.838  25.197 0.0000000000
157682  37.322  0.948  25.700 0.0000000000
79020  37.406  0.974  26.570 0.0000000000
71884  24.702  -4.917  32.521 0.0000000000
70606  25.479  -5.005  35.097 0.0000000000
71833  25.974  -4.770  35.141 0.0000000000
72987  26.475  -4.551  35.630 0.0000000000
73001  26.725  -4.451  35.418 0.0000000000
72975  27.264  -4.000  37.341 0.0000000000
68173  27.338  -7.051  40.403 0.0000000000
68180  27.703  -6.306  40.139 0.0000000000
162751  23.153  -10.872  46.474 0.0000000000
61622  22.806  -11.022  46.975 0.0000000000
162371  22.036  -11.556  47.101 0.0000000000
59460  20.242  -12.956  45.466 0.0000000000
59447  19.913  -13.131  46.045 0.0000000000
154520  19.330  -13.295  46.465 0.0000000000
59435  18.845  -13.292  47.274 0.0000000000
136945  17.203  -13.361  46.477 0.0000000000
59510  14.630  -13.107  42.391 0.0000000000
59495  15.031  -13.253  43.621 0.0000000000
137901  15.346  -13.269  44.156 0.0000000000
59465  15.646  -13.330  45.282 0.0000000000
144888  15.131  -13.332  44.755 0.0000000000
158233  15.024  -13.433  45.310 0.0000000000
153287  14.598  -13.619  45.646 0.0000000000
59440  14.180  -13.889  46.831 0.0000000000
59453  13.949  -13.837  46.004 0.0000000000
59454  13.235  -14.025  45.994 0.0000000000
57125  10.397  -15.079  46.132 0.0000000000
63036  21.916  -10.506  36.876 0.0000000000
64460  22.206  -10.039  36.417 0.0000000000
64459  22.728  -9.453  36.469 0.0000000000
154130  22.440  -9.919  36.926 0.0000000000
64421  23.480  -10.004  40.192 0.0000000000
62992  23.654  -10.177  40.909 0.0000000000
61664  22.335  -11.515  42.885 0.0000000000
61654  22.971  -11.255  43.377 0.0000000000
62961  23.404  -11.023  44.079 0.0000000000
62941  23.800  -10.706  45.446 0.0000000000
51246  6.637  -19.716  52.590 0.0000000000
51243  6.761  -19.608  53.720 0.0000000000
51238  7.081  -19.688  54.896 0.0000000000
88179  52.785  8.557  14.573 0.0000000000
147821  53.251  8.505  15.571 0.0000000000
87143  53.542  7.992  16.011 0.0000000000
87119  53.369  7.834  16.847 0.0000000000
87120  52.997  7.819  17.715 0.0000000000
85965  48.038  6.466  14.837 0.0000000000
87130  49.207  8.015  16.909 0.0000000000
89154  49.775  10.253  19.421 0.0000000000
89164  50.441  10.190  18.865 0.0000000000
82433  39.186  3.716  15.571 0.0000000000
83499  39.519  4.944  18.586 0.0000000000
83514  39.994  4.897  18.024 0.0000000000
84628  40.110  5.489  18.812 0.0000000000
84626  41.584  6.034  18.573 0.0000000000
85908  42.035  6.456  18.940 0.0000000000
87105  42.014  7.148  19.984 0.0000000000
152282  41.380  3.509  22.983 0.0000000000
82335  41.255  4.027  22.558 0.0000000000
82334  41.780  4.000  23.082 0.0000000000
83448  42.337  4.354  23.425 0.0000000000
83455  42.584  5.050  23.064 0.0000000000
162915  44.473  8.206  23.057 0.0000000000
75397  32.545  -1.264  23.632 0.0000000000
76611  33.029  -0.996  24.138 0.0000000000
139970  34.120  -0.278  27.758 0.0000000000
77785  34.579  0.065  28.023 0.0000000000
79002  35.411  0.669  28.183 0.0000000000
79001  36.061  0.928  28.181 0.0000000000
80129  37.095  1.557  30.532 0.0000000000
71852  30.133  -4.406  34.018 0.0000000000
71866  30.232  -4.626  33.118 0.0000000000
71865  31.050  -4.510  32.778 0.0000000000
70637  30.528  -4.768  32.250 0.0000000000
71879  31.209  -4.576  31.972 0.0000000000
71864  31.708  -4.298  32.486 0.0000000000
154356  32.134  -4.013  33.008 0.0000000000
73024  32.861  -3.606  32.906 0.0000000000
163393  33.324  -1.753  39.779 0.0000000000
75174  34.020  -2.063  39.496 0.0000000000
74044  34.182  -2.337  38.678 0.0000000000
74088  34.670  -2.334  34.968 0.0000000000
75215  35.150  -1.824  35.224 0.0000000000
75223  34.988  -1.800  34.525 0.0000000000
150455  34.895  -1.499  33.132 0.0000000000
76446  35.111  -1.077  32.765 0.0000000000
76429  35.227  -1.101  33.448 0.0000000000
76428  35.653  -0.485  33.858 0.0000000000
77693  36.033  0.338  33.879 0.0000000000
136965  47.277  5.840  6.990 0.0000000000
138192  47.050  5.993  6.325 0.0000000000
84824  49.462  5.539  4.896 0.0000000000
83653  50.104  5.252  4.836 0.0000000000
83652  50.882  5.102  4.836 0.0000000000
83639  50.385  5.126  5.484 0.0000000000
84807  50.640  5.319  6.207 0.0000000000
147737  50.918  6.859  9.860 0.0000000000
87203  51.730  7.313  9.723 0.0000000000
87202  52.546  7.997  9.549 0.0000000000
88226  53.442  8.738  9.458 0.0000000000
88225  54.345  9.109  9.471 0.0000000000
88215  53.876  9.535  10.133 0.0000000000
86122  56.239  7.716  2.728 0.0000000000
87227  55.263  7.492  5.925 0.0000000000
86037  55.272  7.456  7.866 0.0000000000
64369  25.442  -9.766  44.209 0.0000000000
160448  25.687  -9.602  44.768 0.0000000000
65700  26.194  -8.974  46.093 0.0000000000
64336  25.539  -9.080  47.745 0.0000000000
57093  11.478  -15.266  49.627 0.0000000000
57094  10.938  -15.455  49.217 0.0000000000
54839  10.261  -16.371  50.857 0.0000000000
143608  9.778  -16.609  50.291 0.0000000000
54831  10.104  -16.616  51.629 0.0000000000
54832  9.778  -16.895  52.323 0.0000000000
53610  9.715  -17.391  54.164 0.0000000000
53607  9.223  -17.833  54.438 0.0000000000
83583  41.576  4.709  12.828 0.0000000000
145235  41.857  4.520  13.569 0.0000000000
162760  41.763  4.401  14.594 0.0000000000
83559  41.388  4.369  14.998 0.0000000000
80167  39.244  1.830  25.390 0.0000000000
80157  39.905  2.055  25.827 0.0000000000
81212  40.519  2.453  26.939 0.0000000000
81203  41.222  2.718  28.165 0.0000000000
81194  41.239  2.673  28.947 0.0000000000
81193  41.824  2.980  29.268 0.0000000000
51270  4.347  -19.316  49.805 0.0000000000
51263  3.924  -19.396  50.589 0.0000000000
52398  3.331  -18.885  51.305 0.0000000000
137051  3.121  -20.433  52.826 0.0000000000
76617  35.359  -0.598  22.504 0.0000000000
77873  35.102  -0.414  23.313 0.0000000000
69375  24.129  -5.688  33.656 0.0000000000
69369  24.694  -5.379  34.492 0.0000000000
69363  24.520  -6.122  34.838 0.0000000000
69362  25.001  -5.470  35.154 0.0000000000
70592  25.467  -5.175  35.686 0.0000000000
70581  26.016  -5.099  36.854 0.0000000000
61647  22.093  -11.687  44.289 0.0000000000
61639  21.948  -11.798  45.128 0.0000000000
61648  21.428  -12.132  44.376 0.0000000000
60589  20.918  -12.454  44.670 0.0000000000
159060  20.633  -12.431  43.236 0.0000000000
60590  20.334  -12.812  44.622 0.0000000000
59475  19.693  -13.204  44.305 0.0000000000
59476  19.242  -13.375  44.821 0.0000000000
59511  13.848  -13.156  42.388 0.0000000000
137741  13.601  -13.342  43.004 0.0000000000
59480  13.136  -13.677  44.208 0.0000000000
59497  13.019  -13.508  43.313 0.0000000000
63027  21.993  -10.889  38.635 0.0000000000
63017  22.306  -10.799  39.506 0.0000000000
61673  22.439  -11.222  41.657 0.0000000000
160986  22.216  -11.467  42.234 0.0000000000
88203  52.652  8.528  12.203 0.0000000000
87181  51.944  7.900  12.604 0.0000000000
87172  52.004  7.984  13.267 0.0000000000
87173  51.329  7.373  13.445 0.0000000000
87164  51.965  8.014  13.963 0.0000000000
87144  52.245  8.484  15.179 0.0000000000
88168  52.064  8.690  15.803 0.0000000000
87132  47.327  7.143  17.058 0.0000000000
146945  47.632  7.501  17.512 0.0000000000
88138  48.182  8.281  18.244 0.0000000000
89165  48.564  8.907  18.756 0.0000000000
89156  48.163  9.053  19.287 0.0000000000
89155  48.877  9.595  19.344 0.0000000000
81348  37.727  3.168  16.167 0.0000000000
152152  38.646  4.144  18.097 0.0000000000
83517  38.144  3.908  17.987 0.0000000000
137097  39.151  4.702  18.656 0.0000000000
154340  40.030  5.858  19.764 0.0000000000
163577  43.791  4.673  25.766 0.0000000000
154665  43.818  4.846  25.216 0.0000000000
158336  31.988  -1.582  24.759 0.0000000000
75386  32.341  -1.201  24.811 0.0000000000
75316  33.789  -0.896  27.933 0.0000000000
76552  34.302  -0.412  28.512 0.0000000000
71855  27.258  -4.491  33.875 0.0000000000
71869  27.512  -4.551  33.048 0.0000000000
138979  28.535  -4.368  34.358 0.0000000000
149266  29.346  -4.400  34.246 0.0000000000
71838  29.823  -4.194  34.792 0.0000000000
161114  31.833  -3.781  34.935 0.0000000000
86040  45.067  6.315  7.149 0.0000000000
84786  46.209  5.900  7.437 0.0000000000
136697  46.788  5.847  7.589 0.0000000000
154690  46.816  5.792  8.890 0.0000000000
154818  46.981  5.819  8.229 0.0000000000
84785  48.792  5.814  7.538 0.0000000000
136942  49.514  6.044  7.887 0.0000000000
151419  49.583  6.273  8.581 0.0000000000
84759  49.272  6.293  9.967 0.0000000000
138845  50.138  6.531  9.976 0.0000000000
88276  55.108  9.646  1.673 0.0000000000
89290  55.805  9.021  2.784 0.0000000000
87255  56.062  8.382  2.866 0.0000000000
86103  56.132  7.586  3.432 0.0000000000
84834  56.085  6.831  4.491 0.0000000000
86069  56.007  7.313  4.759 0.0000000000
86053  55.792  7.572  4.882 0.0000000000
87242  55.177  7.703  4.909 0.0000000000
87233  55.552  7.641  5.142 0.0000000000
86054  54.627  7.744  5.885 0.0000000000
86046  54.208  7.634  6.421 0.0000000000
65810  24.527  -8.350  38.397 0.0000000000
67049  25.019  -7.948  38.421 0.0000000000
67034  25.921  -7.823  39.606 0.0000000000
65771  25.608  -8.484  40.876 0.0000000000
67026  26.114  -7.981  40.438 0.0000000000
67025  26.797  -7.627  40.807 0.0000000000
67015  27.477  -7.385  41.993 0.0000000000
65715  25.966  -9.299  44.293 0.0000000000
65730  26.203  -8.940  43.671 0.0000000000
65729  26.719  -8.423  43.705 0.0000000000
66997  27.173  -7.993  44.232 0.0000000000
67003  27.200  -7.859  43.293 0.0000000000
58228  15.510  -14.046  49.322 0.0000000000
58218  15.533  -14.097  50.172 0.0000000000
58219  14.813  -14.177  49.705 0.0000000000
58199  14.492  -14.373  51.849 0.0000000000
58211  13.727  -14.462  50.548 0.0000000000
57071  14.121  -14.693  52.420 0.0000000000
136987  13.850  -14.929  53.045 0.0000000000
57074  11.447  -15.455  50.400 0.0000000000
160805  11.948  -15.263  50.791 0.0000000000
55936  12.016  -15.542  52.386 0.0000000000
54824  11.142  -16.205  53.481 0.0000000000
136507  11.815  -15.831  53.347 0.0000000000
57050  12.601  -15.434  53.476 0.0000000000
84733  46.909  5.727  11.682 0.0000000000
84718  47.367  5.817  12.232 0.0000000000
84719  46.655  5.755  12.365 0.0000000000
84704  47.084  5.876  13.032 0.0000000000
84693  47.115  5.992  13.743 0.0000000000
138037  45.331  5.621  12.442 0.0000000000
164308  46.066  5.764  13.348 0.0000000000
84683  46.789  6.041  14.304 0.0000000000
85966  47.184  6.328  15.024 0.0000000000
157495  46.630  6.307  15.453 0.0000000000
85956  47.112  6.516  15.861 0.0000000000
84696  44.500  5.478  14.186 0.0000000000
84685  45.697  5.888  14.925 0.0000000000
85957  46.429  6.403  16.038 0.0000000000
85935  46.897  6.690  16.565 0.0000000000
85917  46.617  6.920  17.230 0.0000000000
87124  46.275  7.246  17.912 0.0000000000
85919  45.206  6.611  17.418 0.0000000000
87125  45.604  6.941  17.835 0.0000000000
87112  46.349  7.673  18.625 0.0000000000
135990  46.086  8.326  19.675 0.0000000000
88121  45.525  8.501  20.277 0.0000000000
152882  37.834  2.876  19.791 0.0000000000
81290  38.158  3.460  19.905 0.0000000000
149047  40.015  2.758  21.579 0.0000000000
81270  40.441  3.240  21.989 0.0000000000
80196  40.716  2.697  22.621 0.0000000000
81257  41.603  3.295  23.504 0.0000000000
149787  42.286  3.598  24.435 0.0000000000
82305  43.056  4.083  25.115 0.0000000000
81228  40.524  2.327  25.518 0.0000000000
156467  40.945  2.621  25.845 0.0000000000
81226  41.632  2.888  25.764 0.0000000000
81209  42.391  3.278  27.724 0.0000000000
82274  42.387  3.270  26.638 0.0000000000
82283  42.365  3.275  25.931 0.0000000000
82282  42.878  3.683  26.416 0.0000000000
82292  42.969  3.846  25.690 0.0000000000
139130  43.492  4.229  26.184 0.0000000000
71924  31.818  -3.997  27.860 0.0000000000
73050  32.423  -3.712  28.929 0.0000000000
73043  32.654  -3.670  29.617 0.0000000000
75191  29.888  -2.005  38.575 0.0000000000
75177  31.044  -1.576  39.299 0.0000000000
136630  44.737  5.775  8.623 0.0000000000
84761  45.295  5.682  9.164 0.0000000000
136700  45.017  5.618  9.812 0.0000000000
136701  45.786  5.679  9.816 0.0000000000
136704  46.210  5.678  10.577 0.0000000000
155167  46.455  5.690  11.241 0.0000000000
87258  52.656  7.905  2.648 0.0000000000
87259  52.042  7.499  3.164 0.0000000000
53644  7.966  -17.937  49.583 0.0000000000
52416  7.487  -18.144  48.812 0.0000000000
52397  7.099  -19.150  51.253 0.0000000000
51267  6.162  -19.492  49.824 0.0000000000
51261  6.412  -19.635  50.720 0.0000000000
50109  4.458  -19.874  50.282 0.0000000000
50102  4.647  -20.361  50.902 0.0000000000
50075  5.265  -21.141  54.528 0.0000000000
82397  36.873  3.195  17.765 0.0000000000
82381  36.987  3.229  18.057 0.0000000000
81301  37.566  3.179  19.121 0.0000000000
81302  36.943  2.974  18.921 0.0000000000
80224  38.255  2.013  20.025 0.0000000000
79111  38.426  1.363  20.385 0.0000000000
79096  39.242  1.462  21.382 0.0000000000
79079  39.343  1.350  22.067 0.0000000000
79068  39.199  1.263  22.823 0.0000000000
79055  38.783  1.210  23.503 0.0000000000
77955  35.474  -0.083  19.352 0.0000000000
77934  36.431  -0.093  20.167 0.0000000000
77886  36.834  -0.026  21.948 0.0000000000
77885  37.540  0.291  21.961 0.0000000000
77869  37.980  0.590  22.422 0.0000000000
80188  38.702  1.381  24.186 0.0000000000
80158  39.236  1.838  26.196 0.0000000000
80152  39.247  1.789  27.006 0.0000000000
80159  38.631  1.489  26.569 0.0000000000
80145  39.226  1.700  27.913 0.0000000000
80137  39.422  1.778  28.758 0.0000000000
141230  39.574  1.809  29.396 0.0000000000
80126  39.361  1.745  29.984 0.0000000000
71870  26.173  -4.708  32.891 0.0000000000
162755  25.334  -4.859  33.513 0.0000000000
161692  25.143  -4.834  32.934 0.0000000000
138981  25.625  -4.816  33.302 0.0000000000
71856  26.156  -4.714  33.689 0.0000000000
140099  26.689  -4.588  33.411 0.0000000000
73011  27.523  -4.259  35.056 0.0000000000
73000  27.658  -4.108  35.624 0.0000000000
72999  28.161  -3.939  36.010 0.0000000000
161627  28.727  -3.076  37.516 0.0000000000
74059  28.875  -2.660  38.048 0.0000000000
68201  25.220  -7.452  37.737 0.0000000000
68200  25.869  -6.976  38.011 0.0000000000
68199  26.333  -6.622  38.251 0.0000000000
69340  26.101  -6.308  37.702 0.0000000000
136614  27.894  -6.058  41.058 0.0000000000
69316  27.582  -5.494  39.689 0.0000000000
70554  27.059  -4.888  38.623 0.0000000000
72966  27.359  -3.991  38.158 0.0000000000
141491  27.643  -3.654  38.100 0.0000000000
72962  27.847  -3.024  39.527 0.0000000000
74061  28.007  -3.131  38.558 0.0000000000
74060  28.406  -2.696  38.544 0.0000000000
75192  29.161  -2.236  38.551 0.0000000000
64308  24.102  -9.909  49.557 0.0000000000
162265  22.912  -10.533  49.487 0.0000000000
161551  22.594  -10.752  48.496 0.0000000000
61607  22.170  -10.906  49.893 0.0000000000
61608  21.447  -11.302  49.564 0.0000000000
162324  21.448  -12.001  47.001 0.0000000000
60567  20.691  -12.642  46.628 0.0000000000
60566  21.050  -12.233  47.357 0.0000000000
60558  20.552  -12.302  48.164 0.0000000000
60551  19.526  -12.498  49.492 0.0000000000
59423  18.773  -13.147  48.097 0.0000000000
59424  18.120  -13.295  48.308 0.0000000000
59415  17.853  -13.324  48.973 0.0000000000
59416  17.027  -13.605  48.882 0.0000000000
60624  19.432  -12.732  40.830 0.0000000000
59491  18.732  -13.302  43.272 0.0000000000
146716  18.153  -13.355  44.016 0.0000000000
59509  16.625  -13.187  42.499 0.0000000000
137303  16.023  -13.178  42.888 0.0000000000
138068  16.862  -13.221  43.094 0.0000000000
151452  17.133  -13.274  43.721 0.0000000000
59478  17.465  -13.326  44.239 0.0000000000
160507  17.894  -13.374  44.658 0.0000000000
154748  17.298  -13.327  45.730 0.0000000000
59451  15.944  -13.396  45.978 0.0000000000
140431  16.378  -13.443  46.679 0.0000000000
140047  16.445  -13.575  47.368 0.0000000000
59427  16.060  -13.755  47.818 0.0000000000
58239  15.571  -13.952  48.455 0.0000000000
158212  14.208  -14.135  48.582 0.0000000000
58241  13.968  -14.091  48.010 0.0000000000
159716  12.828  -14.346  48.509 0.0000000000
59468  12.640  -14.132  45.646 0.0000000000
58260  12.139  -14.373  46.212 0.0000000000
57109  11.415  -14.935  48.064 0.0000000000
55978  10.426  -15.539  48.181 0.0000000000
153754  9.635  -16.001  47.720 0.0000000000
54903  8.078  -16.607  46.351 0.0000000000
54874  7.639  -17.418  47.258 0.0000000000
162129  7.032  -17.799  47.244 0.0000000000
53658  6.671  -18.209  47.625 0.0000000000
52431  5.986  -18.259  47.509 0.0000000000
68230  23.423  -7.044  34.012 0.0000000000
140464  22.881  -7.454  33.596 0.0000000000
67069  23.932  -7.487  35.389 0.0000000000
143271  24.132  -8.010  36.706 0.0000000000
65860  22.218  -8.737  34.292 0.0000000000
65848  23.064  -8.488  35.486 0.0000000000
64468  22.637  -9.099  35.744 0.0000000000
65837  23.192  -8.765  36.188 0.0000000000
65836  23.610  -8.469  36.595 0.0000000000
67058  24.243  -8.177  37.390 0.0000000000
65773  24.447  -9.161  40.181 0.0000000000
64400  24.752  -9.532  41.613 0.0000000000
64391  24.879  -9.735  42.366 0.0000000000
162505  23.285  -10.555  41.189 0.0000000000
136236  23.578  -10.689  42.404 0.0000000000
64392  24.240  -10.261  42.417 0.0000000000
64370  24.983  -10.123  44.151 0.0000000000
62931  24.290  -10.350  45.895 0.0000000000
150380  24.450  -10.013  46.708 0.0000000000
53636  8.126  -18.036  50.407 0.0000000000
53626  8.304  -18.055  51.064 0.0000000000
52389  7.828  -18.633  52.564 0.0000000000
161342  8.232  -18.190  52.534 0.0000000000
53616  8.703  -17.810  52.503 0.0000000000
52384  8.647  -18.123  54.286 0.0000000000
52381  9.172  -18.311  54.883 0.0000000000
88193  53.099  9.046  12.993 0.0000000000
89213  53.453  8.685  13.013 0.0000000000
85963  49.571  6.785  14.453 0.0000000000
85964  48.813  6.609  14.644 0.0000000000
87156  50.068  7.201  14.984 0.0000000000
87146  50.565  7.688  15.493 0.0000000000
88153  51.808  8.956  16.550 0.0000000000
87121  48.691  7.886  17.219 0.0000000000
155975  49.734  8.326  16.938 0.0000000000
135972  50.343  9.638  18.137 0.0000000000
88145  50.236  8.966  17.385 0.0000000000
88154  51.123  9.125  16.978 0.0000000000
89181  51.906  9.324  17.288 0.0000000000
89180  52.388  9.051  16.929 0.0000000000
89170  52.455  8.916  17.396 0.0000000000
82444  40.684  4.206  14.527 0.0000000000
83547  41.937  4.721  15.730 0.0000000000
82415  39.747  3.976  16.148 0.0000000000
145228  39.941  4.517  17.393 0.0000000000
83537  40.297  4.392  16.706 0.0000000000
161538  40.868  4.494  16.324 0.0000000000
83536  41.456  4.753  16.376 0.0000000000
83535  42.100  5.121  16.497 0.0000000000
85906  43.556  6.647  18.473 0.0000000000
85907  42.789  6.540  18.695 0.0000000000
87115  44.050  7.113  18.930 0.0000000000
162941  44.728  7.943  19.874 0.0000000000
140339  44.832  8.274  20.311 0.0000000000
82361  38.541  3.911  20.065 0.0000000000
82354  39.049  4.103  20.558 0.0000000000
83477  39.436  4.880  20.597 0.0000000000
83465  41.021  4.761  22.038 0.0000000000
83476  40.081  5.208  20.986 0.0000000000
84593  40.409  5.807  20.820 0.0000000000
85870  40.842  6.337  20.720 0.0000000000
85869  41.420  6.863  20.708 0.0000000000
84550  43.808  5.081  24.590 0.0000000000
162821  43.292  5.018  23.831 0.0000000000
84562  43.135  5.346  23.403 0.0000000000
84570  43.523  6.025  23.171 0.0000000000
84571  42.785  5.928  22.642 0.0000000000
85859  41.990  6.945  21.280 0.0000000000
87079  42.102  7.389  20.812 0.0000000000
87078  42.706  7.752  21.130 0.0000000000
88109  43.548  8.433  21.404 0.0000000000
88088  44.085  8.385  22.578 0.0000000000
88098  43.798  8.544  21.905 0.0000000000
136065  44.113  8.889  21.768 0.0000000000
88108  44.604  9.036  21.510 0.0000000000
89133  45.310  9.320  21.629 0.0000000000
138398  46.014  9.718  22.066 0.0000000000
75419  34.116  -1.189  22.127 0.0000000000
75385  32.944  -0.969  24.949 0.0000000000
76602  33.626  -0.795  24.638 0.0000000000
77810  34.157  -0.169  26.415 0.0000000000
77826  34.111  -0.326  25.733 0.0000000000
77840  34.188  -0.462  25.026 0.0000000000
77839  34.702  -0.118  25.277 0.0000000000
77838  35.369  0.058  24.903 0.0000000000
79021  36.729  0.789  26.300 0.0000000000
79009  37.438  1.001  27.343 0.0000000000
79000  36.791  1.034  28.461 0.0000000000
150895  37.371  1.141  28.696 0.0000000000
157152  38.364  1.375  29.072 0.0000000000
70640  28.182  -4.690  32.328 0.0000000000
70656  28.715  -4.924  31.733 0.0000000000
71892  31.401  -4.575  31.165 0.0000000000
71901  31.664  -4.489  30.354 0.0000000000
147795  32.335  -3.993  30.270 0.0000000000
73042  32.970  -3.405  30.348 0.0000000000
153928  30.256  -2.339  38.116 0.0000000000
74057  30.825  -2.441  37.824 0.0000000000
136297  31.404  -2.582  37.509 0.0000000000
160779  32.170  -2.288  38.107 0.0000000000
74071  32.148  -2.565  37.583 0.0000000000
72972  31.709  -2.850  36.944 0.0000000000
72980  32.135  -3.192  36.301 0.0000000000
72994  32.518  -3.379  35.711 0.0000000000
74053  34.453  -2.439  37.916 0.0000000000
74052  35.067  -2.174  37.672 0.0000000000
74068  34.632  -2.490  37.237 0.0000000000
145299  34.121  -2.659  37.463 0.0000000000
164281  33.733  -3.011  36.337 0.0000000000
153212  33.201  -3.353  35.328 0.0000000000
73007  33.062  -3.512  34.577 0.0000000000
73018  33.007  -3.570  33.798 0.0000000000
73023  33.515  -3.111  33.299 0.0000000000
74100  34.113  -2.601  33.710 0.0000000000
73029  33.458  -3.055  32.426 0.0000000000
73036  33.447  -2.985  31.595 0.0000000000
74116  33.430  -2.910  30.830 0.0000000000
74122  33.485  -2.755  30.113 0.0000000000
161601  33.825  -2.450  30.550 0.0000000000
75258  34.249  -1.903  30.685 0.0000000000
75271  34.624  -1.280  30.505 0.0000000000
160420  34.984  -1.148  32.211 0.0000000000
76465  35.010  -0.960  31.628 0.0000000000
76487  34.979  -0.676  30.812 0.0000000000
77742  35.319  0.024  30.870 0.0000000000
77758  35.595  0.583  30.628 0.0000000000
77643  36.305  0.409  35.327 0.0000000000
77667  36.300  0.733  34.495 0.0000000000
77692  36.316  0.987  33.857 0.0000000000
78947  36.600  1.481  34.275 0.0000000000
77708  36.145  0.775  33.253 0.0000000000
78963  35.911  0.786  31.949 0.0000000000
78975  35.929  0.983  31.238 0.0000000000
78974  36.378  1.350  31.152 0.0000000000
80117  36.852  1.645  31.065 0.0000000000
161565  37.205  1.803  31.517 0.0000000000
80105  37.944  1.865  31.653 0.0000000000
88273  51.543  8.028  3.694 0.0000000000
87260  51.403  7.113  3.508 0.0000000000
86088  50.763  6.717  3.774 0.0000000000
86109  51.315  6.315  3.428 0.0000000000
84854  51.945  5.944  3.309 0.0000000000
83665  51.879  5.354  3.782 0.0000000000
83650  52.531  5.246  4.459 0.0000000000
160190  51.574  5.085  5.233 0.0000000000
83637  52.251  5.233  5.204 0.0000000000
84823  52.987  5.653  5.145 0.0000000000
84804  53.273  6.193  5.696 0.0000000000
84784  50.292  5.996  7.564 0.0000000000
84783  51.237  6.291  7.630 0.0000000000
139969  52.014  6.625  7.602 0.0000000000
164538  52.205  6.940  7.937 0.0000000000
86039  52.666  7.095  7.649 0.0000000000
88242  55.054  8.553  8.067 0.0000000000
88235  55.148  8.593  8.682 0.0000000000
88223  55.177  8.611  9.131 0.0000000000
50089  3.753  -20.660  52.935 0.0000000000
50095  5.321  -20.515  51.395 0.0000000000
51283  5.625  -18.997  48.566 0.0000000000
52388  8.285  -18.163  53.300 0.0000000000
52404  6.977  -19.057  50.384 0.0000000000
52409  7.375  -18.435  49.373 0.0000000000
52432  5.401  -18.186  47.594 0.0000000000
53649  8.069  -17.585  48.801 0.0000000000
55938  10.739  -16.160  51.564 0.0000000000
55963  9.777  -16.207  48.865 0.0000000000
60575  20.376  -12.871  46.116 0.0000000000
67083  22.670  -7.187  32.914 0.0000000000
69328  27.309  -5.402  39.061 0.0000000000
74069  33.650  -2.757  37.319 0.0000000000
74081  34.737  -2.517  36.551 0.0000000000
75176  31.813  -1.546  39.406 0.0000000000
75230  34.856  -1.726  33.763 0.0000000000
76405  35.565  -1.218  35.356 0.0000000000
76581  33.714  -0.457  26.095 0.0000000000
76639  36.329  -0.383  20.708 0.0000000000
77855  34.815  -0.239  24.578 0.0000000000
78999  37.429  1.060  28.072 0.0000000000
80213  39.558  2.195  21.226 0.0000000000
81210  42.092  3.090  27.186 0.0000000000
81258  41.147  2.967  23.144 0.0000000000
81289  38.779  3.369  20.409 0.0000000000
82343  40.737  4.008  22.032 0.0000000000
82371  37.138  3.180  18.523 0.0000000000
83399  44.024  4.847  26.340 0.0000000000
83446  43.359  4.783  24.234 0.0000000000
83466  40.395  4.701  21.576 0.0000000000
83491  38.848  4.847  19.509 0.0000000000
83493  38.084  3.949  18.858 0.0000000000
83501  38.176  3.870  18.494 0.0000000000
83516  38.588  4.195  18.562 0.0000000000
83676  52.247  5.600  3.438 0.0000000000
84613  39.785  5.574  19.569 0.0000000000
84675  43.894  5.548  15.818 0.0000000000
84705  46.466  5.859  13.630 0.0000000000
85895  40.288  6.068  19.856 0.0000000000
85958  45.734  6.273  16.134 0.0000000000
87055  43.782  7.680  22.576 0.0000000000
87091  42.537  7.694  20.818 0.0000000000
87101  45.831  7.805  19.114 0.0000000000
87104  42.608  7.321  19.910 0.0000000000
87111  47.519  7.798  18.118 0.0000000000
87122  48.120  7.826  17.641 0.0000000000
87256  55.535  8.730  3.296 0.0000000000
87257  54.898  8.124  3.210 0.0000000000
87266  55.575  9.125  2.701 0.0000000000
87281  56.075  8.624  1.882 0.0000000000
88123  42.988  8.029  21.069 0.0000000000
88131  46.418  8.076  19.109 0.0000000000
88152  53.242  8.396  16.551 0.0000000000
89145  45.746  9.011  20.836 0.0000000000
89179  52.632  8.850  16.780 0.0000000000
136509  36.202  0.625  26.915 0.0000000000
136705  45.987  5.701  12.440 0.0000000000
137993  52.175  9.182  17.825 0.0000000000
139522  36.810  0.872  27.052 0.0000000000
140564  46.116  8.750  20.284 0.0000000000
142466  41.093  5.421  21.824 0.0000000000
143661  16.245  -13.304  45.506 0.0000000000
156946  28.737  -2.445  38.522 0.0000000000
157090  43.189  7.473  19.869 0.0000000000
157358  14.775  -13.807  47.062 0.0000000000
158836  55.851  7.623  4.605 0.0000000000
160223  40.323  2.114  24.580 0.0000000000
160569  9.942  -16.353  49.846 0.0000000000
160622  13.069  -14.806  50.988 0.0000000000
162725  53.238  9.128  13.091 0.0000000000
