#!ascii label  , from subject sub-v2s2x29090_ses-1 vox2ras=TkReg
1743
151721  21.897  -74.342  -6.727 0.5000000000
6442  18.815  -65.516  -10.948 0.6000000238
142579  18.479  -64.996  -10.627 0.6000000238
7152  17.287  -64.507  -11.722 0.6000000238
7134  17.598  -64.202  -10.986 0.6999999881
7135  17.007  -63.552  -11.340 0.6000000238
7092  18.484  -63.940  -9.547 0.6999999881
7112  17.452  -63.504  -10.705 0.6000000238
2411  19.420  -72.924  -13.420 0.5000000000
1732  21.670  -74.202  -15.242 0.6000000238
2056  20.765  -73.965  -15.330 0.6000000238
2420  19.817  -73.465  -14.100 0.5000000000
1727  23.488  -74.560  -14.436 0.5000000000
1729  22.373  -74.671  -14.750 0.4000000060
2052  21.057  -74.218  -14.314 0.5000000000
2046  20.576  -73.675  -13.933 0.6000000238
3672  13.803  -70.245  -14.903 0.5000000000
142996  24.962  -74.561  -8.800 0.4000000060
149518  14.836  -68.938  -15.686 0.5000000000
3683  13.303  -69.811  -15.364 0.5000000000
5181  15.502  -67.634  -15.723 0.6000000238
5756  17.829  -66.032  -13.429 0.6000000238
5717  18.631  -65.835  -11.677 0.6000000238
6422  19.978  -65.325  -10.068 0.6999999881
6458  18.109  -65.624  -12.078 0.6000000238
6423  19.074  -65.107  -10.149 0.6999999881
151820  21.667  -64.636  -9.208 0.6000000238
6372  20.534  -64.530  -8.917 0.6999999881
7066  23.062  -63.719  -8.958 0.6000000238
7068  21.722  -64.126  -8.607 0.6000000238
7069  20.419  -64.044  -8.421 0.6999999881
7699  22.668  -63.248  -8.282 0.6999999881
7753  16.703  -62.671  -11.436 0.6000000238
2413  17.654  -72.732  -13.376 0.5000000000
2421  18.905  -73.383  -14.081 0.6000000238
2412  18.423  -73.019  -13.425 0.5000000000
2058  22.349  -73.557  -15.844 0.6000000238
2060  21.201  -73.806  -15.778 0.6999999881
2054  19.526  -73.568  -14.768 0.6000000238
2050  23.872  -73.950  -13.893 0.4000000060
4131  15.685  -68.773  -15.732 0.5000000000
3681  15.172  -69.466  -15.442 0.5000000000
1658  23.624  -74.411  -6.887 0.5000000000
139425  15.351  -68.318  -15.812 0.5000000000
5754  19.003  -66.538  -12.829 0.6999999881
5164  16.698  -66.772  -15.446 0.6000000238
5736  19.854  -66.538  -11.775 0.6999999881
5755  18.358  -66.217  -13.143 0.6000000238
5775  17.582  -66.160  -14.161 0.6000000238
5716  19.336  -66.022  -11.351 0.6999999881
5739  17.834  -65.769  -12.769 0.6000000238
5700  20.154  -65.741  -10.664 0.6999999881
136631  22.449  -64.806  -9.698 0.6000000238
6420  21.622  -65.230  -9.953 0.6000000238
7089  22.800  -64.257  -9.283 0.6000000238
6395  20.979  -64.818  -9.334 0.6000000238
7720  24.030  -63.156  -9.260 0.6000000238
8337  23.921  -62.515  -8.668 0.6999999881
8349  18.517  -62.605  -9.369 0.6999999881
8382  16.569  -62.040  -11.620 0.5000000000
7701  21.113  -63.760  -8.117 0.6999999881
7702  20.013  -63.306  -8.147 0.6999999881
8364  17.571  -62.396  -10.543 0.6000000238
2432  18.476  -72.504  -15.338 0.5000000000
2426  18.192  -73.005  -14.669 0.5000000000
2423  17.527  -72.594  -13.912 0.5000000000
2434  20.512  -72.535  -16.699 0.6999999881
137522  18.681  -73.222  -15.248 0.6000000238
2427  22.610  -72.806  -15.841 0.5000000000
2428  22.186  -72.920  -16.216 0.6999999881
2430  20.830  -73.325  -16.274 0.6999999881
2061  20.336  -73.648  -15.708 0.6000000238
2062  19.434  -73.469  -15.397 0.6000000238
2408  24.098  -73.288  -13.238 0.4000000060
2051  23.494  -73.778  -14.622 0.4000000060
2055  22.938  -73.534  -15.307 0.5000000000
4130  16.520  -68.555  -15.807 0.5000000000
5162  18.202  -66.999  -15.170 0.5000000000
5178  17.888  -67.343  -15.708 0.5000000000
5163  17.446  -66.856  -15.356 0.5000000000
5113  20.293  -66.819  -12.218 0.6000000238
5148  18.201  -66.567  -14.378 0.5000000000
5102  20.693  -66.558  -11.622 0.6999999881
6441  23.310  -65.595  -10.829 0.6000000238
5697  22.617  -65.825  -10.973 0.6999999881
138290  20.649  -65.991  -10.926 0.6999999881
6417  24.494  -64.859  -10.377 0.6000000238
6419  22.514  -65.412  -10.389 0.6000000238
5699  21.132  -65.697  -10.522 0.6999999881
7737  26.009  -63.155  -10.648 0.6999999881
6418  23.787  -64.718  -10.047 0.6000000238
163984  26.173  -61.596  -10.987 0.6000000238
7738  25.310  -63.284  -10.184 0.6999999881
7087  24.192  -63.804  -9.642 0.6999999881
10289  26.789  -60.067  -12.158 0.6000000238
9041  26.076  -61.336  -10.633 0.6000000238
8362  25.010  -62.779  -9.925 0.6999999881
9065  17.900  -61.625  -11.175 0.6000000238
8346  25.139  -62.218  -9.686 0.6999999881
8330  20.188  -62.406  -7.889 0.6999999881
9046  17.536  -61.924  -10.893 0.6000000238
10272  27.185  -59.706  -11.354 0.6999999881
10273  26.762  -60.211  -11.224 0.6000000238
9021  25.379  -61.478  -9.255 0.8000000119
9008  24.148  -61.784  -8.178 0.6999999881
146551  22.640  -62.672  -7.837 0.6999999881
7688  21.399  -63.042  -7.681 0.6999999881
2838  17.873  -72.199  -14.680 0.6000000238
2845  21.096  -71.757  -17.172 0.6999999881
2846  20.304  -71.687  -16.959 0.6999999881
2431  19.116  -72.864  -15.842 0.6000000238
2840  22.291  -71.930  -16.321 0.5000000000
2433  21.557  -72.571  -16.693 0.6999999881
2830  23.447  -71.983  -13.855 0.4000000060
2419  23.291  -72.822  -14.625 0.5000000000
4115  17.145  -69.022  -15.448 0.5000000000
3669  16.863  -69.903  -14.797 0.5000000000
4613  17.634  -67.732  -15.855 0.5000000000
5147  19.471  -67.121  -14.318 0.6000000238
5111  22.008  -66.761  -12.913 0.6000000238
163825  20.781  -67.095  -13.219 0.6999999881
5128  19.560  -66.934  -13.269 0.6999999881
5733  22.890  -66.150  -12.039 0.6999999881
5735  21.631  -66.584  -11.953 0.6999999881
6439  24.890  -65.237  -11.034 0.6000000238
5711  23.719  -65.803  -11.439 0.6000000238
5713  22.257  -66.118  -11.512 0.6999999881
156399  27.234  -62.201  -11.870 0.6999999881
7107  26.272  -63.849  -10.732 0.6999999881
7132  26.049  -64.427  -10.831 0.6999999881
9043  20.472  -61.125  -10.253 0.6000000238
9088  26.795  -61.560  -12.192 0.6000000238
8401  26.737  -62.101  -11.539 0.6999999881
7108  25.720  -63.957  -10.405 0.6999999881
10929  27.929  -58.708  -15.175 0.6000000238
10302  26.760  -59.920  -13.601 0.6000000238
10310  26.629  -60.049  -14.490 0.6000000238
9089  26.484  -61.133  -12.157 0.6000000238
9060  26.283  -61.911  -11.191 0.6999999881
9023  19.571  -61.587  -9.678 0.6000000238
10902  27.437  -59.324  -13.240 0.6000000238
9700  26.570  -60.611  -12.611 0.6000000238
143179  23.453  -60.969  -7.317 0.6999999881
141409  21.398  -61.126  -7.415 0.6000000238
9009  20.098  -61.690  -8.210 0.6999999881
9024  18.657  -61.976  -9.766 0.6000000238
11592  28.295  -57.972  -14.668 0.5000000000
10901  27.985  -58.679  -12.869 0.6000000238
10873  27.524  -59.071  -11.011 0.8000000119
140919  26.613  -59.990  -9.628 0.8000000119
9658  26.226  -59.867  -8.702 0.8000000119
9007  24.836  -61.358  -8.415 0.8000000119
8996  22.941  -61.659  -7.429 0.6999999881
8328  21.643  -62.233  -7.368 0.6999999881
10252  26.656  -60.277  -10.474 0.8000000119
9659  25.959  -60.660  -9.192 0.8000000119
2847  19.654  -71.325  -16.552 0.6999999881
3251  19.155  -70.745  -16.049 0.6999999881
2843  18.479  -71.223  -15.292 0.6999999881
148030  17.896  -71.092  -14.689 0.6000000238
2844  21.902  -71.525  -17.101 0.6999999881
3242  18.213  -70.217  -14.988 0.6000000238
3250  22.356  -70.938  -16.830 0.6000000238
3243  17.511  -70.455  -14.581 0.5000000000
4114  17.966  -68.737  -15.520 0.5000000000
11524  19.144  -57.853  -9.632 0.6000000238
4128  18.242  -68.119  -15.932 0.5000000000
11523  19.777  -58.223  -9.451 0.5000000000
153868  19.704  -67.350  -15.211 0.5000000000
152144  21.425  -58.845  -9.871 0.6000000238
5144  21.912  -66.911  -14.045 0.6999999881
5160  20.419  -67.257  -14.758 0.6000000238
5753  22.894  -66.333  -12.825 0.6999999881
5126  21.350  -67.010  -13.291 0.6999999881
10236  21.692  -59.377  -9.898 0.6000000238
5709  25.188  -65.558  -11.716 0.6999999881
5732  23.946  -65.933  -12.039 0.6000000238
8399  27.798  -62.600  -11.974 0.6999999881
7761  27.720  -63.352  -11.875 0.6999999881
6438  25.679  -65.043  -11.165 0.6999999881
9649  21.290  -60.212  -8.507 0.6000000238
10224  21.779  -59.530  -9.095 0.6000000238
9111  27.015  -61.274  -12.944 0.6000000238
7131  26.622  -64.135  -11.143 0.6999999881
142140  22.108  -59.879  -7.813 0.6000000238
9687  20.746  -61.344  -11.273 0.6000000238
9732  26.575  -60.317  -15.154 0.6000000238
156360  26.592  -60.380  -14.532 0.6000000238
10208  23.908  -59.700  -7.346 0.6999999881
9638  22.050  -60.661  -7.378 0.6000000238
9650  20.778  -60.659  -8.883 0.6000000238
10918  27.222  -59.522  -14.857 0.6000000238
138308  27.218  -58.506  -9.418 0.6000000238
11503  26.705  -58.238  -8.736 0.6000000238
9634  25.137  -60.053  -7.711 0.6999999881
137922  23.344  -60.304  -7.262 0.6000000238
158004  20.274  -61.222  -8.570 0.6000000238
11552  28.141  -57.902  -11.198 0.6000000238
10222  25.721  -59.594  -8.004 0.8000000119
10872  27.916  -58.597  -11.452 0.6000000238
10234  27.094  -59.247  -9.581 0.6999999881
8995  24.246  -61.052  -7.699 0.8000000119
3256  20.748  -71.049  -17.403 0.6999999881
3257  19.748  -70.374  -16.655 0.6999999881
3691  19.971  -69.450  -16.797 0.6999999881
3689  22.466  -70.167  -17.731 0.6999999881
3255  21.513  -70.996  -17.594 0.6999999881
3680  19.297  -69.535  -16.068 0.6000000238
3667  18.528  -69.280  -15.432 0.6000000238
12962  19.149  -55.973  -7.948 0.6000000238
12963  18.686  -56.006  -8.694 0.6000000238
12171  19.840  -56.627  -7.762 0.6000000238
12186  18.670  -56.680  -9.161 0.6000000238
144702  19.121  -68.054  -16.197 0.6000000238
156545  19.707  -57.273  -8.337 0.5000000000
5159  21.355  -67.066  -14.888 0.6999999881
12183  21.375  -57.491  -8.217 0.4000000060
11505  21.098  -57.991  -8.829 0.5000000000
143672  23.275  -66.244  -13.509 0.6999999881
5143  22.633  -66.609  -14.560 0.8000000119
12182  22.028  -57.630  -8.236 0.5000000000
5752  24.029  -66.043  -12.730 0.6000000238
5125  22.710  -66.562  -13.711 0.6999999881
11491  22.350  -58.061  -8.445 0.6000000238
6457  25.961  -65.354  -11.841 0.6999999881
144578  23.633  -58.221  -7.672 0.6999999881
10819  22.563  -58.548  -8.347 0.6000000238
9110  28.471  -61.782  -12.939 0.6999999881
8416  28.363  -62.418  -12.500 0.6999999881
11488  24.818  -57.894  -7.571 0.5000000000
10223  22.128  -59.153  -8.589 0.6000000238
9746  27.199  -60.633  -16.092 0.6000000238
9720  27.346  -60.757  -14.261 0.6000000238
152763  27.783  -61.411  -13.003 0.6999999881
10817  23.803  -58.938  -7.465 0.6999999881
141396  26.766  -60.461  -15.824 0.6000000238
9721  26.785  -60.635  -14.125 0.6000000238
11486  26.090  -58.299  -8.119 0.5000000000
144127  24.968  -58.641  -7.542 0.6000000238
10317  26.609  -60.067  -15.250 0.6000000238
12223  27.894  -56.990  -10.430 0.6000000238
11520  27.211  -57.739  -9.303 0.5000000000
137096  25.102  -59.367  -7.561 0.6999999881
161726  28.310  -56.518  -12.485 0.6000000238
3690  20.633  -69.449  -17.376 0.6999999881
4146  20.189  -68.628  -16.967 0.6000000238
4147  19.569  -68.626  -16.491 0.6000000238
14264  19.318  -54.461  -7.452 0.4000000060
13635  18.542  -55.273  -9.152 0.5000000000
4610  20.294  -67.629  -16.379 0.6000000238
13610  20.247  -55.247  -7.256 0.5000000000
13650  18.701  -55.716  -10.505 0.6000000238
4609  20.920  -67.269  -16.307 0.6999999881
5158  22.178  -66.786  -15.170 0.6999999881
153813  19.503  -67.604  -15.875 0.6000000238
12170  20.833  -56.765  -7.757 0.5000000000
5772  23.937  -66.102  -13.627 0.6999999881
12950  22.724  -56.553  -7.647 0.4000000060
7164  28.926  -63.761  -13.370 0.6999999881
5749  26.783  -65.391  -12.860 0.6999999881
5750  26.131  -65.805  -13.196 0.6999999881
12168  23.210  -57.235  -7.804 0.6000000238
9128  29.666  -61.486  -14.228 0.6999999881
7785  29.223  -63.131  -13.435 0.6999999881
6455  27.275  -64.818  -12.362 0.6999999881
5729  26.216  -65.533  -12.470 0.6999999881
12167  24.262  -56.821  -7.545 0.5000000000
155030  23.531  -57.671  -7.771 0.5000000000
9729  28.781  -60.636  -15.160 0.6000000238
9109  29.206  -61.779  -13.565 0.6999999881
8415  28.969  -62.398  -13.066 0.6999999881
7150  27.567  -64.114  -12.040 0.6999999881
139696  24.373  -57.452  -7.557 0.5000000000
9765  27.002  -60.609  -17.331 0.5000000000
9745  28.112  -60.606  -15.988 0.6000000238
9719  28.424  -60.781  -14.406 0.6000000238
150526  20.919  -68.620  -17.452 0.6999999881
161322  21.274  -67.857  -17.408 0.6999999881
142033  19.172  -53.692  -7.573 0.4000000060
5195  21.711  -67.281  -17.295 0.6999999881
4629  20.419  -67.979  -16.873 0.6999999881
14265  18.663  -53.964  -8.209 0.4000000060
155133  21.485  -67.131  -16.735 0.6999999881
138509  18.602  -55.172  -10.089 0.6000000238
5787  23.544  -66.101  -15.506 0.8000000119
5175  22.462  -66.577  -16.125 0.6999999881
5770  25.399  -66.005  -14.329 0.6000000238
150215  24.083  -66.059  -14.686 0.6000000238
14332  19.655  -54.154  -13.285 0.6000000238
5768  27.027  -65.586  -13.602 0.6999999881
5769  26.477  -65.840  -13.838 0.6999999881
5771  24.716  -66.038  -14.015 0.6000000238
7784  29.715  -63.071  -13.997 0.6000000238
9159  30.257  -61.250  -15.243 0.6000000238
14338  18.596  -54.446  -15.144 0.5000000000
9744  29.218  -60.632  -15.954 0.6000000238
9728  29.650  -60.786  -15.201 0.6999999881
9763  28.572  -60.655  -17.003 0.5000000000
152688  22.773  -66.408  -16.834 0.6999999881
14958  18.572  -53.272  -8.676 0.4000000060
5807  23.098  -66.196  -16.283 0.8000000119
137093  18.614  -53.933  -10.166 0.5000000000
5785  25.812  -65.964  -15.774 0.8000000119
15022  19.044  -53.463  -11.795 0.4000000060
14982  18.522  -53.135  -9.679 0.4000000060
149778  24.267  -65.995  -15.700 0.6999999881
15021  19.359  -53.547  -12.875 0.4000000060
14322  18.919  -54.026  -11.103 0.5000000000
7798  30.232  -63.060  -14.551 0.6000000238
6482  28.710  -64.395  -13.748 0.6000000238
160562  27.725  -65.374  -14.073 0.6999999881
15038  19.030  -53.005  -12.531 0.4000000060
9147  30.690  -61.836  -15.271 0.6000000238
8425  29.903  -62.254  -14.164 0.6000000238
138806  18.563  -53.921  -15.259 0.4000000060
14337  19.728  -54.088  -14.547 0.6000000238
9762  29.796  -60.690  -16.732 0.6000000238
9774  29.448  -60.752  -17.829 0.5000000000
9775  29.138  -60.726  -18.713 0.5000000000
15649  18.620  -51.962  -8.545 0.4000000060
5826  23.323  -66.179  -17.127 0.8000000119
137024  18.423  -52.275  -9.473 0.4000000060
144951  24.994  -65.969  -15.827 0.6999999881
138137  18.673  -52.877  -11.482 0.4000000060
6497  27.566  -65.733  -14.887 0.6000000238
136415  27.003  -65.847  -14.411 0.6999999881
152498  29.874  -63.655  -14.410 0.6000000238
6481  28.947  -64.728  -14.432 0.6000000238
16410  18.296  -52.348  -12.533 0.4000000060
15727  18.987  -52.892  -14.333 0.4000000060
9742  30.519  -60.942  -16.487 0.6000000238
15049  17.509  -53.803  -14.394 0.4000000060
9773  30.538  -60.900  -17.426 0.4000000060
16362  18.627  -51.152  -8.628 0.4000000060
136005  18.223  -51.759  -10.003 0.4000000060
5784  27.727  -65.811  -15.550 0.6999999881
140673  26.868  -65.916  -15.584 0.6000000238
15677  18.307  -52.294  -11.066 0.4000000060
7797  30.904  -63.219  -15.109 0.6000000238
7193  29.628  -64.390  -14.780 0.6000000238
15728  18.406  -52.611  -14.113 0.4000000060
9157  31.299  -61.855  -16.034 0.6000000238
15057  17.751  -53.187  -15.030 0.3000000119
162528  30.942  -61.022  -18.169 0.4000000060
9781  30.934  -60.871  -18.639 0.4000000060
9780  31.351  -60.866  -18.799 0.4000000060
16397  18.090  -52.068  -11.685 0.4000000060
16411  17.649  -51.893  -12.451 0.4000000060
7811  31.476  -63.050  -15.573 0.6000000238
9175  31.779  -61.845  -16.789 0.6000000238
8460  32.269  -62.602  -16.637 0.6000000238
9197  32.011  -61.250  -18.891 0.4000000060
9189  32.638  -61.725  -18.829 0.5000000000
139539  32.247  -60.221  -19.303 0.4000000060
16413  14.817  -52.288  -13.044 0.3000000119
9790  32.901  -60.689  -19.333 0.4000000060
19683  18.462  -48.163  -10.607 0.4000000060
17200  15.341  -51.071  -14.535 0.3000000119
142540  13.216  -51.711  -11.575 0.4000000060
158078  19.145  -47.143  -11.444 0.4000000060
19704  17.692  -47.954  -12.355 0.4000000060
18001  15.163  -50.012  -13.755 0.3000000119
18808  16.265  -49.008  -12.965 0.3000000119
156024  14.229  -51.887  -13.159 0.3000000119
16453  15.506  -52.083  -15.246 0.3000000119
16414  13.830  -51.720  -12.187 0.3000000119
20578  18.541  -47.159  -12.469 0.4000000060
19712  18.014  -47.484  -12.748 0.4000000060
18807  16.834  -48.539  -12.739 0.4000000060
17201  14.995  -50.842  -14.954 0.3000000119
157361  14.784  -51.783  -15.651 0.3000000119
140288  9.514  -52.605  -13.242 0.4000000060
15734  8.088  -52.753  -13.460 0.3000000119
15749  7.890  -52.216  -13.658 0.3000000119
16427  13.962  -51.924  -14.165 0.3000000119
138490  13.402  -51.707  -13.145 0.3000000119
20591  17.829  -47.290  -13.399 0.4000000060
19714  16.747  -48.246  -13.371 0.4000000060
18817  16.043  -48.708  -13.765 0.3000000119
18818  15.232  -49.331  -14.256 0.3000000119
18010  14.753  -50.393  -15.508 0.3000000119
16430  10.905  -51.951  -13.434 0.3000000119
16464  14.463  -51.628  -16.314 0.3000000119
15733  8.934  -52.576  -13.716 0.3000000119
16440  13.612  -51.912  -15.082 0.3000000119
16458  9.847  -51.564  -14.896 0.4000000060
16445  8.680  -51.679  -14.172 0.3000000119
17211  9.101  -50.578  -14.531 0.3000000119
17203  8.372  -50.814  -13.725 0.3000000119
19723  17.272  -47.648  -13.777 0.4000000060
19725  15.872  -48.476  -14.747 0.4000000060
141451  15.298  -48.994  -15.412 0.3000000119
16431  10.318  -52.157  -14.127 0.4000000060
18829  14.951  -49.645  -16.148 0.3000000119
16442  11.524  -51.848  -14.932 0.3000000119
16443  10.579  -51.951  -14.696 0.4000000060
16457  10.772  -51.538  -15.280 0.4000000060
18003  8.749  -48.675  -13.874 0.3000000119
20611  17.401  -47.044  -14.913 0.4000000060
20612  16.894  -47.316  -15.402 0.4000000060
19748  15.889  -48.235  -16.901 0.4000000060
18838  14.866  -49.362  -16.937 0.4000000060
17226  14.449  -50.749  -16.753 0.3000000119
18019  13.113  -50.125  -16.586 0.3000000119
17219  12.330  -50.741  -16.258 0.3000000119
18020  11.867  -49.470  -16.144 0.3000000119
18840  11.178  -48.184  -16.060 0.5000000000
17220  10.859  -50.788  -15.606 0.4000000060
18011  10.043  -49.357  -15.451 0.4000000060
150251  8.808  -49.194  -13.557 0.3000000119
20624  16.775  -46.998  -16.328 0.4000000060
20625  16.244  -47.630  -17.122 0.4000000060
19760  15.245  -48.440  -17.507 0.3000000119
19762  13.081  -48.208  -16.809 0.3000000119
141562  13.434  -47.421  -17.081 0.3000000119
20639  12.636  -46.158  -16.901 0.3000000119
18030  14.622  -49.923  -16.983 0.3000000119
18849  14.322  -49.383  -17.184 0.3000000119
18839  12.345  -48.780  -16.481 0.3000000119
19750  11.399  -47.211  -16.200 0.3000000119
20627  11.003  -46.032  -15.740 0.3000000119
18850  13.469  -49.385  -16.814 0.3000000119
18841  10.309  -47.722  -15.649 0.3000000119
18012  8.996  -48.419  -14.574 0.3000000119
17984  9.823  -49.759  -12.791 0.3000000119
23581  18.782  -44.623  -15.272 0.3000000119
22573  17.685  -45.672  -15.745 0.3000000119
22574  17.148  -45.630  -16.334 0.3000000119
21585  16.113  -45.857  -17.636 0.3000000119
21599  14.543  -45.727  -18.054 0.3000000119
21589  12.568  -45.349  -16.577 0.3000000119
21575  16.721  -46.124  -16.746 0.3000000119
20651  15.280  -46.428  -18.050 0.3000000119
20638  13.921  -46.934  -17.403 0.3000000119
21588  13.263  -45.930  -17.336 0.3000000119
20626  11.771  -45.496  -15.960 0.3000000119
20615  10.388  -46.191  -15.038 0.3000000119
19739  9.786  -46.829  -15.231 0.3000000119
19728  9.768  -46.678  -14.474 0.3000000119
18822  8.927  -47.826  -13.943 0.3000000119
18812  9.377  -47.935  -13.526 0.3000000119
25499  19.194  -43.170  -15.372 0.3000000119
148678  17.273  -44.889  -16.305 0.3000000119
22586  16.508  -45.014  -17.099 0.3000000119
22587  15.567  -44.786  -18.105 0.3000000119
22589  13.346  -44.716  -17.401 0.3000000119
20613  11.960  -45.328  -15.252 0.3000000119
159435  11.214  -46.178  -14.523 0.3000000119
19727  10.406  -47.138  -13.832 0.3000000119
23598  13.271  -44.188  -16.827 0.3000000119
22564  12.379  -45.014  -15.846 0.3000000119
18820  11.770  -47.327  -13.813 0.3000000119
143956  11.552  -48.200  -13.377 0.3000000119
17992  10.285  -49.067  -13.094 0.3000000119
158112  11.411  -49.597  -12.758 0.3000000119
22562  13.881  -44.433  -15.333 0.3000000119
21565  12.814  -45.155  -15.158 0.3000000119
20603  12.024  -45.930  -14.689 0.3000000119
23583  14.024  -43.657  -15.931 0.3000000119
21564  13.705  -45.112  -14.870 0.3000000119
21544  13.901  -46.213  -14.003 0.3000000119
19715  13.591  -47.412  -13.436 0.3000000119
143770  12.588  -48.445  -13.222 0.3000000119
17990  12.140  -49.546  -12.705 0.3000000119
17976  12.066  -50.114  -11.375 0.3000000119
1659  22.768  -74.146  -6.761 0.5000000000
1407  24.600  -75.516  -7.447 0.5000000000
153030  24.996  -75.186  -8.431 0.4000000060
6398  18.916  -64.537  -9.559 0.6999999881
7721  18.678  -63.324  -9.120 0.6999999881
2034  24.414  -73.465  -12.694 0.4000000060
1667  24.635  -74.332  -7.436 0.5000000000
6393  23.167  -64.607  -9.757 0.6000000238
5161  19.006  -67.229  -15.212 0.5000000000
7109  24.900  -64.082  -10.069 0.6000000238
5773  23.292  -66.211  -14.422 0.8000000119
144198  20.932  -67.192  -15.575 0.6999999881
5751  24.694  -66.000  -13.105 0.6000000238
9764  27.635  -60.687  -17.538 0.5000000000
7166  27.891  -64.471  -12.698 0.6999999881
158998  19.209  -53.178  -14.504 0.4000000060
9782  28.466  -60.652  -18.773 0.5000000000
8437  31.100  -62.399  -15.486 0.6000000238
136224  30.186  -60.776  -18.558 0.4000000060
6495  29.115  -65.029  -15.049 0.6000000238
7203  30.985  -64.047  -15.267 0.6000000238
16424  17.637  -52.156  -13.752 0.3000000119
9186  31.892  -61.655  -17.648 0.4000000060
8472  32.343  -62.159  -17.417 0.4000000060
20568  18.645  -47.342  -11.770 0.4000000060
20623  17.293  -46.858  -15.500 0.3000000119
23594  18.124  -44.143  -15.776 0.3000000119
5801  28.214  -66.020  -17.124 0.5000000000
5802  26.901  -66.056  -17.059 0.5000000000
5803  26.234  -65.994  -16.711 0.6999999881
5823  25.602  -66.071  -17.555 0.6999999881
5194  22.932  -66.594  -17.421 0.6000000238
6511  28.273  -65.757  -16.039 0.5000000000
160559  26.879  -65.965  -16.443 0.6000000238
5804  25.304  -65.957  -16.692 0.6000000238
3694  22.401  -69.563  -17.947 0.6000000238
3258  21.925  -70.261  -17.812 0.6000000238
5833  25.822  -66.297  -18.082 0.6999999881
4641  23.744  -67.628  -18.111 0.6000000238
3693  22.696  -68.690  -18.009 0.6000000238
5205  24.251  -66.587  -18.319 0.6999999881
5206  23.250  -67.035  -17.983 0.6000000238
4153  21.815  -68.675  -17.859 0.6000000238
5799  29.485  -65.772  -16.653 0.5000000000
4625  25.593  -67.597  -17.809 0.6999999881
4627  24.014  -68.022  -18.000 0.6999999881
4145  23.398  -68.794  -17.740 0.6000000238
141037  22.907  -69.515  -17.479 0.6000000238
5203  26.556  -66.880  -18.059 0.6000000238
4639  25.236  -67.077  -18.278 0.6999999881
4144  23.379  -68.445  -18.014 0.6000000238
5202  27.532  -67.372  -17.963 0.6000000238
6522  30.299  -65.763  -16.643 0.5000000000
6510  29.055  -65.470  -15.785 0.5000000000
146950  27.006  -67.589  -17.786 0.6999999881
4608  24.482  -68.109  -17.301 0.6000000238
3253  22.597  -70.236  -17.271 0.6000000238
6520  32.174  -65.682  -16.485 0.5000000000
6509  29.871  -65.336  -15.928 0.5000000000
7208  33.563  -64.407  -16.994 0.5000000000
6508  31.551  -65.073  -15.946 0.5000000000
7825  33.838  -63.971  -17.803 0.4000000060
7167  16.261  -64.333  -12.575 0.4000000060
6459  17.592  -65.215  -12.197 0.4000000060
6471  15.913  -64.793  -13.060 0.4000000060
6470  16.706  -65.113  -12.985 0.5000000000
5757  17.209  -65.703  -13.427 0.5000000000
5777  15.876  -65.829  -14.173 0.5000000000
7201  32.346  -64.263  -15.941 0.5000000000
5790  15.324  -66.328  -14.709 0.5000000000
4117  11.333  -69.253  -15.139 0.6000000238
7809  32.853  -63.933  -16.443 0.4000000060
5789  16.289  -66.252  -14.923 0.5000000000
5166  14.748  -67.064  -15.244 0.5000000000
4133  12.949  -69.214  -15.675 0.5000000000
6485  14.499  -65.031  -13.648 0.5000000000
6484  15.452  -65.247  -13.551 0.5000000000
5779  14.223  -65.639  -14.033 0.5000000000
5791  14.283  -66.302  -14.512 0.5000000000
5182  12.553  -67.231  -15.898 0.5000000000
5167  13.937  -66.975  -15.086 0.5000000000
151748  12.938  -67.858  -15.768 0.5000000000
4617  12.474  -68.649  -15.872 0.5000000000
7819  32.668  -63.216  -16.647 0.5000000000
4616  13.432  -68.458  -15.727 0.5000000000
7830  34.039  -63.541  -18.534 0.4000000060
7826  33.362  -63.068  -18.011 0.4000000060
7831  33.653  -62.909  -18.675 0.4000000060
9066  17.188  -61.761  -11.416 0.5000000000
139902  12.993  -66.585  -15.478 0.5000000000
7810  32.113  -63.399  -15.969 0.5000000000
150280  32.797  -62.423  -17.934 0.4000000060
140290  18.820  -61.579  -11.000 0.5000000000
145982  18.930  -61.477  -12.415 0.5000000000
146141  17.969  -61.720  -14.613 0.5000000000
9093  17.688  -61.417  -12.050 0.5000000000
8475  33.067  -62.355  -18.591 0.4000000060
9063  20.538  -61.556  -11.966 0.5000000000
9115  19.601  -61.656  -13.392 0.5000000000
9090  20.757  -61.538  -12.705 0.5000000000
9114  20.552  -61.590  -13.407 0.5000000000
9134  19.158  -61.726  -14.381 0.5000000000
9153  17.905  -62.295  -16.141 0.4000000060
141859  21.115  -60.939  -12.181 0.5000000000
143704  20.384  -61.397  -15.044 0.6000000238
150304  18.715  -61.914  -16.445 0.6000000238
9674  21.269  -59.932  -10.503 0.5000000000
10290  21.047  -60.716  -12.368 0.5000000000
9131  20.905  -61.176  -13.905 0.5000000000
9748  20.464  -61.165  -15.423 0.6000000238
9161  19.863  -61.342  -16.655 0.6000000238
9178  18.346  -61.530  -17.230 0.6000000238
9771  16.362  -61.668  -17.367 0.5000000000
9751  16.014  -60.542  -16.231 0.5000000000
9734  14.729  -60.204  -15.226 0.5000000000
10253  21.102  -59.894  -11.056 0.5000000000
10854  21.426  -59.332  -10.357 0.5000000000
10275  20.743  -59.876  -11.661 0.5000000000
9715  20.647  -60.630  -13.627 0.5000000000
10305  19.777  -59.766  -13.427 0.6000000238
9767  19.892  -60.766  -16.918 0.6000000238
9177  19.373  -61.120  -17.160 0.6000000238
144291  16.962  -60.624  -16.738 0.6000000238
10334  16.324  -59.878  -16.135 0.5000000000
140499  13.905  -56.639  -15.308 0.5000000000
145335  13.544  -58.851  -15.412 0.5000000000
10842  21.668  -58.978  -9.700 0.5000000000
10843  20.528  -58.829  -10.147 0.5000000000
10276  19.698  -59.322  -11.572 0.6000000238
10903  19.280  -58.886  -13.164 0.6000000238
10911  19.453  -58.836  -14.202 0.6000000238
10331  19.921  -60.268  -16.575 0.6000000238
10930  19.593  -58.962  -16.926 0.6000000238
9768  19.540  -60.410  -17.221 0.6000000238
10942  19.326  -58.504  -17.465 0.6000000238
9750  18.008  -60.480  -17.057 0.6000000238
10931  16.588  -59.012  -16.810 0.5000000000
10321  14.727  -59.680  -15.319 0.5000000000
10320  14.977  -59.032  -15.898 0.5000000000
10947  14.915  -57.322  -17.183 0.5000000000
10934  13.747  -57.926  -16.358 0.5000000000
11603  14.156  -57.245  -16.697 0.5000000000
136470  18.990  -58.427  -11.651 0.6000000238
162394  19.157  -58.303  -12.962 0.6000000238
11582  19.441  -57.849  -13.812 0.6000000238
142883  19.987  -56.548  -16.304 0.6000000238
158809  19.770  -57.452  -16.205 0.6000000238
11613  19.235  -57.548  -17.976 0.6000000238
12331  19.271  -56.833  -17.882 0.6000000238
10944  18.019  -57.946  -17.886 0.5000000000
11615  17.488  -56.965  -17.976 0.5000000000
10946  15.750  -57.840  -17.384 0.5000000000
12333  16.746  -56.571  -17.555 0.5000000000
144431  16.581  -56.598  -16.435 0.6000000238
12335  15.338  -56.803  -17.092 0.5000000000
12323  15.673  -56.604  -16.657 0.5000000000
141507  14.851  -56.733  -15.642 0.5000000000
12281  14.249  -57.269  -13.346 0.5000000000
12277  19.679  -56.869  -13.716 0.6000000238
12290  20.010  -56.344  -15.175 0.6000000238
12320  19.291  -56.307  -17.487 0.6000000238
153615  17.519  -56.418  -17.571 0.6000000238
145114  17.284  -56.974  -15.500 0.6000000238
11588  15.713  -57.345  -14.329 0.5000000000
13009  20.017  -55.917  -14.203 0.6000000238
145357  17.423  -56.353  -16.780 0.6000000238
12292  16.885  -57.440  -14.433 0.6000000238
11584  15.733  -57.621  -13.270 0.5000000000
139341  19.645  -54.720  -12.578 0.6000000238
138814  19.928  -55.607  -13.315 0.6000000238
13681  19.993  -55.108  -14.586 0.6000000238
147277  19.302  -55.574  -16.225 0.6000000238
12306  18.130  -56.457  -16.028 0.6000000238
12280  17.271  -57.281  -13.511 0.5000000000
139321  19.838  -54.559  -14.889 0.6000000238
13017  18.908  -55.297  -15.827 0.6000000238
13689  19.158  -54.656  -15.653 0.6000000238
158561  17.700  -57.047  -14.729 0.6000000238
13010  17.969  -55.877  -13.364 0.6000000238
13003  17.421  -56.227  -12.302 0.5000000000
13683  18.079  -55.066  -13.785 0.4000000060
4643  22.127  -67.862  -17.813 0.6000000238
5836  23.705  -66.402  -17.874 0.6999999881
7204  30.300  -64.658  -15.313 0.5000000000
156295  31.051  -64.645  -15.566 0.5000000000
6519  33.135  -65.674  -16.679 0.5000000000
6507  32.365  -64.959  -16.071 0.5000000000
150546  11.959  -68.065  -16.125 0.6000000238
10319  20.099  -60.302  -15.245 0.6000000238
10312  19.920  -59.941  -14.402 0.6000000238
10332  17.587  -58.997  -17.272 0.6000000238
11616  16.342  -57.071  -17.682 0.5000000000
13016  19.848  -55.303  -15.466 0.6000000238
12305  19.309  -55.872  -16.821 0.6000000238
12278  18.333  -56.152  -14.388 0.6000000238
12262  17.055  -56.991  -12.425 0.6000000238
145741  21.262  -73.460  -6.690 0.4000000060
3540  21.341  -69.860  -7.074 0.5000000000
3116  22.060  -70.322  -7.115 0.5000000000
2727  21.654  -71.578  -6.791 0.4000000060
2331  21.558  -72.293  -6.742 0.4000000060
2329  23.113  -72.286  -6.740 0.4000000060
146797  22.270  -73.542  -6.712 0.4000000060
3562  23.041  -69.073  -7.620 0.5000000000
3563  22.169  -68.989  -7.495 0.5000000000
2725  23.465  -71.613  -6.786 0.5000000000
2328  24.040  -72.371  -6.755 0.5000000000
151853  23.250  -73.639  -6.749 0.4000000060
3561  23.966  -69.588  -7.409 0.5000000000
3114  23.836  -70.953  -6.907 0.5000000000
2724  24.375  -71.728  -6.788 0.5000000000
2327  24.627  -72.393  -7.014 0.5000000000
1656  24.261  -73.854  -6.945 0.4000000060
1987  24.797  -73.689  -7.878 0.4000000060
160401  24.949  -70.249  -7.023 0.5000000000
3134  24.714  -71.083  -6.867 0.5000000000
144613  25.441  -71.062  -7.001 0.5000000000
2723  24.945  -71.700  -7.012 0.5000000000
2743  24.874  -72.273  -7.308 0.5000000000
137132  24.862  -74.253  -8.249 0.4000000060
151007  22.603  -70.729  -15.863 0.5000000000
2837  22.697  -71.742  -15.467 0.4000000060
3232  23.170  -70.821  -13.816 0.4000000060
146009  23.616  -71.300  -13.212 0.4000000060
2814  23.921  -72.247  -13.076 0.4000000060
2400  24.281  -72.800  -12.681 0.4000000060
2742  25.578  -71.265  -7.356 0.5000000000
140511  24.523  -72.125  -11.536 0.4000000060
2393  24.699  -73.001  -11.408 0.4000000060
136853  24.824  -73.243  -10.376 0.4000000060
2753  25.462  -71.350  -8.311 0.4000000060
2754  25.068  -71.953  -7.855 0.5000000000
136373  24.833  -73.099  -9.369 0.4000000060
2352  24.811  -72.884  -7.898 0.4000000060
139404  22.817  -70.714  -14.755 0.4000000060
143924  23.962  -71.197  -12.515 0.4000000060
153887  24.232  -72.069  -12.241 0.4000000060
3167  26.424  -70.574  -8.557 0.4000000060
138932  24.710  -72.210  -10.721 0.4000000060
3168  25.731  -70.686  -9.110 0.4000000060
2769  25.137  -71.232  -9.335 0.4000000060
2383  24.832  -72.161  -9.634 0.4000000060
2365  24.866  -72.575  -8.674 0.4000000060
3679  22.800  -69.815  -16.338 0.5000000000
147561  22.867  -69.692  -14.973 0.4000000060
3660  23.192  -69.353  -13.969 0.4000000060
4084  23.742  -68.999  -13.446 0.4000000060
3634  24.500  -69.496  -12.077 0.4000000060
3204  24.583  -70.082  -11.432 0.4000000060
3192  25.254  -69.841  -10.768 0.4000000060
163125  24.609  -71.457  -10.993 0.4000000060
3180  26.191  -70.098  -9.574 0.4000000060
3181  25.686  -70.081  -10.030 0.4000000060
2783  24.824  -71.289  -10.246 0.4000000060
4126  23.269  -69.018  -16.697 0.5000000000
4112  23.545  -68.685  -15.721 0.5000000000
4125  23.934  -68.503  -16.986 0.6000000238
143468  23.857  -68.561  -14.956 0.5000000000
4073  24.911  -68.864  -12.563 0.4000000060
4072  25.668  -68.836  -12.459 0.4000000060
4062  26.119  -68.916  -12.015 0.4000000060
146132  27.493  -69.789  -11.518 0.4000000060
4110  25.408  -68.574  -14.948 0.4000000060
159837  25.732  -68.033  -16.880 0.5000000000
4095  25.426  -68.707  -14.086 0.4000000060
4082  25.645  -68.794  -13.218 0.4000000060
148411  26.223  -68.955  -15.646 0.5000000000
4109  26.199  -69.172  -14.804 0.4000000060
4094  26.143  -69.057  -14.010 0.4000000060
146897  26.890  -69.923  -13.738 0.4000000060
4606  26.336  -68.533  -16.447 0.6000000238
3666  26.899  -70.283  -15.616 0.5000000000
3241  27.330  -71.128  -15.202 0.4000000060
5822  26.313  -66.180  -17.635 0.5000000000
11539  18.772  -57.654  -10.224 0.5000000000
12993  19.223  -56.306  -11.785 0.5000000000
13662  19.376  -54.946  -11.726 0.5000000000
12225  18.613  -56.957  -10.328 0.5000000000
12983  19.164  -55.604  -11.354 0.5000000000
12243  18.908  -57.342  -11.804 0.5000000000
3115  22.861  -70.777  -7.015 0.5000000000
2726  22.579  -71.587  -6.815 0.5000000000
3219  23.194  -69.946  -13.547 0.4000000060
3635  23.915  -69.742  -12.572 0.4000000060
3182  25.218  -70.542  -10.067 0.4000000060
4096  24.403  -68.526  -14.285 0.4000000060
4083  24.546  -68.733  -13.370 0.4000000060
3618  25.031  -69.479  -11.474 0.4000000060
3617  25.776  -69.176  -11.310 0.4000000060
140835  24.344  -68.239  -16.059 0.5000000000
3648  26.833  -69.455  -12.971 0.4000000060
4124  25.315  -68.202  -15.959 0.5000000000
4123  26.977  -69.718  -16.353 0.6000000238
3231  27.247  -70.891  -14.387 0.5000000000
4143  27.173  -69.129  -17.002 0.5000000000
5186  35.806  -66.794  -16.681 0.3000000119
5187  35.117  -67.373  -17.012 0.3000000119
5196  34.684  -67.046  -17.542 0.3000000119
5812  35.760  -66.436  -17.438 0.3000000119
6517  36.310  -65.998  -16.973 0.3000000119
7198  36.699  -64.647  -16.486 0.3000000119
7207  36.997  -64.706  -17.235 0.3000000119
4622  34.048  -68.286  -16.806 0.3000000119
4623  33.179  -68.627  -16.981 0.4000000060
4631  32.613  -68.102  -17.728 0.4000000060
4602  34.966  -67.900  -15.691 0.3000000119
5189  33.207  -67.444  -17.780 0.4000000060
154175  33.996  -67.335  -17.630 0.4000000060
5817  30.799  -66.352  -17.386 0.4000000060
5818  29.909  -66.272  -17.490 0.4000000060
5173  35.903  -66.841  -15.800 0.3000000119
5829  34.337  -66.627  -17.662 0.3000000119
7217  36.807  -64.199  -18.365 0.3000000119
6526  35.077  -65.595  -18.151 0.3000000119
4138  30.658  -68.860  -17.362 0.4000000060
4149  30.046  -68.847  -17.845 0.4000000060
143923  28.866  -68.671  -18.316 0.4000000060
5200  29.021  -67.700  -18.350 0.4000000060
153159  32.814  -68.828  -15.923 0.4000000060
158248  32.203  -68.665  -17.218 0.4000000060
4148  30.708  -68.611  -17.780 0.4000000060
5199  29.959  -67.673  -18.429 0.4000000060
5193  29.497  -66.878  -18.126 0.4000000060
4592  34.147  -68.330  -15.033 0.3000000119
5197  31.683  -67.800  -18.110 0.4000000060
5192  30.379  -66.977  -18.150 0.4000000060
5820  27.756  -66.461  -17.744 0.4000000060
5156  35.241  -67.567  -15.018 0.3000000119
5816  31.767  -66.395  -17.256 0.4000000060
5819  29.074  -66.155  -17.390 0.4000000060
5135  35.503  -66.872  -14.645 0.3000000119
6518  33.727  -65.259  -17.060 0.4000000060
4122  28.968  -69.671  -16.843 0.4000000060
4141  28.356  -69.729  -17.668 0.4000000060
4121  29.637  -69.065  -16.623 0.4000000060
4139  29.901  -69.094  -17.416 0.4000000060
3692  28.671  -69.668  -17.683 0.4000000060
4152  28.396  -69.124  -18.071 0.4000000060
4579  32.741  -68.014  -14.349 0.3000000119
4594  31.925  -68.655  -15.545 0.4000000060
5138  33.566  -67.013  -13.556 0.3000000119
5136  35.068  -67.226  -14.316 0.3000000119
5201  28.118  -67.145  -18.027 0.4000000060
5765  35.047  -66.507  -13.946 0.3000000119
3687  27.622  -70.210  -16.935 0.4000000060
3686  28.229  -70.077  -17.157 0.4000000060
7220  34.514  -64.312  -18.391 0.3000000119
141693  34.737  -63.813  -18.876 0.3000000119
7216  34.315  -64.932  -17.816 0.3000000119
5831  27.174  -66.749  -17.883 0.4000000060
4637  27.813  -68.380  -17.854 0.4000000060
4624  27.314  -68.490  -17.454 0.4000000060
3677  27.821  -70.741  -16.517 0.4000000060
5188  34.366  -67.679  -17.273 0.3000000119
5827  35.917  -65.839  -17.938 0.3000000119
7824  37.210  -63.982  -17.691 0.3000000119
4605  32.095  -68.860  -16.455 0.4000000060
5814  33.591  -66.679  -17.453 0.4000000060
5190  32.249  -67.282  -17.858 0.4000000060
5815  32.741  -66.493  -17.232 0.4000000060
6527  34.409  -65.845  -17.755 0.4000000060
4106  31.312  -68.833  -16.261 0.4000000060
4151  28.849  -69.322  -18.100 0.4000000060
4635  29.485  -68.604  -18.292 0.4000000060
153014  32.514  -68.494  -14.997 0.3000000119
5198  30.812  -67.633  -18.325 0.4000000060
4578  33.709  -67.849  -14.216 0.3000000119
4107  30.364  -68.700  -16.009 0.4000000060
4595  30.972  -68.352  -15.324 0.3000000119
153188  32.965  -67.448  -13.835 0.3000000119
2691  20.585  -71.050  -4.003 0.3000000119
148685  19.949  -71.736  -3.978 0.3000000119
3081  21.476  -70.730  -4.047 0.3000000119
148907  20.859  -71.983  -3.982 0.3000000119
3082  19.922  -70.166  -4.164 0.3000000119
2692  19.082  -71.106  -4.017 0.3000000119
3080  22.114  -70.126  -4.158 0.3000000119
152473  22.374  -70.921  -3.987 0.3000000119
2690  21.981  -71.530  -3.920 0.3000000119
3512  22.295  -68.865  -4.733 0.3000000119
3504  21.179  -69.597  -4.338 0.3000000119
3083  19.050  -70.234  -4.319 0.3000000119
2728  20.693  -71.031  -6.769 0.3000000119
3077  24.806  -70.438  -3.844 0.3000000119
2688  23.465  -71.053  -3.793 0.3000000119
3502  23.553  -69.749  -4.249 0.3000000119
3078  23.955  -70.438  -3.937 0.3000000119
2689  22.810  -71.544  -3.778 0.3000000119
3963  20.266  -68.646  -5.465 0.3000000119
3564  21.366  -68.936  -7.162 0.3000000119
148399  20.138  -69.659  -6.520 0.3000000119
3959  23.558  -68.423  -4.923 0.3000000119
3513  21.407  -68.780  -4.801 0.3000000119
3960  22.724  -68.293  -5.037 0.3000000119
155224  22.460  -67.776  -5.485 0.3000000119
4484  21.089  -68.125  -6.436 0.3000000119
3978  20.301  -68.720  -5.958 0.3000000119
4505  22.051  -67.870  -7.190 0.3000000119
4007  26.137  -69.294  -7.276 0.4000000060
152091  23.732  -68.735  -7.713 0.4000000060
1134  24.149  -75.644  -2.939 0.3000000119
905  23.310  -76.319  -2.978 0.3000000119
2302  22.313  -72.201  -3.785 0.3000000119
2304  21.156  -72.699  -3.951 0.3000000119
2297  25.812  -72.401  -3.078 0.3000000119
1630  25.186  -73.704  -3.055 0.3000000119
1632  24.417  -74.820  -3.199 0.3000000119
1633  23.625  -74.905  -3.579 0.3000000119
1136  23.481  -76.061  -3.308 0.3000000119
2680  26.669  -71.528  -3.131 0.3000000119
148323  24.973  -72.672  -3.151 0.3000000119
1949  24.355  -73.319  -3.215 0.3000000119
155582  22.772  -74.995  -3.821 0.3000000119
1367  23.424  -75.658  -3.704 0.3000000119
2682  23.708  -71.730  -3.506 0.3000000119
2299  23.107  -72.300  -3.530 0.3000000119
163363  22.947  -73.506  -3.552 0.3000000119
161587  21.608  -73.858  -3.902 0.3000000119
1953  22.607  -72.882  -3.651 0.3000000119
145486  21.420  -73.338  -3.917 0.3000000119
3505  20.218  -69.487  -4.418 0.3000000119
3526  19.321  -69.532  -5.090 0.3000000119
3070  25.321  -71.025  -3.497 0.3000000119
3962  20.886  -68.284  -5.345 0.3000000119
1129  24.508  -75.488  -2.433 0.3000000119
140384  21.028  -73.901  -3.966 0.3000000119
154088  25.139  -71.773  -3.240 0.3000000119
1627  25.773  -74.053  -2.615 0.3000000119
1950  23.447  -73.057  -3.381 0.3000000119
140007  22.882  -74.183  -3.665 0.3000000119
154506  20.837  -74.693  -3.996 0.3000000119
4011  22.443  -68.238  -7.594 0.3000000119
2349  30.818  -71.967  -8.287 0.3000000119
2340  30.574  -72.218  -7.435 0.3000000119
2342  29.620  -72.170  -7.276 0.3000000119
2741  29.094  -71.656  -7.401 0.4000000060
3149  27.905  -70.711  -7.569 0.4000000060
3151  26.572  -70.694  -7.461 0.3000000119
2363  30.295  -72.226  -9.298 0.3000000119
2364  29.780  -72.176  -9.425 0.4000000060
158638  29.064  -71.601  -9.631 0.4000000060
141194  28.442  -70.949  -9.642 0.4000000060
160027  26.982  -70.002  -9.525 0.3000000119
3191  27.995  -70.313  -11.130 0.4000000060
3602  26.264  -69.546  -10.452 0.3000000119
3631  27.367  -69.853  -12.410 0.3000000119
3109  32.505  -70.791  -6.233 0.3000000119
3128  32.043  -71.099  -6.752 0.3000000119
2721  30.635  -71.945  -6.503 0.4000000060
3129  29.270  -71.651  -7.031 0.4000000060
3130  28.559  -71.017  -7.207 0.3000000119
150976  27.081  -70.291  -7.053 0.3000000119
3559  26.757  -69.983  -6.966 0.3000000119
3148  31.898  -71.074  -7.966 0.3000000119
2750  31.412  -71.425  -8.835 0.3000000119
2767  31.041  -71.724  -9.550 0.3000000119
2390  30.795  -71.954  -11.073 0.3000000119
2392  29.898  -72.259  -10.883 0.3000000119
2782  29.095  -71.631  -10.515 0.4000000060
3189  30.963  -71.287  -11.700 0.3000000119
2797  30.316  -72.005  -12.300 0.3000000119
2789  30.112  -72.267  -11.593 0.3000000119
153163  29.507  -72.140  -11.190 0.4000000060
3178  28.562  -71.000  -10.789 0.4000000060
2798  29.772  -72.197  -12.911 0.3000000119
3202  28.645  -71.951  -12.949 0.4000000060
3203  28.059  -70.773  -12.170 0.4000000060
3229  28.607  -71.731  -14.983 0.3000000119
2828  28.731  -72.044  -14.633 0.4000000060
3218  28.018  -71.340  -13.270 0.4000000060
3647  27.347  -70.511  -13.477 0.4000000060
3665  28.375  -70.898  -15.661 0.3000000119
151153  27.722  -71.587  -14.931 0.4000000060
3248  27.896  -71.437  -15.612 0.3000000119
5030  33.129  -66.074  -6.203 0.3000000119
4479  33.375  -67.529  -5.719 0.3000000119
5032  31.494  -66.564  -7.100 0.3000000119
4495  30.426  -67.461  -7.528 0.3000000119
142607  33.543  -69.896  -5.728 0.3000000119
3976  33.442  -69.609  -5.171 0.3000000119
3989  32.454  -69.809  -5.507 0.3000000119
4496  29.842  -67.896  -7.621 0.3000000119
149288  33.705  -69.448  -8.028 0.3000000119
3127  33.125  -69.993  -6.818 0.3000000119
3098  32.237  -70.696  -5.705 0.3000000119
3536  31.525  -70.258  -5.978 0.3000000119
3537  30.633  -70.690  -6.334 0.3000000119
3556  29.036  -69.741  -6.971 0.3000000119
4005  27.815  -69.020  -7.374 0.3000000119
4006  26.967  -69.198  -7.281 0.3000000119
140579  25.686  -68.412  -7.790 0.3000000119
4008  24.916  -67.990  -7.909 0.3000000119
3163  32.624  -70.322  -8.939 0.3000000119
138102  29.760  -71.439  -13.492 0.3000000119
2812  29.060  -72.103  -14.078 0.3000000119
3646  29.221  -70.449  -13.926 0.3000000119
3217  29.153  -71.746  -14.271 0.3000000119
3664  28.789  -69.576  -15.352 0.3000000119
4108  29.171  -69.100  -15.765 0.3000000119
3676  28.034  -70.796  -16.276 0.3000000119
5608  34.457  -66.166  -5.204 0.3000000119
4467  34.242  -68.050  -4.976 0.3000000119
3975  33.867  -68.810  -5.067 0.3000000119
4480  32.270  -67.566  -6.463 0.3000000119
3987  33.956  -69.451  -5.616 0.3000000119
3988  32.969  -68.802  -5.427 0.3000000119
4502  24.301  -67.296  -7.868 0.3000000119
5593  34.739  -65.550  -4.709 0.3000000119
5607  35.382  -67.051  -4.684 0.3000000119
5012  34.854  -67.635  -5.060 0.3000000119
4466  34.439  -68.468  -5.185 0.3000000119
3974  33.948  -69.292  -5.216 0.3000000119
162630  34.029  -69.157  -6.605 0.3000000119
5591  35.537  -66.063  -4.553 0.3000000119
5606  35.494  -66.542  -5.312 0.3000000119
4477  35.024  -67.762  -5.853 0.3000000119
3973  34.357  -68.917  -5.404 0.3000000119
147571  24.613  -69.014  -7.575 0.3000000119
159132  25.733  -70.453  -6.973 0.3000000119
3132  26.637  -70.409  -7.080 0.3000000119
3166  27.242  -70.636  -8.169 0.3000000119
3179  27.801  -70.213  -10.120 0.4000000060
3230  27.844  -71.618  -14.238 0.4000000060
142527  29.634  -68.616  -15.641 0.3000000119
141085  31.132  -71.719  -7.616 0.3000000119
2350  30.422  -72.217  -8.309 0.3000000119
2720  31.269  -71.624  -6.345 0.3000000119
2751  29.191  -71.873  -8.041 0.4000000060
3165  28.116  -70.840  -8.513 0.4000000060
137210  27.684  -70.473  -9.192 0.4000000060
3190  28.620  -71.500  -11.886 0.4000000060
3147  32.550  -70.523  -7.501 0.3000000119
161248  31.795  -71.182  -6.036 0.3000000119
3538  29.650  -70.652  -6.682 0.3000000119
141416  31.089  -71.542  -6.217 0.3000000119
3539  28.896  -70.558  -6.881 0.4000000060
3558  27.490  -69.994  -6.980 0.3000000119
3164  32.008  -70.776  -9.446 0.3000000119
3176  31.862  -70.689  -10.458 0.3000000119
3177  31.360  -71.024  -11.190 0.3000000119
2790  29.626  -72.290  -12.072 0.4000000060
3658  28.827  -70.343  -14.790 0.3000000119
162739  31.264  -68.414  -6.797 0.3000000119
3990  30.680  -69.445  -6.735 0.3000000119
4004  29.243  -68.667  -7.465 0.3000000119
4093  28.856  -68.912  -14.381 0.3000000119
4132  13.897  -69.121  -15.678 0.4000000060
901  23.457  -76.246  -2.439 0.3000000119
906  22.872  -76.683  -3.319 0.3000000119
1139  22.969  -76.476  -3.651 0.3000000119
1353  25.007  -75.141  -1.620 0.3000000119
1366  24.048  -75.479  -3.298 0.3000000119
1397  22.855  -74.857  -6.830 0.5000000000
1631  25.157  -74.600  -2.834 0.3000000119
1637  22.079  -74.295  -3.851 0.3000000119
1638  21.445  -74.335  -3.941 0.3000000119
1657  24.440  -74.727  -7.176 0.5000000000
1731  22.504  -74.238  -15.351 0.4000000060
1954  22.172  -73.529  -3.781 0.3000000119
1979  24.643  -73.735  -7.378 0.4000000060
1995  24.856  -73.611  -8.607 0.4000000060
2042  24.472  -74.058  -12.680 0.4000000060
2043  24.198  -74.052  -13.193 0.4000000060
2053  20.405  -73.838  -14.732 0.6000000238
2057  20.078  -73.711  -15.232 0.6000000238
2059  21.923  -73.917  -15.741 0.6000000238
2298  24.007  -72.479  -3.304 0.3000000119
2303  21.868  -72.795  -3.835 0.3000000119
2306  19.087  -71.883  -3.964 0.3000000119
2330  22.246  -72.251  -6.754 0.4000000060
2341  30.142  -72.268  -7.549 0.3000000119
2343  24.691  -73.046  -7.363 0.4000000060
2351  29.792  -72.215  -8.366 0.3000000119
2362  30.678  -72.096  -9.146 0.3000000119
2380  30.700  -72.080  -10.209 0.3000000119
2381  30.110  -72.254  -10.213 0.3000000119
2382  29.526  -72.072  -10.159 0.3000000119
2391  30.475  -72.202  -11.032 0.3000000119
2399  24.510  -72.856  -12.137 0.4000000060
2418  23.741  -73.042  -13.911 0.4000000060
2422  18.189  -73.149  -14.023 0.5000000000
2424  22.912  -72.590  -15.224 0.5000000000
2425  18.741  -73.391  -14.711 0.6000000238
2429  21.720  -73.447  -16.156 0.6999999881
2681  25.915  -71.613  -3.223 0.3000000119
2722  29.956  -71.960  -6.744 0.4000000060
2738  31.489  -71.546  -6.751 0.3000000119
2739  30.814  -71.979  -6.842 0.3000000119
2740  30.300  -72.152  -6.915 0.3000000119
2752  28.602  -71.257  -7.860 0.4000000060
2766  31.546  -71.223  -9.892 0.3000000119
2768  29.370  -71.937  -9.045 0.4000000060
2781  31.178  -71.477  -10.621 0.3000000119
2787  30.932  -71.602  -11.428 0.3000000119
2788  30.612  -72.019  -11.655 0.3000000119
2791  24.772  -70.636  -10.831 0.4000000060
2796  30.720  -71.707  -11.924 0.3000000119
2799  29.190  -72.148  -12.531 0.4000000060
2800  24.349  -71.092  -11.637 0.4000000060
2813  28.603  -72.077  -14.037 0.4000000060
2829  28.318  -71.822  -14.937 0.4000000060
2831  23.005  -71.755  -14.597 0.4000000060
2835  28.404  -71.875  -14.987 0.3000000119
2836  28.159  -71.744  -15.185 0.4000000060
2841  19.689  -72.289  -16.437 0.6000000238
2842  19.021  -71.856  -16.001 0.5000000000
3071  24.413  -71.183  -3.577 0.3000000119
3079  23.014  -70.424  -4.037 0.3000000119
3090  18.800  -70.001  -4.961 0.3000000119
3097  32.412  -70.740  -5.815 0.3000000119
3110  31.521  -71.020  -5.911 0.3000000119
3111  30.246  -71.593  -6.438 0.3000000119
3112  28.904  -71.051  -6.993 0.4000000060
3113  28.293  -70.484  -7.046 0.3000000119
3117  20.664  -70.152  -6.820 0.5000000000
3118  19.937  -70.294  -6.534 0.3000000119
3131  27.673  -70.453  -7.141 0.3000000119
3133  26.072  -70.717  -7.096 0.3000000119
3135  23.394  -70.109  -7.272 0.5000000000
3136  22.567  -69.830  -7.369 0.5000000000
3150  27.145  -70.528  -7.256 0.3000000119
3152  26.009  -70.969  -7.822 0.4000000060
3201  30.132  -71.778  -12.935 0.3000000119
3205  24.072  -70.284  -12.131 0.4000000060
3233  22.962  -70.013  -14.145 0.4000000060
3239  28.141  -71.653  -15.290 0.3000000119
3240  27.887  -71.640  -15.350 0.4000000060
3249  27.607  -71.167  -15.807 0.4000000060
3252  18.743  -70.146  -15.528 0.6000000238
3254  22.210  -70.719  -17.438 0.6999999881
3503  22.691  -69.616  -4.345 0.3000000119
3506  19.515  -69.621  -4.529 0.3000000119
3514  20.547  -68.861  -4.855 0.3000000119
3515  19.837  -69.094  -4.981 0.3000000119
3523  33.551  -69.870  -5.333 0.3000000119
3524  33.005  -70.320  -5.422 0.3000000119
3525  19.743  -69.125  -5.625 0.3000000119
3535  33.028  -70.296  -5.649 0.3000000119
3541  20.640  -69.319  -6.775 0.3000000119
3542  20.113  -69.068  -6.252 0.3000000119
3554  33.749  -69.480  -6.685 0.3000000119
3555  29.873  -69.611  -6.905 0.3000000119
3557  28.289  -69.864  -6.973 0.3000000119
3560  25.527  -69.721  -7.146 0.4000000060
3580  33.152  -69.833  -8.398 0.3000000119
3615  27.225  -69.665  -10.691 0.3000000119
3616  26.808  -69.183  -11.494 0.4000000060
3632  26.692  -69.111  -12.280 0.4000000060
3633  25.330  -69.009  -11.952 0.4000000060
3649  24.108  -69.168  -12.782 0.4000000060
3650  23.565  -69.569  -13.170 0.4000000060
3659  26.659  -69.952  -14.488 0.5000000000
3668  17.793  -69.542  -15.028 0.5000000000
3674  11.917  -69.558  -15.203 0.6000000238
3675  28.539  -70.128  -16.347 0.3000000119
3678  27.457  -70.635  -16.317 0.5000000000
3682  14.289  -69.697  -15.440 0.5000000000
3684  12.536  -69.593  -15.369 0.5000000000
3685  28.747  -69.770  -17.457 0.4000000060
3688  22.644  -69.776  -17.728 0.6000000238
3695  21.479  -69.506  -17.812 0.6999999881
3949  23.153  -69.031  -4.629 0.3000000119
3961  21.809  -68.119  -5.273 0.3000000119
3977  20.686  -68.307  -5.966 0.3000000119
3986  34.334  -68.833  -6.694 0.3000000119
3991  20.729  -68.569  -6.516 0.3000000119
4002  30.680  -68.369  -7.143 0.3000000119
4003  30.058  -68.748  -7.236 0.3000000119
4009  23.999  -68.030  -7.841 0.4000000060
4010  23.199  -68.101  -7.729 0.3000000119
4012  21.394  -68.190  -6.922 0.3000000119
4071  26.253  -68.916  -12.697 0.4000000060
4081  26.423  -69.228  -13.486 0.4000000060
4092  29.080  -68.697  -14.864 0.3000000119
4097  23.639  -68.815  -14.139 0.4000000060
4098  23.217  -68.946  -14.805 0.5000000000
4111  24.573  -68.330  -15.196 0.4000000060
4113  23.037  -69.114  -15.586 0.5000000000
4119  31.422  -68.910  -16.980 0.4000000060
4120  30.606  -68.949  -16.887 0.4000000060
4127  18.884  -68.568  -16.030 0.6000000238
4129  17.365  -68.285  -15.864 0.5000000000
4134  12.122  -69.198  -15.625 0.5000000000
4135  11.560  -69.137  -15.508 0.6000000238
4137  31.346  -68.670  -17.514 0.4000000060
4140  29.280  -69.443  -17.371 0.4000000060
4142  27.837  -69.558  -17.609 0.5000000000
4150  29.256  -69.309  -17.853 0.4000000060
4455  21.280  -67.975  -5.964 0.3000000119
4465  34.630  -68.288  -5.309 0.3000000119
4470  22.727  -67.343  -6.032 0.3000000119
4471  22.006  -67.645  -6.033 0.3000000119
4481  31.218  -67.648  -7.058 0.3000000119
4483  21.659  -67.845  -6.626 0.3000000119
4500  26.385  -68.384  -7.801 0.3000000119
4503  23.526  -67.409  -7.666 0.3000000119
4577  34.614  -67.777  -14.539 0.3000000119
4580  31.693  -67.991  -14.593 0.3000000119
4591  34.720  -68.029  -15.183 0.3000000119
4593  33.320  -68.531  -14.977 0.3000000119
4598  13.729  -67.634  -15.494 0.5000000000
4603  34.439  -68.264  -15.859 0.3000000119
4604  33.731  -68.661  -15.952 0.4000000060
4607  25.038  -67.985  -17.026 0.6000000238
4611  19.705  -67.918  -16.326 0.6000000238
4612  18.447  -67.737  -15.849 0.5000000000
4614  16.833  -67.867  -15.909 0.5000000000
4615  16.055  -68.078  -15.896 0.5000000000
4618  11.616  -68.716  -15.898 0.5000000000
4621  34.757  -67.884  -16.506 0.3000000119
4626  24.768  -67.627  -18.002 0.6999999881
4628  21.000  -67.491  -16.879 0.6999999881
4630  19.791  -68.171  -16.593 0.6000000238
4632  31.829  -68.363  -17.780 0.4000000060
4633  31.145  -68.268  -18.028 0.4000000060
4634  30.357  -68.269  -18.181 0.4000000060
4636  28.363  -68.077  -18.162 0.4000000060
4638  26.089  -67.204  -18.144 0.6999999881
4640  24.415  -67.192  -18.262 0.6000000238
4642  22.985  -67.851  -18.041 0.6000000238
4996  35.184  -66.825  -4.833 0.3000000119
5011  35.226  -67.329  -5.195 0.3000000119
5013  34.785  -67.542  -4.993 0.3000000119
5014  34.042  -66.834  -5.410 0.3000000119
5112  21.012  -66.930  -12.520 0.6999999881
5114  19.673  -66.784  -12.470 0.6999999881
5127  20.259  -67.000  -12.864 0.6999999881
5129  18.772  -66.707  -13.716 0.6999999881
5137  34.421  -67.154  -13.925 0.3000000119
5145  21.010  -67.119  -13.945 0.6999999881
5146  20.248  -67.141  -13.688 0.6000000238
5149  17.701  -66.554  -14.819 0.5000000000
5155  35.697  -67.079  -15.275 0.3000000119
5157  22.879  -66.372  -15.386 0.8000000119
5165  15.845  -66.848  -15.412 0.5000000000
5168  13.283  -67.091  -15.373 0.5000000000
5174  35.433  -67.430  -16.005 0.3000000119
5176  21.652  -66.966  -15.959 0.6999999881
5177  18.651  -67.487  -15.721 0.5000000000
5179  17.131  -67.297  -15.749 0.5000000000
5180  16.354  -67.370  -15.796 0.5000000000
5191  31.271  -67.069  -17.994 0.4000000060
5204  24.873  -66.619  -18.381 0.6999999881
5207  22.472  -67.145  -17.669 0.6000000238
5592  35.436  -66.011  -4.472 0.3000000119
5609  33.592  -65.589  -5.856 0.3000000119
5698  21.928  -65.800  -10.740 0.6999999881
5701  19.551  -65.666  -10.698 0.6999999881
5710  24.424  -65.686  -11.564 0.6000000238
5712  23.032  -65.930  -11.436 0.6999999881
5714  21.368  -66.146  -11.185 0.6999999881
5715  20.042  -66.097  -11.156 0.6999999881
5730  25.466  -65.787  -12.565 0.6999999881
5731  24.627  -65.865  -12.276 0.6000000238
5734  22.353  -66.395  -12.243 0.6999999881
5737  19.167  -66.323  -12.079 0.6999999881
5738  18.517  -66.039  -12.427 0.6000000238
5774  18.162  -66.304  -13.763 0.6000000238
5776  16.752  -65.925  -14.233 0.6000000238
5778  14.907  -65.758  -14.008 0.5000000000
5786  24.804  -66.012  -14.948 0.6999999881
5788  17.096  -66.327  -14.907 0.6000000238
5792  13.705  -65.770  -14.488 0.5000000000
5793  13.115  -65.904  -15.297 0.5000000000
5800  28.816  -65.843  -16.582 0.5000000000
5805  24.505  -65.963  -16.620 0.6999999881
5806  23.767  -66.034  -16.474 0.8000000119
5813  35.322  -66.852  -17.373 0.3000000119
5821  26.993  -66.350  -17.669 0.5000000000
5824  24.823  -66.024  -17.489 0.6000000238
5825  24.043  -66.064  -17.366 0.6999999881
5830  28.603  -66.664  -17.925 0.4000000060
5832  26.374  -66.468  -18.060 0.4000000060
5834  25.207  -66.255  -18.145 0.6999999881
5835  24.447  -66.245  -18.077 0.6999999881
6371  21.071  -64.354  -8.729 0.6000000238
6394  22.195  -64.350  -9.079 0.6000000238
6396  20.284  -64.861  -9.403 0.6999999881
6397  19.543  -64.771  -9.444 0.6999999881
6416  25.355  -64.658  -10.545 0.6999999881
6421  20.749  -65.273  -9.933 0.6000000238
6424  18.452  -64.546  -10.063 0.6999999881
6437  26.377  -64.804  -11.381 0.6999999881
6440  24.122  -65.427  -10.952 0.6000000238
6443  18.051  -65.100  -11.359 0.6000000238
6456  26.629  -65.088  -12.060 0.6999999881
6460  16.967  -64.784  -12.395 0.4000000060
6468  28.146  -64.775  -13.459 0.6999999881
6469  27.496  -65.095  -13.148 0.6999999881
6472  14.999  -64.503  -13.204 0.5000000000
6483  16.376  -65.447  -13.591 0.5000000000
6494  29.578  -65.003  -15.356 0.5000000000
6496  28.354  -65.386  -14.972 0.6000000238
6516  36.673  -65.268  -16.781 0.3000000119
6521  31.206  -65.713  -16.552 0.4000000060
6525  36.557  -65.298  -17.544 0.3000000119
7067  22.390  -63.907  -8.675 0.6000000238
7070  19.740  -63.885  -8.540 0.6999999881
7088  23.560  -64.152  -9.553 0.6000000238
7090  19.940  -64.392  -8.908 0.6999999881
7091  19.176  -64.078  -9.008 0.6999999881
7110  24.235  -64.348  -9.935 0.6000000238
7111  17.911  -63.875  -10.208 0.6999999881
7130  27.191  -63.741  -11.455 0.6999999881
7133  18.074  -64.557  -10.640 0.6000000238
7149  28.128  -63.716  -12.396 0.6999999881
7151  26.985  -64.479  -11.690 0.6999999881
7153  16.616  -63.957  -12.020 0.6000000238
7165  28.447  -64.083  -13.054 0.6999999881
7168  15.412  -63.953  -12.787 0.4000000060
7179  29.336  -63.905  -14.001 0.6000000238
7192  30.363  -63.843  -14.824 0.6000000238
7202  31.690  -64.359  -15.673 0.5000000000
7209  33.030  -64.767  -16.403 0.5000000000
7214  36.811  -64.725  -17.957 0.3000000119
7215  36.268  -65.181  -18.150 0.3000000119
7687  22.099  -62.851  -7.731 0.6999999881
7689  20.694  -63.150  -7.809 0.6999999881
7700  21.901  -63.537  -8.119 0.6999999881
7703  19.277  -63.307  -8.605 0.6999999881
7704  18.933  -62.726  -8.881 0.6999999881
7719  24.648  -63.292  -9.760 0.6999999881
7739  18.140  -63.224  -9.683 0.6999999881
7740  17.653  -63.061  -10.259 0.6000000238
7751  26.656  -63.410  -11.043 0.6999999881
7752  17.209  -62.890  -10.845 0.6000000238
7772  28.666  -63.215  -12.808 0.6999999881
7773  28.188  -63.049  -12.248 0.6999999881
7818  33.222  -63.535  -17.158 0.4000000060
7827  37.117  -63.593  -18.455 0.3000000119
8326  23.462  -62.091  -7.936 0.6999999881
8327  22.360  -62.213  -7.450 0.6999999881
8329  20.897  -62.410  -7.548 0.6999999881
8336  24.684  -62.027  -8.940 0.6999999881
8338  23.168  -62.674  -8.184 0.6999999881
8339  19.506  -62.389  -8.455 0.6999999881
8347  24.564  -62.666  -9.408 0.6000000238
8348  19.073  -62.101  -9.118 0.6000000238
8361  25.564  -62.490  -10.337 0.6999999881
8363  18.046  -62.473  -9.957 0.6000000238
8379  26.480  -62.643  -11.071 0.6999999881
8380  26.033  -62.397  -10.809 0.6999999881
8381  17.112  -62.269  -11.107 0.5000000000
8400  27.189  -62.874  -11.442 0.6999999881
8426  29.439  -62.489  -13.608 0.6999999881
8438  30.514  -62.423  -14.874 0.6000000238
8450  31.713  -62.492  -16.020 0.6000000238
8471  32.797  -62.804  -17.286 0.4000000060
8476  32.355  -61.798  -18.272 0.4000000060
8482  33.118  -61.994  -19.042 0.4000000060
8997  22.071  -61.520  -7.255 0.6999999881
8998  21.056  -61.669  -7.454 0.6000000238
8999  20.500  -61.742  -7.775 0.6999999881
9006  25.377  -60.923  -8.613 0.8000000119
9010  19.730  -61.649  -8.852 0.6000000238
9022  20.261  -61.115  -9.297 0.6000000238
9042  25.653  -61.773  -10.109 0.6999999881
9044  19.113  -61.644  -10.332 0.6000000238
9045  18.147  -61.872  -10.458 0.6000000238
9061  25.937  -61.901  -10.714 0.6000000238
9062  20.968  -61.324  -12.261 0.5000000000
9064  19.931  -61.513  -11.128 0.5000000000
9087  27.711  -61.846  -12.391 0.6999999881
9091  20.119  -61.611  -12.603 0.5000000000
9092  18.513  -61.473  -11.612 0.5000000000
9094  16.739  -61.633  -12.065 0.5000000000
9112  26.677  -60.996  -12.845 0.6000000238
9113  20.922  -61.310  -13.227 0.5000000000
9116  18.142  -61.432  -13.305 0.5000000000
9129  29.060  -61.194  -13.994 0.6999999881
9130  28.275  -61.165  -13.565 0.6999999881
9132  20.703  -61.405  -14.093 0.5000000000
9133  20.009  -61.683  -14.271 0.5000000000
9148  30.190  -61.736  -14.719 0.6000000238
9149  29.313  -60.929  -14.574 0.6999999881
9150  20.721  -61.193  -14.578 0.6000000238
9151  19.633  -61.731  -16.157 0.6000000238
9152  18.909  -61.850  -15.548 0.6000000238
9158  30.761  -61.381  -15.861 0.6000000238
9160  20.178  -61.371  -15.897 0.6000000238
9162  19.000  -61.584  -16.848 0.6000000238
9176  31.084  -61.355  -16.662 0.6000000238
9187  31.340  -61.316  -17.500 0.4000000060
9190  31.556  -61.253  -18.336 0.4000000060
9196  32.664  -61.349  -19.106 0.4000000060
9635  24.577  -60.434  -7.581 0.6999999881
9636  23.990  -60.385  -7.361 0.6999999881
9637  22.753  -60.898  -7.238 0.6000000238
9639  21.490  -60.451  -7.809 0.6000000238
9647  25.618  -60.309  -8.317 0.8000000119
9648  24.992  -60.712  -7.997 0.8000000119
9660  21.356  -59.963  -9.517 0.6000000238
9661  20.920  -60.575  -9.894 0.6000000238
9672  26.282  -60.720  -10.130 0.6000000238
9673  25.863  -61.201  -9.884 0.8000000119
9675  21.051  -60.783  -10.871 0.6000000238
9685  26.416  -60.764  -10.965 0.6000000238
9686  21.094  -60.974  -11.614 0.5000000000
9701  21.145  -61.081  -12.729 0.5000000000
9711  27.213  -60.986  -13.557 0.6000000238
9712  26.759  -60.806  -13.479 0.6000000238
9713  26.607  -60.538  -13.227 0.6000000238
9714  21.041  -61.064  -13.419 0.5000000000
9722  26.556  -60.315  -13.836 0.6000000238
9723  20.853  -60.971  -14.072 0.5000000000
9730  27.482  -60.636  -15.200 0.6000000238
9731  26.777  -60.545  -14.851 0.6000000238
9733  15.410  -59.932  -15.593 0.5000000000
9735  14.056  -60.314  -15.157 0.5000000000
9743  30.085  -60.854  -15.878 0.6000000238
9749  20.230  -61.037  -16.279 0.6000000238
9769  18.925  -60.482  -17.319 0.6000000238
9770  17.324  -61.755  -17.376 0.5000000000
9776  27.354  -60.612  -18.060 0.5000000000
9777  26.920  -60.537  -17.876 0.5000000000
9792  29.757  -60.588  -18.988 0.5000000000
9793  28.923  -60.574  -18.987 0.5000000000
9794  28.280  -60.533  -18.921 0.5000000000
10207  24.535  -59.848  -7.442 0.6999999881
10209  23.272  -59.506  -7.405 0.6999999881
10210  22.663  -59.254  -7.828 0.6000000238
10211  21.767  -59.825  -8.316 0.6000000238
10235  21.846  -59.061  -9.352 0.6000000238
10251  27.117  -59.648  -10.465 0.8000000119
10274  21.049  -60.448  -11.785 0.5000000000
10288  27.064  -59.719  -12.783 0.6000000238
10291  20.839  -60.310  -12.309 0.5000000000
10292  19.877  -59.693  -12.443 0.6000000238
10303  26.574  -60.163  -13.087 0.6000000238
10304  20.970  -60.739  -12.861 0.5000000000
10311  20.515  -60.727  -14.443 0.6000000238
10318  20.593  -60.941  -14.841 0.6000000238
10329  26.598  -60.254  -15.999 0.6000000238
10330  20.252  -60.735  -15.810 0.6000000238
10333  17.129  -59.831  -16.596 0.6000000238
10344  19.641  -59.774  -17.089 0.6000000238
10345  19.190  -59.443  -17.418 0.6000000238
10346  18.491  -59.230  -17.468 0.6000000238
10815  25.638  -58.859  -7.822 0.6999999881
10816  24.453  -59.151  -7.424 0.6000000238
10818  23.168  -58.708  -7.751 0.6999999881
10833  21.952  -58.608  -8.982 0.6000000238
10841  26.850  -58.904  -9.021 0.8000000119
10853  27.460  -58.812  -10.168 0.6999999881
10855  19.580  -58.879  -10.801 0.5000000000
10874  20.765  -59.407  -10.938 0.5000000000
10887  27.948  -58.670  -12.157 0.8000000119
10888  27.458  -59.307  -11.928 0.6999999881
10889  19.179  -58.767  -12.368 0.6000000238
10909  27.926  -58.764  -13.619 0.5000000000
10910  27.301  -59.470  -14.023 0.6000000238
10917  27.869  -58.805  -14.374 0.6000000238
10919  14.263  -58.919  -15.660 0.5000000000
10932  15.750  -59.096  -16.246 0.5000000000
10933  14.420  -57.982  -16.712 0.5000000000
10943  18.901  -58.211  -17.906 0.6000000238
10945  16.876  -57.867  -17.698 0.5000000000
11487  25.464  -58.170  -7.740 0.6000000238
11489  24.012  -57.791  -7.601 0.6999999881
11490  22.992  -57.957  -7.989 0.5000000000
11502  26.710  -57.435  -8.752 0.5000000000
11504  21.821  -58.083  -8.749 0.5000000000
11506  20.120  -57.858  -8.820 0.5000000000
11521  21.608  -58.497  -9.368 0.6000000238
11522  20.795  -58.408  -9.434 0.5000000000
11536  27.991  -57.609  -10.501 0.6000000238
11537  27.625  -58.049  -9.958 0.6000000238
11538  19.383  -58.351  -10.107 0.5000000000
11553  27.859  -58.348  -10.691 0.6000000238
11554  18.866  -58.032  -10.892 0.5000000000
11555  18.685  -57.098  -10.992 0.5000000000
11568  19.162  -57.711  -12.701 0.5000000000
11572  14.069  -57.555  -12.549 0.5000000000
11583  16.438  -57.551  -13.573 0.5000000000
11585  15.024  -57.608  -13.248 0.5000000000
11587  28.245  -58.173  -14.005 0.5000000000
11593  19.836  -56.887  -16.942 0.6000000238
11602  19.538  -57.492  -17.435 0.6000000238
11604  13.455  -57.174  -16.308 0.5000000000
11614  18.661  -57.219  -18.122 0.5000000000
11617  15.620  -57.054  -17.397 0.5000000000
12166  24.906  -57.138  -7.653 0.5000000000
12169  21.807  -56.837  -7.783 0.4000000060
12184  20.474  -57.372  -8.226 0.5000000000
12185  19.240  -57.493  -8.986 0.6000000238
12203  18.743  -57.224  -9.677 0.6000000238
12242  28.163  -57.149  -11.064 0.6000000238
12260  19.549  -56.530  -12.815 0.5000000000
12261  17.709  -56.638  -13.252 0.6000000238
12279  17.979  -56.816  -14.145 0.6000000238
12291  18.489  -56.192  -15.571 0.6000000238
12304  19.674  -56.324  -16.976 0.6000000238
12307  16.149  -56.927  -15.535 0.6000000238
12319  19.679  -56.619  -17.460 0.6000000238
12321  18.436  -56.099  -17.347 0.6000000238
12322  16.573  -56.333  -17.185 0.6000000238
12324  14.677  -56.763  -16.545 0.5000000000
12325  13.914  -56.764  -16.083 0.5000000000
12326  13.135  -56.816  -15.688 0.5000000000
12332  18.510  -56.511  -17.895 0.6000000238
12334  16.034  -56.639  -17.264 0.5000000000
12951  21.205  -56.202  -7.526 0.5000000000
12953  19.688  -55.727  -7.435 0.6000000238
12969  18.542  -55.882  -9.585 0.6000000238
12984  18.710  -56.321  -10.853 0.6000000238
12991  28.230  -56.520  -11.786 0.6000000238
12995  16.721  -56.579  -11.493 0.5000000000
13023  19.300  -55.128  -15.740 0.6000000238
13611  19.197  -55.211  -7.670 0.4000000060
13612  18.812  -54.656  -7.943 0.5000000000
13622  18.727  -55.320  -8.286 0.6000000238
13649  18.947  -55.085  -10.947 0.6000000238
13672  19.606  -55.411  -12.388 0.6000000238
13682  18.509  -55.274  -14.783 0.6000000238
13688  19.580  -54.744  -15.543 0.6000000238
13696  19.290  -54.607  -15.653 0.6000000238
14262  20.771  -54.728  -7.193 0.5000000000
14293  18.552  -54.581  -9.649 0.6000000238
14306  19.112  -54.582  -11.267 0.5000000000
14307  18.746  -54.565  -10.566 0.5000000000
14321  19.359  -54.221  -12.044 0.5000000000
14339  17.996  -54.292  -14.375 0.4000000060
14344  19.400  -54.304  -15.428 0.6000000238
14345  19.008  -54.003  -15.459 0.5000000000
14346  18.314  -53.596  -15.117 0.4000000060
15005  18.662  -53.339  -10.796 0.4000000060
15048  19.468  -53.552  -14.064 0.6000000238
15055  19.187  -53.583  -15.062 0.4000000060
15056  18.652  -53.220  -15.156 0.4000000060
15064  18.078  -52.810  -14.993 0.3000000119
15065  17.640  -53.007  -14.959 0.3000000119
15662  18.404  -51.609  -9.179 0.4000000060
15694  18.555  -52.591  -12.100 0.4000000060
15709  19.211  -53.102  -13.639 0.4000000060
15710  18.767  -52.706  -13.245 0.4000000060
15711  18.185  -52.376  -13.245 0.4000000060
15716  10.751  -52.094  -12.468 0.3000000119
15719  8.029  -53.085  -12.968 0.3000000119
15726  18.996  -53.114  -14.891 0.4000000060
15731  10.180  -52.344  -13.367 0.4000000060
15732  9.643  -52.435  -13.964 0.3000000119
15735  7.365  -52.714  -13.329 0.3000000119
15742  18.567  -52.902  -14.820 0.4000000060
15743  17.821  -52.560  -14.629 0.3000000119
15747  9.150  -52.301  -14.215 0.3000000119
15748  8.502  -52.290  -13.883 0.3000000119
16400  12.991  -51.858  -10.872 0.4000000060
16415  12.926  -51.685  -12.242 0.4000000060
16417  11.538  -51.811  -12.758 0.3000000119
16426  14.769  -52.315  -14.088 0.3000000119
16439  14.703  -52.094  -15.147 0.3000000119
16444  9.816  -52.193  -14.479 0.4000000060
16446  8.264  -51.741  -13.842 0.3000000119
16454  14.159  -51.898  -15.853 0.3000000119
16459  9.226  -51.651  -14.523 0.3000000119
16467  11.608  -51.511  -15.668 0.4000000060
17193  15.113  -50.478  -13.964 0.3000000119
17202  8.744  -50.896  -14.213 0.3000000119
17208  15.260  -51.799  -15.201 0.3000000119
17209  14.795  -51.309  -16.036 0.3000000119
17210  9.683  -50.260  -15.038 0.4000000060
17216  14.509  -51.210  -16.548 0.3000000119
17228  14.148  -50.147  -16.893 0.3000000119
17982  11.787  -49.902  -12.217 0.3000000119
17983  10.915  -49.891  -12.459 0.3000000119
17991  11.430  -49.058  -13.084 0.3000000119
17993  9.005  -48.646  -13.447 0.3000000119
17995  8.660  -49.788  -13.857 0.3000000119
18002  14.903  -50.136  -14.446 0.3000000119
18013  8.824  -49.387  -14.337 0.3000000119
18018  14.529  -50.444  -16.560 0.3000000119
18021  10.681  -48.788  -15.775 0.5000000000
18797  17.173  -48.521  -12.208 0.4000000060
18798  16.537  -49.225  -12.317 0.4000000060
18800  12.971  -49.212  -12.576 0.3000000119
18809  15.596  -49.577  -13.347 0.3000000119
18811  10.313  -47.972  -13.386 0.3000000119
18819  14.914  -49.697  -15.045 0.3000000119
18821  9.455  -47.316  -13.949 0.3000000119
18828  15.426  -48.839  -16.607 0.4000000060
18830  9.566  -47.843  -15.225 0.3000000119
18837  15.400  -48.676  -17.204 0.4000000060
18848  14.963  -49.138  -17.230 0.3000000119
19692  18.801  -47.539  -11.042 0.4000000060
19693  18.250  -47.913  -11.384 0.4000000060
19694  17.636  -48.301  -11.702 0.4000000060
19703  18.139  -47.674  -12.094 0.4000000060
19713  17.402  -47.929  -12.949 0.4000000060
19716  13.024  -47.847  -13.399 0.3000000119
19724  16.625  -48.023  -14.214 0.4000000060
19726  12.550  -46.938  -13.982 0.3000000119
19729  9.194  -47.287  -14.568 0.3000000119
19737  16.493  -47.868  -15.160 0.4000000060
19738  15.880  -48.304  -15.858 0.3000000119
19749  11.997  -46.482  -16.515 0.3000000119
19751  10.552  -47.203  -15.777 0.3000000119
19759  15.699  -48.055  -17.470 0.3000000119
19761  14.450  -48.557  -17.320 0.3000000119
20553  19.461  -47.197  -10.769 0.4000000060
20601  17.079  -47.461  -14.576 0.4000000060
20602  13.282  -46.621  -14.015 0.3000000119
20614  11.144  -45.636  -15.198 0.3000000119
20628  10.443  -46.533  -15.583 0.3000000119
20635  16.334  -46.807  -17.326 0.3000000119
21553  12.918  -45.824  -14.622 0.3000000119
21574  17.295  -46.310  -15.933 0.3000000119
21586  15.483  -45.705  -18.155 0.3000000119
21587  14.377  -46.375  -17.711 0.3000000119
21598  14.932  -45.523  -18.220 0.3000000119
21600  13.754  -45.473  -17.720 0.3000000119
22563  13.031  -44.574  -15.852 0.3000000119
22575  12.888  -44.787  -16.557 0.3000000119
22588  14.166  -44.805  -18.188 0.3000000119
22602  14.981  -45.029  -18.352 0.3000000119
23582  18.032  -44.946  -15.659 0.3000000119
23584  13.501  -44.042  -16.300 0.3000000119
23595  17.418  -44.022  -16.279 0.3000000119
23610  13.603  -44.072  -17.620 0.3000000119
24540  18.578  -43.578  -15.639 0.3000000119
136792  18.572  -54.634  -8.708 0.5000000000
136824  11.134  -51.916  -14.242 0.3000000119
137162  18.446  -52.604  -10.442 0.4000000060
137209  24.907  -73.938  -9.521 0.4000000060
137509  23.581  -56.636  -7.596 0.6000000238
137646  19.853  -59.606  -16.201 0.6000000238
137743  28.289  -60.717  -18.200 0.5000000000
138268  31.928  -68.596  -6.299 0.3000000119
138437  23.168  -65.042  -10.217 0.6000000238
138515  27.483  -65.903  -16.420 0.6000000238
138548  22.696  -60.100  -7.373 0.6999999881
139212  18.226  -46.898  -13.690 0.4000000060
139303  18.525  -53.924  -9.181 0.5000000000
139427  24.822  -74.959  -7.781 0.4000000060
139469  33.584  -67.945  -17.458 0.4000000060
139498  28.785  -71.403  -8.780 0.4000000060
139600  20.206  -73.967  -3.997 0.3000000119
139758  22.543  -57.394  -8.007 0.5000000000
139974  27.632  -57.299  -9.862 0.5000000000
140003  20.279  -67.399  -15.762 0.6000000238
140125  19.936  -54.791  -13.645 0.6000000238
140383  13.482  -66.450  -14.868 0.5000000000
140669  20.021  -61.414  -10.505 0.6000000238
140923  21.136  -60.419  -11.199 0.5000000000
141004  19.910  -73.170  -16.127 0.6999999881
141128  31.396  -69.152  -6.410 0.3000000119
141131  19.708  -57.642  -15.212 0.6000000238
141404  23.628  -63.587  -9.237 0.6000000238
141448  24.434  -73.087  -6.983 0.4000000060
141457  30.688  -65.206  -15.935 0.5000000000
141638  24.688  -56.490  -7.690 0.5000000000
141931  24.300  -58.357  -7.485 0.5000000000
142453  17.888  -51.595  -10.733 0.4000000060
142571  14.958  -52.227  -12.180 0.3000000119
142691  22.922  -74.610  -14.809 0.5000000000
143019  19.144  -69.715  -5.533 0.3000000119
143515  26.320  -61.292  -11.385 0.6000000238
143707  26.329  -59.041  -8.427 0.6000000238
143736  19.521  -55.833  -16.230 0.6000000238
143780  22.911  -69.203  -17.865 0.6000000238
144248  28.389  -70.110  -16.972 0.3000000119
144267  28.179  -58.153  -11.786 0.6000000238
144658  29.205  -72.171  -13.440 0.4000000060
144820  16.396  -47.743  -16.183 0.4000000060
144953  21.865  -72.855  -6.721 0.4000000060
144954  22.722  -72.918  -6.733 0.4000000060
145281  23.692  -73.024  -6.762 0.5000000000
145476  24.172  -70.397  -7.055 0.5000000000
145483  18.725  -66.911  -14.554 0.5000000000
145609  26.138  -65.960  -14.671 0.6999999881
145625  19.822  -61.704  -15.214 0.6000000238
145660  32.237  -60.841  -19.180 0.4000000060
146105  33.564  -62.510  -18.915 0.4000000060
146228  22.139  -71.009  -6.907 0.5000000000
146248  24.646  -74.122  -3.159 0.3000000119
146478  27.484  -60.648  -16.766 0.6000000238
146818  22.174  -66.798  -16.918 0.6999999881
146850  24.789  -74.331  -7.836 0.5000000000
146927  26.525  -60.704  -11.807 0.6000000238
147374  25.392  -65.993  -13.498 0.6000000238
147389  19.134  -56.727  -8.388 0.6000000238
147541  22.734  -75.883  -3.891 0.3000000119
147787  23.779  -73.978  -3.375 0.3000000119
147890  27.475  -66.111  -17.268 0.5000000000
147992  21.447  -70.691  -6.913 0.4000000060
148004  23.439  -66.098  -12.400 0.6999999881
148246  29.569  -72.037  -13.559 0.3000000119
148299  25.706  -66.625  -18.299 0.6999999881
148682  33.830  -66.028  -17.344 0.4000000060
149281  23.841  -57.250  -7.649 0.5000000000
149749  21.114  -74.177  -14.872 0.6000000238
149937  27.995  -70.140  -17.218 0.4000000060
150144  21.942  -69.391  -4.455 0.3000000119
150573  19.639  -58.126  -16.599 0.6000000238
151169  24.454  -71.943  -3.317 0.3000000119
151466  15.045  -58.132  -16.927 0.5000000000
151605  11.297  -50.098  -15.849 0.3000000119
151902  26.507  -67.978  -17.316 0.4000000060
151940  21.591  -72.137  -3.914 0.3000000119
152018  29.478  -71.359  -6.776 0.4000000060
152283  23.802  -65.146  -10.491 0.6000000238
152441  23.600  -70.357  -12.949 0.4000000060
152579  27.557  -59.142  -12.589 0.6000000238
152801  26.687  -59.436  -9.027 0.6999999881
152982  26.192  -70.172  -6.963 0.3000000119
152986  23.511  -66.153  -13.008 0.6999999881
153028  31.529  -63.681  -15.485 0.5000000000
153075  21.110  -70.296  -17.631 0.6000000238
153481  18.744  -52.686  -8.217 0.4000000060
153567  20.358  -70.275  -17.218 0.6999999881
153806  23.400  -65.992  -11.861 0.6000000238
153935  18.561  -56.465  -10.000 0.5000000000
154140  20.530  -65.617  -10.430 0.6999999881
154160  23.646  -61.523  -7.659 0.6999999881
154304  13.070  -45.241  -17.151 0.3000000119
154496  21.318  -71.516  -3.974 0.3000000119
154571  25.345  -57.611  -7.714 0.5000000000
154677  19.645  -55.042  -7.304 0.6000000238
154785  24.373  -57.870  -7.543 0.5000000000
154806  26.317  -57.776  -8.365 0.5000000000
155059  19.723  -70.858  -4.020 0.3000000119
155075  29.115  -71.893  -11.560 0.4000000060
155742  23.070  -74.226  -14.929 0.5000000000
155744  11.724  -51.115  -15.987 0.3000000119
156272  16.418  -63.154  -11.815 0.6000000238
156655  25.365  -68.889  -7.567 0.3000000119
156716  17.281  -65.330  -12.782 0.5000000000
156930  19.084  -67.813  -15.999 0.6000000238
157845  18.388  -68.616  -15.762 0.5000000000
158119  14.482  -68.109  -15.726 0.4000000060
158724  25.225  -71.625  -7.188 0.5000000000
158742  15.265  -60.478  -15.751 0.5000000000
158780  21.835  -68.358  -7.359 0.3000000119
159451  21.190  -72.709  -6.710 0.4000000060
159589  19.565  -61.568  -11.755 0.5000000000
159818  30.719  -60.590  -18.937 0.4000000060
160057  29.868  -61.179  -14.746 0.6999999881
160104  27.071  -60.634  -16.684 0.6000000238
160358  23.395  -63.146  -8.766 0.6000000238
160595  28.392  -64.960  -14.132 0.6000000238
160745  20.563  -63.627  -8.050 0.6999999881
160754  11.499  -51.745  -15.376 0.3000000119
160765  18.552  -45.350  -15.121 0.3000000119
160793  19.612  -55.949  -12.540 0.5000000000
160830  24.905  -74.722  -8.204 0.4000000060
161005  10.532  -46.486  -14.290 0.3000000119
161257  23.226  -76.085  -3.689 0.3000000119
161353  31.917  -71.205  -6.204 0.3000000119
161419  22.588  -70.465  -16.611 0.6000000238
161431  25.415  -65.986  -15.111 0.8000000119
161610  26.509  -61.558  -11.692 0.6999999881
161898  15.264  -57.499  -13.764 0.5000000000
161959  14.220  -67.418  -15.405 0.5000000000
162085  30.999  -61.863  -15.645 0.6000000238
162187  19.945  -61.595  -15.683 0.6000000238
162315  25.018  -71.820  -8.749 0.4000000060
162353  36.518  -65.162  -16.193 0.3000000119
162495  30.748  -72.088  -7.420 0.3000000119
162727  13.578  -45.653  -14.518 0.3000000119
162887  31.918  -63.939  -15.710 0.5000000000
162911  24.037  -68.743  -13.757 0.4000000060
162940  19.620  -58.866  -15.460 0.6000000238
163042  20.679  -70.187  -4.138 0.3000000119
163156  19.126  -69.794  -4.708 0.3000000119
163277  21.903  -69.612  -7.311 0.5000000000
163409  25.911  -65.948  -13.886 0.6000000238
163425  20.737  -61.029  -7.944 0.6000000238
163436  18.512  -52.659  -8.898 0.4000000060
163553  26.607  -65.679  -13.364 0.6999999881
163761  32.612  -68.800  -16.665 0.4000000060
163911  34.943  -64.947  -18.381 0.3000000119
163942  20.541  -60.291  -12.891 0.5000000000
163953  18.964  -54.205  -7.755 0.4000000060
164044  21.540  -61.664  -7.271 0.6000000238
164231  22.890  -71.007  -3.904 0.3000000119
164419  22.910  -62.277  -7.728 0.6999999881
164566  12.220  -49.004  -13.036 0.3000000119
164570  23.876  -66.948  -18.204 0.6000000238
164578  20.151  -70.953  -16.994 0.6999999881
