#!ascii label  , from subject sub-v2s2x29064_ses-1 vox2ras=TkReg
808
136229  -24.375  -13.926  42.001 0.0000000000
148872  -45.849  -5.952  32.218 0.0000000000
85619  -47.104  1.566  25.453 0.0000000000
85687  -53.719  2.641  16.205 0.0000000000
73368  -42.885  -8.905  29.880 0.0000000000
85651  -51.826  1.498  22.175 0.0000000000
85782  -50.705  2.536  8.773 0.0000000000
87880  -58.640  3.935  10.656 0.0000000000
76875  -48.667  -5.932  30.428 0.0000000000
82330  -49.075  -0.483  29.477 0.0000000000
143322  -46.309  -1.543  28.762 0.0000000000
69846  -28.354  -10.100  44.778 0.0000000000
67522  -31.379  -13.408  43.638 0.0000000000
65091  -34.599  -15.032  40.764 0.0000000000
66356  -39.161  -13.877  39.233 0.0000000000
68757  -42.867  -12.488  35.690 0.0000000000
68822  -46.015  -12.389  31.407 0.0000000000
71167  -47.365  -10.418  28.977 0.0000000000
84464  -51.854  0.884  26.377 0.0000000000
87905  -61.542  4.125  6.995 0.0000000000
76853  -47.443  -5.535  33.056 0.0000000000
80071  -47.458  -2.146  31.854 0.0000000000
138277  -46.157  -3.675  30.142 0.0000000000
71061  -28.897  -9.993  42.766 0.0000000000
68659  -30.286  -11.494  44.158 0.0000000000
68789  -41.842  -12.270  32.439 0.0000000000
68792  -45.045  -12.782  33.076 0.0000000000
68820  -43.739  -12.212  31.078 0.0000000000
74513  -44.115  -7.171  31.445 0.0000000000
72262  -45.737  -9.570  29.307 0.0000000000
73339  -46.992  -7.772  31.022 0.0000000000
157448  -49.412  -8.449  30.593 0.0000000000
85568  -48.294  2.455  28.979 0.0000000000
84443  -50.542  1.301  28.219 0.0000000000
87713  -50.570  4.026  27.027 0.0000000000
84517  -52.659  1.176  19.835 0.0000000000
86662  -55.167  3.471  21.778 0.0000000000
85673  -56.080  1.947  18.993 0.0000000000
83511  -54.888  1.168  16.052 0.0000000000
85772  -52.858  2.450  9.985 0.0000000000
86796  -52.476  4.773  12.008 0.0000000000
71164  -42.244  -10.392  29.019 0.0000000000
83508  -49.919  -0.345  17.287 0.0000000000
85785  -53.803  3.014  9.700 0.0000000000
85774  -55.472  1.631  10.670 0.0000000000
85816  -59.171  1.657  6.148 0.0000000000
76894  -47.932  -6.197  28.102 0.0000000000
137606  -48.527  -1.985  30.752 0.0000000000
139727  -47.861  -0.037  30.953 0.0000000000
68656  -26.399  -11.519  43.687 0.0000000000
63810  -31.429  -15.940  42.828 0.0000000000
66302  -32.533  -14.293  42.782 0.0000000000
62467  -32.846  -17.179  42.683 0.0000000000
61218  -35.370  -16.912  41.051 0.0000000000
61237  -37.567  -16.837  39.617 0.0000000000
157783  -39.984  -15.856  38.371 0.0000000000
67577  -40.998  -12.689  38.003 0.0000000000
65196  -44.150  -14.037  34.317 0.0000000000
70035  -44.349  -10.865  29.178 0.0000000000
70026  -46.393  -11.380  29.427 0.0000000000
68861  -48.510  -12.637  29.172 0.0000000000
70040  -49.702  -10.926  28.440 0.0000000000
74575  -49.186  -8.685  27.781 0.0000000000
150268  -53.047  3.797  24.853 0.0000000000
85736  -50.700  2.389  13.098 0.0000000000
145362  -52.752  2.438  14.641 0.0000000000
67504  -24.693  -13.187  43.352 0.0000000000
76851  -46.496  -5.621  33.265 0.0000000000
78942  -46.792  -3.745  32.754 0.0000000000
77932  -46.074  -4.540  31.875 0.0000000000
68802  -41.206  -12.034  31.750 0.0000000000
68803  -42.699  -12.363  32.057 0.0000000000
155327  -42.167  -12.005  30.814 0.0000000000
75730  -44.686  -6.747  31.526 0.0000000000
157918  -45.544  -7.386  31.537 0.0000000000
75732  -46.356  -6.423  32.489 0.0000000000
74496  -46.895  -6.760  32.287 0.0000000000
86599  -49.187  3.610  28.183 0.0000000000
86628  -48.507  2.759  25.764 0.0000000000
84533  -53.250  1.920  17.602 0.0000000000
85671  -55.127  2.616  18.282 0.0000000000
85680  -55.090  2.727  16.897 0.0000000000
83512  -55.444  1.579  16.475 0.0000000000
85705  -54.397  2.533  15.464 0.0000000000
84648  -52.844  0.995  10.212 0.0000000000
84647  -52.197  0.697  10.520 0.0000000000
83595  -51.889  -0.665  10.427 0.0000000000
158816  -54.735  2.875  8.554 0.0000000000
86822  -55.882  3.870  10.410 0.0000000000
86810  -54.802  3.268  10.540 0.0000000000
86812  -56.431  3.280  10.905 0.0000000000
85788  -57.035  1.109  9.571 0.0000000000
86825  -59.160  2.454  10.265 0.0000000000
86851  -60.424  2.445  6.295 0.0000000000
76887  -48.246  -5.838  28.927 0.0000000000
148820  -48.322  -4.379  29.232 0.0000000000
149843  -48.523  -4.386  29.935 0.0000000000
132855  -46.973  -1.669  31.245 0.0000000000
134795  -47.741  -0.887  31.496 0.0000000000
83374  -46.968  -0.203  29.417 0.0000000000
83375  -47.245  0.522  29.199 0.0000000000
161712  -46.302  -0.682  27.927 0.0000000000
68665  -27.617  -11.845  43.140 0.0000000000
69862  -28.649  -10.982  44.361 0.0000000000
67507  -30.595  -12.009  43.930 0.0000000000
134852  -34.326  -14.376  40.576 0.0000000000
65081  -33.675  -14.738  41.321 0.0000000000
63803  -32.633  -15.631  42.947 0.0000000000
63812  -33.638  -16.081  41.829 0.0000000000
61208  -33.935  -17.343  41.898 0.0000000000
62470  -35.054  -16.316  40.968 0.0000000000
63836  -38.781  -14.752  39.911 0.0000000000
62502  -39.013  -16.086  39.033 0.0000000000
63849  -39.851  -14.954  39.186 0.0000000000
68767  -41.332  -11.771  35.130 0.0000000000
68744  -40.819  -11.826  36.709 0.0000000000
67589  -42.137  -12.732  37.087 0.0000000000
66396  -41.838  -13.822  37.911 0.0000000000
66409  -43.119  -13.793  36.999 0.0000000000
143631  -43.365  -14.444  35.948 0.0000000000
66421  -44.013  -13.493  35.244 0.0000000000
68793  -45.427  -12.582  32.457 0.0000000000
159473  -45.350  -13.385  32.804 0.0000000000
67640  -46.283  -12.991  31.989 0.0000000000
68823  -46.694  -12.487  31.125 0.0000000000
71165  -43.258  -10.532  29.056 0.0000000000
71183  -44.019  -10.365  29.057 0.0000000000
72263  -46.706  -9.649  29.221 0.0000000000
71185  -45.902  -10.619  28.927 0.0000000000
71186  -46.980  -10.839  28.827 0.0000000000
68852  -48.186  -12.535  29.760 0.0000000000
70039  -49.074  -11.947  29.330 0.0000000000
71188  -49.501  -11.328  29.205 0.0000000000
75761  -48.839  -7.294  30.460 0.0000000000
140189  -49.886  -8.832  29.451 0.0000000000
75787  -48.803  -7.613  29.069 0.0000000000
74562  -48.646  -7.809  28.246 0.0000000000
72144  -28.238  -9.089  44.970 0.0000000000
71041  -27.478  -8.973  45.507 0.0000000000
69844  -26.441  -10.684  44.469 0.0000000000
134701  -48.533  -1.950  29.058 0.0000000000
153550  -48.758  -1.232  27.747 0.0000000000
155786  -51.175  0.915  27.182 0.0000000000
85640  -50.744  1.842  23.024 0.0000000000
86640  -51.122  3.286  24.327 0.0000000000
86650  -52.343  3.246  23.486 0.0000000000
84495  -55.890  0.840  22.388 0.0000000000
85634  -55.173  1.799  23.493 0.0000000000
85748  -52.190  3.419  12.921 0.0000000000
86788  -51.963  4.481  12.794 0.0000000000
85737  -51.551  2.899  13.377 0.0000000000
135246  -51.698  2.246  14.354 0.0000000000
84598  -52.383  1.950  13.997 0.0000000000
83532  -52.774  0.933  14.616 0.0000000000
88885  -59.896  4.568  8.946 0.0000000000
87888  -60.535  4.241  9.104 0.0000000000
89847  -61.139  5.639  7.427 0.0000000000
90832  -62.041  7.448  4.777 0.0000000000
76865  -48.482  -5.728  31.771 0.0000000000
78950  -48.173  -3.576  31.877 0.0000000000
78944  -47.634  -3.412  32.562 0.0000000000
80070  -47.084  -2.244  31.771 0.0000000000
159291  -46.291  -2.679  29.920 0.0000000000
72145  -28.634  -9.439  44.404 0.0000000000
69848  -29.777  -10.717  44.589 0.0000000000
149281  -31.816  -11.777  42.769 0.0000000000
137276  -42.912  -12.350  34.306 0.0000000000
68781  -43.972  -12.727  34.175 0.0000000000
68791  -43.275  -12.470  33.448 0.0000000000
68804  -43.579  -12.379  31.872 0.0000000000
68821  -44.858  -12.179  30.999 0.0000000000
73349  -43.133  -8.307  30.568 0.0000000000
72261  -44.342  -9.100  29.740 0.0000000000
151478  -44.761  -8.441  30.357 0.0000000000
72246  -46.136  -9.029  29.768 0.0000000000
72247  -47.191  -9.078  29.851 0.0000000000
72265  -49.166  -10.033  29.966 0.0000000000
73340  -47.905  -8.001  30.860 0.0000000000
74517  -48.332  -7.257  31.230 0.0000000000
72161  -27.479  -9.323  42.614 0.0000000000
84420  -48.817  1.123  29.687 0.0000000000
136696  -49.614  0.489  28.891 0.0000000000
85570  -50.094  2.380  28.936 0.0000000000
85583  -50.932  3.173  27.652 0.0000000000
86622  -51.460  3.346  26.926 0.0000000000
85656  -52.052  1.011  21.356 0.0000000000
86660  -53.241  3.168  22.365 0.0000000000
85658  -53.959  2.552  20.686 0.0000000000
86671  -56.003  2.792  20.491 0.0000000000
160370  -52.255  2.647  9.278 0.0000000000
86808  -51.372  3.982  10.117 0.0000000000
85762  -52.455  3.532  10.313 0.0000000000
85756  -52.622  4.017  12.162 0.0000000000
76873  -44.403  -6.249  30.609 0.0000000000
76862  -43.107  -6.518  31.134 0.0000000000
85621  -48.560  2.278  24.728 0.0000000000
140661  -50.643  0.053  21.323 0.0000000000
159309  -51.410  0.219  19.977 0.0000000000
84531  -51.360  0.436  18.297 0.0000000000
84540  -51.553  0.872  17.353 0.0000000000
85783  -52.598  2.414  8.971 0.0000000000
138355  -53.221  2.619  9.923 0.0000000000
84650  -54.028  1.250  10.382 0.0000000000
83604  -53.818  0.090  9.950 0.0000000000
86833  -60.378  2.788  8.606 0.0000000000
85810  -58.967  1.851  7.975 0.0000000000
78973  -47.979  -4.455  28.343 0.0000000000
132873  -48.181  -3.621  28.891 0.0000000000
132871  -48.686  -1.545  30.286 0.0000000000
134808  -48.006  -1.784  31.470 0.0000000000
132869  -47.958  -0.627  31.323 0.0000000000
83363  -48.433  0.551  30.271 0.0000000000
84418  -47.912  0.991  29.831 0.0000000000
85580  -47.175  1.374  27.827 0.0000000000
78959  -46.002  -4.273  29.306 0.0000000000
162115  -46.016  -3.705  28.687 0.0000000000
81197  -45.789  -1.572  26.906 0.0000000000
67514  -25.275  -13.068  42.788 0.0000000000
67516  -26.736  -12.529  42.389 0.0000000000
62477  -31.229  -17.129  41.318 0.0000000000
68678  -32.039  -11.676  42.156 0.0000000000
68679  -32.095  -12.087  42.242 0.0000000000
66301  -31.988  -13.847  43.203 0.0000000000
62456  -32.301  -16.366  43.258 0.0000000000
60102  -34.535  -18.708  40.198 0.0000000000
136166  -36.322  -17.992  39.517 0.0000000000
66394  -39.002  -13.099  37.723 0.0000000000
67575  -39.684  -12.424  37.532 0.0000000000
66376  -39.963  -13.708  38.740 0.0000000000
66377  -40.790  -13.996  38.502 0.0000000000
63874  -41.158  -15.321  37.771 0.0000000000
67621  -44.326  -13.416  33.730 0.0000000000
151458  -42.641  -11.527  29.932 0.0000000000
68836  -43.941  -11.905  30.332 0.0000000000
68849  -45.201  -11.666  29.979 0.0000000000
71184  -44.875  -10.453  29.101 0.0000000000
70025  -45.263  -11.247  29.502 0.0000000000
68850  -46.124  -11.782  29.980 0.0000000000
68839  -46.911  -12.332  30.479 0.0000000000
67673  -47.371  -13.267  29.592 0.0000000000
70058  -48.707  -11.113  27.137 0.0000000000
71170  -50.150  -10.151  29.225 0.0000000000
72293  -49.666  -9.768  27.511 0.0000000000
72305  -49.221  -9.812  26.738 0.0000000000
73390  -48.963  -8.810  26.888 0.0000000000
68655  -25.613  -11.812  44.024 0.0000000000
86630  -50.065  3.316  25.234 0.0000000000
86632  -51.712  3.883  25.307 0.0000000000
86633  -53.095  2.897  25.440 0.0000000000
87748  -53.685  3.778  23.495 0.0000000000
85623  -54.015  1.564  24.884 0.0000000000
84466  -52.948  0.302  26.140 0.0000000000
83520  -50.041  0.278  16.143 0.0000000000
150461  -51.686  1.751  15.715 0.0000000000
86794  -50.835  3.967  11.260 0.0000000000
85746  -50.437  2.717  12.569 0.0000000000
84596  -50.285  1.351  13.787 0.0000000000
84584  -51.007  1.632  14.832 0.0000000000
85704  -53.423  2.595  15.383 0.0000000000
84556  -53.792  2.112  15.048 0.0000000000
66281  -23.824  -13.889  42.600 0.0000000000
77919  -46.219  -5.389  32.955 0.0000000000
77925  -45.910  -5.345  32.334 0.0000000000
154329  -40.757  -11.861  31.239 0.0000000000
139039  -42.012  -12.183  31.547 0.0000000000
68834  -41.603  -11.680  30.384 0.0000000000
144090  -44.971  -6.476  31.559 0.0000000000
75731  -45.737  -6.469  32.174 0.0000000000
75714  -46.256  -5.910  32.770 0.0000000000
85611  -47.606  2.265  26.049 0.0000000000
86620  -48.174  2.860  26.651 0.0000000000
85679  -54.107  2.219  17.883 0.0000000000
135533  -54.328  2.707  16.739 0.0000000000
85688  -54.847  2.808  16.049 0.0000000000
83603  -53.207  -0.035  10.045 0.0000000000
83602  -52.462  -0.416  9.952 0.0000000000
87885  -57.961  3.994  10.503 0.0000000000
87884  -56.841  3.847  10.467 0.0000000000
87878  -56.827  3.657  10.825 0.0000000000
85789  -57.469  3.022  11.227 0.0000000000
86813  -58.460  3.128  11.073 0.0000000000
76882  -48.513  -5.839  29.771 0.0000000000
77943  -48.439  -5.058  29.530 0.0000000000
77938  -48.669  -4.968  30.388 0.0000000000
132853  -46.669  -1.002  29.569 0.0000000000
132856  -47.000  -1.027  30.731 0.0000000000
134476  -46.513  -0.872  28.605 0.0000000000
67521  -30.935  -12.690  43.661 0.0000000000
65082  -33.948  -15.396  41.407 0.0000000000
63813  -34.412  -15.833  41.147 0.0000000000
63824  -35.078  -15.556  40.632 0.0000000000
65114  -38.654  -14.105  39.839 0.0000000000
65105  -38.092  -14.426  40.203 0.0000000000
65115  -39.529  -14.424  39.644 0.0000000000
66357  -39.810  -14.138  39.267 0.0000000000
68756  -42.080  -11.962  35.922 0.0000000000
68746  -42.441  -12.519  36.336 0.0000000000
67590  -42.958  -13.148  36.773 0.0000000000
67600  -43.260  -13.002  36.044 0.0000000000
66410  -43.669  -13.516  36.321 0.0000000000
68758  -43.595  -12.992  35.407 0.0000000000
154615  -45.453  -12.401  31.767 0.0000000000
68806  -46.098  -12.631  32.096 0.0000000000
68807  -46.476  -12.649  31.661 0.0000000000
72278  -43.409  -9.977  28.981 0.0000000000
70038  -47.987  -11.524  29.480 0.0000000000
71187  -48.335  -11.228  29.376 0.0000000000
71168  -48.768  -10.663  29.456 0.0000000000
76883  -48.607  -6.666  30.033 0.0000000000
75774  -48.869  -7.464  29.832 0.0000000000
75773  -48.469  -6.733  29.373 0.0000000000
71035  -27.676  -8.871  45.364 0.0000000000
71042  -28.073  -9.119  45.080 0.0000000000
69845  -27.449  -9.745  45.076 0.0000000000
132868  -48.752  -1.367  28.533 0.0000000000
83388  -49.224  -0.518  28.558 0.0000000000
85612  -51.490  0.897  26.753 0.0000000000
84474  -50.869  -0.017  25.938 0.0000000000
83419  -52.299  0.079  26.087 0.0000000000
85650  -51.002  1.305  22.375 0.0000000000
85641  -51.604  2.105  22.881 0.0000000000
143875  -50.331  3.011  9.054 0.0000000000
84620  -51.993  2.240  12.915 0.0000000000
86780  -51.952  3.815  13.047 0.0000000000
85728  -51.929  2.300  13.900 0.0000000000
76857  -48.180  -5.191  32.453 0.0000000000
77927  -48.172  -4.275  32.415 0.0000000000
77922  -47.679  -4.714  32.978 0.0000000000
78949  -46.518  -3.637  32.389 0.0000000000
139351  -46.665  -2.969  31.904 0.0000000000
80079  -46.449  -2.725  30.743 0.0000000000
71053  -29.260  -9.838  44.207 0.0000000000
69874  -31.463  -11.463  42.883 0.0000000000
68788  -40.869  -12.056  32.466 0.0000000000
143821  -41.335  -12.127  33.286 0.0000000000
137277  -41.844  -12.105  34.237 0.0000000000
143820  -42.281  -12.292  33.390 0.0000000000
68790  -42.672  -12.388  32.757 0.0000000000
68819  -42.828  -12.241  31.272 0.0000000000
68805  -44.566  -12.368  31.776 0.0000000000
73336  -43.556  -7.693  31.129 0.0000000000
73350  -43.935  -8.415  30.491 0.0000000000
73337  -44.357  -7.811  31.095 0.0000000000
73338  -46.011  -7.824  31.048 0.0000000000
73351  -45.627  -8.416  30.320 0.0000000000
73352  -46.599  -8.376  30.368 0.0000000000
73353  -47.697  -8.446  30.443 0.0000000000
75734  -47.496  -6.256  32.643 0.0000000000
74497  -47.586  -6.796  32.000 0.0000000000
75747  -48.165  -6.516  31.764 0.0000000000
71052  -28.377  -9.568  43.105 0.0000000000
85556  -48.705  1.786  29.451 0.0000000000
84432  -49.524  1.509  29.374 0.0000000000
85569  -49.187  2.507  29.236 0.0000000000
87696  -50.002  3.936  27.569 0.0000000000
86600  -50.212  3.480  28.311 0.0000000000
87697  -50.557  3.867  27.604 0.0000000000
87714  -50.954  3.823  27.161 0.0000000000
84510  -52.517  1.134  20.639 0.0000000000
85657  -52.936  1.744  21.076 0.0000000000
85664  -53.324  1.759  20.208 0.0000000000
85672  -55.783  2.453  18.538 0.0000000000
86688  -55.517  2.890  19.363 0.0000000000
86679  -55.949  2.702  19.537 0.0000000000
85666  -56.192  2.002  20.052 0.0000000000
84527  -55.992  1.155  18.662 0.0000000000
85771  -52.083  3.358  9.699 0.0000000000
84638  -52.483  2.200  10.328 0.0000000000
84630  -51.849  1.715  11.977 0.0000000000
76872  -43.311  -6.287  30.883 0.0000000000
83466  -51.103  -0.002  20.631 0.0000000000
83501  -50.029  -0.544  18.013 0.0000000000
157946  -51.019  0.289  17.880 0.0000000000
83509  -50.695  0.173  17.455 0.0000000000
86830  -54.217  3.043  8.980 0.0000000000
85795  -53.312  2.242  8.163 0.0000000000
85794  -52.732  1.951  7.944 0.0000000000
85784  -53.325  2.459  9.167 0.0000000000
84651  -54.375  2.164  10.490 0.0000000000
84660  -54.447  0.463  10.111 0.0000000000
84671  -54.141  -0.288  8.994 0.0000000000
84661  -55.103  0.565  9.942 0.0000000000
85798  -57.851  1.364  9.107 0.0000000000
87897  -61.427  4.459  7.838 0.0000000000
87895  -60.621  3.511  9.167 0.0000000000
87904  -61.272  3.562  7.671 0.0000000000
86850  -59.680  1.985  6.296 0.0000000000
86843  -60.019  2.298  7.430 0.0000000000
76893  -47.608  -5.727  27.617 0.0000000000
77952  -47.878  -5.298  28.176 0.0000000000
78960  -48.387  -3.623  29.833 0.0000000000
142259  -48.429  -2.632  29.669 0.0000000000
80061  -47.736  -2.921  32.116 0.0000000000
145261  -48.017  -2.804  31.583 0.0000000000
80072  -47.652  -2.222  31.902 0.0000000000
132864  -47.833  -0.435  31.248 0.0000000000
134357  -48.057  -0.071  30.872 0.0000000000
132861  -48.079  0.440  30.425 0.0000000000
84419  -48.365  1.064  29.860 0.0000000000
83387  -46.913  0.555  28.151 0.0000000000
84431  -47.484  1.241  28.912 0.0000000000
67505  -25.998  -12.298  43.024 0.0000000000
67515  -25.879  -12.960  42.380 0.0000000000
68664  -26.900  -11.691  43.278 0.0000000000
68658  -29.893  -11.371  44.347 0.0000000000
65090  -30.646  -15.233  41.528 0.0000000000
63823  -30.954  -16.034  41.453 0.0000000000
158681  -30.837  -16.704  40.683 0.0000000000
68690  -32.411  -12.132  41.382 0.0000000000
66287  -31.930  -14.638  43.478 0.0000000000
65072  -32.286  -15.085  43.351 0.0000000000
62457  -32.626  -16.676  42.954 0.0000000000
149636  -32.414  -16.205  43.275 0.0000000000
61197  -32.509  -17.090  42.849 0.0000000000
61204  -31.771  -17.526  41.895 0.0000000000
61205  -32.313  -17.720  42.320 0.0000000000
60083  -32.535  -18.366  41.766 0.0000000000
61209  -34.694  -17.113  41.454 0.0000000000
161871  -34.367  -17.669  41.567 0.0000000000
60094  -34.307  -18.281  41.075 0.0000000000
60095  -35.146  -18.055  40.603 0.0000000000
62490  -37.924  -15.958  39.947 0.0000000000
62480  -37.072  -16.292  40.287 0.0000000000
61229  -36.763  -17.218  39.914 0.0000000000
62501  -38.286  -16.465  39.262 0.0000000000
63860  -39.682  -15.647  38.871 0.0000000000
62513  -38.656  -16.852  38.493 0.0000000000
62514  -39.410  -16.340  38.400 0.0000000000
62515  -39.845  -16.274  37.769 0.0000000000
142253  -40.498  -15.606  38.093 0.0000000000
144403  -40.055  -12.058  36.974 0.0000000000
67587  -40.553  -12.159  37.595 0.0000000000
67565  -39.761  -12.954  38.171 0.0000000000
67566  -40.562  -13.147  38.325 0.0000000000
66395  -41.280  -13.433  38.172 0.0000000000
140330  -42.329  -14.513  37.453 0.0000000000
65143  -41.958  -14.419  37.715 0.0000000000
63888  -41.831  -14.928  37.427 0.0000000000
63887  -41.171  -15.448  37.110 0.0000000000
65180  -43.924  -14.282  35.413 0.0000000000
65195  -43.322  -14.590  34.974 0.0000000000
137709  -44.458  -12.860  33.470 0.0000000000
68771  -44.150  -13.071  33.901 0.0000000000
70023  -42.685  -11.040  29.359 0.0000000000
70024  -43.553  -11.052  29.323 0.0000000000
70014  -44.291  -11.401  29.716 0.0000000000
145534  -44.984  -9.539  29.393 0.0000000000
72279  -44.344  -9.842  29.167 0.0000000000
72280  -45.324  -10.039  29.107 0.0000000000
70037  -46.682  -11.045  28.999 0.0000000000
70036  -45.545  -10.889  29.106 0.0000000000
68851  -47.252  -12.160  29.976 0.0000000000
67674  -47.977  -12.892  29.305 0.0000000000
154179  -49.237  -11.608  28.653 0.0000000000
70048  -49.245  -11.067  27.724 0.0000000000
72249  -49.431  -9.446  30.345 0.0000000000
72266  -49.929  -9.897  29.982 0.0000000000
73355  -49.742  -9.171  30.302 0.0000000000
161635  -49.640  -8.937  28.258 0.0000000000
72281  -50.119  -9.831  28.470 0.0000000000
146017  -49.725  -9.355  27.944 0.0000000000
73391  -49.406  -9.281  27.262 0.0000000000
73399  -49.146  -9.398  26.704 0.0000000000
75797  -48.041  -7.121  27.830 0.0000000000
136442  -25.256  -12.635  43.391 0.0000000000
157280  -50.074  1.158  28.749 0.0000000000
149193  -49.535  -0.216  28.018 0.0000000000
84442  -50.149  0.324  27.974 0.0000000000
85630  -48.757  1.947  23.906 0.0000000000
86629  -49.166  2.866  25.194 0.0000000000
86641  -52.286  3.760  24.463 0.0000000000
86631  -50.814  3.497  24.927 0.0000000000
86624  -52.610  3.817  25.452 0.0000000000
86661  -54.219  3.483  22.139 0.0000000000
86652  -53.860  3.717  22.889 0.0000000000
86653  -54.761  3.569  22.693 0.0000000000
85633  -54.392  2.430  24.149 0.0000000000
84475  -54.250  0.284  24.928 0.0000000000
84467  -53.539  0.606  25.603 0.0000000000
83420  -53.907  -0.517  25.444 0.0000000000
84554  -50.864  0.985  16.009 0.0000000000
84568  -50.452  0.874  15.496 0.0000000000
87872  -52.471  4.727  10.843 0.0000000000
86801  -51.589  4.474  10.986 0.0000000000
86795  -51.807  4.660  11.944 0.0000000000
85747  -51.287  3.588  13.054 0.0000000000
86787  -50.847  3.752  12.219 0.0000000000
84619  -49.903  1.550  12.439 0.0000000000
84610  -50.060  1.345  13.141 0.0000000000
85727  -50.795  2.046  13.532 0.0000000000
159946  -51.151  2.024  14.418 0.0000000000
85720  -52.023  2.255  14.759 0.0000000000
85714  -52.294  2.331  15.135 0.0000000000
85715  -53.095  2.502  14.920 0.0000000000
84571  -53.212  2.012  14.665 0.0000000000
76852  -46.740  -5.574  33.487 0.0000000000
77921  -46.975  -4.781  33.345 0.0000000000
77920  -46.535  -5.008  33.343 0.0000000000
77926  -46.400  -4.466  32.893 0.0000000000
78954  -46.244  -3.750  31.215 0.0000000000
68835  -42.958  -11.956  30.456 0.0000000000
74493  -44.038  -6.801  31.351 0.0000000000
74514  -44.898  -7.303  31.535 0.0000000000
74494  -45.189  -7.007  31.743 0.0000000000
74495  -45.658  -6.988  31.861 0.0000000000
74515  -46.338  -7.178  31.830 0.0000000000
74516  -47.310  -7.231  31.589 0.0000000000
75733  -46.943  -6.332  32.808 0.0000000000
85581  -47.574  2.289  28.059 0.0000000000
86589  -48.856  3.082  28.788 0.0000000000
86615  -48.389  3.179  27.454 0.0000000000
86616  -49.087  3.561  26.973 0.0000000000
87712  -49.970  3.958  26.808 0.0000000000
84525  -52.933  1.401  18.784 0.0000000000
85670  -53.763  1.929  19.115 0.0000000000
85681  -55.609  2.377  17.328 0.0000000000
84534  -55.758  1.819  17.108 0.0000000000
85689  -55.394  2.409  16.428 0.0000000000
84542  -55.087  2.205  15.784 0.0000000000
84557  -54.549  1.780  15.348 0.0000000000
147434  -54.693  3.606  9.432 0.0000000000
86820  -54.342  3.550  10.010 0.0000000000
86821  -54.991  3.861  10.194 0.0000000000
86811  -55.502  3.372  10.707 0.0000000000
85787  -56.382  0.860  9.706 0.0000000000
85775  -56.343  1.883  10.535 0.0000000000
158702  -57.569  1.782  10.266 0.0000000000
86824  -58.370  2.044  10.579 0.0000000000
150076  -61.576  4.653  5.610 0.0000000000
87912  -61.152  3.206  6.667 0.0000000000
87913  -61.469  3.896  6.059 0.0000000000
85826  -59.125  1.176  4.821 0.0000000000
77947  -48.181  -5.007  28.858 0.0000000000
80080  -48.371  -2.776  30.720 0.0000000000
81143  -47.483  -1.467  31.684 0.0000000000
81144  -47.671  -1.463  31.689 0.0000000000
135120  -47.448  -1.029  31.501 0.0000000000
83362  -47.276  -0.296  30.473 0.0000000000
141738  -47.607  0.433  30.289 0.0000000000
83386  -46.687  -0.147  28.443 0.0000000000
150520  -46.381  -0.107  27.597 0.0000000000
69860  -27.118  -10.788  44.107 0.0000000000
69861  -27.622  -11.053  43.972 0.0000000000
68666  -28.637  -11.811  43.710 0.0000000000
65070  -31.383  -15.131  43.479 0.0000000000
65080  -32.903  -14.874  42.344 0.0000000000
63811  -33.234  -15.490  41.990 0.0000000000
62458  -32.935  -16.200  42.630 0.0000000000
62468  -33.321  -16.875  42.397 0.0000000000
61207  -33.275  -17.580  42.286 0.0000000000
62469  -34.172  -16.631  41.611 0.0000000000
63847  -38.621  -15.642  39.678 0.0000000000
63848  -39.315  -15.233  39.483 0.0000000000
63861  -40.300  -15.287  38.745 0.0000000000
159863  -40.780  -11.842  35.128 0.0000000000
68754  -40.627  -11.788  35.564 0.0000000000
68755  -41.367  -11.733  36.066 0.0000000000
68745  -41.741  -12.054  36.654 0.0000000000
67588  -41.365  -12.316  37.413 0.0000000000
140679  -41.868  -13.165  37.792 0.0000000000
66420  -43.962  -13.614  35.686 0.0000000000
66429  -44.012  -13.708  34.905 0.0000000000
67631  -45.693  -13.043  32.571 0.0000000000
67648  -46.650  -12.908  31.389 0.0000000000
67660  -47.036  -12.924  30.549 0.0000000000
71182  -42.574  -9.992  28.899 0.0000000000
71166  -46.277  -10.205  28.931 0.0000000000
70027  -47.662  -11.834  29.604 0.0000000000
70028  -48.657  -12.308  29.530 0.0000000000
74537  -49.423  -8.047  30.425 0.0000000000
135471  -49.810  -8.762  30.154 0.0000000000
74551  -49.462  -8.191  29.667 0.0000000000
74563  -49.407  -8.466  28.734 0.0000000000
75786  -48.287  -6.889  28.616 0.0000000000
72143  -27.606  -8.735  44.606 0.0000000000
72136  -27.161  -8.638  45.263 0.0000000000
71034  -26.876  -8.702  45.741 0.0000000000
84452  -50.668  0.666  27.404 0.0000000000
84463  -50.742  0.364  26.564 0.0000000000
85639  -49.883  1.689  23.121 0.0000000000
85632  -50.452  2.382  23.672 0.0000000000
86649  -51.386  2.780  23.595 0.0000000000
86654  -55.565  2.918  22.228 0.0000000000
143284  -55.241  2.752  22.917 0.0000000000
86789  -52.382  4.400  12.777 0.0000000000
84597  -51.245  2.238  14.029 0.0000000000
85721  -52.380  2.372  14.380 0.0000000000
84570  -52.899  1.982  14.376 0.0000000000
88881  -59.481  4.270  9.698 0.0000000000
86815  -59.459  3.859  10.199 0.0000000000
88886  -60.450  4.765  8.808 0.0000000000
89841  -60.878  5.140  8.020 0.0000000000
89848  -61.331  5.578  7.238 0.0000000000
90818  -61.656  6.698  5.954 0.0000000000
139002  -61.733  5.641  5.842 0.0000000000
89867  -62.010  6.551  5.236 0.0000000000
77933  -48.713  -5.374  31.097 0.0000000000
144342  -48.633  -4.473  31.390 0.0000000000
80060  -47.419  -2.870  32.202 0.0000000000
78943  -47.111  -3.530  32.663 0.0000000000
80059  -47.044  -3.033  32.280 0.0000000000
132852  -46.364  -2.098  29.691 0.0000000000
71043  -28.782  -9.788  44.716 0.0000000000
69847  -29.269  -10.471  44.674 0.0000000000
71044  -29.521  -10.346  44.574 0.0000000000
71045  -29.930  -10.554  44.422 0.0000000000
69850  -30.768  -11.278  43.746 0.0000000000
68668  -31.271  -11.813  43.387 0.0000000000
68669  -31.583  -12.383  43.048 0.0000000000
66374  -38.409  -13.557  38.989 0.0000000000
68768  -42.467  -12.090  35.171 0.0000000000
68769  -43.405  -12.543  35.024 0.0000000000
144604  -44.322  -12.586  33.394 0.0000000000
142882  -43.472  -12.456  32.661 0.0000000000
138369  -44.466  -12.491  32.587 0.0000000000
73369  -43.568  -8.870  29.992 0.0000000000
141378  -43.551  -9.438  29.412 0.0000000000
72245  -45.242  -9.026  29.772 0.0000000000
151655  -45.160  -7.865  31.029 0.0000000000
72264  -47.836  -9.833  29.479 0.0000000000
72248  -48.403  -9.254  30.184 0.0000000000
73354  -48.982  -8.637  30.632 0.0000000000
142340  -48.038  -7.355  31.251 0.0000000000
74536  -48.718  -7.874  30.817 0.0000000000
75748  -48.599  -6.841  30.980 0.0000000000
76866  -48.578  -6.226  31.079 0.0000000000
72154  -27.987  -9.116  43.894 0.0000000000
83376  -49.047  0.397  29.686 0.0000000000
159150  -49.272  0.915  29.453 0.0000000000
86590  -49.562  3.185  28.856 0.0000000000
85582  -50.730  2.314  28.172 0.0000000000
158262  -51.036  2.189  27.700 0.0000000000
85600  -51.394  2.007  27.264 0.0000000000
85613  -51.926  2.237  26.679 0.0000000000
85652  -52.623  1.994  21.880 0.0000000000
86668  -53.537  2.786  21.561 0.0000000000
86669  -54.597  3.266  21.247 0.0000000000
85665  -54.541  2.589  19.635 0.0000000000
86677  -55.049  3.060  20.299 0.0000000000
86663  -55.876  2.890  21.404 0.0000000000
85659  -56.220  2.074  21.044 0.0000000000
141260  -51.657  2.595  8.936 0.0000000000
85770  -51.129  3.459  9.349 0.0000000000
86809  -52.165  4.151  10.087 0.0000000000
86802  -52.577  4.480  10.327 0.0000000000
135587  -52.821  4.562  11.033 0.0000000000
76864  -45.314  -6.038  31.676 0.0000000000
77931  -45.608  -5.439  31.148 0.0000000000
76874  -45.196  -5.891  30.236 0.0000000000
73335  -42.733  -7.564  31.163 0.0000000000
74511  -42.501  -6.990  31.405 0.0000000000
75746  -43.163  -6.740  31.288 0.0000000000
75729  -43.995  -6.656  31.223 0.0000000000
76863  -43.912  -6.378  31.040 0.0000000000
85628  -47.244  1.373  24.514 0.0000000000
85620  -47.759  2.034  25.061 0.0000000000
85629  -47.951  1.736  24.142 0.0000000000
85637  -48.264  1.399  23.367 0.0000000000
85649  -50.176  1.262  22.503 0.0000000000
84499  -50.395  0.738  21.936 0.0000000000
84500  -51.233  0.729  21.748 0.0000000000
142268  -51.369  0.375  21.148 0.0000000000
84509  -51.838  0.581  20.474 0.0000000000
142709  -51.993  0.729  19.494 0.0000000000
84523  -51.371  0.264  19.251 0.0000000000
84524  -52.172  0.972  18.508 0.0000000000
84532  -52.423  1.452  17.409 0.0000000000
84541  -52.530  2.018  16.342 0.0000000000
85793  -51.954  1.838  8.073 0.0000000000
85773  -53.704  2.301  10.291 0.0000000000
84649  -53.467  1.341  10.237 0.0000000000
152840  -53.257  -0.457  9.289 0.0000000000
85786  -55.921  0.380  9.297 0.0000000000
86826  -59.914  3.085  9.814 0.0000000000
85799  -58.789  1.813  9.221 0.0000000000
86844  -60.687  2.852  7.484 0.0000000000
86832  -59.626  2.214  8.785 0.0000000000
132872  -48.147  -2.843  28.426 0.0000000000
132865  -48.889  -0.985  29.837 0.0000000000
78955  -48.459  -3.791  30.802 0.0000000000
137511  -47.895  -1.072  31.513 0.0000000000
134192  -48.525  -0.604  30.855 0.0000000000
82322  -48.706  -0.045  30.353 0.0000000000
85555  -48.144  1.662  29.364 0.0000000000
85567  -47.727  1.913  28.711 0.0000000000
85610  -47.074  1.760  26.396 0.0000000000
146405  -46.070  -4.374  30.192 0.0000000000
132851  -46.168  -3.180  29.524 0.0000000000
132846  -46.087  -2.201  28.331 0.0000000000
134995  -46.102  -1.435  27.859 0.0000000000
82334  -46.021  -0.778  27.248 0.0000000000
84473  -46.631  0.908  24.955 0.0000000000
67529  -26.133  -13.292  41.820 0.0000000000
68657  -29.387  -11.184  44.464 0.0000000000
63801  -31.939  -15.743  43.365 0.0000000000
63802  -32.132  -15.734  43.375 0.0000000000
62455  -31.903  -16.354  42.983 0.0000000000
62465  -31.548  -16.690  42.251 0.0000000000
60084  -33.082  -18.224  41.877 0.0000000000
63825  -35.725  -15.652  40.607 0.0000000000
62478  -35.807  -16.295  40.764 0.0000000000
61219  -35.913  -16.846  40.736 0.0000000000
61228  -35.942  -17.570  40.280 0.0000000000
149651  -38.354  -13.468  38.116 0.0000000000
66375  -39.122  -13.413  38.452 0.0000000000
67586  -39.357  -12.387  36.545 0.0000000000
65127  -40.245  -14.479  39.062 0.0000000000
63862  -40.874  -14.847  38.301 0.0000000000
65128  -41.381  -14.201  38.027 0.0000000000
63873  -40.524  -15.776  37.472 0.0000000000
68770  -43.875  -13.077  34.732 0.0000000000
67611  -44.049  -13.409  34.573 0.0000000000
66439  -44.242  -13.821  34.015 0.0000000000
67630  -44.775  -13.093  33.111 0.0000000000
66440  -44.888  -13.766  33.140 0.0000000000
158536  -42.267  -11.723  30.282 0.0000000000
70013  -43.324  -11.498  29.808 0.0000000000
68837  -44.770  -11.859  30.282 0.0000000000
68838  -45.788  -12.065  30.598 0.0000000000
67661  -47.537  -12.680  29.947 0.0000000000
71169  -49.788  -10.618  29.578 0.0000000000
160303  -49.915  -10.736  29.007 0.0000000000
73371  -50.220  -9.761  29.071 0.0000000000
71189  -49.999  -10.332  28.368 0.0000000000
150127  -48.725  -8.958  26.167 0.0000000000
74574  -48.443  -8.013  27.405 0.0000000000
74591  -48.263  -8.247  26.610 0.0000000000
68654  -24.785  -12.629  44.024 0.0000000000
87726  -50.450  3.978  26.232 0.0000000000
86639  -50.198  2.841  24.354 0.0000000000
87737  -51.058  3.938  25.700 0.0000000000
87727  -51.222  3.975  26.471 0.0000000000
86623  -51.975  3.661  26.166 0.0000000000
85614  -52.498  2.375  26.127 0.0000000000
85642  -52.404  2.545  22.654 0.0000000000
86651  -53.117  3.579  23.162 0.0000000000
86642  -53.196  3.813  24.020 0.0000000000
86643  -54.019  3.584  23.894 0.0000000000
86634  -53.628  3.079  24.680 0.0000000000
85622  -53.448  1.905  25.343 0.0000000000
85615  -53.003  1.492  25.901 0.0000000000
84465  -52.467  1.012  26.205 0.0000000000
83521  -50.424  0.303  16.701 0.0000000000
84555  -51.432  1.186  16.489 0.0000000000
86807  -50.368  3.402  9.462 0.0000000000
86800  -50.503  3.718  10.294 0.0000000000
85755  -50.004  3.141  10.880 0.0000000000
84628  -49.732  2.126  11.564 0.0000000000
84609  -49.515  0.527  13.397 0.0000000000
148256  -50.556  1.376  14.358 0.0000000000
84569  -51.370  1.694  15.338 0.0000000000
85703  -52.457  2.276  15.566 0.0000000000
83533  -53.371  1.450  14.870 0.0000000000
83523  -53.722  1.104  15.227 0.0000000000
60085  -33.758  -18.004  41.788 0.0000000000
60086  -34.944  -17.577  41.170 0.0000000000
62466  -32.098  -17.005  42.743 0.0000000000
65142  -41.464  -14.786  37.765 0.0000000000
65161  -42.465  -13.932  37.582 0.0000000000
67576  -40.334  -12.510  38.055 0.0000000000
67601  -43.889  -13.369  35.694 0.0000000000
67610  -43.925  -13.005  35.057 0.0000000000
73370  -50.105  -9.476  29.675 0.0000000000
73383  -49.968  -9.270  28.794 0.0000000000
74512  -43.262  -7.112  31.440 0.0000000000
74518  -48.891  -7.764  30.746 0.0000000000
75715  -46.632  -5.964  33.182 0.0000000000
75716  -46.939  -6.001  33.213 0.0000000000
78937  -46.790  -4.178  33.118 0.0000000000
78938  -47.307  -4.034  32.961 0.0000000000
84535  -55.943  1.898  17.972 0.0000000000
85599  -50.967  1.446  27.667 0.0000000000
85653  -56.015  2.008  21.875 0.0000000000
85776  -56.946  2.031  10.596 0.0000000000
85817  -59.451  1.665  5.357 0.0000000000
86598  -48.231  2.977  28.198 0.0000000000
86621  -49.522  3.452  26.007 0.0000000000
86670  -55.478  3.245  20.885 0.0000000000
86678  -55.703  3.027  20.074 0.0000000000
86814  -59.117  3.336  10.567 0.0000000000
86834  -60.868  3.281  8.337 0.0000000000
86842  -59.369  1.905  7.223 0.0000000000
87759  -54.204  3.729  23.312 0.0000000000
87868  -52.177  4.863  11.536 0.0000000000
87879  -57.707  3.814  10.953 0.0000000000
87886  -58.870  4.070  10.101 0.0000000000
87887  -60.109  3.828  9.685 0.0000000000
87894  -59.109  4.043  8.595 0.0000000000
87896  -61.086  3.989  8.532 0.0000000000
88878  -59.231  4.093  10.130 0.0000000000
88882  -59.870  4.343  9.622 0.0000000000
88887  -61.006  4.685  8.408 0.0000000000
88892  -61.519  4.985  7.188 0.0000000000
88899  -61.640  4.819  6.446 0.0000000000
89842  -61.234  5.144  7.722 0.0000000000
89854  -61.158  6.199  6.984 0.0000000000
89855  -61.533  5.695  6.695 0.0000000000
132860  -47.629  -0.485  31.346 0.0000000000
132870  -48.334  -1.181  31.187 0.0000000000
143547  -55.372  3.753  9.594 0.0000000000
147283  -48.539  -4.993  31.820 0.0000000000
147386  -44.911  -5.967  30.796 0.0000000000
149612  -48.676  -6.636  30.573 0.0000000000
152761  -53.727  2.555  8.652 0.0000000000
156915  -48.039  -5.896  32.385 0.0000000000
157552  -35.495  -17.383  40.832 0.0000000000
160028  -51.571  4.031  25.940 0.0000000000
160668  -42.720  -14.262  37.252 0.0000000000
