#!ascii label  , from subject sub-v2s2x29064_ses-1 vox2ras=TkReg
1650
104127  -45.336  19.607  -9.542 0.0000000000
101692  -57.886  16.605  -18.995 0.0000000000
111097  -46.900  28.702  -18.068 0.0000000000
104146  -53.072  19.411  -11.263 0.0000000000
99741  -52.339  14.993  -4.782 0.0000000000
104997  -49.482  20.325  -19.620 0.0000000000
107028  -44.985  22.756  -28.648 0.0000000000
109762  -47.758  25.828  -33.231 0.0000000000
96127  -44.087  11.621  -0.697 0.0000000000
103275  -49.784  20.036  -10.297 0.0000000000
104933  -51.365  20.495  -15.284 0.0000000000
103345  -46.841  18.413  -16.269 0.0000000000
111889  -51.633  29.107  -20.315 0.0000000000
110403  -46.225  27.659  -24.714 0.0000000000
155878  -49.621  27.498  -27.207 0.0000000000
107696  -46.916  23.711  -32.853 0.0000000000
109041  -52.707  25.233  -30.363 0.0000000000
142748  -53.905  15.784  -22.340 0.0000000000
138237  -41.173  21.404  -11.975 0.0000000000
151057  -43.612  22.720  -16.475 0.0000000000
151576  -59.163  17.399  -8.293 0.0000000000
159096  -53.297  14.600  -9.324 0.0000000000
154321  -48.139  14.018  -9.769 0.0000000000
96191  -46.788  10.912  -4.574 0.0000000000
103392  -54.006  17.995  -18.874 0.0000000000
103435  -51.248  18.144  -24.160 0.0000000000
107618  -44.446  24.240  -21.376 0.0000000000
105751  -45.809  20.665  -24.429 0.0000000000
103471  -48.621  18.039  -27.992 0.0000000000
137521  -45.698  18.506  -32.420 0.0000000000
107048  -42.787  22.130  -32.026 0.0000000000
104129  -48.399  20.858  -9.542 0.0000000000
103303  -48.014  18.519  -13.206 0.0000000000
103314  -45.974  18.354  -13.647 0.0000000000
111118  -53.412  28.778  -20.342 0.0000000000
111179  -50.722  28.322  -23.870 0.0000000000
110422  -52.373  27.001  -25.374 0.0000000000
109739  -51.402  25.988  -28.654 0.0000000000
151046  -56.434  15.904  -21.078 0.0000000000
106919  -39.526  23.080  -13.444 0.0000000000
152738  -41.745  23.404  -15.382 0.0000000000
148126  -52.788  14.739  -6.938 0.0000000000
153838  -51.087  13.966  -9.190 0.0000000000
97972  -50.621  12.961  -6.666 0.0000000000
96143  -45.963  11.491  -2.349 0.0000000000
97088  -41.214  12.705  -6.542 0.0000000000
100702  -40.141  16.111  -8.217 0.0000000000
98858  -38.888  13.853  -6.674 0.0000000000
104916  -54.790  21.452  -12.360 0.0000000000
146369  -50.509  19.188  -17.355 0.0000000000
104226  -52.308  19.062  -17.264 0.0000000000
103388  -51.246  19.005  -19.514 0.0000000000
103419  -52.307  18.052  -21.590 0.0000000000
103416  -50.124  18.896  -22.060 0.0000000000
109630  -44.498  26.123  -17.465 0.0000000000
145227  -43.787  23.995  -18.554 0.0000000000
110359  -44.526  27.334  -20.233 0.0000000000
108997  -45.675  25.311  -27.185 0.0000000000
107650  -44.590  24.020  -25.592 0.0000000000
106388  -44.874  22.150  -26.411 0.0000000000
154803  -46.726  19.346  -25.847 0.0000000000
105070  -45.646  20.028  -28.476 0.0000000000
103482  -47.604  18.032  -30.328 0.0000000000
160952  -45.128  20.646  -30.434 0.0000000000
109075  -47.870  24.385  -35.095 0.0000000000
107704  -46.335  23.593  -35.462 0.0000000000
107685  -44.589  24.144  -32.184 0.0000000000
107676  -42.650  23.564  -30.129 0.0000000000
109035  -44.525  26.147  -30.692 0.0000000000
103284  -50.650  19.441  -10.802 0.0000000000
105645  -51.683  21.571  -12.763 0.0000000000
104153  -49.655  19.576  -12.824 0.0000000000
104182  -49.440  18.992  -15.736 0.0000000000
104235  -48.388  19.306  -18.684 0.0000000000
135882  -49.294  29.295  -19.055 0.0000000000
111914  -46.739  28.965  -21.492 0.0000000000
111929  -49.129  29.158  -22.740 0.0000000000
110417  -47.895  27.762  -26.124 0.0000000000
109010  -46.695  25.451  -28.225 0.0000000000
107678  -45.706  23.305  -30.391 0.0000000000
109024  -48.175  25.462  -29.917 0.0000000000
109049  -49.352  25.372  -31.372 0.0000000000
109088  -49.611  26.142  -34.011 0.0000000000
100864  -52.120  15.831  -22.940 0.0000000000
104899  -42.621  19.925  -11.412 0.0000000000
104161  -43.755  19.600  -13.405 0.0000000000
105651  -42.378  21.277  -14.044 0.0000000000
107577  -43.821  23.999  -15.694 0.0000000000
160682  -45.981  26.563  -15.562 0.0000000000
110305  -46.694  26.856  -13.166 0.0000000000
111081  -48.631  28.610  -15.542 0.0000000000
101633  -56.131  16.721  -11.146 0.0000000000
100706  -56.522  15.904  -8.428 0.0000000000
100739  -53.010  16.046  -11.878 0.0000000000
159815  -50.251  16.241  -10.879 0.0000000000
101624  -48.078  16.798  -10.291 0.0000000000
100630  -52.371  15.736  -2.538 0.0000000000
98801  -47.660  14.246  -1.122 0.0000000000
97918  -49.415  13.248  -2.562 0.0000000000
97944  -50.337  12.840  -4.623 0.0000000000
96220  -47.493  11.578  -7.182 0.0000000000
102440  -44.257  17.651  -7.700 0.0000000000
104229  -59.316  19.220  -17.639 0.0000000000
147501  -52.883  20.845  -15.278 0.0000000000
103349  -55.184  18.808  -16.512 0.0000000000
102542  -57.614  17.915  -20.320 0.0000000000
134802  -55.790  17.058  -22.167 0.0000000000
101735  -54.267  17.242  -24.617 0.0000000000
101745  -53.170  17.575  -25.983 0.0000000000
104198  -44.757  19.774  -16.398 0.0000000000
105698  -45.596  21.108  -19.116 0.0000000000
106339  -47.156  21.575  -20.811 0.0000000000
109672  -44.659  26.567  -23.671 0.0000000000
106987  -45.184  22.734  -22.963 0.0000000000
105734  -47.584  20.876  -22.186 0.0000000000
104279  -47.993  19.147  -23.750 0.0000000000
103454  -49.473  18.217  -26.286 0.0000000000
101766  -50.907  17.415  -27.232 0.0000000000
106427  -45.761  21.893  -33.796 0.0000000000
105105  -43.250  19.736  -34.218 0.0000000000
105068  -43.546  19.984  -28.794 0.0000000000
106401  -41.682  21.386  -28.601 0.0000000000
107021  -40.946  22.609  -27.754 0.0000000000
104128  -46.367  20.221  -9.074 0.0000000000
103280  -46.524  18.841  -11.181 0.0000000000
103279  -45.475  18.773  -11.379 0.0000000000
158782  -52.769  27.767  -23.431 0.0000000000
108990  -53.208  25.923  -26.145 0.0000000000
100822  -57.315  16.300  -20.205 0.0000000000
99748  -52.901  15.254  -6.217 0.0000000000
98863  -52.212  14.198  -7.035 0.0000000000
141973  -51.844  14.175  -5.782 0.0000000000
96198  -40.270  11.431  -5.423 0.0000000000
97966  -39.393  13.366  -6.282 0.0000000000
103305  -54.500  18.383  -12.338 0.0000000000
104910  -53.877  20.755  -10.984 0.0000000000
157220  -49.785  19.571  -18.695 0.0000000000
144011  -50.894  19.311  -18.125 0.0000000000
104255  -49.912  19.714  -20.027 0.0000000000
104256  -50.435  19.216  -20.613 0.0000000000
105013  -49.573  20.174  -21.212 0.0000000000
110344  -45.354  27.413  -18.176 0.0000000000
109647  -44.213  26.480  -19.044 0.0000000000
111107  -45.993  28.619  -19.451 0.0000000000
154767  -45.332  23.959  -28.086 0.0000000000
107022  -44.757  23.078  -27.116 0.0000000000
162163  -44.790  22.152  -27.580 0.0000000000
105769  -45.109  21.161  -27.138 0.0000000000
105779  -44.880  21.361  -28.833 0.0000000000
139181  -45.220  20.536  -29.087 0.0000000000
145977  -44.826  21.564  -29.528 0.0000000000
109061  -47.377  25.084  -34.115 0.0000000000
108352  -46.968  24.439  -34.739 0.0000000000
109060  -46.333  25.373  -32.755 0.0000000000
108341  -44.884  24.839  -31.857 0.0000000000
109755  -45.960  26.215  -31.488 0.0000000000
103283  -50.111  19.769  -10.602 0.0000000000
104900  -50.269  20.434  -11.129 0.0000000000
104145  -49.666  19.917  -11.746 0.0000000000
103326  -47.773  18.355  -14.428 0.0000000000
103327  -48.478  18.519  -14.617 0.0000000000
103336  -48.145  18.522  -15.830 0.0000000000
104200  -48.594  18.787  -17.252 0.0000000000
103361  -47.534  18.611  -16.893 0.0000000000
135880  -50.964  29.331  -19.055 0.0000000000
135873  -49.354  29.397  -20.656 0.0000000000
111904  -50.479  29.210  -21.445 0.0000000000
111206  -50.451  28.010  -25.690 0.0000000000
111204  -49.225  28.113  -25.478 0.0000000000
110432  -49.147  27.687  -26.752 0.0000000000
109715  -47.470  26.676  -27.399 0.0000000000
109716  -48.270  26.657  -27.835 0.0000000000
108313  -46.979  25.219  -28.876 0.0000000000
109728  -48.642  26.436  -28.462 0.0000000000
109028  -51.997  25.576  -29.528 0.0000000000
109038  -50.014  25.724  -30.257 0.0000000000
139034  -51.206  25.669  -31.335 0.0000000000
109064  -50.358  25.596  -32.672 0.0000000000
109051  -51.477  25.623  -32.352 0.0000000000
100853  -53.385  15.802  -22.506 0.0000000000
105630  -42.148  20.645  -11.497 0.0000000000
104912  -42.710  20.535  -12.902 0.0000000000
105650  -41.886  21.450  -13.439 0.0000000000
108223  -42.552  24.628  -14.777 0.0000000000
142937  -42.214  23.173  -15.595 0.0000000000
108224  -44.254  24.641  -14.689 0.0000000000
108906  -45.294  25.595  -15.507 0.0000000000
108902  -45.270  25.356  -14.629 0.0000000000
139911  -46.523  27.314  -11.704 0.0000000000
110324  -48.020  27.966  -14.273 0.0000000000
111815  -49.381  28.844  -14.496 0.0000000000
111824  -49.980  29.106  -15.645 0.0000000000
135896  -51.204  29.109  -14.108 0.0000000000
134636  -58.044  17.330  -10.132 0.0000000000
101617  -57.388  16.697  -9.663 0.0000000000
100693  -56.040  15.724  -7.675 0.0000000000
99803  -54.857  15.299  -9.253 0.0000000000
100726  -55.053  15.644  -10.185 0.0000000000
99825  -53.654  15.158  -10.841 0.0000000000
100731  -51.577  16.296  -11.476 0.0000000000
99823  -52.194  15.130  -10.889 0.0000000000
98894  -49.474  13.834  -9.336 0.0000000000
98901  -49.137  14.895  -10.235 0.0000000000
99809  -47.797  15.317  -10.341 0.0000000000
97010  -45.843  12.600  -0.839 0.0000000000
97035  -48.020  12.123  -2.017 0.0000000000
155419  -48.797  12.308  -3.006 0.0000000000
97929  -49.777  13.039  -3.265 0.0000000000
97060  -48.549  11.777  -4.638 0.0000000000
97084  -49.031  12.003  -5.901 0.0000000000
96202  -47.139  11.148  -5.945 0.0000000000
103254  -42.971  18.270  -8.382 0.0000000000
101587  -42.580  16.676  -7.548 0.0000000000
104192  -59.399  20.033  -16.100 0.0000000000
105653  -51.176  20.981  -13.526 0.0000000000
105655  -52.563  21.849  -13.957 0.0000000000
105661  -51.911  21.000  -15.121 0.0000000000
103363  -52.931  18.562  -17.703 0.0000000000
103348  -53.134  18.833  -16.877 0.0000000000
103377  -54.255  18.137  -18.112 0.0000000000
135667  -56.056  18.285  -18.089 0.0000000000
102540  -55.161  17.723  -19.567 0.0000000000
102562  -56.238  17.201  -21.576 0.0000000000
102550  -54.267  17.576  -20.687 0.0000000000
103428  -51.729  18.092  -22.796 0.0000000000
145361  -53.413  17.469  -23.198 0.0000000000
102585  -53.831  17.987  -25.225 0.0000000000
101746  -53.924  17.624  -25.282 0.0000000000
103447  -52.687  18.040  -25.430 0.0000000000
104929  -43.579  20.357  -14.870 0.0000000000
104930  -44.125  19.959  -15.278 0.0000000000
105670  -44.067  20.841  -16.150 0.0000000000
135605  -44.453  23.426  -19.818 0.0000000000
106329  -44.714  22.335  -19.193 0.0000000000
106963  -45.407  22.746  -20.306 0.0000000000
106331  -46.047  21.484  -19.838 0.0000000000
106973  -46.026  22.353  -21.153 0.0000000000
111174  -46.653  28.288  -23.583 0.0000000000
111156  -45.847  28.006  -22.757 0.0000000000
110402  -45.554  27.363  -24.350 0.0000000000
107012  -44.868  22.479  -25.378 0.0000000000
106995  -44.723  23.307  -24.237 0.0000000000
106369  -45.337  21.894  -24.029 0.0000000000
106362  -46.129  21.493  -22.605 0.0000000000
105743  -46.676  20.742  -23.313 0.0000000000
105036  -47.524  19.778  -23.228 0.0000000000
105042  -46.678  19.715  -24.362 0.0000000000
104305  -47.175  18.914  -27.243 0.0000000000
103452  -47.886  18.654  -26.369 0.0000000000
103463  -48.693  18.229  -27.172 0.0000000000
102605  -50.944  17.478  -27.224 0.0000000000
103472  -49.282  17.611  -27.629 0.0000000000
101765  -49.598  17.434  -27.315 0.0000000000
102613  -48.621  17.869  -28.111 0.0000000000
104328  -46.715  17.971  -31.554 0.0000000000
102625  -47.333  17.744  -30.375 0.0000000000
107686  -46.441  23.787  -31.062 0.0000000000
107043  -45.591  22.823  -31.341 0.0000000000
107052  -46.331  23.105  -32.918 0.0000000000
107055  -44.289  22.241  -34.204 0.0000000000
106435  -44.711  22.001  -35.722 0.0000000000
106433  -42.547  20.711  -33.403 0.0000000000
105090  -43.087  19.875  -31.913 0.0000000000
105789  -42.119  20.957  -31.654 0.0000000000
105067  -43.006  20.709  -28.452 0.0000000000
106412  -41.811  21.457  -30.566 0.0000000000
107672  -42.330  23.925  -29.284 0.0000000000
148984  -41.641  23.146  -29.017 0.0000000000
140763  -41.523  23.411  -28.537 0.0000000000
107660  -41.053  23.251  -27.349 0.0000000000
104130  -49.193  20.809  -9.429 0.0000000000
104144  -48.765  19.558  -11.455 0.0000000000
103282  -48.122  19.372  -11.324 0.0000000000
155896  -46.888  18.365  -12.786 0.0000000000
137671  -46.485  18.325  -14.897 0.0000000000
111144  -51.340  28.651  -22.095 0.0000000000
111145  -51.820  28.404  -22.439 0.0000000000
154301  -51.579  27.918  -24.578 0.0000000000
110434  -51.366  27.321  -26.237 0.0000000000
138737  -50.589  26.780  -27.788 0.0000000000
109720  -51.816  26.342  -27.293 0.0000000000
154833  -52.610  25.638  -28.101 0.0000000000
100842  -55.338  15.895  -22.125 0.0000000000
106289  -40.377  22.087  -12.565 0.0000000000
106291  -41.220  22.244  -14.013 0.0000000000
107567  -40.362  23.312  -14.556 0.0000000000
156509  -53.258  14.600  -8.179 0.0000000000
98897  -52.425  14.277  -9.278 0.0000000000
98873  -52.001  13.996  -7.810 0.0000000000
98871  -50.945  13.407  -8.048 0.0000000000
97993  -49.060  12.963  -8.514 0.0000000000
96134  -45.019  11.688  -1.649 0.0000000000
95335  -44.722  10.053  -3.947 0.0000000000
98862  -42.111  14.144  -7.004 0.0000000000
99772  -41.899  15.210  -7.170 0.0000000000
98860  -40.724  13.917  -6.744 0.0000000000
99770  -39.607  14.934  -7.590 0.0000000000
104184  -50.617  19.406  -16.516 0.0000000000
104968  -51.682  19.929  -16.218 0.0000000000
135687  -50.877  19.318  -17.399 0.0000000000
145412  -51.584  19.075  -18.393 0.0000000000
103390  -52.631  18.355  -19.248 0.0000000000
102548  -53.036  17.950  -20.551 0.0000000000
103402  -51.788  18.528  -20.171 0.0000000000
103417  -50.786  18.524  -22.090 0.0000000000
148712  -50.300  18.591  -22.554 0.0000000000
108236  -43.811  24.053  -17.037 0.0000000000
106945  -43.876  23.076  -17.421 0.0000000000
149177  -43.549  25.167  -18.554 0.0000000000
108937  -43.832  25.632  -19.989 0.0000000000
108944  -44.138  25.480  -21.380 0.0000000000
109702  -45.529  26.411  -26.200 0.0000000000
109691  -45.266  26.688  -25.491 0.0000000000
108295  -44.767  24.494  -26.242 0.0000000000
107011  -44.633  23.172  -25.965 0.0000000000
105757  -45.337  21.205  -25.499 0.0000000000
105041  -46.189  20.133  -24.782 0.0000000000
105055  -45.497  20.549  -26.010 0.0000000000
104309  -46.419  19.361  -27.342 0.0000000000
104310  -47.154  18.778  -28.134 0.0000000000
103476  -48.022  18.198  -28.934 0.0000000000
104322  -46.431  19.122  -29.418 0.0000000000
104321  -46.041  19.383  -30.024 0.0000000000
105091  -45.587  19.348  -32.464 0.0000000000
158972  -47.917  24.246  -34.994 0.0000000000
107058  -47.139  23.640  -34.780 0.0000000000
107705  -47.093  23.859  -35.408 0.0000000000
107694  -45.445  23.714  -33.635 0.0000000000
107693  -44.291  23.356  -32.409 0.0000000000
107041  -42.701  22.557  -31.253 0.0000000000
107684  -43.736  23.759  -31.398 0.0000000000
108330  -43.606  24.921  -30.434 0.0000000000
108320  -43.210  25.333  -29.768 0.0000000000
149023  -51.386  19.280  -10.950 0.0000000000
104903  -52.413  21.483  -10.669 0.0000000000
104901  -50.871  20.817  -10.711 0.0000000000
104914  -50.902  20.973  -12.509 0.0000000000
104931  -50.245  19.843  -14.122 0.0000000000
103304  -48.679  18.794  -13.055 0.0000000000
104172  -49.658  19.252  -14.490 0.0000000000
104950  -50.250  19.636  -15.016 0.0000000000
141471  -49.890  19.055  -16.575 0.0000000000
159745  -49.650  19.275  -18.334 0.0000000000
104986  -49.322  19.963  -19.047 0.0000000000
111849  -48.226  29.088  -18.423 0.0000000000
111869  -47.239  29.125  -19.734 0.0000000000
111887  -48.097  29.270  -20.543 0.0000000000
111916  -48.432  29.263  -22.076 0.0000000000
111176  -47.940  28.642  -24.030 0.0000000000
111930  -49.886  28.895  -23.026 0.0000000000
143237  -48.787  28.303  -24.833 0.0000000000
110416  -47.116  27.687  -25.777 0.0000000000
109704  -46.950  26.969  -26.754 0.0000000000
108304  -46.039  25.026  -27.899 0.0000000000
107667  -45.488  23.830  -28.701 0.0000000000
107033  -45.178  22.853  -29.511 0.0000000000
107668  -46.066  24.278  -29.123 0.0000000000
157393  -46.601  24.473  -29.758 0.0000000000
108343  -47.662  24.708  -31.383 0.0000000000
109737  -49.793  26.319  -29.004 0.0000000000
138771  -48.743  25.417  -30.699 0.0000000000
108333  -48.199  24.839  -32.342 0.0000000000
108354  -48.561  24.983  -33.962 0.0000000000
138792  -48.744  25.705  -34.199 0.0000000000
109774  -48.637  25.729  -34.123 0.0000000000
150106  -43.782  19.203  -10.193 0.0000000000
104151  -44.409  19.088  -12.411 0.0000000000
104913  -43.178  19.954  -12.752 0.0000000000
105652  -42.997  20.724  -14.309 0.0000000000
106296  -42.741  21.942  -15.468 0.0000000000
106292  -41.809  21.889  -14.313 0.0000000000
106924  -42.682  22.904  -15.817 0.0000000000
137712  -43.430  23.443  -16.183 0.0000000000
108909  -44.405  25.020  -16.540 0.0000000000
110330  -45.533  26.884  -16.877 0.0000000000
111084  -46.635  27.947  -17.114 0.0000000000
109610  -45.258  25.662  -13.911 0.0000000000
110322  -46.627  26.967  -14.687 0.0000000000
111079  -47.357  28.022  -15.888 0.0000000000
111093  -47.903  28.625  -16.926 0.0000000000
135749  -49.282  29.092  -17.271 0.0000000000
135799  -50.521  29.273  -17.773 0.0000000000
135798  -51.923  29.201  -17.492 0.0000000000
101639  -55.931  17.186  -11.958 0.0000000000
101642  -54.073  17.348  -12.536 0.0000000000
100676  -57.314  15.949  -7.168 0.0000000000
100707  -57.506  16.258  -8.417 0.0000000000
101616  -56.543  16.300  -9.744 0.0000000000
100741  -54.576  16.235  -11.539 0.0000000000
102478  -52.805  17.781  -12.018 0.0000000000
102475  -51.385  17.636  -11.414 0.0000000000
102474  -50.746  17.670  -11.052 0.0000000000
102471  -49.530  17.689  -10.562 0.0000000000
100725  -50.416  15.429  -10.753 0.0000000000
101626  -49.299  16.682  -10.453 0.0000000000
102470  -49.477  18.839  -10.277 0.0000000000
102464  -48.556  18.956  -9.007 0.0000000000
100606  -49.736  16.280  -0.998 0.0000000000
143235  -46.767  12.392  -1.304 0.0000000000
145454  -48.943  14.278  -1.492 0.0000000000
99708  -50.190  14.754  -1.108 0.0000000000
98823  -51.129  14.389  -2.376 0.0000000000
98836  -51.304  14.081  -3.861 0.0000000000
144760  -51.444  14.050  -4.564 0.0000000000
97959  -50.858  13.128  -5.853 0.0000000000
97108  -49.567  12.417  -7.086 0.0000000000
97117  -47.666  12.597  -8.432 0.0000000000
104105  -45.021  19.497  -8.353 0.0000000000
155695  -43.792  18.921  -8.944 0.0000000000
154826  -42.538  18.676  -9.818 0.0000000000
104123  -41.578  19.422  -10.550 0.0000000000
139305  -40.733  20.682  -10.168 0.0000000000
102509  -59.598  18.147  -16.067 0.0000000000
102517  -59.420  18.183  -17.557 0.0000000000
102531  -58.866  17.534  -19.065 0.0000000000
105647  -52.829  22.204  -12.258 0.0000000000
105663  -53.846  21.784  -14.018 0.0000000000
104953  -52.313  20.408  -15.822 0.0000000000
104186  -54.208  19.863  -15.689 0.0000000000
104207  -55.725  19.536  -16.019 0.0000000000
103351  -56.998  19.399  -16.914 0.0000000000
142350  -58.249  18.488  -19.404 0.0000000000
101707  -58.484  17.072  -20.499 0.0000000000
101711  -57.515  16.822  -21.780 0.0000000000
142676  -56.388  16.546  -22.166 0.0000000000
100855  -55.260  16.570  -22.578 0.0000000000
157299  -53.948  17.381  -21.900 0.0000000000
137366  -54.715  17.058  -23.289 0.0000000000
162015  -54.559  16.834  -23.419 0.0000000000
101726  -54.134  16.975  -24.622 0.0000000000
101733  -53.789  17.231  -25.357 0.0000000000
155128  -52.485  16.923  -25.551 0.0000000000
103299  -44.829  18.815  -13.034 0.0000000000
103324  -45.172  18.691  -14.657 0.0000000000
141287  -45.599  18.798  -16.611 0.0000000000
106315  -44.386  21.733  -17.787 0.0000000000
105685  -44.864  20.630  -17.851 0.0000000000
104233  -46.551  19.424  -17.936 0.0000000000
104993  -46.772  20.330  -18.781 0.0000000000
105700  -47.438  21.044  -19.654 0.0000000000
105710  -48.369  20.970  -20.469 0.0000000000
111129  -45.930  28.490  -21.418 0.0000000000
110373  -44.928  27.659  -21.862 0.0000000000
108958  -44.356  25.395  -22.783 0.0000000000
156730  -44.518  25.325  -24.651 0.0000000000
108279  -44.422  25.083  -23.527 0.0000000000
107632  -44.833  23.451  -22.637 0.0000000000
106351  -45.882  22.326  -21.721 0.0000000000
137840  -47.361  21.379  -21.802 0.0000000000
105719  -48.579  20.776  -21.435 0.0000000000
105027  -48.697  20.034  -22.434 0.0000000000
103433  -49.377  18.443  -24.240 0.0000000000
104288  -47.223  19.208  -24.863 0.0000000000
103444  -49.395  18.331  -25.254 0.0000000000
103445  -50.310  18.199  -25.206 0.0000000000
102598  -52.076  17.646  -26.892 0.0000000000
101756  -51.931  17.091  -27.090 0.0000000000
102620  -48.037  17.733  -29.348 0.0000000000
106420  -45.136  22.022  -31.024 0.0000000000
153078  -45.208  21.684  -32.181 0.0000000000
145623  -45.308  19.831  -33.603 0.0000000000
106436  -46.203  22.208  -35.591 0.0000000000
105811  -45.378  21.140  -36.206 0.0000000000
104346  -44.681  19.382  -33.871 0.0000000000
104332  -44.171  19.070  -31.506 0.0000000000
155434  -43.844  19.363  -29.498 0.0000000000
104313  -43.972  19.632  -27.911 0.0000000000
153692  -41.500  21.921  -29.787 0.0000000000
106392  -41.369  21.960  -27.588 0.0000000000
110487  -48.734  27.351  -32.848 0.0000000000
110476  -46.281  27.725  -31.492 0.0000000000
154037  -45.243  27.441  -30.911 0.0000000000
109746  -44.027  26.538  -30.107 0.0000000000
109734  -42.876  26.608  -29.161 0.0000000000
103272  -45.900  19.337  -10.290 0.0000000000
104135  -44.922  19.225  -10.611 0.0000000000
100813  -57.236  16.277  -19.233 0.0000000000
100658  -53.294  15.956  -5.058 0.0000000000
99749  -53.334  15.856  -5.794 0.0000000000
99742  -52.796  15.448  -5.353 0.0000000000
98843  -52.333  14.821  -5.594 0.0000000000
96189  -39.973  11.008  -5.074 0.0000000000
143111  -53.755  19.267  -11.419 0.0000000000
104148  -54.205  19.907  -11.126 0.0000000000
104147  -53.507  19.992  -10.956 0.0000000000
104987  -49.450  20.073  -19.093 0.0000000000
104246  -49.896  19.823  -19.107 0.0000000000
105006  -49.586  20.345  -20.487 0.0000000000
111096  -46.282  28.348  -18.290 0.0000000000
111095  -45.696  27.957  -18.550 0.0000000000
111847  -46.554  28.815  -18.848 0.0000000000
141501  -45.121  23.392  -28.281 0.0000000000
107023  -44.850  22.832  -27.776 0.0000000000
106402  -44.812  22.082  -28.300 0.0000000000
105775  -44.872  21.405  -27.847 0.0000000000
106407  -44.859  22.101  -29.106 0.0000000000
109761  -46.732  25.958  -32.364 0.0000000000
104137  -49.956  20.215  -10.776 0.0000000000
135689  -49.507  19.980  -10.989 0.0000000000
103325  -47.302  18.341  -14.954 0.0000000000
154470  -47.989  18.435  -15.111 0.0000000000
155836  -47.520  18.436  -16.077 0.0000000000
103346  -48.145  18.587  -16.485 0.0000000000
135876  -51.344  29.281  -19.670 0.0000000000
111888  -50.957  29.274  -20.232 0.0000000000
135579  -51.059  29.149  -20.855 0.0000000000
110433  -49.857  27.799  -26.655 0.0000000000
111205  -49.920  28.010  -25.955 0.0000000000
110445  -48.146  27.087  -27.268 0.0000000000
110446  -48.906  27.236  -27.417 0.0000000000
109727  -48.033  26.229  -28.370 0.0000000000
109717  -48.986  26.835  -28.016 0.0000000000
109040  -51.820  25.539  -30.641 0.0000000000
109052  -52.094  25.472  -32.000 0.0000000000
99922  -54.507  15.206  -21.351 0.0000000000
99930  -53.082  15.057  -22.024 0.0000000000
140110  -41.449  20.987  -11.297 0.0000000000
105638  -41.767  21.107  -12.085 0.0000000000
106285  -41.467  21.537  -12.776 0.0000000000
108215  -43.760  24.832  -14.328 0.0000000000
142462  -43.494  24.455  -14.778 0.0000000000
108901  -44.783  24.900  -14.642 0.0000000000
108894  -44.879  25.229  -14.103 0.0000000000
111071  -49.386  28.470  -13.548 0.0000000000
111808  -50.064  28.894  -13.910 0.0000000000
101609  -58.525  17.058  -8.804 0.0000000000
101618  -58.277  17.176  -9.499 0.0000000000
99802  -54.300  15.015  -9.471 0.0000000000
99801  -53.660  14.769  -9.693 0.0000000000
99824  -52.982  15.064  -10.910 0.0000000000
99814  -52.588  14.744  -10.368 0.0000000000
98893  -48.745  13.916  -9.621 0.0000000000
99810  -48.491  14.557  -10.098 0.0000000000
99799  -47.584  14.469  -10.045 0.0000000000
100713  -47.056  15.930  -10.189 0.0000000000
99798  -46.822  15.073  -10.240 0.0000000000
138030  -45.242  12.325  -0.609 0.0000000000
96160  -47.885  11.403  -3.354 0.0000000000
96176  -47.981  11.438  -4.213 0.0000000000
97049  -48.577  11.928  -3.683 0.0000000000
96193  -47.946  11.420  -4.987 0.0000000000
96192  -47.296  11.159  -5.221 0.0000000000
99774  -43.242  15.583  -7.382 0.0000000000
100688  -43.051  16.054  -7.341 0.0000000000
104189  -57.085  20.671  -16.075 0.0000000000
104932  -50.816  20.223  -14.793 0.0000000000
105660  -51.417  20.899  -14.486 0.0000000000
103376  -53.483  18.250  -18.266 0.0000000000
102529  -54.753  17.911  -18.805 0.0000000000
161188  -54.483  17.809  -19.399 0.0000000000
140092  -54.737  17.616  -20.141 0.0000000000
102539  -53.899  17.846  -19.723 0.0000000000
103436  -52.197  17.944  -24.056 0.0000000000
102578  -52.901  17.692  -23.682 0.0000000000
106300  -43.337  21.785  -15.855 0.0000000000
105669  -43.625  21.192  -15.810 0.0000000000
105678  -43.839  21.520  -16.278 0.0000000000
107613  -44.457  23.902  -20.471 0.0000000000
139725  -44.865  22.976  -19.943 0.0000000000
106962  -44.947  23.285  -20.415 0.0000000000
141942  -45.497  22.902  -20.823 0.0000000000
106971  -44.943  23.514  -21.065 0.0000000000
111189  -46.781  28.114  -24.295 0.0000000000
110389  -46.144  27.816  -23.955 0.0000000000
106376  -45.236  21.761  -24.899 0.0000000000
107004  -44.970  22.527  -24.589 0.0000000000
105741  -45.573  21.230  -24.218 0.0000000000
105742  -46.082  20.891  -23.748 0.0000000000
105034  -46.369  20.381  -24.024 0.0000000000
103462  -47.920  18.515  -27.201 0.0000000000
103464  -49.559  18.040  -27.136 0.0000000000
104334  -46.211  18.004  -31.809 0.0000000000
102631  -46.684  17.784  -31.342 0.0000000000
103490  -45.694  18.410  -32.356 0.0000000000
106426  -43.084  21.603  -33.093 0.0000000000
105794  -42.194  20.694  -32.741 0.0000000000
105784  -41.942  21.083  -30.588 0.0000000000
106419  -42.235  21.694  -31.369 0.0000000000
108319  -42.625  24.949  -29.230 0.0000000000
107671  -41.854  23.892  -28.771 0.0000000000
104136  -48.694  20.451  -10.170 0.0000000000
103281  -47.674  19.741  -10.654 0.0000000000
103290  -46.682  18.466  -12.157 0.0000000000
103301  -46.277  18.352  -12.915 0.0000000000
144458  -46.781  18.298  -13.516 0.0000000000
111906  -52.476  28.594  -21.280 0.0000000000
111146  -52.506  28.348  -22.042 0.0000000000
110407  -52.664  27.127  -24.663 0.0000000000
110390  -52.139  27.693  -24.295 0.0000000000
110406  -51.941  27.488  -24.930 0.0000000000
110421  -51.678  27.395  -25.573 0.0000000000
109706  -51.652  26.793  -26.725 0.0000000000
109693  -52.058  26.889  -26.083 0.0000000000
137418  -53.428  25.643  -26.908 0.0000000000
109000  -52.535  25.859  -27.430 0.0000000000
100820  -55.961  15.585  -20.117 0.0000000000
100831  -55.789  15.571  -20.867 0.0000000000
100843  -56.047  15.975  -21.876 0.0000000000
106915  -39.948  22.606  -13.110 0.0000000000
106916  -40.617  22.438  -13.548 0.0000000000
106920  -40.157  22.960  -13.895 0.0000000000
99761  -53.488  15.227  -6.969 0.0000000000
139598  -53.192  14.780  -7.464 0.0000000000
155006  -52.622  14.237  -8.228 0.0000000000
142450  -52.696  14.379  -7.603 0.0000000000
159554  -51.109  13.310  -7.085 0.0000000000
98872  -51.306  13.536  -7.665 0.0000000000
97983  -50.662  13.112  -7.461 0.0000000000
97995  -50.386  13.189  -8.121 0.0000000000
153234  -49.977  12.843  -7.636 0.0000000000
96207  -42.271  11.691  -6.339 0.0000000000
142445  -41.913  12.538  -6.873 0.0000000000
155750  -42.445  12.755  -7.290 0.0000000000
97969  -41.614  13.399  -6.822 0.0000000000
98861  -41.527  13.978  -6.865 0.0000000000
97968  -41.005  13.393  -6.566 0.0000000000
98859  -39.819  13.860  -6.708 0.0000000000
99756  -39.252  14.353  -7.189 0.0000000000
104202  -51.042  19.526  -16.698 0.0000000000
104238  -51.035  19.271  -18.745 0.0000000000
157186  -51.619  18.946  -18.985 0.0000000000
103374  -52.146  18.690  -18.773 0.0000000000
103389  -51.982  18.604  -19.444 0.0000000000
103403  -52.479  18.279  -19.987 0.0000000000
103409  -50.308  19.069  -21.428 0.0000000000
103410  -50.940  18.694  -21.199 0.0000000000
108916  -43.880  24.791  -17.210 0.0000000000
108926  -43.698  25.282  -17.958 0.0000000000
108927  -44.036  25.832  -17.936 0.0000000000
110354  -44.554  27.167  -19.417 0.0000000000
109646  -43.875  25.952  -19.385 0.0000000000
109654  -44.153  26.493  -19.951 0.0000000000
108943  -44.083  25.959  -20.725 0.0000000000
136401  -44.321  26.778  -20.812 0.0000000000
108988  -45.349  25.677  -26.473 0.0000000000
108296  -45.175  24.884  -26.722 0.0000000000
106394  -44.769  22.498  -27.050 0.0000000000
107662  -44.697  23.460  -26.731 0.0000000000
106381  -45.045  21.908  -25.734 0.0000000000
105763  -45.145  21.338  -26.357 0.0000000000
144252  -45.276  20.620  -27.691 0.0000000000
105063  -45.781  19.959  -27.515 0.0000000000
104315  -46.369  19.306  -28.280 0.0000000000
105076  -45.476  20.096  -30.048 0.0000000000
105082  -45.615  19.769  -31.226 0.0000000000
108363  -47.583  24.123  -35.252 0.0000000000
108351  -45.726  24.323  -33.295 0.0000000000
107695  -46.511  23.940  -35.151 0.0000000000
108331  -44.318  25.306  -30.942 0.0000000000
108340  -44.060  24.523  -31.155 0.0000000000
109034  -43.816  25.740  -30.283 0.0000000000
104139  -50.996  20.198  -10.678 0.0000000000
158657  -51.382  20.724  -10.607 0.0000000000
104908  -50.222  20.281  -12.288 0.0000000000
104923  -50.572  20.352  -13.318 0.0000000000
104922  -50.037  19.856  -13.285 0.0000000000
103292  -48.185  18.803  -12.341 0.0000000000
103293  -48.955  19.341  -12.046 0.0000000000
104171  -49.129  18.896  -14.909 0.0000000000
103318  -48.993  18.857  -13.983 0.0000000000
137535  -49.717  19.242  -15.194 0.0000000000
104183  -50.171  19.403  -15.815 0.0000000000
104222  -49.030  19.079  -18.154 0.0000000000
104201  -49.564  18.969  -17.504 0.0000000000
104236  -49.267  19.595  -18.754 0.0000000000
104985  -48.592  19.992  -19.153 0.0000000000
162482  -48.787  29.195  -18.689 0.0000000000
135883  -48.474  29.223  -19.181 0.0000000000
135879  -48.805  29.325  -19.991 0.0000000000
111917  -49.212  29.305  -21.924 0.0000000000
111902  -48.924  29.341  -21.329 0.0000000000
111928  -48.336  29.125  -22.953 0.0000000000
111939  -47.763  28.930  -23.359 0.0000000000
111940  -48.287  28.945  -23.565 0.0000000000
111160  -51.080  28.552  -22.719 0.0000000000
111931  -50.434  28.874  -22.650 0.0000000000
111159  -50.526  28.565  -23.228 0.0000000000
111203  -48.406  28.120  -25.474 0.0000000000
111202  -47.659  28.088  -25.333 0.0000000000
110430  -47.247  27.412  -26.342 0.0000000000
110429  -46.581  27.264  -26.166 0.0000000000
108999  -47.033  26.031  -27.815 0.0000000000
108998  -46.322  25.694  -27.547 0.0000000000
108311  -45.732  24.422  -28.340 0.0000000000
108312  -46.362  24.870  -28.597 0.0000000000
109023  -47.581  25.420  -29.300 0.0000000000
108322  -47.103  24.926  -29.556 0.0000000000
108332  -47.125  24.587  -30.427 0.0000000000
109036  -47.614  25.062  -30.180 0.0000000000
157719  -50.783  26.411  -28.279 0.0000000000
109729  -50.124  26.601  -28.376 0.0000000000
109738  -50.555  26.229  -28.896 0.0000000000
162456  -49.814  25.543  -30.874 0.0000000000
135903  -49.359  25.632  -30.369 0.0000000000
109037  -48.184  25.064  -31.025 0.0000000000
109048  -48.790  25.159  -32.274 0.0000000000
136659  -50.182  25.881  -33.440 0.0000000000
109078  -49.290  25.774  -33.856 0.0000000000
109086  -48.817  25.853  -34.115 0.0000000000
109087  -49.149  26.108  -34.107 0.0000000000
100852  -52.433  15.375  -22.386 0.0000000000
100878  -52.660  16.519  -24.047 0.0000000000
104133  -43.246  19.344  -11.088 0.0000000000
104142  -43.851  19.278  -11.787 0.0000000000
104907  -43.190  19.688  -11.967 0.0000000000
105644  -42.330  21.030  -13.159 0.0000000000
104920  -42.694  20.765  -13.567 0.0000000000
105658  -42.681  21.317  -14.795 0.0000000000
106923  -41.552  22.627  -14.946 0.0000000000
107574  -43.494  24.043  -15.322 0.0000000000
156691  -42.873  23.684  -15.658 0.0000000000
106925  -43.205  23.604  -15.880 0.0000000000
107582  -43.877  23.914  -16.183 0.0000000000
107578  -44.404  24.210  -15.642 0.0000000000
108910  -45.075  25.880  -16.221 0.0000000000
109627  -46.038  26.989  -16.211 0.0000000000
110331  -46.102  27.406  -16.966 0.0000000000
110332  -46.695  27.576  -16.259 0.0000000000
110289  -47.066  27.264  -12.404 0.0000000000
109600  -45.305  26.263  -13.270 0.0000000000
155010  -46.227  26.493  -13.552 0.0000000000
109619  -46.187  26.443  -14.133 0.0000000000
140473  -46.739  26.864  -13.891 0.0000000000
111075  -48.318  28.337  -14.977 0.0000000000
111074  -47.670  27.952  -15.091 0.0000000000
111080  -47.994  28.332  -15.666 0.0000000000
162641  -47.717  28.376  -16.274 0.0000000000
111086  -48.315  28.617  -16.198 0.0000000000
111832  -48.733  28.889  -16.712 0.0000000000
111833  -49.501  29.069  -16.335 0.0000000000
111825  -50.706  29.147  -15.446 0.0000000000
135755  -50.321  29.183  -16.260 0.0000000000
111834  -50.974  29.202  -16.177 0.0000000000
153213  -51.230  29.248  -17.432 0.0000000000
135887  -51.598  29.190  -16.643 0.0000000000
152171  -58.897  18.275  -10.454 0.0000000000
133079  -56.806  16.943  -10.860 0.0000000000
101640  -56.945  17.431  -11.526 0.0000000000
101643  -54.779  17.332  -12.601 0.0000000000
101638  -55.055  16.844  -12.107 0.0000000000
100705  -55.707  15.668  -8.506 0.0000000000
100694  -56.925  15.908  -7.745 0.0000000000
100695  -57.663  16.110  -7.695 0.0000000000
100716  -56.924  16.231  -9.092 0.0000000000
100715  -56.129  15.891  -9.151 0.0000000000
100734  -54.118  15.618  -11.106 0.0000000000
100735  -54.835  15.822  -10.859 0.0000000000
100740  -53.812  16.125  -11.697 0.0000000000
147071  -53.523  16.711  -12.202 0.0000000000
101636  -52.684  16.842  -12.070 0.0000000000
102477  -52.088  17.611  -11.770 0.0000000000
101635  -51.824  16.858  -11.681 0.0000000000
100730  -50.973  16.065  -11.152 0.0000000000
101632  -51.126  16.886  -11.345 0.0000000000
101631  -50.508  16.897  -10.951 0.0000000000
102473  -50.133  17.718  -10.774 0.0000000000
101630  -49.895  16.857  -10.642 0.0000000000
98903  -51.431  14.355  -9.812 0.0000000000
151229  -50.653  14.349  -9.820 0.0000000000
100722  -48.406  15.938  -10.297 0.0000000000
100723  -49.083  15.775  -10.376 0.0000000000
101625  -48.732  16.487  -10.379 0.0000000000
146155  -48.756  17.554  -10.387 0.0000000000
102469  -49.006  18.864  -9.755 0.0000000000
102468  -48.146  17.706  -9.864 0.0000000000
100644  -52.750  15.727  -3.233 0.0000000000
99698  -47.504  15.035  -0.969 0.0000000000
99699  -48.096  15.616  -1.054 0.0000000000
100605  -48.878  15.917  -1.045 0.0000000000
99706  -48.822  15.115  -1.211 0.0000000000
96135  -45.638  11.872  -1.843 0.0000000000
97019  -46.035  12.275  -1.342 0.0000000000
97033  -46.342  11.823  -1.748 0.0000000000
97036  -48.613  12.515  -2.381 0.0000000000
97916  -48.266  12.883  -1.804 0.0000000000
98808  -48.747  13.751  -1.814 0.0000000000
99707  -49.494  14.689  -1.211 0.0000000000
98809  -49.817  14.216  -1.557 0.0000000000
98810  -50.629  14.369  -1.752 0.0000000000
158307  -50.081  13.945  -2.111 0.0000000000
97934  -50.289  13.112  -3.950 0.0000000000
97930  -50.569  13.660  -3.422 0.0000000000
97935  -50.861  13.516  -4.403 0.0000000000
98841  -51.314  13.701  -5.246 0.0000000000
97958  -50.298  12.669  -5.364 0.0000000000
97093  -48.227  11.802  -6.935 0.0000000000
97094  -48.935  12.054  -6.638 0.0000000000
97107  -48.788  12.185  -7.415 0.0000000000
97118  -48.571  12.475  -8.156 0.0000000000
97106  -48.006  12.059  -7.688 0.0000000000
101590  -44.523  16.655  -7.794 0.0000000000
101605  -45.170  16.706  -7.971 0.0000000000
141816  -44.821  17.417  -7.757 0.0000000000
103246  -45.425  18.316  -7.714 0.0000000000
103245  -44.801  18.143  -7.804 0.0000000000
103268  -44.343  18.999  -8.378 0.0000000000
102451  -44.307  18.413  -7.910 0.0000000000
103253  -42.189  17.963  -8.421 0.0000000000
153551  -41.178  15.214  -7.425 0.0000000000
146812  -41.454  15.807  -7.539 0.0000000000
101585  -40.929  16.266  -8.043 0.0000000000
147819  -39.963  18.913  -10.211 0.0000000000
104122  -40.620  20.215  -10.280 0.0000000000
104893  -40.039  20.624  -9.990 0.0000000000
105629  -39.873  21.578  -10.867 0.0000000000
102500  -59.764  18.280  -15.169 0.0000000000
103338  -59.930  18.799  -15.841 0.0000000000
104212  -59.510  19.415  -16.940 0.0000000000
103352  -59.819  18.721  -16.938 0.0000000000
103369  -59.591  18.792  -17.870 0.0000000000
103382  -59.198  18.700  -18.487 0.0000000000
105632  -51.958  21.710  -11.039 0.0000000000
106281  -52.488  22.058  -11.665 0.0000000000
106286  -51.962  21.880  -11.901 0.0000000000
105662  -52.580  21.335  -14.760 0.0000000000
104204  -52.483  19.614  -16.432 0.0000000000
158500  -54.143  18.864  -16.481 0.0000000000
104205  -53.415  19.448  -16.251 0.0000000000
104206  -54.899  19.360  -15.965 0.0000000000
104208  -56.612  19.905  -16.307 0.0000000000
103350  -56.125  19.029  -16.649 0.0000000000
103379  -56.541  18.061  -18.746 0.0000000000
103367  -56.989  18.437  -18.198 0.0000000000
103393  -57.447  18.289  -19.263 0.0000000000
103395  -58.564  18.238  -19.849 0.0000000000
103404  -58.317  17.863  -20.562 0.0000000000
102554  -57.999  17.186  -21.106 0.0000000000
102553  -57.674  17.368  -21.157 0.0000000000
102573  -56.565  16.828  -22.034 0.0000000000
101719  -55.907  16.728  -22.302 0.0000000000
102572  -55.148  16.875  -22.644 0.0000000000
102560  -53.719  17.594  -21.092 0.0000000000
102559  -53.109  17.689  -21.485 0.0000000000
102580  -54.362  17.228  -23.897 0.0000000000
149282  -53.904  17.342  -22.656 0.0000000000
101728  -54.450  17.037  -23.787 0.0000000000
101727  -54.403  16.900  -23.894 0.0000000000
137640  -52.365  17.380  -26.544 0.0000000000
158524  -44.258  19.222  -13.012 0.0000000000
104162  -44.496  19.104  -13.604 0.0000000000
104949  -44.301  20.182  -15.946 0.0000000000
104170  -44.557  19.320  -14.875 0.0000000000
104181  -45.093  18.846  -15.449 0.0000000000
137359  -45.688  18.453  -15.197 0.0000000000
104199  -45.131  19.110  -16.201 0.0000000000
107598  -44.000  23.245  -18.164 0.0000000000
106946  -44.157  22.465  -17.780 0.0000000000
106322  -44.972  21.288  -18.820 0.0000000000
105690  -44.708  21.211  -18.199 0.0000000000
105691  -45.203  20.816  -18.477 0.0000000000
104976  -45.769  19.712  -17.655 0.0000000000
104983  -46.216  20.035  -18.244 0.0000000000
105692  -45.938  20.578  -18.667 0.0000000000
105708  -46.895  21.418  -20.058 0.0000000000
105709  -47.463  21.329  -20.242 0.0000000000
105701  -47.969  21.032  -20.026 0.0000000000
105717  -47.796  21.322  -20.670 0.0000000000
111899  -46.923  29.080  -20.795 0.0000000000
139238  -46.310  28.858  -20.801 0.0000000000
110387  -44.897  27.077  -23.195 0.0000000000
110380  -45.208  27.569  -22.613 0.0000000000
109667  -44.580  26.545  -22.938 0.0000000000
144663  -44.459  26.471  -22.202 0.0000000000
160940  -44.406  26.025  -22.694 0.0000000000
160223  -44.667  24.792  -25.673 0.0000000000
109690  -44.803  26.317  -25.076 0.0000000000
108290  -44.550  24.743  -25.022 0.0000000000
106996  -45.065  22.626  -23.773 0.0000000000
107639  -44.528  24.175  -23.720 0.0000000000
106986  -44.762  23.385  -23.413 0.0000000000
107631  -44.596  23.970  -23.011 0.0000000000
106978  -45.303  22.884  -22.175 0.0000000000
106361  -45.644  22.137  -22.426 0.0000000000
105733  -46.927  21.147  -22.503 0.0000000000
106352  -46.770  21.507  -21.906 0.0000000000
105726  -47.920  21.112  -21.659 0.0000000000
105018  -48.271  20.571  -22.000 0.0000000000
105019  -49.130  20.331  -21.805 0.0000000000
104271  -48.278  19.557  -23.017 0.0000000000
104280  -48.703  18.850  -23.523 0.0000000000
105049  -46.153  19.912  -25.693 0.0000000000
104296  -46.645  19.512  -25.159 0.0000000000
104297  -47.233  19.075  -25.659 0.0000000000
103453  -48.637  18.414  -26.326 0.0000000000
103443  -48.591  18.539  -25.373 0.0000000000
103455  -50.382  18.096  -26.261 0.0000000000
103456  -51.382  18.062  -26.109 0.0000000000
101767  -51.589  17.394  -27.142 0.0000000000
149731  -49.914  16.815  -26.465 0.0000000000
103483  -47.985  17.808  -29.848 0.0000000000
102627  -48.111  17.803  -29.310 0.0000000000
102619  -47.282  17.519  -29.320 0.0000000000
107037  -45.232  22.640  -30.368 0.0000000000
140143  -45.619  22.464  -32.533 0.0000000000
105795  -45.286  20.732  -32.970 0.0000000000
105802  -45.653  21.010  -34.704 0.0000000000
140470  -46.891  23.732  -35.638 0.0000000000
107057  -46.177  23.035  -35.725 0.0000000000
105806  -44.231  20.441  -35.480 0.0000000000
105810  -44.999  20.978  -36.354 0.0000000000
105118  -44.611  20.236  -35.762 0.0000000000
105113  -45.032  19.891  -35.141 0.0000000000
104352  -44.019  19.533  -34.652 0.0000000000
104345  -43.930  19.449  -33.716 0.0000000000
105081  -43.200  19.887  -30.792 0.0000000000
105075  -43.291  19.939  -29.787 0.0000000000
104319  -44.174  19.135  -28.873 0.0000000000
149336  -43.514  20.342  -27.990 0.0000000000
105774  -42.263  21.116  -28.940 0.0000000000
105768  -43.185  20.916  -27.647 0.0000000000
141641  -42.497  21.232  -28.164 0.0000000000
106393  -41.775  21.569  -28.055 0.0000000000
107683  -42.968  23.308  -30.916 0.0000000000
107036  -42.306  22.472  -30.466 0.0000000000
107032  -41.925  22.890  -29.653 0.0000000000
107027  -41.066  22.451  -28.569 0.0000000000
106399  -41.002  22.199  -28.001 0.0000000000
106386  -41.153  22.323  -26.885 0.0000000000
111264  -46.736  28.195  -31.567 0.0000000000
110475  -45.704  27.304  -31.197 0.0000000000
111252  -45.653  28.037  -31.172 0.0000000000
109736  -44.237  27.267  -29.927 0.0000000000
109022  -43.396  26.144  -29.638 0.0000000000
103273  -47.108  20.128  -9.876 0.0000000000
103289  -45.913  18.456  -12.176 0.0000000000
134930  -53.248  28.015  -22.342 0.0000000000
110381  -53.347  27.521  -23.144 0.0000000000
109694  -52.755  26.415  -25.788 0.0000000000
109683  -53.090  26.526  -25.071 0.0000000000
108980  -53.542  25.968  -25.459 0.0000000000
156749  -54.228  25.555  -26.059 0.0000000000
100821  -56.643  15.879  -20.212 0.0000000000
107565  -39.026  23.537  -13.648 0.0000000000
107566  -39.681  23.558  -14.173 0.0000000000
98852  -52.312  14.531  -6.342 0.0000000000
98851  -51.772  13.953  -6.472 0.0000000000
97960  -51.254  13.417  -6.533 0.0000000000
153437  -40.878  12.222  -6.098 0.0000000000
97957  -40.559  12.771  -6.258 0.0000000000
97956  -39.789  12.777  -6.049 0.0000000000
156266  -54.988  18.282  -12.452 0.0000000000
103297  -54.617  19.263  -11.689 0.0000000000
104154  -54.796  20.566  -11.495 0.0000000000
104915  -54.045  21.692  -11.644 0.0000000000
104224  -50.304  19.330  -18.052 0.0000000000
104237  -50.307  19.556  -18.524 0.0000000000
104247  -50.579  19.428  -19.077 0.0000000000
147053  -50.482  19.334  -19.757 0.0000000000
103401  -51.085  18.856  -20.372 0.0000000000
104261  -49.899  19.599  -20.893 0.0000000000
104266  -49.723  19.521  -21.757 0.0000000000
109639  -45.004  26.791  -17.680 0.0000000000
109638  -44.347  26.367  -18.235 0.0000000000
110343  -44.734  26.998  -18.588 0.0000000000
110355  -45.106  27.600  -18.958 0.0000000000
111116  -45.441  28.347  -19.980 0.0000000000
108303  -45.379  24.501  -27.526 0.0000000000
107655  -44.911  24.151  -26.859 0.0000000000
107663  -44.982  23.646  -27.488 0.0000000000
137510  -44.889  21.808  -27.026 0.0000000000
105069  -45.142  20.798  -28.370 0.0000000000
142507  -45.011  20.958  -29.656 0.0000000000
105785  -44.972  21.355  -30.240 0.0000000000
109076  -48.238  24.840  -34.698 0.0000000000
108342  -45.806  24.931  -32.723 0.0000000000
109047  -45.255  25.619  -31.509 0.0000000000
104138  -50.437  20.218  -10.744 0.0000000000
103316  -47.547  18.354  -13.727 0.0000000000
103317  -48.253  18.499  -13.847 0.0000000000
103337  -48.698  18.636  -15.434 0.0000000000
103347  -48.978  18.761  -16.437 0.0000000000
104221  -48.029  18.885  -17.894 0.0000000000
135881  -50.180  29.354  -19.124 0.0000000000
135878  -49.747  29.390  -19.875 0.0000000000
135877  -50.566  29.373  -19.767 0.0000000000
111903  -49.683  29.342  -21.343 0.0000000000
137583  -49.930  29.170  -22.182 0.0000000000
111194  -50.681  28.062  -25.123 0.0000000000
135740  -50.293  28.226  -24.462 0.0000000000
111193  -49.990  28.119  -25.193 0.0000000000
111211  -49.369  27.937  -26.212 0.0000000000
110418  -48.732  27.904  -26.159 0.0000000000
110444  -47.681  27.279  -26.810 0.0000000000
109726  -47.637  26.297  -28.010 0.0000000000
109011  -47.458  25.781  -28.499 0.0000000000
109012  -48.231  25.916  -29.019 0.0000000000
109026  -50.275  26.002  -29.609 0.0000000000
109027  -51.095  25.824  -29.575 0.0000000000
109039  -50.772  25.703  -30.342 0.0000000000
109050  -50.414  25.586  -31.003 0.0000000000
136300  -50.020  25.465  -31.718 0.0000000000
136527  -50.777  25.597  -31.991 0.0000000000
143083  -51.244  25.797  -33.109 0.0000000000
100865  -53.357  16.341  -23.244 0.0000000000
138871  -42.106  20.118  -11.059 0.0000000000
104906  -42.683  20.287  -12.133 0.0000000000
105639  -42.297  20.846  -12.378 0.0000000000
107573  -42.696  23.969  -15.223 0.0000000000
107575  -44.171  24.242  -15.159 0.0000000000
108229  -44.691  24.574  -15.727 0.0000000000
108227  -44.673  24.492  -15.191 0.0000000000
108905  -45.010  24.901  -15.235 0.0000000000
146304  -45.684  26.001  -15.129 0.0000000000
110306  -47.352  27.323  -13.093 0.0000000000
155471  -47.641  27.596  -13.975 0.0000000000
111070  -48.600  28.100  -13.592 0.0000000000
111076  -48.746  28.431  -14.321 0.0000000000
147625  -48.881  28.637  -14.955 0.0000000000
111823  -49.321  28.951  -15.395 0.0000000000
111816  -50.097  29.054  -14.835 0.0000000000
111817  -50.776  29.112  -14.711 0.0000000000
134757  -57.094  16.823  -10.292 0.0000000000
100714  -55.428  15.603  -9.187 0.0000000000
139108  -55.167  15.553  -9.660 0.0000000000
99817  -54.759  15.315  -9.784 0.0000000000
99816  -54.269  15.181  -10.319 0.0000000000
100733  -53.370  15.546  -11.322 0.0000000000
100738  -52.238  16.129  -11.723 0.0000000000
100732  -52.599  15.554  -11.366 0.0000000000
151558  -51.809  15.695  -11.281 0.0000000000
99822  -51.343  15.251  -10.871 0.0000000000
98895  -50.304  13.897  -9.290 0.0000000000
98902  -49.799  14.418  -9.950 0.0000000000
160333  -49.142  14.299  -9.883 0.0000000000
145746  -48.638  15.295  -10.289 0.0000000000
101623  -47.413  16.860  -9.876 0.0000000000
100721  -47.725  16.157  -10.319 0.0000000000
96158  -46.401  11.084  -2.943 0.0000000000
96144  -46.827  11.368  -2.319 0.0000000000
96145  -47.645  11.444  -2.458 0.0000000000
139870  -48.301  11.935  -2.809 0.0000000000
97928  -49.129  12.780  -2.784 0.0000000000
97050  -49.247  12.411  -3.487 0.0000000000
97061  -49.211  12.125  -4.308 0.0000000000
97076  -49.780  12.355  -4.859 0.0000000000
97075  -49.131  12.018  -5.139 0.0000000000
97083  -48.385  11.689  -6.190 0.0000000000
96214  -47.695  11.410  -6.459 0.0000000000
99775  -44.099  15.241  -7.791 0.0000000000
151366  -44.045  16.294  -7.616 0.0000000000
101589  -44.074  16.854  -7.583 0.0000000000
102450  -43.651  17.990  -7.846 0.0000000000
102439  -43.703  17.354  -7.570 0.0000000000
102438  -42.912  17.537  -7.768 0.0000000000
101604  -41.993  17.222  -8.050 0.0000000000
104193  -59.736  19.669  -15.462 0.0000000000
104191  -58.455  20.710  -16.186 0.0000000000
104210  -58.196  20.298  -16.654 0.0000000000
105654  -51.827  21.496  -13.793 0.0000000000
141758  -52.032  21.415  -14.502 0.0000000000
105671  -52.244  20.909  -15.405 0.0000000000
103364  -53.721  18.409  -17.412 0.0000000000
103365  -54.631  18.417  -17.298 0.0000000000
103366  -55.600  18.512  -17.307 0.0000000000
103378  -55.141  18.178  -18.089 0.0000000000
102530  -55.707  17.917  -18.921 0.0000000000
102541  -56.617  17.777  -19.582 0.0000000000
102552  -56.703  17.466  -20.734 0.0000000000
102551  -55.621  17.478  -20.483 0.0000000000
136180  -55.210  17.364  -21.184 0.0000000000
102569  -52.403  17.863  -22.481 0.0000000000
102570  -52.940  17.618  -22.211 0.0000000000
102579  -54.107  17.550  -24.553 0.0000000000
102586  -54.194  17.533  -25.009 0.0000000000
102593  -53.256  17.817  -25.919 0.0000000000
152744  -43.988  19.813  -14.671 0.0000000000
104948  -43.777  20.609  -15.554 0.0000000000
104965  -44.453  20.385  -16.578 0.0000000000
107604  -43.982  24.137  -19.618 0.0000000000
139517  -44.373  22.712  -18.681 0.0000000000
106954  -44.576  22.883  -19.406 0.0000000000
106955  -45.066  22.488  -19.766 0.0000000000
106330  -45.177  21.762  -19.438 0.0000000000
106337  -45.727  22.163  -20.169 0.0000000000
106964  -46.015  22.359  -20.665 0.0000000000
106344  -46.544  21.835  -21.040 0.0000000000
111926  -46.955  28.884  -22.353 0.0000000000
111143  -46.250  28.472  -22.162 0.0000000000
111157  -46.493  28.410  -22.894 0.0000000000
110388  -45.518  27.536  -23.459 0.0000000000
109673  -44.995  27.031  -23.996 0.0000000000
107003  -44.671  23.228  -25.095 0.0000000000
107644  -44.557  24.038  -24.659 0.0000000000
139231  -45.480  21.990  -23.205 0.0000000000
106370  -45.754  21.343  -23.451 0.0000000000
105732  -46.347  21.108  -23.112 0.0000000000
105025  -47.247  20.508  -22.881 0.0000000000
105026  -47.907  20.226  -22.596 0.0000000000
105035  -46.915  20.086  -23.599 0.0000000000
104278  -47.304  19.412  -24.027 0.0000000000
144287  -47.223  18.985  -26.443 0.0000000000
103465  -50.388  17.813  -27.056 0.0000000000
102604  -50.136  17.618  -27.301 0.0000000000
135135  -50.254  17.295  -27.119 0.0000000000
101775  -49.226  17.640  -27.613 0.0000000000
103485  -47.092  17.794  -31.000 0.0000000000
102633  -47.459  17.793  -30.478 0.0000000000
102632  -47.002  17.770  -31.063 0.0000000000
107044  -46.171  23.326  -31.576 0.0000000000
107050  -44.984  23.070  -33.982 0.0000000000
107056  -45.562  22.756  -35.934 0.0000000000
106434  -43.782  21.121  -34.523 0.0000000000
105801  -43.274  20.158  -34.314 0.0000000000
105097  -43.002  19.852  -33.152 0.0000000000
105104  -42.682  20.370  -33.403 0.0000000000
105089  -42.323  20.463  -31.279 0.0000000000
105074  -42.729  20.533  -29.314 0.0000000000
105778  -41.955  21.076  -29.738 0.0000000000
105783  -41.487  21.480  -29.838 0.0000000000
107661  -41.241  23.336  -28.003 0.0000000000
107015  -40.968  22.799  -26.965 0.0000000000
149510  -41.198  24.116  -27.569 0.0000000000
104131  -49.232  20.232  -10.323 0.0000000000
141158  -47.220  18.841  -11.553 0.0000000000
103291  -47.384  18.624  -12.220 0.0000000000
103302  -47.452  18.433  -12.985 0.0000000000
143761  -47.047  18.307  -14.286 0.0000000000
103334  -46.270  18.386  -15.733 0.0000000000
111905  -51.796  28.867  -21.022 0.0000000000
111919  -51.857  28.601  -21.725 0.0000000000
111161  -51.695  28.267  -23.172 0.0000000000
111162  -52.518  28.091  -22.901 0.0000000000
111180  -51.490  28.151  -23.931 0.0000000000
110405  -51.331  27.870  -25.100 0.0000000000
110419  -50.610  27.732  -26.361 0.0000000000
110447  -50.406  27.350  -27.178 0.0000000000
109718  -49.730  27.069  -27.828 0.0000000000
109719  -51.150  26.815  -27.275 0.0000000000
109730  -51.270  26.372  -27.839 0.0000000000
109707  -52.449  26.255  -26.612 0.0000000000
109014  -51.954  25.948  -27.975 0.0000000000
144146  -52.296  25.599  -28.701 0.0000000000
109029  -52.949  25.204  -29.537 0.0000000000
100841  -54.580  15.844  -22.245 0.0000000000
105637  -40.691  21.702  -11.995 0.0000000000
106290  -41.036  21.990  -13.171 0.0000000000
106921  -40.888  22.857  -14.441 0.0000000000
107572  -41.010  23.585  -15.064 0.0000000000
140694  -53.886  14.886  -8.319 0.0000000000
99788  -53.677  14.738  -8.955 0.0000000000
99800  -52.932  14.521  -9.707 0.0000000000
99787  -52.926  14.410  -8.914 0.0000000000
98885  -52.202  14.108  -8.638 0.0000000000
98884  -51.450  13.800  -8.442 0.0000000000
98883  -50.736  13.591  -8.618 0.0000000000
97994  -50.027  13.449  -8.751 0.0000000000
153744  -49.435  13.348  -8.795 0.0000000000
98001  -48.886  13.440  -9.076 0.0000000000
97017  -44.785  11.888  -1.020 0.0000000000
96133  -44.343  11.427  -1.292 0.0000000000
96141  -44.556  11.066  -1.882 0.0000000000
95323  -44.692  10.570  -2.464 0.0000000000
143101  -44.705  10.201  -3.146 0.0000000000
95324  -45.193  10.637  -2.844 0.0000000000
95336  -45.451  10.424  -3.534 0.0000000000
99773  -42.637  15.362  -7.183 0.0000000000
99759  -42.104  14.646  -6.978 0.0000000000
99758  -41.227  14.573  -7.066 0.0000000000
99771  -40.483  14.993  -7.578 0.0000000000
97967  -40.250  13.382  -6.377 0.0000000000
99757  -40.217  14.401  -7.131 0.0000000000
100685  -39.904  15.519  -7.939 0.0000000000
104951  -50.858  19.957  -15.636 0.0000000000
160467  -51.323  20.240  -15.690 0.0000000000
104967  -51.204  19.969  -16.063 0.0000000000
104203  -51.604  19.458  -16.894 0.0000000000
104225  -51.555  19.202  -17.676 0.0000000000
103362  -52.220  18.809  -18.052 0.0000000000
103375  -52.782  18.436  -18.506 0.0000000000
103391  -53.309  18.156  -19.056 0.0000000000
102549  -53.133  18.068  -19.794 0.0000000000
103412  -52.379  18.182  -20.781 0.0000000000
103411  -51.647  18.418  -20.972 0.0000000000
103418  -51.577  18.277  -21.815 0.0000000000
103427  -50.999  18.268  -23.075 0.0000000000
107589  -43.699  23.344  -16.798 0.0000000000
106938  -43.868  22.700  -17.016 0.0000000000
107597  -43.777  23.742  -17.635 0.0000000000
109637  -43.818  25.777  -18.631 0.0000000000
108933  -43.623  25.363  -19.242 0.0000000000
108249  -43.618  24.717  -18.977 0.0000000000
108255  -43.722  24.932  -19.858 0.0000000000
108261  -43.877  25.212  -20.642 0.0000000000
108262  -44.144  24.892  -21.207 0.0000000000
109692  -45.833  27.041  -25.888 0.0000000000
110414  -45.651  27.231  -25.140 0.0000000000
108979  -45.025  26.022  -25.787 0.0000000000
108987  -44.901  25.260  -26.050 0.0000000000
151288  -44.664  23.854  -26.308 0.0000000000
105750  -45.497  21.076  -24.837 0.0000000000
105040  -45.634  20.546  -25.170 0.0000000000
105062  -45.380  20.547  -26.879 0.0000000000
105056  -45.923  19.942  -26.611 0.0000000000
104304  -46.554  19.373  -26.505 0.0000000000
103470  -47.921  18.358  -28.049 0.0000000000
104316  -47.249  18.491  -29.150 0.0000000000
153511  -45.693  19.868  -29.328 0.0000000000
140341  -46.685  18.467  -30.626 0.0000000000
104327  -46.168  19.018  -30.993 0.0000000000
144676  -46.101  18.511  -31.915 0.0000000000
107697  -47.536  24.098  -33.536 0.0000000000
107706  -47.604  23.937  -34.902 0.0000000000
160324  -46.787  23.756  -35.666 0.0000000000
107049  -43.720  22.573  -32.735 0.0000000000
107042  -43.292  23.000  -31.712 0.0000000000
107677  -43.346  24.102  -30.610 0.0000000000
108329  -42.991  24.466  -29.886 0.0000000000
103286  -52.281  19.164  -11.262 0.0000000000
104140  -52.620  20.057  -10.937 0.0000000000
105631  -51.277  21.240  -10.962 0.0000000000
105640  -51.390  21.440  -11.708 0.0000000000
104909  -50.720  20.956  -11.410 0.0000000000
142627  -50.842  20.438  -14.066 0.0000000000
140947  -49.195  19.292  -12.611 0.0000000000
104152  -49.205  19.122  -13.266 0.0000000000
104163  -49.630  19.348  -13.683 0.0000000000
152670  -50.145  19.021  -17.224 0.0000000000
104223  -50.049  19.172  -17.995 0.0000000000
104996  -49.000  20.383  -19.473 0.0000000000
111848  -47.333  28.979  -18.567 0.0000000000
157357  -47.064  29.036  -19.178 0.0000000000
137186  -47.721  29.126  -19.150 0.0000000000
111870  -47.966  29.223  -19.834 0.0000000000
111900  -47.481  29.199  -21.044 0.0000000000
135874  -48.679  29.329  -20.756 0.0000000000
111901  -48.199  29.284  -21.255 0.0000000000
111915  -47.558  29.174  -21.807 0.0000000000
111927  -47.673  29.101  -22.612 0.0000000000
111175  -47.283  28.528  -23.832 0.0000000000
111190  -47.455  28.320  -24.564 0.0000000000
134988  -51.216  28.899  -21.536 0.0000000000
111192  -49.462  28.350  -24.467 0.0000000000
111941  -49.316  28.777  -23.580 0.0000000000
111177  -48.676  28.625  -24.084 0.0000000000
111191  -48.158  28.353  -24.721 0.0000000000
110415  -46.367  27.492  -25.485 0.0000000000
109703  -46.184  26.711  -26.524 0.0000000000
108989  -45.910  26.049  -26.864 0.0000000000
109714  -46.599  26.381  -27.179 0.0000000000
158405  -45.253  23.295  -28.909 0.0000000000
107673  -45.593  23.614  -29.419 0.0000000000
107679  -46.171  23.937  -29.979 0.0000000000
108321  -46.620  24.791  -29.163 0.0000000000
161970  -46.686  24.199  -30.504 0.0000000000
107687  -47.162  24.224  -31.740 0.0000000000
142346  -49.375  26.654  -28.486 0.0000000000
109013  -49.034  26.222  -29.055 0.0000000000
109025  -48.812  25.800  -29.734 0.0000000000
108353  -47.888  24.535  -33.270 0.0000000000
108364  -48.201  24.689  -34.857 0.0000000000
109063  -49.517  25.456  -32.764 0.0000000000
109062  -48.829  25.449  -33.851 0.0000000000
109077  -48.542  25.249  -34.737 0.0000000000
159558  -48.388  25.291  -34.691 0.0000000000
104126  -44.508  19.404  -9.909 0.0000000000
104134  -44.093  19.222  -10.881 0.0000000000
104150  -43.750  19.454  -12.574 0.0000000000
104921  -43.114  20.235  -13.514 0.0000000000
150932  -43.576  20.013  -14.154 0.0000000000
105659  -43.205  21.129  -15.251 0.0000000000
135224  -41.482  21.826  -13.544 0.0000000000
106295  -42.100  22.298  -15.321 0.0000000000
106293  -42.283  21.680  -14.826 0.0000000000
154136  -43.173  22.667  -16.027 0.0000000000
108908  -44.259  24.314  -16.304 0.0000000000
108917  -44.114  25.482  -17.319 0.0000000000
138947  -44.891  25.273  -15.977 0.0000000000
109625  -44.658  25.710  -16.735 0.0000000000
109626  -45.041  26.318  -16.846 0.0000000000
110335  -45.592  27.278  -17.494 0.0000000000
110336  -46.036  27.804  -17.754 0.0000000000
111091  -46.588  28.273  -17.697 0.0000000000
109618  -45.720  25.913  -14.330 0.0000000000
110327  -46.416  27.028  -15.501 0.0000000000
110323  -47.300  27.453  -14.414 0.0000000000
110328  -47.031  27.484  -15.329 0.0000000000
111085  -47.218  28.190  -16.643 0.0000000000
111839  -47.646  28.873  -17.793 0.0000000000
111840  -48.489  28.968  -17.527 0.0000000000
111850  -49.116  29.167  -18.151 0.0000000000
135800  -49.774  29.205  -17.740 0.0000000000
111841  -50.031  29.187  -17.071 0.0000000000
111851  -49.916  29.277  -18.400 0.0000000000
155950  -50.580  29.317  -18.529 0.0000000000
111852  -51.319  29.301  -18.218 0.0000000000
111871  -51.848  29.256  -18.945 0.0000000000
135886  -52.483  29.163  -16.760 0.0000000000
133080  -57.763  17.530  -10.871 0.0000000000
102486  -56.056  17.870  -12.330 0.0000000000
102485  -55.313  17.946  -12.538 0.0000000000
102484  -54.570  17.846  -12.636 0.0000000000
102479  -53.408  18.043  -12.212 0.0000000000
101628  -56.269  16.441  -10.410 0.0000000000
100727  -55.732  15.891  -9.864 0.0000000000
101627  -55.564  16.106  -10.640 0.0000000000
100742  -55.331  16.458  -11.368 0.0000000000
101637  -54.297  16.734  -12.198 0.0000000000
101641  -53.412  17.428  -12.331 0.0000000000
103295  -53.084  18.649  -11.708 0.0000000000
103294  -52.383  18.329  -11.666 0.0000000000
103285  -51.728  18.418  -11.380 0.0000000000
148670  -51.022  18.480  -11.059 0.0000000000
144162  -50.352  18.609  -10.858 0.0000000000
103276  -49.816  18.938  -10.513 0.0000000000
160604  -49.761  19.700  -10.123 0.0000000000
99813  -51.791  14.762  -10.373 0.0000000000
99811  -49.687  15.189  -10.442 0.0000000000
100724  -49.715  16.022  -10.601 0.0000000000
103274  -49.561  20.064  -9.854 0.0000000000
103270  -49.265  20.374  -8.947 0.0000000000
104120  -48.716  20.807  -8.675 0.0000000000
104119  -47.777  20.457  -7.850 0.0000000000
104117  -45.694  19.942  -8.512 0.0000000000
100657  -52.861  15.546  -4.532 0.0000000000
101509  -49.398  17.271  -1.123 0.0000000000
101510  -50.283  17.036  -1.161 0.0000000000
97018  -45.456  12.114  -1.298 0.0000000000
97901  -46.389  12.883  -0.950 0.0000000000
97902  -47.063  13.136  -1.123 0.0000000000
97020  -47.569  12.594  -1.469 0.0000000000
97903  -47.786  13.477  -1.400 0.0000000000
98807  -48.282  14.020  -1.492 0.0000000000
100616  -50.427  15.500  -0.938 0.0000000000
100607  -50.627  16.255  -1.033 0.0000000000
147979  -51.256  15.749  -1.247 0.0000000000
99720  -51.382  14.949  -1.891 0.0000000000
99721  -51.903  15.219  -2.398 0.0000000000
146086  -50.603  13.996  -2.575 0.0000000000
98832  -51.201  14.204  -3.050 0.0000000000
99729  -52.152  15.163  -3.004 0.0000000000
99733  -51.759  14.633  -3.458 0.0000000000
99740  -51.834  14.572  -4.271 0.0000000000
98842  -51.848  14.400  -5.042 0.0000000000
98850  -51.420  13.653  -5.985 0.0000000000
97085  -49.691  12.271  -5.626 0.0000000000
142754  -50.031  12.579  -6.643 0.0000000000
97982  -50.176  12.765  -7.079 0.0000000000
97981  -49.316  12.574  -7.877 0.0000000000
97992  -48.348  13.024  -8.785 0.0000000000
97991  -47.632  13.238  -9.054 0.0000000000
96212  -46.445  10.880  -6.141 0.0000000000
96213  -46.971  11.207  -6.658 0.0000000000
96219  -46.736  11.435  -7.347 0.0000000000
97104  -46.360  11.999  -7.942 0.0000000000
97105  -47.196  11.979  -7.858 0.0000000000
97116  -46.760  12.557  -8.420 0.0000000000
98882  -46.889  13.577  -9.221 0.0000000000
98891  -46.758  14.293  -9.792 0.0000000000
104106  -45.901  19.833  -7.624 0.0000000000
147555  -44.929  19.589  -9.083 0.0000000000
104116  -44.253  19.272  -9.203 0.0000000000
104125  -43.174  19.095  -10.392 0.0000000000
103255  -43.689  18.593  -8.392 0.0000000000
103267  -43.122  18.712  -9.162 0.0000000000
104124  -42.518  19.420  -10.792 0.0000000000
104898  -41.647  20.531  -10.835 0.0000000000
100687  -42.287  15.925  -7.330 0.0000000000
101586  -41.738  16.481  -7.761 0.0000000000
104112  -41.150  18.874  -10.442 0.0000000000
104894  -41.225  20.319  -10.473 0.0000000000
140431  -40.686  21.319  -11.242 0.0000000000
106280  -40.217  21.824  -11.703 0.0000000000
161554  -39.980  22.106  -12.035 0.0000000000
106910  -39.641  22.400  -12.299 0.0000000000
106279  -39.208  22.014  -10.895 0.0000000000
106284  -39.113  22.405  -11.592 0.0000000000
106909  -38.972  22.749  -12.329 0.0000000000
145431  -58.840  17.507  -16.159 0.0000000000
157178  -59.740  19.293  -16.308 0.0000000000
157627  -59.409  18.000  -16.758 0.0000000000
102516  -58.803  17.503  -17.007 0.0000000000
102523  -58.813  17.472  -18.011 0.0000000000
101693  -58.444  16.957  -18.671 0.0000000000
105641  -53.135  22.049  -11.551 0.0000000000
149469  -53.383  22.208  -12.537 0.0000000000
160197  -52.196  21.948  -13.261 0.0000000000
105656  -53.303  22.122  -13.584 0.0000000000
105648  -54.081  21.941  -13.018 0.0000000000
104952  -51.737  20.443  -15.670 0.0000000000
104187  -55.254  20.125  -15.496 0.0000000000
104209  -57.458  20.286  -16.608 0.0000000000
103368  -58.236  19.254  -17.771 0.0000000000
149188  -56.531  18.668  -17.388 0.0000000000
155639  -57.442  18.923  -17.578 0.0000000000
104239  -58.854  19.026  -18.200 0.0000000000
103381  -58.734  18.548  -19.024 0.0000000000
101700  -58.563  16.986  -19.604 0.0000000000
101699  -58.068  16.652  -20.015 0.0000000000
100832  -57.199  16.335  -21.149 0.0000000000
100844  -56.811  16.426  -21.860 0.0000000000
102563  -57.113  17.126  -21.787 0.0000000000
101710  -56.928  16.724  -22.032 0.0000000000
100856  -55.865  16.373  -22.336 0.0000000000
100854  -54.651  16.465  -22.917 0.0000000000
155718  -53.574  17.807  -20.332 0.0000000000
102561  -54.709  17.292  -21.845 0.0000000000
102571  -54.638  17.201  -22.631 0.0000000000
101718  -54.748  16.928  -23.158 0.0000000000
100866  -54.152  16.414  -23.018 0.0000000000
101734  -54.199  17.351  -25.035 0.0000000000
103288  -45.118  18.711  -12.301 0.0000000000
103300  -45.532  18.479  -13.007 0.0000000000
153659  -44.728  19.007  -14.213 0.0000000000
103313  -45.207  18.611  -13.799 0.0000000000
145044  -45.785  18.375  -14.400 0.0000000000
103333  -45.601  18.583  -15.974 0.0000000000
103344  -46.144  18.528  -16.471 0.0000000000
106309  -44.070  21.962  -16.926 0.0000000000
105679  -44.260  21.062  -16.762 0.0000000000
104974  -44.621  20.521  -17.203 0.0000000000
106321  -44.589  21.903  -18.587 0.0000000000
104966  -44.821  20.032  -16.935 0.0000000000
104219  -45.303  19.477  -16.953 0.0000000000
104220  -46.092  18.910  -17.242 0.0000000000
103360  -46.703  18.572  -16.880 0.0000000000
103359  -47.039  18.845  -17.580 0.0000000000
104234  -47.435  19.211  -18.368 0.0000000000
104984  -47.643  19.819  -18.958 0.0000000000
105699  -46.610  20.989  -19.289 0.0000000000
104994  -47.447  20.609  -19.172 0.0000000000
159500  -47.971  20.302  -19.206 0.0000000000
104995  -48.160  20.658  -19.434 0.0000000000
105004  -48.556  20.784  -19.891 0.0000000000
105005  -49.098  20.710  -20.251 0.0000000000
111868  -46.577  28.970  -19.596 0.0000000000
111117  -46.076  28.771  -20.132 0.0000000000
111115  -44.903  27.984  -20.587 0.0000000000
111142  -45.523  28.076  -22.030 0.0000000000
111128  -45.213  28.107  -21.306 0.0000000000
110367  -44.779  27.708  -21.232 0.0000000000
137717  -44.281  26.257  -21.478 0.0000000000
108950  -44.304  25.758  -22.108 0.0000000000
108269  -44.291  24.925  -22.031 0.0000000000
109682  -45.080  26.906  -24.761 0.0000000000
109681  -44.728  26.518  -24.374 0.0000000000
144849  -44.535  26.123  -24.033 0.0000000000
108284  -44.476  24.820  -24.272 0.0000000000
139441  -44.472  25.549  -24.080 0.0000000000
108963  -44.443  25.914  -23.399 0.0000000000
108275  -44.443  24.621  -22.903 0.0000000000
107624  -44.549  24.136  -22.318 0.0000000000
107625  -44.903  23.565  -21.848 0.0000000000
106972  -45.450  22.962  -21.433 0.0000000000
148266  -46.488  21.847  -21.503 0.0000000000
138264  -46.202  21.807  -21.985 0.0000000000
106345  -47.076  21.602  -21.411 0.0000000000
151465  -47.610  21.489  -21.307 0.0000000000
105711  -48.736  20.855  -20.882 0.0000000000
105012  -49.253  20.675  -21.052 0.0000000000
104265  -49.258  19.727  -22.306 0.0000000000
103426  -50.231  18.414  -23.224 0.0000000000
103434  -50.250  18.268  -24.158 0.0000000000
137549  -47.869  18.887  -24.625 0.0000000000
104298  -47.847  18.764  -25.498 0.0000000000
103432  -48.610  18.654  -24.414 0.0000000000
103446  -51.425  18.095  -25.298 0.0000000000
102592  -52.515  17.902  -26.354 0.0000000000
142638  -52.548  17.637  -26.426 0.0000000000
103466  -51.266  17.656  -26.990 0.0000000000
101757  -52.102  17.455  -26.885 0.0000000000
103477  -48.465  17.927  -28.770 0.0000000000
101780  -48.274  18.006  -28.868 0.0000000000
102626  -47.899  17.834  -29.939 0.0000000000
101779  -47.762  17.490  -28.695 0.0000000000
106413  -44.966  22.076  -29.913 0.0000000000
105790  -45.147  20.832  -31.405 0.0000000000
105098  -45.397  19.112  -33.034 0.0000000000
107051  -46.583  22.964  -34.829 0.0000000000
107063  -45.894  22.303  -36.233 0.0000000000
106443  -45.900  21.611  -36.059 0.0000000000
148663  -45.276  20.103  -34.595 0.0000000000
105106  -45.119  19.536  -33.935 0.0000000000
104339  -45.342  19.027  -33.020 0.0000000000
104338  -44.928  18.940  -33.053 0.0000000000
104333  -44.960  18.619  -32.405 0.0000000000
104326  -44.780  18.384  -30.961 0.0000000000
104325  -43.932  19.194  -30.375 0.0000000000
104320  -44.466  18.639  -29.917 0.0000000000
104314  -44.422  18.794  -28.253 0.0000000000
106406  -41.221  21.802  -29.191 0.0000000000
107031  -41.312  22.343  -29.262 0.0000000000
106400  -41.154  21.787  -28.528 0.0000000000
107009  -40.916  23.239  -26.182 0.0000000000
109042  -53.769  24.643  -30.613 0.0000000000
109079  -51.165  26.046  -33.512 0.0000000000
110510  -49.939  26.789  -33.883 0.0000000000
110509  -49.501  26.853  -34.096 0.0000000000
110500  -48.902  26.556  -33.792 0.0000000000
109763  -48.236  26.664  -32.877 0.0000000000
146652  -47.791  27.624  -31.957 0.0000000000
110486  -47.329  27.070  -31.894 0.0000000000
110485  -46.889  26.628  -31.918 0.0000000000
153289  -46.322  26.783  -31.496 0.0000000000
109754  -45.209  26.662  -30.983 0.0000000000
145280  -44.662  27.007  -30.554 0.0000000000
95315  -43.855  10.823  -1.528 0.0000000000
96142  -45.267  11.277  -2.279 0.0000000000
96157  -45.734  10.989  -2.878 0.0000000000
96159  -47.146  11.160  -3.103 0.0000000000
96175  -47.344  11.140  -3.941 0.0000000000
96203  -47.837  11.389  -5.721 0.0000000000
97009  -44.559  12.031  -0.296 0.0000000000
97034  -47.250  11.786  -1.714 0.0000000000
97062  -49.801  12.590  -4.053 0.0000000000
97073  -39.664  11.588  -5.332 0.0000000000
97074  -48.487  11.692  -5.442 0.0000000000
97095  -49.593  12.272  -6.333 0.0000000000
97904  -48.391  13.501  -1.748 0.0000000000
97917  -48.852  13.209  -2.167 0.0000000000
97945  -50.756  13.137  -5.104 0.0000000000
97971  -50.192  12.608  -6.083 0.0000000000
97973  -51.607  13.734  -7.106 0.0000000000
98000  -47.546  13.818  -9.561 0.0000000000
98821  -49.385  13.716  -2.046 0.0000000000
98822  -49.949  13.589  -2.672 0.0000000000
98892  -48.229  13.539  -9.346 0.0000000000
98896  -51.812  14.123  -9.182 0.0000000000
98904  -52.184  14.404  -9.816 0.0000000000
99705  -48.204  14.740  -1.237 0.0000000000
99709  -50.821  14.996  -1.260 0.0000000000
99728  -51.622  14.712  -2.681 0.0000000000
99776  -44.248  15.949  -7.803 0.0000000000
99812  -50.981  14.802  -10.350 0.0000000000
99815  -53.370  14.839  -10.332 0.0000000000
100615  -49.602  15.352  -1.010 0.0000000000
100686  -40.685  15.627  -7.838 0.0000000000
101588  -43.393  16.769  -7.458 0.0000000000
101644  -55.400  17.404  -12.410 0.0000000000
101701  -58.751  17.541  -19.929 0.0000000000
101706  -57.935  16.766  -20.988 0.0000000000
101720  -57.197  16.879  -21.920 0.0000000000
102483  -53.937  17.933  -12.539 0.0000000000
102524  -59.288  18.248  -18.489 0.0000000000
102532  -58.965  18.197  -19.376 0.0000000000
102555  -58.475  17.577  -20.522 0.0000000000
102564  -57.576  17.022  -21.752 0.0000000000
103256  -45.132  18.979  -7.805 0.0000000000
103296  -53.869  18.517  -12.072 0.0000000000
103306  -55.144  18.966  -12.057 0.0000000000
103315  -46.405  18.318  -14.156 0.0000000000
103335  -46.991  18.352  -15.561 0.0000000000
103370  -59.621  19.042  -17.439 0.0000000000
103380  -58.045  18.739  -18.510 0.0000000000
103394  -58.116  18.239  -19.963 0.0000000000
103405  -58.683  18.001  -20.164 0.0000000000
104111  -40.532  19.269  -10.409 0.0000000000
104114  -42.870  18.912  -10.075 0.0000000000
104115  -43.518  19.005  -9.654 0.0000000000
104143  -44.608  19.022  -11.610 0.0000000000
104180  -44.644  19.514  -15.699 0.0000000000
104211  -58.888  20.014  -16.613 0.0000000000
104227  -57.856  19.686  -17.125 0.0000000000
104228  -58.617  19.602  -17.316 0.0000000000
104337  -44.045  19.318  -32.585 0.0000000000
104347  -44.681  19.562  -34.675 0.0000000000
104895  -41.814  19.833  -10.772 0.0000000000
104897  -41.073  20.827  -10.560 0.0000000000
104902  -51.629  21.176  -10.697 0.0000000000
104904  -52.970  20.830  -10.727 0.0000000000
104975  -45.112  20.097  -17.453 0.0000000000
104982  -45.484  20.300  -18.061 0.0000000000
105096  -42.322  20.427  -32.439 0.0000000000
105111  -43.884  19.850  -35.063 0.0000000000
105112  -44.504  19.835  -35.362 0.0000000000
105119  -44.989  20.363  -36.033 0.0000000000
105626  -39.230  21.594  -10.252 0.0000000000
105627  -40.365  21.023  -10.417 0.0000000000
105633  -52.672  21.821  -11.016 0.0000000000
105634  -53.211  21.628  -10.865 0.0000000000
105643  -41.950  21.187  -12.758 0.0000000000
105646  -52.318  22.065  -12.503 0.0000000000
105684  -44.476  21.157  -17.466 0.0000000000
105718  -48.145  21.093  -21.097 0.0000000000
105773  -41.371  21.433  -29.192 0.0000000000
105807  -45.428  20.661  -35.579 0.0000000000
106338  -46.434  21.805  -20.498 0.0000000000
106385  -40.992  22.351  -27.474 0.0000000000
106425  -42.356  21.176  -32.354 0.0000000000
106441  -44.619  21.313  -36.005 0.0000000000
106442  -45.349  21.914  -36.313 0.0000000000
106448  -45.565  21.710  -36.328 0.0000000000
107017  -44.722  22.805  -26.532 0.0000000000
107018  -44.807  22.483  -25.988 0.0000000000
107605  -44.173  23.399  -19.038 0.0000000000
107612  -44.081  24.588  -20.531 0.0000000000
108243  -43.642  24.589  -17.995 0.0000000000
108969  -44.577  25.927  -24.594 0.0000000000
108978  -44.666  25.516  -25.286 0.0000000000
109065  -52.077  25.542  -33.032 0.0000000000
109089  -50.179  26.369  -33.717 0.0000000000
109611  -45.746  26.108  -13.684 0.0000000000
109622  -45.514  26.346  -16.044 0.0000000000
109623  -46.118  26.470  -14.880 0.0000000000
109705  -51.062  27.217  -26.787 0.0000000000
109781  -49.233  26.524  -34.060 0.0000000000
109782  -49.535  26.553  -34.094 0.0000000000
110317  -47.280  27.284  -13.669 0.0000000000
110318  -47.922  27.634  -13.482 0.0000000000
110360  -44.931  27.824  -19.742 0.0000000000
110366  -44.579  27.428  -20.883 0.0000000000
110372  -44.540  27.090  -21.555 0.0000000000
110379  -44.724  27.102  -22.401 0.0000000000
110391  -52.906  27.368  -23.892 0.0000000000
110404  -46.933  27.944  -25.067 0.0000000000
110420  -51.032  27.788  -25.709 0.0000000000
110431  -48.414  27.511  -26.766 0.0000000000
111087  -48.899  28.848  -16.034 0.0000000000
111092  -47.148  28.446  -17.364 0.0000000000
111106  -45.487  28.150  -19.258 0.0000000000
111130  -53.178  28.377  -21.579 0.0000000000
111158  -47.124  28.739  -23.115 0.0000000000
111178  -50.021  28.486  -23.758 0.0000000000
111181  -52.262  27.943  -23.642 0.0000000000
111195  -51.016  28.137  -24.531 0.0000000000
111885  -46.735  29.045  -20.242 0.0000000000
111886  -47.408  29.183  -20.369 0.0000000000
111907  -53.067  28.608  -20.921 0.0000000000
111918  -50.745  28.939  -22.108 0.0000000000
135388  -47.672  20.826  -8.720 0.0000000000
135872  -50.263  29.384  -20.602 0.0000000000
135888  -50.782  29.214  -16.918 0.0000000000
136377  -51.088  28.374  -23.379 0.0000000000
136927  -49.525  25.965  -29.638 0.0000000000
137112  -50.587  29.048  -14.204 0.0000000000
138405  -52.752  22.178  -13.062 0.0000000000
139278  -44.188  19.478  -14.154 0.0000000000
139279  -45.989  28.383  -18.879 0.0000000000
139606  -53.151  21.784  -14.230 0.0000000000
139921  -45.601  28.470  -20.701 0.0000000000
140370  -43.596  22.148  -16.287 0.0000000000
142494  -49.720  13.044  -8.269 0.0000000000
144552  -48.744  29.010  -23.386 0.0000000000
146061  -52.067  20.874  -10.666 0.0000000000
147013  -39.410  22.778  -12.848 0.0000000000
147163  -40.958  21.762  -12.499 0.0000000000
149627  -47.061  13.038  -8.804 0.0000000000
150030  -51.753  20.062  -10.813 0.0000000000
150651  -56.760  15.925  -19.481 0.0000000000
153614  -46.096  10.733  -3.442 0.0000000000
154368  -46.126  28.017  -23.340 0.0000000000
155751  -41.063  19.700  -10.493 0.0000000000
156159  -40.206  12.087  -5.775 0.0000000000
157161  -46.910  19.773  -18.459 0.0000000000
157245  -47.473  11.210  -4.607 0.0000000000
160058  -41.281  23.051  -15.003 0.0000000000
160640  -44.988  17.086  -7.790 0.0000000000
160968  -50.294  14.817  -10.285 0.0000000000
161358  -47.574  18.395  -15.490 0.0000000000
161481  -55.917  17.660  -19.825 0.0000000000
162401  -58.125  16.883  -17.944 0.0000000000
