#!ascii label  , from subject sub-v2s2x29081_ses-1 vox2ras=TkReg
955
160887  -21.873  -27.669  31.097 0.0000000000
185984  -44.328  -9.006  26.036 0.0000000000
182065  -46.886  -3.727  18.565 0.0000000000
79089  -53.168  -11.340  16.003 0.0000000000
76549  -42.709  -12.955  27.715 0.0000000000
86438  -52.120  -5.805  16.237 0.0000000000
88855  -56.409  -4.309  12.393 0.0000000000
90140  -59.375  -2.164  8.546 0.0000000000
80185  -47.729  -10.117  25.827 0.0000000000
86349  -47.827  -5.416  23.204 0.0000000000
88681  -44.351  -4.563  22.982 0.0000000000
179089  -24.853  -27.906  34.438 0.0000000000
59542  -28.342  -26.566  34.906 0.0000000000
69857  -26.568  -18.469  34.214 0.0000000000
77695  -27.770  -12.465  30.963 0.0000000000
77718  -34.374  -12.342  30.411 0.0000000000
76479  -40.166  -13.938  30.954 0.0000000000
76514  -44.833  -12.628  29.276 0.0000000000
185211  -49.833  -5.561  19.285 0.0000000000
92388  -58.968  -1.262  5.412 0.0000000000
82729  -45.227  -8.711  27.207 0.0000000000
85219  -45.917  -6.614  25.491 0.0000000000
85224  -44.639  -6.669  24.606 0.0000000000
176983  -24.997  -26.778  32.783 0.0000000000
58296  -27.049  -27.779  34.529 0.0000000000
77764  -35.901  -12.461  28.651 0.0000000000
168928  -37.439  -13.985  30.980 0.0000000000
77723  -38.813  -13.308  29.399 0.0000000000
78942  -43.266  -10.706  27.342 0.0000000000
78918  -43.121  -11.483  29.749 0.0000000000
80163  -44.313  -10.016  28.358 0.0000000000
77784  -46.169  -12.012  27.307 0.0000000000
89947  -48.553  -2.585  21.663 0.0000000000
87539  -48.752  -4.497  20.650 0.0000000000
169709  -50.286  -2.835  19.776 0.0000000000
164402  -52.783  -8.799  16.776 0.0000000000
82843  -53.342  -8.587  19.190 0.0000000000
77892  -53.635  -12.535  19.223 0.0000000000
76730  -54.521  -13.658  16.960 0.0000000000
86498  -57.549  -5.646  12.109 0.0000000000
84129  -57.197  -7.176  15.286 0.0000000000
75382  -39.869  -13.476  27.298 0.0000000000
81626  -51.536  -9.728  13.980 0.0000000000
88871  -58.849  -2.960  11.232 0.0000000000
87711  -56.973  -5.091  8.749 0.0000000000
90170  -60.649  -3.189  4.725 0.0000000000
77815  -49.205  -12.014  23.623 0.0000000000
84026  -48.220  -7.615  24.263 0.0000000000
88671  -46.684  -4.202  24.010 0.0000000000
56982  -23.716  -28.351  32.987 0.0000000000
60745  -30.097  -25.781  33.463 0.0000000000
64165  -28.589  -22.672  35.204 0.0000000000
65311  -30.607  -22.108  33.659 0.0000000000
70988  -27.559  -17.771  34.261 0.0000000000
74175  -27.653  -14.339  33.532 0.0000000000
76456  -30.111  -12.874  32.875 0.0000000000
182350  -31.185  -11.830  31.084 0.0000000000
74191  -35.636  -14.748  31.854 0.0000000000
76512  -41.556  -12.512  30.010 0.0000000000
75341  -42.821  -13.457  31.039 0.0000000000
73227  -44.458  -15.522  29.231 0.0000000000
74280  -45.943  -14.602  27.686 0.0000000000
188020  -47.375  -13.716  26.196 0.0000000000
87557  -52.471  -5.028  18.698 0.0000000000
81638  -56.214  -9.494  13.690 0.0000000000
79093  -56.933  -11.759  16.907 0.0000000000
56962  -21.548  -27.589  32.728 0.0000000000
82744  -44.784  -8.388  26.614 0.0000000000
84016  -44.978  -7.442  25.777 0.0000000000
84015  -44.646  -7.780  25.520 0.0000000000
76545  -36.280  -12.817  27.369 0.0000000000
77765  -37.089  -12.512  28.909 0.0000000000
76527  -38.124  -12.680  28.182 0.0000000000
81409  -43.972  -9.518  26.459 0.0000000000
80162  -43.804  -10.262  28.157 0.0000000000
81393  -44.237  -9.324  27.013 0.0000000000
81395  -44.995  -9.204  27.759 0.0000000000
89961  -49.582  -2.653  20.643 0.0000000000
89995  -48.848  -2.939  19.264 0.0000000000
80329  -52.565  -10.847  16.081 0.0000000000
80298  -53.260  -10.619  18.513 0.0000000000
79065  -53.840  -12.260  18.470 0.0000000000
76698  -54.059  -13.465  18.466 0.0000000000
184301  -54.974  -13.044  17.714 0.0000000000
178772  -57.114  -7.341  10.650 0.0000000000
193294  -57.327  -8.128  11.762 0.0000000000
81704  -59.408  -9.576  10.693 0.0000000000
91265  -57.690  -2.022  9.493 0.0000000000
165005  -59.539  -2.488  9.964 0.0000000000
88886  -58.097  -4.211  10.345 0.0000000000
183523  -57.598  -3.848  8.380 0.0000000000
87745  -57.220  -5.027  6.925 0.0000000000
90153  -58.009  -2.843  6.989 0.0000000000
90178  -59.184  -2.408  4.585 0.0000000000
78956  -48.550  -11.209  25.026 0.0000000000
81443  -48.972  -10.085  24.168 0.0000000000
82760  -47.780  -8.704  25.359 0.0000000000
185303  -45.152  -5.347  24.310 0.0000000000
86338  -46.102  -5.628  24.830 0.0000000000
88669  -45.275  -4.335  23.804 0.0000000000
89931  -45.879  -3.038  22.362 0.0000000000
192503  -44.444  -3.722  21.698 0.0000000000
56984  -24.889  -28.454  32.696 0.0000000000
56967  -25.713  -28.233  33.710 0.0000000000
59541  -27.551  -27.421  34.697 0.0000000000
68737  -26.518  -19.334  33.549 0.0000000000
66447  -27.598  -20.613  34.880 0.0000000000
65298  -29.690  -22.387  35.098 0.0000000000
67627  -28.110  -20.263  35.105 0.0000000000
68730  -28.982  -19.566  34.140 0.0000000000
70978  -27.017  -18.020  34.528 0.0000000000
76443  -27.953  -13.179  33.212 0.0000000000
75310  -28.992  -13.386  33.196 0.0000000000
77685  -28.904  -12.462  32.536 0.0000000000
164341  -33.107  -12.238  29.134 0.0000000000
186837  -31.804  -12.148  28.948 0.0000000000
77716  -32.798  -11.926  30.651 0.0000000000
188260  -31.973  -12.403  32.061 0.0000000000
76473  -33.464  -12.666  31.490 0.0000000000
75316  -34.210  -14.210  32.113 0.0000000000
76462  -35.153  -13.702  31.623 0.0000000000
76477  -38.348  -14.057  30.931 0.0000000000
75321  -38.363  -14.742  31.360 0.0000000000
74196  -39.419  -14.979  31.443 0.0000000000
74218  -40.945  -14.735  31.399 0.0000000000
75369  -40.640  -13.296  28.521 0.0000000000
76531  -41.806  -12.765  29.034 0.0000000000
78919  -43.770  -11.386  29.846 0.0000000000
77724  -42.716  -11.921  30.176 0.0000000000
76500  -43.925  -12.609  30.375 0.0000000000
74243  -43.495  -14.250  30.656 0.0000000000
172753  -44.525  -14.123  29.508 0.0000000000
75371  -45.578  -13.959  28.201 0.0000000000
171943  -46.568  -10.715  26.728 0.0000000000
76551  -46.781  -13.043  26.672 0.0000000000
77802  -47.607  -11.738  25.963 0.0000000000
76584  -48.373  -12.793  25.184 0.0000000000
59548  -24.319  -26.741  33.646 0.0000000000
59532  -23.792  -27.292  35.043 0.0000000000
56941  -23.214  -27.642  34.997 0.0000000000
84037  -48.392  -7.418  22.902 0.0000000000
85245  -47.439  -5.972  22.103 0.0000000000
87553  -49.375  -4.536  20.152 0.0000000000
87607  -50.610  -4.399  16.335 0.0000000000
88798  -51.982  -3.914  18.005 0.0000000000
87610  -52.759  -4.902  17.541 0.0000000000
183799  -52.875  -9.946  19.981 0.0000000000
182334  -52.151  -8.634  19.992 0.0000000000
82911  -57.891  -8.442  15.274 0.0000000000
82909  -56.741  -7.722  15.371 0.0000000000
80351  -57.449  -10.027  15.971 0.0000000000
79142  -56.121  -10.916  15.376 0.0000000000
79121  -57.622  -11.314  16.332 0.0000000000
77953  -56.998  -12.523  16.229 0.0000000000
93412  -59.924  0.041  8.255 0.0000000000
91303  -59.221  -1.489  7.139 0.0000000000
93420  -60.481  0.266  7.641 0.0000000000
94498  -60.572  1.121  6.235 0.0000000000
81410  -46.336  -9.240  26.661 0.0000000000
170303  -47.234  -8.196  25.488 0.0000000000
188448  -45.744  -7.471  26.089 0.0000000000
85217  -45.208  -6.787  25.413 0.0000000000
86342  -44.617  -5.639  23.854 0.0000000000
59549  -24.915  -27.097  33.640 0.0000000000
56953  -26.035  -27.906  34.159 0.0000000000
60733  -27.772  -26.722  34.846 0.0000000000
77739  -34.890  -12.303  29.756 0.0000000000
77704  -35.311  -12.886  30.625 0.0000000000
77720  -36.599  -12.950  29.803 0.0000000000
77722  -38.006  -13.394  29.711 0.0000000000
167443  -39.683  -13.811  30.495 0.0000000000
77783  -42.828  -11.903  28.110 0.0000000000
77770  -42.715  -11.663  29.100 0.0000000000
78935  -43.085  -11.132  28.634 0.0000000000
78926  -43.551  -11.079  29.308 0.0000000000
78928  -44.886  -11.152  29.192 0.0000000000
77771  -45.486  -12.449  28.338 0.0000000000
78937  -45.171  -10.688  28.705 0.0000000000
80170  -45.916  -10.112  27.445 0.0000000000
59557  -24.476  -26.548  32.651 0.0000000000
88696  -48.482  -3.557  22.412 0.0000000000
86356  -48.066  -4.816  21.890 0.0000000000
88710  -48.971  -3.547  21.832 0.0000000000
88727  -49.813  -3.303  20.864 0.0000000000
87554  -50.724  -4.134  19.809 0.0000000000
84112  -52.452  -7.111  16.149 0.0000000000
85295  -53.501  -7.051  18.241 0.0000000000
170686  -53.300  -8.967  17.974 0.0000000000
80285  -53.220  -10.508  19.565 0.0000000000
87657  -57.719  -4.607  12.735 0.0000000000
86475  -56.414  -5.353  13.881 0.0000000000
173160  -57.586  -6.668  13.909 0.0000000000
82924  -57.833  -7.878  13.632 0.0000000000
81441  -44.117  -9.408  24.923 0.0000000000
192954  -43.687  -10.494  25.303 0.0000000000
88794  -47.851  -3.917  17.529 0.0000000000
85330  -50.948  -6.823  15.089 0.0000000000
174217  -51.682  -8.163  15.170 0.0000000000
81600  -51.904  -9.296  15.337 0.0000000000
80349  -52.508  -10.900  14.954 0.0000000000
90083  -57.727  -3.460  11.864 0.0000000000
87668  -57.950  -4.873  11.896 0.0000000000
86518  -56.962  -6.073  10.028 0.0000000000
84221  -57.664  -7.533  9.387 0.0000000000
91309  -58.230  -2.505  5.779 0.0000000000
87785  -59.353  -4.444  5.504 0.0000000000
174832  -49.198  -10.677  23.131 0.0000000000
82789  -49.030  -8.494  23.301 0.0000000000
85233  -48.060  -6.501  23.785 0.0000000000
85220  -46.697  -6.778  25.191 0.0000000000
85232  -47.531  -6.288  24.352 0.0000000000
87488  -47.654  -5.091  23.648 0.0000000000
89917  -47.266  -3.125  22.848 0.0000000000
89958  -46.744  -2.730  21.070 0.0000000000
170562  -44.157  -6.981  23.564 0.0000000000
85237  -43.951  -6.332  23.057 0.0000000000
88708  -43.051  -4.267  20.816 0.0000000000
172329  -22.924  -28.109  32.536 0.0000000000
162286  -24.254  -28.413  31.734 0.0000000000
60760  -30.459  -25.256  32.041 0.0000000000
60744  -28.059  -25.223  33.560 0.0000000000
61928  -28.375  -24.867  34.433 0.0000000000
60724  -29.032  -25.119  35.143 0.0000000000
61930  -30.675  -24.348  33.986 0.0000000000
184209  -27.907  -16.898  33.045 0.0000000000
73163  -28.150  -15.199  32.062 0.0000000000
77734  -28.785  -12.212  29.662 0.0000000000
77735  -29.998  -12.061  29.419 0.0000000000
179492  -29.818  -12.039  30.893 0.0000000000
77687  -30.512  -12.487  32.491 0.0000000000
76458  -31.623  -12.985  32.660 0.0000000000
75333  -36.564  -14.262  31.507 0.0000000000
160497  -39.449  -12.993  28.407 0.0000000000
76510  -40.051  -13.333  29.741 0.0000000000
76495  -40.402  -13.471  30.382 0.0000000000
77744  -42.182  -12.095  30.187 0.0000000000
76497  -41.738  -12.393  30.542 0.0000000000
75339  -41.313  -13.713  31.185 0.0000000000
73193  -42.331  -15.180  31.055 0.0000000000
73212  -43.113  -15.939  30.249 0.0000000000
73264  -46.193  -15.287  26.957 0.0000000000
76534  -45.819  -13.240  27.822 0.0000000000
190161  -46.590  -14.167  26.798 0.0000000000
74304  -46.618  -14.749  26.412 0.0000000000
75455  -47.789  -13.906  25.041 0.0000000000
56949  -22.835  -27.924  34.184 0.0000000000
88770  -49.938  -3.211  18.425 0.0000000000
88745  -51.499  -3.890  19.113 0.0000000000
176795  -51.437  -5.298  19.349 0.0000000000
176351  -53.354  -7.090  18.939 0.0000000000
84061  -51.931  -7.061  19.660 0.0000000000
85283  -50.952  -7.318  19.287 0.0000000000
79138  -53.038  -10.873  13.475 0.0000000000
188889  -54.011  -11.510  15.109 0.0000000000
84143  -56.407  -6.588  14.621 0.0000000000
82940  -56.041  -8.331  12.968 0.0000000000
80365  -55.604  -10.620  13.910 0.0000000000
79118  -55.506  -11.507  15.716 0.0000000000
79117  -54.850  -11.913  16.130 0.0000000000
76732  -55.943  -13.188  17.285 0.0000000000
56980  -21.183  -27.553  31.757 0.0000000000
82743  -44.472  -8.815  26.443 0.0000000000
84005  -44.750  -8.107  26.096 0.0000000000
82758  -44.522  -8.451  25.833 0.0000000000
76563  -35.982  -13.181  26.715 0.0000000000
183627  -37.003  -12.689  27.476 0.0000000000
180784  -37.284  -12.915  26.895 0.0000000000
82727  -44.556  -8.855  26.922 0.0000000000
89977  -47.182  -3.200  19.515 0.0000000000
172303  -48.187  -2.815  19.870 0.0000000000
89994  -47.828  -3.264  18.932 0.0000000000
79076  -53.246  -11.381  17.147 0.0000000000
79090  -54.158  -12.135  17.381 0.0000000000
84209  -58.283  -8.249  9.829 0.0000000000
82986  -57.616  -8.308  10.464 0.0000000000
91284  -60.148  -1.562  8.907 0.0000000000
90124  -59.554  -2.325  9.389 0.0000000000
88916  -58.303  -3.487  9.272 0.0000000000
90139  -58.610  -2.960  8.699 0.0000000000
88928  -57.635  -3.501  7.478 0.0000000000
176768  -58.391  -2.680  7.840 0.0000000000
80186  -48.345  -10.343  25.232 0.0000000000
81442  -48.619  -9.777  24.740 0.0000000000
81425  -48.036  -9.438  25.404 0.0000000000
87486  -44.729  -4.719  23.543 0.0000000000
88656  -45.086  -4.857  24.016 0.0000000000
88682  -44.739  -4.282  23.189 0.0000000000
89914  -45.018  -3.873  22.766 0.0000000000
88695  -44.513  -4.122  22.593 0.0000000000
56952  -25.373  -28.000  34.167 0.0000000000
173590  -28.113  -27.022  34.977 0.0000000000
58297  -27.838  -27.497  34.759 0.0000000000
68728  -26.640  -19.136  34.214 0.0000000000
67637  -27.145  -20.174  34.520 0.0000000000
67625  -26.979  -19.517  34.632 0.0000000000
67626  -27.473  -19.855  34.910 0.0000000000
68720  -27.345  -19.159  34.841 0.0000000000
69849  -27.642  -18.825  34.840 0.0000000000
69847  -26.831  -18.217  34.455 0.0000000000
76470  -27.291  -12.796  31.570 0.0000000000
76452  -27.151  -13.083  32.334 0.0000000000
76471  -28.071  -12.482  32.139 0.0000000000
76454  -28.415  -12.772  32.977 0.0000000000
77717  -33.595  -12.113  30.562 0.0000000000
170198  -33.186  -12.069  29.973 0.0000000000
172875  -33.151  -12.186  31.125 0.0000000000
77702  -33.875  -12.431  30.902 0.0000000000
173979  -34.091  -12.772  31.223 0.0000000000
77703  -34.632  -12.707  30.802 0.0000000000
76478  -39.258  -14.075  30.967 0.0000000000
75337  -39.610  -14.351  31.370 0.0000000000
74217  -40.103  -14.818  31.465 0.0000000000
75338  -40.522  -14.089  31.250 0.0000000000
75370  -41.440  -13.413  28.410 0.0000000000
76548  -42.212  -13.321  28.148 0.0000000000
76513  -44.384  -12.397  29.884 0.0000000000
75349  -44.081  -13.666  30.232 0.0000000000
75358  -44.558  -13.294  29.597 0.0000000000
75359  -45.047  -14.213  28.842 0.0000000000
179335  -45.048  -13.437  28.840 0.0000000000
78949  -47.339  -10.828  26.128 0.0000000000
170683  -47.048  -11.500  26.381 0.0000000000
78955  -48.004  -11.018  25.610 0.0000000000
77803  -48.236  -11.923  25.437 0.0000000000
59539  -24.683  -27.540  34.436 0.0000000000
59538  -24.116  -27.080  34.555 0.0000000000
58293  -24.272  -27.720  34.841 0.0000000000
85238  -48.089  -6.148  23.308 0.0000000000
85246  -47.917  -6.579  22.733 0.0000000000
86357  -47.838  -5.732  22.794 0.0000000000
86379  -49.021  -5.333  19.456 0.0000000000
86392  -49.242  -6.106  18.915 0.0000000000
86393  -50.129  -6.203  19.083 0.0000000000
87622  -51.389  -5.310  15.987 0.0000000000
87609  -52.175  -5.058  16.675 0.0000000000
86424  -52.878  -5.603  17.059 0.0000000000
176830  -55.750  -4.770  12.216 0.0000000000
81629  -57.921  -9.426  15.315 0.0000000000
81618  -57.537  -8.794  15.863 0.0000000000
160155  -57.758  -10.715  15.957 0.0000000000
82730  -45.812  -8.501  26.748 0.0000000000
161941  -45.649  -7.864  26.390 0.0000000000
85216  -44.786  -7.040  25.232 0.0000000000
85225  -44.981  -6.262  24.905 0.0000000000
160300  -44.717  -6.082  24.351 0.0000000000
192713  -27.593  -26.068  33.765 0.0000000000
76524  -35.274  -12.645  28.061 0.0000000000
76523  -34.524  -12.587  28.247 0.0000000000
160577  -34.460  -12.371  29.034 0.0000000000
77763  -35.164  -12.415  28.900 0.0000000000
77740  -35.871  -12.495  29.570 0.0000000000
77743  -38.094  -13.043  29.236 0.0000000000
77742  -37.351  -12.939  29.393 0.0000000000
76494  -38.794  -13.743  30.235 0.0000000000
78948  -43.078  -11.568  27.317 0.0000000000
78941  -43.098  -11.087  27.943 0.0000000000
80153  -43.941  -10.582  28.841 0.0000000000
78927  -44.228  -10.999  29.392 0.0000000000
80154  -44.615  -10.529  28.898 0.0000000000
80164  -44.939  -9.872  28.418 0.0000000000
80169  -45.337  -9.676  27.916 0.0000000000
81396  -45.652  -9.241  27.347 0.0000000000
80175  -46.264  -9.826  26.896 0.0000000000
89933  -48.420  -2.913  22.150 0.0000000000
88697  -48.902  -3.026  21.724 0.0000000000
89979  -49.755  -2.661  19.978 0.0000000000
88712  -49.807  -2.881  20.810 0.0000000000
88728  -50.164  -3.120  20.543 0.0000000000
87540  -50.184  -3.749  20.406 0.0000000000
87541  -50.540  -3.294  20.101 0.0000000000
82886  -52.683  -7.907  16.427 0.0000000000
82874  -53.271  -8.149  17.442 0.0000000000
79064  -53.388  -11.625  19.232 0.0000000000
177943  -53.122  -11.447  19.763 0.0000000000
77891  -53.435  -13.017  19.342 0.0000000000
189939  -57.789  -5.202  12.576 0.0000000000
86486  -57.518  -5.220  13.164 0.0000000000
85379  -57.555  -6.189  12.983 0.0000000000
81639  -58.149  -9.693  13.728 0.0000000000
80196  -43.876  -9.960  25.154 0.0000000000
84118  -51.290  -7.577  15.046 0.0000000000
82908  -51.307  -9.035  14.325 0.0000000000
81617  -51.709  -9.523  14.701 0.0000000000
80328  -52.117  -10.127  15.368 0.0000000000
80348  -51.975  -10.223  14.411 0.0000000000
90097  -58.687  -2.476  11.020 0.0000000000
90096  -57.800  -2.914  11.019 0.0000000000
90095  -57.120  -3.460  11.331 0.0000000000
90084  -58.502  -3.075  11.522 0.0000000000
188283  -58.369  -3.745  12.035 0.0000000000
88870  -58.652  -3.454  11.683 0.0000000000
87695  -57.318  -4.822  9.795 0.0000000000
165442  -57.145  -5.334  10.190 0.0000000000
170640  -56.938  -5.680  9.313 0.0000000000
85430  -57.149  -6.655  9.074 0.0000000000
85444  -57.473  -6.607  8.377 0.0000000000
86529  -57.073  -6.007  8.389 0.0000000000
87766  -57.527  -4.772  6.373 0.0000000000
91310  -58.667  -1.750  6.029 0.0000000000
91302  -58.339  -2.267  6.542 0.0000000000
90169  -59.511  -3.089  4.719 0.0000000000
76610  -49.149  -12.703  23.448 0.0000000000
77820  -49.206  -12.171  23.144 0.0000000000
78973  -49.248  -11.234  23.518 0.0000000000
191088  -48.466  -8.251  24.273 0.0000000000
81460  -49.074  -9.603  23.714 0.0000000000
165082  -48.724  -7.966  23.684 0.0000000000
185422  -48.692  -7.473  23.389 0.0000000000
84032  -48.390  -7.244  23.745 0.0000000000
84018  -46.089  -7.180  25.712 0.0000000000
84019  -46.947  -7.556  25.362 0.0000000000
87477  -46.310  -4.997  24.495 0.0000000000
86339  -46.830  -5.877  24.700 0.0000000000
87487  -47.017  -4.855  24.160 0.0000000000
86343  -47.367  -5.618  24.150 0.0000000000
87500  -47.502  -4.308  23.588 0.0000000000
88684  -47.051  -3.647  23.406 0.0000000000
89945  -45.269  -3.197  21.945 0.0000000000
162287  -23.448  -28.258  31.893 0.0000000000
56983  -24.192  -28.446  32.574 0.0000000000
184870  -25.452  -28.391  33.147 0.0000000000
183145  -26.575  -27.860  34.392 0.0000000000
56954  -26.636  -27.994  34.264 0.0000000000
59561  -29.202  -26.761  32.639 0.0000000000
60759  -30.146  -25.761  32.434 0.0000000000
60746  -30.498  -25.196  32.808 0.0000000000
61937  -28.265  -24.506  33.355 0.0000000000
63020  -28.811  -23.554  35.305 0.0000000000
61921  -29.378  -24.670  35.390 0.0000000000
63021  -29.419  -23.954  35.509 0.0000000000
65299  -30.339  -22.583  34.441 0.0000000000
63023  -30.476  -23.253  34.565 0.0000000000
64175  -30.743  -22.890  33.867 0.0000000000
63037  -30.907  -23.442  33.333 0.0000000000
64182  -30.930  -22.415  33.154 0.0000000000
65323  -30.808  -21.616  32.989 0.0000000000
69858  -27.938  -18.496  34.502 0.0000000000
69859  -28.577  -18.945  34.013 0.0000000000
69869  -28.160  -18.199  33.842 0.0000000000
69870  -28.719  -18.750  33.279 0.0000000000
70996  -27.738  -17.310  33.662 0.0000000000
166643  -27.410  -14.124  33.509 0.0000000000
74174  -27.037  -14.648  33.709 0.0000000000
73156  -27.762  -15.158  33.176 0.0000000000
74185  -28.211  -14.516  32.869 0.0000000000
75311  -29.776  -13.218  33.018 0.0000000000
75329  -29.368  -13.811  32.534 0.0000000000
75330  -30.126  -13.794  32.443 0.0000000000
75312  -30.547  -13.273  32.936 0.0000000000
77737  -31.465  -11.953  29.617 0.0000000000
77736  -30.663  -12.007  29.468 0.0000000000
77713  -30.257  -11.958  30.152 0.0000000000
170471  -29.536  -12.075  29.927 0.0000000000
178498  -30.557  -11.899  31.025 0.0000000000
77698  -30.162  -12.172  31.837 0.0000000000
77699  -30.886  -12.083  31.765 0.0000000000
187904  -32.297  -13.006  32.366 0.0000000000
192636  -32.050  -13.340  32.643 0.0000000000
75313  -31.780  -13.727  32.597 0.0000000000
75317  -35.004  -14.263  31.997 0.0000000000
74190  -34.829  -14.718  32.033 0.0000000000
73164  -35.333  -15.199  31.734 0.0000000000
76492  -36.737  -13.482  30.414 0.0000000000
76491  -35.902  -13.321  30.809 0.0000000000
76476  -36.605  -13.894  31.105 0.0000000000
75381  -38.926  -13.039  27.472 0.0000000000
170733  -39.394  -13.076  27.758 0.0000000000
76530  -41.030  -13.015  29.265 0.0000000000
76529  -40.027  -13.177  29.066 0.0000000000
76511  -40.741  -13.076  29.940 0.0000000000
76496  -41.220  -12.846  30.545 0.0000000000
77769  -42.185  -12.064  29.559 0.0000000000
77745  -42.666  -11.689  29.743 0.0000000000
76483  -42.761  -12.791  30.855 0.0000000000
76498  -42.258  -12.351  30.635 0.0000000000
76482  -42.271  -12.926  30.945 0.0000000000
76481  -41.664  -12.908  30.860 0.0000000000
75340  -42.056  -13.508  31.153 0.0000000000
176321  -41.796  -14.371  31.252 0.0000000000
74220  -42.634  -14.309  31.049 0.0000000000
73213  -43.704  -15.284  30.101 0.0000000000
74242  -43.057  -15.162  30.727 0.0000000000
73226  -43.691  -16.121  29.536 0.0000000000
74266  -45.537  -14.849  28.220 0.0000000000
74292  -46.118  -14.958  27.290 0.0000000000
77772  -45.796  -12.302  27.830 0.0000000000
76569  -47.275  -13.336  26.356 0.0000000000
75387  -46.614  -13.688  26.815 0.0000000000
75410  -46.893  -13.917  26.546 0.0000000000
75409  -46.533  -14.561  26.767 0.0000000000
74305  -47.043  -14.231  26.283 0.0000000000
74323  -47.188  -14.324  25.860 0.0000000000
75432  -47.568  -13.870  25.762 0.0000000000
76596  -48.849  -12.625  24.415 0.0000000000
75456  -48.394  -13.501  24.397 0.0000000000
76609  -48.828  -13.063  23.902 0.0000000000
56950  -23.659  -28.092  34.409 0.0000000000
56964  -23.254  -28.208  33.527 0.0000000000
56963  -22.446  -27.873  33.133 0.0000000000
87525  -48.631  -4.206  21.530 0.0000000000
86364  -47.459  -5.426  21.515 0.0000000000
87538  -47.971  -4.927  21.016 0.0000000000
88812  -48.481  -3.997  17.056 0.0000000000
88795  -49.224  -3.556  17.694 0.0000000000
87570  -52.313  -4.389  18.458 0.0000000000
186634  -51.529  -3.564  18.514 0.0000000000
164155  -51.977  -4.385  18.891 0.0000000000
87555  -51.428  -4.331  19.305 0.0000000000
87556  -52.036  -5.126  19.056 0.0000000000
84077  -53.527  -7.791  18.769 0.0000000000
84063  -53.160  -7.936  19.395 0.0000000000
84062  -52.467  -7.959  19.860 0.0000000000
84076  -51.628  -8.007  19.721 0.0000000000
79115  -52.923  -11.105  14.255 0.0000000000
79139  -53.645  -11.241  14.181 0.0000000000
85348  -56.949  -6.530  14.748 0.0000000000
85366  -56.379  -5.929  14.261 0.0000000000
85347  -56.637  -6.457  14.815 0.0000000000
81627  -56.630  -8.809  15.243 0.0000000000
82923  -56.304  -8.332  14.121 0.0000000000
177454  -56.075  -9.034  12.964 0.0000000000
80379  -55.825  -10.145  13.237 0.0000000000
161032  -56.425  -11.386  16.584 0.0000000000
79092  -56.166  -12.116  17.022 0.0000000000
77934  -55.586  -12.653  17.451 0.0000000000
161516  -56.621  -12.378  17.157 0.0000000000
82745  -45.238  -8.212  26.669 0.0000000000
178290  -45.067  -7.820  26.218 0.0000000000
84024  -44.491  -7.473  24.818 0.0000000000
180684  -35.912  -12.611  27.914 0.0000000000
180473  -36.478  -12.490  29.020 0.0000000000
76525  -36.601  -12.507  28.243 0.0000000000
76526  -37.408  -12.546  28.215 0.0000000000
77767  -38.489  -12.842  28.807 0.0000000000
80174  -43.456  -10.322  26.601 0.0000000000
80168  -43.761  -9.980  27.342 0.0000000000
81381  -44.154  -9.679  27.689 0.0000000000
81382  -44.592  -9.537  27.986 0.0000000000
81394  -44.540  -9.169  27.440 0.0000000000
82728  -44.844  -8.666  27.173 0.0000000000
160746  -47.747  -2.509  21.460 0.0000000000
89960  -48.679  -2.530  20.905 0.0000000000
89978  -49.086  -2.611  20.199 0.0000000000
167176  -52.467  -10.262  16.320 0.0000000000
81583  -52.848  -9.862  17.337 0.0000000000
80313  -52.789  -10.739  17.184 0.0000000000
173123  -53.345  -11.296  18.143 0.0000000000
77907  -53.929  -13.126  18.925 0.0000000000
77921  -54.399  -13.093  18.350 0.0000000000
76714  -54.824  -13.409  17.824 0.0000000000
179707  -57.260  -6.782  11.742 0.0000000000
84193  -57.236  -7.781  11.316 0.0000000000
82959  -57.578  -8.578  11.233 0.0000000000
91252  -59.017  -1.944  10.426 0.0000000000
90098  -59.242  -2.688  10.960 0.0000000000
88887  -58.686  -3.806  11.158 0.0000000000
88903  -58.801  -3.555  10.245 0.0000000000
88902  -57.613  -4.199  9.281 0.0000000000
183940  -57.066  -4.561  8.281 0.0000000000
87727  -57.002  -5.340  7.716 0.0000000000
174922  -57.104  -4.433  7.521 0.0000000000
88946  -57.300  -4.305  6.745 0.0000000000
88947  -57.619  -3.643  6.490 0.0000000000
185920  -59.211  -0.948  4.845 0.0000000000
169201  -59.063  -1.701  4.595 0.0000000000
91322  -59.727  -1.845  4.141 0.0000000000
90171  -61.852  -3.244  4.755 0.0000000000
78962  -48.940  -11.372  24.429 0.0000000000
80198  -49.069  -10.857  24.040 0.0000000000
80197  -48.780  -10.595  24.603 0.0000000000
82773  -48.393  -8.902  24.686 0.0000000000
86329  -45.762  -6.192  25.190 0.0000000000
86330  -46.290  -6.212  25.101 0.0000000000
86337  -45.595  -5.734  24.826 0.0000000000
88657  -45.525  -4.718  24.280 0.0000000000
88670  -45.867  -4.173  23.983 0.0000000000
89902  -46.278  -3.807  23.567 0.0000000000
89915  -45.593  -3.617  22.821 0.0000000000
89930  -45.317  -3.517  22.436 0.0000000000
89944  -44.679  -3.400  21.395 0.0000000000
185790  -23.939  -28.311  33.834 0.0000000000
56965  -24.517  -28.392  33.566 0.0000000000
56966  -25.183  -28.301  33.669 0.0000000000
59544  -29.504  -26.318  34.233 0.0000000000
64166  -29.129  -23.047  35.443 0.0000000000
66448  -28.164  -21.022  35.115 0.0000000000
66450  -29.445  -21.620  34.872 0.0000000000
67629  -29.191  -20.934  34.789 0.0000000000
67639  -29.509  -20.517  34.152 0.0000000000
68722  -28.557  -19.799  34.738 0.0000000000
68729  -28.249  -19.163  34.648 0.0000000000
70987  -27.053  -17.536  34.397 0.0000000000
75300  -27.898  -13.711  33.359 0.0000000000
75309  -28.289  -13.746  33.278 0.0000000000
76444  -28.483  -13.230  33.257 0.0000000000
76455  -29.213  -12.905  33.040 0.0000000000
188297  -32.963  -12.435  28.365 0.0000000000
77761  -32.407  -12.271  28.670 0.0000000000
77738  -32.383  -12.047  29.665 0.0000000000
77715  -31.851  -11.800  30.652 0.0000000000
77700  -31.602  -11.980  31.574 0.0000000000
76459  -33.028  -13.176  32.082 0.0000000000
76461  -34.576  -13.760  31.826 0.0000000000
179624  -35.568  -14.212  31.792 0.0000000000
75335  -37.968  -14.363  31.326 0.0000000000
75336  -38.772  -14.410  31.274 0.0000000000
75322  -38.991  -14.688  31.391 0.0000000000
73190  -40.379  -15.617  31.517 0.0000000000
73191  -41.138  -15.852  31.315 0.0000000000
75383  -40.774  -13.738  27.652 0.0000000000
76547  -40.012  -13.255  28.120 0.0000000000
77725  -43.409  -11.866  30.194 0.0000000000
76499  -43.081  -12.336  30.631 0.0000000000
75348  -43.424  -13.162  30.760 0.0000000000
74244  -44.192  -14.617  29.828 0.0000000000
74265  -44.798  -14.798  29.091 0.0000000000
193185  -45.216  -14.848  28.659 0.0000000000
77793  -46.570  -11.724  26.790 0.0000000000
77785  -46.581  -12.477  26.833 0.0000000000
77794  -47.125  -12.404  26.406 0.0000000000
76570  -47.810  -12.657  25.899 0.0000000000
76583  -47.830  -13.383  25.816 0.0000000000
77809  -48.727  -12.013  24.782 0.0000000000
60743  -23.654  -26.411  33.811 0.0000000000
59537  -23.527  -26.679  34.812 0.0000000000
59531  -23.324  -27.003  35.371 0.0000000000
86371  -47.905  -5.190  20.209 0.0000000000
87552  -48.551  -5.008  19.940 0.0000000000
180470  -49.743  -4.314  16.314 0.0000000000
88814  -50.390  -3.945  16.979 0.0000000000
88815  -51.315  -4.087  17.077 0.0000000000
88816  -52.147  -4.392  17.237 0.0000000000
87591  -52.780  -4.936  18.245 0.0000000000
80273  -52.896  -8.863  19.919 0.0000000000
84130  -57.646  -7.600  15.329 0.0000000000
82898  -56.964  -7.327  15.440 0.0000000000
82900  -57.546  -7.946  15.643 0.0000000000
82910  -57.116  -8.386  15.666 0.0000000000
81628  -57.190  -9.316  15.793 0.0000000000
80366  -56.349  -10.104  14.771 0.0000000000
80350  -57.061  -10.393  16.062 0.0000000000
79120  -57.358  -11.076  16.377 0.0000000000
77936  -56.989  -12.148  16.904 0.0000000000
92368  -60.290  -0.890  8.662 0.0000000000
91295  -58.849  -2.123  7.558 0.0000000000
92367  -60.289  -0.811  7.888 0.0000000000
92376  -60.445  -0.230  7.616 0.0000000000
92382  -59.763  -0.785  6.724 0.0000000000
171417  -60.510  0.562  7.253 0.0000000000
93430  -59.842  -0.285  5.828 0.0000000000
93431  -60.359  0.460  5.597 0.0000000000
190648  -46.802  -9.310  26.281 0.0000000000
173862  -47.628  -9.030  25.675 0.0000000000
82746  -46.618  -8.828  26.245 0.0000000000
84008  -46.328  -7.982  26.007 0.0000000000
84017  -45.677  -7.103  25.801 0.0000000000
84007  -45.480  -7.619  26.147 0.0000000000
85218  -45.610  -6.668  25.479 0.0000000000
86336  -45.264  -5.766  24.690 0.0000000000
86335  -44.953  -5.678  24.382 0.0000000000
87499  -44.489  -5.086  23.344 0.0000000000
58294  -25.383  -27.793  34.322 0.0000000000
58295  -26.108  -27.706  34.171 0.0000000000
59540  -26.856  -27.467  34.287 0.0000000000
163346  -28.114  -25.895  34.647 0.0000000000
77762  -33.721  -12.452  28.535 0.0000000000
170121  -33.941  -12.179  29.674 0.0000000000
77719  -35.136  -12.599  30.271 0.0000000000
165707  -35.883  -12.903  30.244 0.0000000000
77741  -36.676  -12.687  29.359 0.0000000000
77721  -37.261  -13.321  29.893 0.0000000000
76493  -37.752  -13.712  30.333 0.0000000000
76532  -42.390  -12.469  28.631 0.0000000000
78925  -43.084  -11.259  29.272 0.0000000000
80161  -43.439  -10.610  28.070 0.0000000000
78936  -43.471  -10.824  28.731 0.0000000000
77746  -44.530  -11.703  29.686 0.0000000000
77747  -45.096  -12.045  28.987 0.0000000000
175664  -45.377  -11.619  28.573 0.0000000000
78938  -45.673  -11.341  27.966 0.0000000000
78943  -45.495  -10.373  28.072 0.0000000000
78944  -46.069  -11.049  27.379 0.0000000000
80176  -46.901  -9.903  26.326 0.0000000000
87501  -48.063  -4.451  23.022 0.0000000000
87511  -47.974  -4.958  22.640 0.0000000000
173997  -48.402  -4.198  22.281 0.0000000000
88726  -49.323  -3.677  21.269 0.0000000000
89948  -49.266  -2.695  21.203 0.0000000000
88711  -49.384  -3.132  21.233 0.0000000000
182891  -49.564  -3.905  20.729 0.0000000000
86380  -50.151  -4.681  19.742 0.0000000000
182271  -52.047  -6.488  15.972 0.0000000000
85307  -52.698  -6.421  16.647 0.0000000000
84100  -53.197  -7.229  17.192 0.0000000000
84088  -53.551  -7.708  18.044 0.0000000000
178127  -53.461  -8.994  18.871 0.0000000000
81565  -53.385  -9.673  18.827 0.0000000000
81550  -53.254  -9.452  19.468 0.0000000000
80284  -52.802  -10.940  19.954 0.0000000000
88849  -57.049  -4.579  13.045 0.0000000000
87648  -56.683  -4.849  13.371 0.0000000000
86476  -56.871  -5.277  13.725 0.0000000000
85367  -57.159  -5.807  13.978 0.0000000000
84157  -57.504  -7.390  12.520 0.0000000000
84144  -57.613  -7.158  14.753 0.0000000000
82925  -58.035  -8.707  14.170 0.0000000000
186848  -58.100  -9.261  14.615 0.0000000000
81423  -44.322  -8.865  25.423 0.0000000000
82772  -44.240  -8.739  24.673 0.0000000000
77792  -43.280  -12.058  26.657 0.0000000000
161012  -43.275  -11.243  26.597 0.0000000000
80184  -43.666  -10.047  25.857 0.0000000000
173260  -44.047  -9.453  25.679 0.0000000000
88792  -46.292  -4.261  17.897 0.0000000000
88768  -47.722  -3.650  18.149 0.0000000000
87589  -47.552  -4.279  16.992 0.0000000000
87621  -50.778  -4.913  15.932 0.0000000000
86437  -50.515  -5.463  15.403 0.0000000000
85314  -51.304  -6.144  15.581 0.0000000000
85315  -51.671  -6.978  15.542 0.0000000000
84111  -52.027  -7.700  15.623 0.0000000000
82885  -52.164  -8.551  15.721 0.0000000000
82897  -51.623  -8.797  14.968 0.0000000000
81601  -52.341  -9.478  16.074 0.0000000000
88885  -56.299  -3.920  10.987 0.0000000000
88868  -56.774  -3.914  11.803 0.0000000000
88856  -57.519  -4.289  12.710 0.0000000000
87681  -57.936  -4.650  10.971 0.0000000000
86508  -57.303  -5.481  11.013 0.0000000000
85407  -57.075  -6.373  10.882 0.0000000000
85419  -57.058  -6.973  9.924 0.0000000000
86542  -57.493  -6.188  7.783 0.0000000000
90160  -57.963  -3.046  6.125 0.0000000000
88959  -57.930  -3.872  5.829 0.0000000000
91316  -58.605  -2.266  5.162 0.0000000000
88974  -58.960  -3.640  5.059 0.0000000000
80213  -49.168  -10.388  23.620 0.0000000000
80225  -49.152  -9.932  23.105 0.0000000000
175711  -48.887  -8.719  22.775 0.0000000000
170954  -48.813  -8.016  23.041 0.0000000000
167277  -48.424  -6.868  23.381 0.0000000000
84020  -47.849  -8.061  24.898 0.0000000000
84025  -47.515  -7.285  24.752 0.0000000000
85226  -47.352  -6.719  24.671 0.0000000000
85227  -47.927  -6.938  24.257 0.0000000000
191028  -47.758  -6.074  23.954 0.0000000000
86344  -47.819  -5.842  23.656 0.0000000000
88685  -47.829  -3.716  22.982 0.0000000000
89932  -47.670  -2.681  22.206 0.0000000000
188930  -46.041  -3.244  22.716 0.0000000000
161526  -46.785  -2.617  21.942 0.0000000000
88743  -46.258  -3.529  19.302 0.0000000000
161625  -44.404  -8.211  25.180 0.0000000000
160278  -44.426  -6.986  24.227 0.0000000000
85231  -44.384  -6.293  23.870 0.0000000000
86348  -44.211  -5.630  23.210 0.0000000000
87510  -43.912  -4.965  22.560 0.0000000000
88694  -43.941  -4.366  22.246 0.0000000000
88709  -43.649  -4.174  21.401 0.0000000000
88767  -45.899  -4.018  18.628 0.0000000000
57001  -22.632  -27.959  31.702 0.0000000000
160828  -23.601  -28.257  30.920 0.0000000000
60734  -28.585  -25.575  34.965 0.0000000000
61929  -30.223  -24.905  34.642 0.0000000000
63022  -30.211  -23.875  35.008 0.0000000000
61938  -30.467  -25.098  33.784 0.0000000000
61939  -30.779  -24.437  33.081 0.0000000000
66468  -30.002  -20.668  33.532 0.0000000000
72153  -26.725  -16.796  34.174 0.0000000000
72154  -27.241  -16.911  34.083 0.0000000000
72163  -27.527  -16.176  33.551 0.0000000000
74186  -28.691  -14.111  32.611 0.0000000000
77711  -27.666  -12.568  29.879 0.0000000000
182370  -28.292  -12.301  30.329 0.0000000000
180783  -30.454  -12.282  28.124 0.0000000000
162380  -29.350  -12.191  28.944 0.0000000000
77712  -29.046  -12.143  30.657 0.0000000000
77696  -28.552  -12.279  31.436 0.0000000000
77697  -29.375  -12.217  31.763 0.0000000000
77686  -29.731  -12.500  32.612 0.0000000000
77688  -31.241  -12.411  32.319 0.0000000000
76457  -30.864  -12.896  32.761 0.0000000000
173332  -31.170  -13.329  32.871 0.0000000000
76475  -35.235  -13.180  31.100 0.0000000000
76463  -35.878  -13.846  31.413 0.0000000000
75318  -36.175  -14.476  31.685 0.0000000000
75334  -37.199  -14.317  31.425 0.0000000000
75319  -36.874  -14.657  31.583 0.0000000000
74192  -36.481  -14.956  31.662 0.0000000000
76546  -38.384  -12.880  27.461 0.0000000000
76528  -38.853  -12.880  28.156 0.0000000000
77768  -39.171  -13.010  28.867 0.0000000000
186576  -39.513  -13.272  29.372 0.0000000000
76509  -39.568  -13.573  29.902 0.0000000000
76480  -40.985  -13.474  30.907 0.0000000000
74219  -41.641  -15.251  31.250 0.0000000000
73211  -42.630  -15.805  30.731 0.0000000000
76533  -45.315  -12.979  28.542 0.0000000000
75372  -46.014  -14.028  27.619 0.0000000000
76550  -46.305  -12.973  27.207 0.0000000000
173464  -46.233  -13.706  27.303 0.0000000000
75386  -46.328  -14.309  27.181 0.0000000000
74371  -47.454  -14.123  24.339 0.0000000000
75433  -48.149  -13.485  25.162 0.0000000000
170161  -48.143  -13.759  24.166 0.0000000000
56981  -22.112  -27.749  32.129 0.0000000000
185823  -47.728  -5.360  22.239 0.0000000000
187524  -48.342  -3.329  18.485 0.0000000000
88769  -49.063  -3.238  18.440 0.0000000000
89997  -50.391  -3.060  19.104 0.0000000000
88797  -51.102  -3.625  17.779 0.0000000000
88771  -50.834  -3.310  18.490 0.0000000000
89980  -50.654  -3.126  19.757 0.0000000000
88744  -51.025  -3.590  19.578 0.0000000000
167466  -50.986  -4.676  19.573 0.0000000000
86381  -50.679  -5.414  19.357 0.0000000000
176618  -53.276  -6.323  17.611 0.0000000000
85284  -53.292  -6.302  18.448 0.0000000000
86395  -52.954  -5.637  18.577 0.0000000000
85271  -52.800  -7.165  19.408 0.0000000000
86383  -52.553  -5.779  19.007 0.0000000000
86382  -51.991  -6.020  19.379 0.0000000000
86394  -51.136  -6.315  19.362 0.0000000000
80364  -52.452  -10.690  13.961 0.0000000000
79116  -53.279  -11.323  14.992 0.0000000000
164743  -53.979  -11.702  16.030 0.0000000000
87647  -56.083  -5.139  13.256 0.0000000000
86474  -55.779  -5.688  13.285 0.0000000000
85378  -55.383  -6.569  12.509 0.0000000000
179327  -56.402  -7.316  14.768 0.0000000000
166090  -56.114  -7.449  13.743 0.0000000000
82939  -55.759  -7.691  12.440 0.0000000000
80378  -55.218  -10.457  12.926 0.0000000000
181685  -54.974  -10.827  13.486 0.0000000000
79141  -55.208  -11.137  14.380 0.0000000000
79156  -54.393  -11.095  13.768 0.0000000000
79140  -54.542  -11.417  14.783 0.0000000000
79091  -54.743  -12.298  17.111 0.0000000000
76715  -55.602  -13.206  17.404 0.0000000000
76731  -55.448  -13.505  17.274 0.0000000000
76753  -56.483  -12.806  17.062 0.0000000000
76752  -55.839  -13.264  16.507 0.0000000000
76751  -54.915  -13.555  16.190 0.0000000000
61920  -28.964  -24.364  35.285 0.0000000000
64167  -29.939  -23.197  35.169 0.0000000000
65297  -28.904  -22.183  35.340 0.0000000000
65310  -30.141  -21.838  34.274 0.0000000000
66449  -28.730  -21.388  35.239 0.0000000000
66459  -29.929  -21.122  34.037 0.0000000000
67628  -28.872  -20.366  34.798 0.0000000000
67636  -26.744  -19.801  34.076 0.0000000000
67638  -29.162  -20.051  34.292 0.0000000000
68719  -26.903  -18.856  34.609 0.0000000000
68721  -27.864  -19.465  35.040 0.0000000000
68739  -29.628  -20.135  33.569 0.0000000000
69848  -27.189  -18.557  34.685 0.0000000000
69868  -26.393  -18.666  33.742 0.0000000000
70979  -27.354  -18.225  34.592 0.0000000000
73155  -27.224  -15.200  33.693 0.0000000000
74193  -37.201  -15.059  31.488 0.0000000000
75308  -27.426  -13.228  32.898 0.0000000000
75320  -37.599  -14.723  31.436 0.0000000000
76453  -27.705  -12.819  32.618 0.0000000000
76474  -34.614  -13.158  31.404 0.0000000000
76597  -49.078  -12.524  23.885 0.0000000000
77714  -31.001  -11.847  30.334 0.0000000000
77726  -44.038  -11.952  30.090 0.0000000000
77766  -37.785  -12.670  28.839 0.0000000000
77810  -49.051  -12.033  24.172 0.0000000000
77935  -56.116  -12.822  17.273 0.0000000000
77955  -57.688  -11.641  16.239 0.0000000000
78963  -49.132  -11.509  23.947 0.0000000000
78987  -49.142  -11.422  22.937 0.0000000000
79094  -57.375  -11.634  16.671 0.0000000000
79119  -56.919  -11.101  16.434 0.0000000000
81424  -47.325  -9.315  25.967 0.0000000000
81459  -48.829  -9.412  24.239 0.0000000000
81477  -49.122  -9.134  23.195 0.0000000000
82759  -47.173  -8.687  25.803 0.0000000000
82785  -48.870  -8.798  23.856 0.0000000000
82859  -53.534  -8.355  18.442 0.0000000000
82899  -57.228  -7.859  15.684 0.0000000000
84006  -45.391  -7.252  25.802 0.0000000000
84119  -57.336  -7.528  15.551 0.0000000000
84128  -56.700  -6.962  15.184 0.0000000000
84145  -57.925  -7.887  14.684 0.0000000000
84156  -55.913  -6.569  13.547 0.0000000000
84208  -57.388  -7.727  9.950 0.0000000000
85272  -53.027  -6.382  19.007 0.0000000000
85331  -56.798  -6.938  15.164 0.0000000000
85431  -58.042  -7.195  8.862 0.0000000000
86328  -45.429  -6.225  25.105 0.0000000000
86331  -46.953  -6.348  24.841 0.0000000000
86410  -53.186  -5.538  17.979 0.0000000000
86464  -56.661  -5.874  14.327 0.0000000000
87474  -44.859  -5.194  23.917 0.0000000000
87475  -45.394  -5.272  24.475 0.0000000000
87476  -45.757  -5.125  24.597 0.0000000000
87590  -52.547  -4.389  17.929 0.0000000000
87608  -51.430  -4.642  16.460 0.0000000000
87649  -57.187  -4.777  13.099 0.0000000000
87655  -56.181  -4.754  12.846 0.0000000000
87656  -56.880  -4.438  12.898 0.0000000000
87658  -57.995  -4.078  12.264 0.0000000000
87682  -58.425  -3.972  11.854 0.0000000000
87746  -57.598  -5.267  6.615 0.0000000000
88658  -46.080  -4.589  24.361 0.0000000000
88683  -45.143  -4.063  23.271 0.0000000000
88772  -51.828  -3.879  18.746 0.0000000000
88857  -58.119  -3.768  12.090 0.0000000000
88869  -57.186  -3.904  12.365 0.0000000000
88888  -58.994  -3.152  11.014 0.0000000000
88973  -58.269  -3.211  5.360 0.0000000000
89901  -45.665  -3.883  23.392 0.0000000000
89916  -46.298  -3.407  23.044 0.0000000000
89918  -48.024  -3.140  22.572 0.0000000000
89928  -44.238  -3.970  21.912 0.0000000000
89929  -44.794  -3.679  22.153 0.0000000000
89946  -45.941  -2.805  21.576 0.0000000000
89962  -50.156  -2.905  20.274 0.0000000000
89996  -49.778  -2.916  19.190 0.0000000000
90110  -59.209  -2.951  9.745 0.0000000000
90111  -59.329  -2.854  10.431 0.0000000000
90168  -58.792  -2.937  4.919 0.0000000000
90179  -60.106  -2.532  4.323 0.0000000000
91241  -59.104  -2.422  10.844 0.0000000000
91251  -58.181  -2.183  10.400 0.0000000000
91253  -59.445  -2.235  10.409 0.0000000000
91268  -59.847  -1.331  9.413 0.0000000000
91296  -59.919  -1.457  8.285 0.0000000000
92383  -60.490  0.034  7.047 0.0000000000
93425  -60.534  0.601  6.659 0.0000000000
94484  -60.322  0.665  7.399 0.0000000000
162115  -30.684  -23.702  34.257 0.0000000000
162379  -30.194  -12.140  28.746 0.0000000000
162416  -58.195  -9.056  10.748 0.0000000000
166152  -44.305  -8.094  24.551 0.0000000000
166886  -46.632  -2.907  22.560 0.0000000000
169143  -28.596  -20.782  35.136 0.0000000000
169187  -28.293  -17.872  32.948 0.0000000000
170862  -46.716  -5.353  24.521 0.0000000000
176770  -57.591  -4.288  6.180 0.0000000000
177154  -51.218  -3.458  19.162 0.0000000000
180811  -48.418  -3.600  17.852 0.0000000000
181965  -52.505  -6.494  19.337 0.0000000000
182635  -44.906  -4.440  23.612 0.0000000000
184342  -37.695  -12.725  27.465 0.0000000000
184495  -58.195  -10.039  14.414 0.0000000000
185470  -58.927  -2.704  11.138 0.0000000000
185971  -28.153  -12.406  29.499 0.0000000000
188046  -26.481  -17.920  34.155 0.0000000000
188048  -48.532  -13.113  24.585 0.0000000000
191576  -49.278  -11.728  23.310 0.0000000000
191998  -45.302  -3.107  21.252 0.0000000000
192042  -46.539  -4.617  24.315 0.0000000000
