#!ascii label  , from subject sub-v2s2x29081_ses-1 vox2ras=TkReg
1390
76034  21.124  -16.273  21.736 0.0000000000
73691  36.405  -16.159  23.438 0.0000000000
180509  40.908  -6.544  1.947 0.0000000000
86951  33.681  -8.774  10.206 0.0000000000
80815  39.129  -11.889  14.822 0.0000000000
99509  48.657  1.217  -4.909 0.0000000000
91714  40.564  -4.516  5.447 0.0000000000
188939  36.355  -2.430  3.279 0.0000000000
72622  18.036  -19.209  19.152 0.0000000000
76011  28.251  -15.226  23.136 0.0000000000
74955  31.250  -16.391  19.172 0.0000000000
79586  23.826  -13.816  17.941 0.0000000000
100562  43.701  2.113  1.987 0.0000000000
75961  24.946  -15.773  26.859 0.0000000000
72496  20.532  -19.144  25.665 0.0000000000
94757  44.216  -2.241  3.261 0.0000000000
75977  16.984  -15.996  25.546 0.0000000000
77070  12.773  -15.631  26.510 0.0000000000
93672  37.165  -3.445  8.560 0.0000000000
180141  36.187  -10.369  13.005 0.0000000000
78522  35.713  -14.436  11.143 0.0000000000
191229  34.235  -13.912  15.827 0.0000000000
94718  40.976  -2.353  7.153 0.0000000000
93735  38.818  -3.394  3.953 0.0000000000
97063  39.323  -0.802  5.910 0.0000000000
92701  42.445  -4.330  8.060 0.0000000000
187945  20.907  -18.092  18.718 0.0000000000
70127  19.229  -20.719  17.970 0.0000000000
72595  20.530  -19.142  21.145 0.0000000000
78298  24.348  -14.249  23.125 0.0000000000
78338  26.090  -13.908  20.389 0.0000000000
78341  22.411  -14.673  19.913 0.0000000000
77202  21.441  -16.163  17.577 0.0000000000
90758  41.139  -5.878  0.413 0.0000000000
89566  43.285  -6.114  3.250 0.0000000000
91764  42.339  -4.954  1.826 0.0000000000
93761  40.941  -3.227  1.871 0.0000000000
69968  19.278  -20.010  27.774 0.0000000000
190031  18.660  -18.467  24.805 0.0000000000
74824  18.226  -17.424  28.112 0.0000000000
79461  14.199  -13.267  31.775 0.0000000000
78247  14.782  -14.324  29.565 0.0000000000
79489  12.047  -14.039  30.216 0.0000000000
190556  10.428  -15.484  30.806 0.0000000000
79426  10.032  -14.054  34.230 0.0000000000
86907  37.627  -8.649  15.104 0.0000000000
84363  37.902  -11.309  14.052 0.0000000000
80832  37.273  -12.728  11.534 0.0000000000
78495  37.381  -13.003  12.543 0.0000000000
77221  29.022  -14.672  16.947 0.0000000000
77193  33.769  -14.772  17.878 0.0000000000
78413  30.665  -14.326  15.647 0.0000000000
79654  32.538  -13.396  13.739 0.0000000000
89493  35.117  -5.821  9.014 0.0000000000
90655  33.659  -5.259  6.914 0.0000000000
88270  32.077  -7.893  8.003 0.0000000000
186526  51.508  0.609  -7.539 0.0000000000
180869  48.828  -0.382  -6.808 0.0000000000
89557  40.476  -6.078  3.652 0.0000000000
90726  39.010  -5.513  2.268 0.0000000000
89529  42.517  -6.154  5.364 0.0000000000
72578  31.776  -17.332  22.180 0.0000000000
73764  33.110  -16.922  20.920 0.0000000000
184214  29.770  -15.862  20.747 0.0000000000
78348  27.793  -14.253  19.085 0.0000000000
79604  25.487  -13.631  16.545 0.0000000000
100556  46.350  2.864  3.584 0.0000000000
162697  46.436  3.765  0.930 0.0000000000
101731  46.226  3.691  -1.625 0.0000000000
100635  46.383  1.820  -4.852 0.0000000000
77090  22.801  -15.349  24.625 0.0000000000
74873  20.816  -17.884  23.764 0.0000000000
74846  22.387  -16.587  26.432 0.0000000000
75982  26.818  -15.282  25.159 0.0000000000
97079  43.658  -0.224  3.173 0.0000000000
71293  19.618  -20.113  22.265 0.0000000000
73729  17.299  -17.710  21.804 0.0000000000
74892  15.563  -17.527  22.730 0.0000000000
77050  16.460  -15.118  28.712 0.0000000000
78283  14.792  -14.921  25.850 0.0000000000
76976  9.422  -15.434  36.491 0.0000000000
97010  38.730  -0.032  8.890 0.0000000000
89458  35.474  -6.802  10.915 0.0000000000
88198  36.440  -7.061  12.871 0.0000000000
85639  35.033  -9.314  11.900 0.0000000000
81951  35.787  -12.036  10.156 0.0000000000
176869  36.472  -14.479  9.769 0.0000000000
78554  34.446  -15.177  10.050 0.0000000000
192763  34.529  -15.089  19.461 0.0000000000
181955  36.095  -14.228  17.377 0.0000000000
78407  37.076  -13.845  15.568 0.0000000000
78477  35.711  -13.850  13.478 0.0000000000
78500  33.307  -14.193  11.470 0.0000000000
95811  36.018  -1.537  6.356 0.0000000000
91742  33.308  -4.656  4.259 0.0000000000
165570  41.817  -0.676  8.056 0.0000000000
95808  40.554  -1.238  6.821 0.0000000000
97037  40.619  -0.266  7.541 0.0000000000
94689  42.091  -1.833  8.206 0.0000000000
76051  20.920  -17.384  20.031 0.0000000000
74932  20.830  -18.110  20.014 0.0000000000
74916  20.833  -17.862  20.788 0.0000000000
78300  22.932  -14.817  22.597 0.0000000000
78324  23.851  -14.159  21.675 0.0000000000
78325  21.897  -15.273  20.868 0.0000000000
77165  21.187  -16.178  19.206 0.0000000000
90744  40.990  -6.427  1.163 0.0000000000
89580  42.200  -6.300  2.231 0.0000000000
184816  42.675  -6.032  2.240 0.0000000000
90725  42.177  -5.934  1.858 0.0000000000
90742  41.997  -5.514  1.525 0.0000000000
80639  12.871  -12.471  32.655 0.0000000000
79474  13.558  -13.358  31.334 0.0000000000
79463  11.797  -13.432  31.335 0.0000000000
79490  11.326  -14.242  30.374 0.0000000000
79464  11.139  -13.466  31.849 0.0000000000
79453  10.349  -14.020  32.604 0.0000000000
84356  38.430  -10.969  15.003 0.0000000000
194007  38.480  -11.842  14.286 0.0000000000
80822  37.710  -12.417  12.826 0.0000000000
78473  38.162  -13.069  14.027 0.0000000000
167116  37.031  -15.633  22.653 0.0000000000
78417  28.103  -14.110  15.619 0.0000000000
78391  29.997  -14.790  16.361 0.0000000000
165562  29.233  -14.429  15.315 0.0000000000
165802  29.803  -14.181  14.430 0.0000000000
88248  34.224  -7.459  9.649 0.0000000000
89494  33.620  -6.707  8.514 0.0000000000
100618  48.921  2.328  -4.169 0.0000000000
101762  50.085  2.592  -3.984 0.0000000000
178427  50.205  0.939  -4.803 0.0000000000
98344  50.117  0.173  -5.987 0.0000000000
98333  48.908  0.639  -5.335 0.0000000000
90683  40.440  -5.255  4.523 0.0000000000
89570  39.840  -5.787  3.287 0.0000000000
90698  39.547  -5.203  3.571 0.0000000000
94761  37.621  -2.849  3.428 0.0000000000
92757  37.628  -3.847  2.743 0.0000000000
92758  36.727  -3.710  2.503 0.0000000000
92712  41.625  -4.359  7.111 0.0000000000
90670  41.397  -5.425  5.508 0.0000000000
89544  41.437  -6.185  4.396 0.0000000000
71392  18.611  -20.205  18.322 0.0000000000
72610  16.784  -19.374  19.463 0.0000000000
74886  30.040  -16.272  22.625 0.0000000000
73749  30.508  -16.454  21.571 0.0000000000
77132  28.623  -15.156  21.640 0.0000000000
79561  25.470  -13.703  19.900 0.0000000000
78349  27.085  -14.008  19.318 0.0000000000
79584  25.769  -13.440  18.355 0.0000000000
78374  27.001  -13.762  17.666 0.0000000000
79592  24.860  -13.652  16.994 0.0000000000
78375  23.585  -14.433  16.736 0.0000000000
80857  34.877  -12.760  8.802 0.0000000000
100559  44.645  2.130  2.834 0.0000000000
162633  46.329  3.406  2.173 0.0000000000
100565  44.727  2.863  1.727 0.0000000000
169275  45.116  3.429  -0.875 0.0000000000
101756  44.643  2.813  -2.941 0.0000000000
101754  46.270  3.264  -3.098 0.0000000000
77076  23.936  -15.354  25.780 0.0000000000
75984  22.526  -15.808  25.339 0.0000000000
75962  23.988  -15.993  26.919 0.0000000000
75970  26.361  -15.439  25.955 0.0000000000
77087  25.276  -14.744  24.949 0.0000000000
98259  45.333  0.455  4.016 0.0000000000
95848  43.280  -1.390  3.144 0.0000000000
94772  40.797  -2.367  2.041 0.0000000000
73680  20.689  -18.545  24.502 0.0000000000
72560  20.538  -19.281  22.750 0.0000000000
182201  20.216  -19.988  23.641 0.0000000000
74860  17.935  -17.117  24.835 0.0000000000
73697  18.379  -18.270  23.444 0.0000000000
74874  17.581  -17.010  24.003 0.0000000000
74891  16.293  -17.174  22.726 0.0000000000
75988  16.306  -16.086  24.387 0.0000000000
77037  16.582  -15.058  30.072 0.0000000000
78257  13.391  -14.480  28.331 0.0000000000
78265  14.901  -14.723  27.582 0.0000000000
77069  13.434  -15.146  26.226 0.0000000000
77093  14.145  -15.791  24.705 0.0000000000
192651  36.092  -5.298  10.200 0.0000000000
85619  36.476  -9.623  14.106 0.0000000000
88183  37.404  -7.124  13.955 0.0000000000
86919  36.105  -8.651  13.786 0.0000000000
88200  35.382  -8.025  12.202 0.0000000000
85630  35.569  -9.686  12.685 0.0000000000
83109  34.931  -10.703  11.204 0.0000000000
83108  36.424  -11.392  11.528 0.0000000000
78551  36.695  -13.871  10.705 0.0000000000
79735  36.852  -13.673  10.569 0.0000000000
162135  36.329  -14.429  10.399 0.0000000000
171383  35.281  -15.252  9.672 0.0000000000
78523  34.816  -14.733  11.040 0.0000000000
74942  32.540  -16.828  20.017 0.0000000000
74940  33.654  -15.818  20.112 0.0000000000
76063  33.289  -15.839  19.709 0.0000000000
78386  34.258  -14.226  16.789 0.0000000000
77192  34.735  -14.698  18.168 0.0000000000
78385  34.986  -14.182  16.887 0.0000000000
77237  36.680  -13.918  16.269 0.0000000000
78431  35.795  -13.865  15.518 0.0000000000
78454  36.476  -13.822  14.026 0.0000000000
78456  35.075  -13.704  14.281 0.0000000000
79675  31.399  -13.547  12.939 0.0000000000
79674  33.124  -13.469  12.920 0.0000000000
95780  37.771  -0.906  8.913 0.0000000000
97040  37.862  -0.448  7.479 0.0000000000
164313  36.469  -2.138  7.436 0.0000000000
90671  32.619  -5.730  5.760 0.0000000000
91715  33.481  -4.653  5.697 0.0000000000
98372  50.521  0.446  -8.278 0.0000000000
93711  40.513  -3.339  6.425 0.0000000000
92734  39.708  -3.968  4.747 0.0000000000
176593  40.077  -2.730  6.161 0.0000000000
173261  39.013  -1.741  4.924 0.0000000000
95838  38.011  -1.667  4.225 0.0000000000
94687  43.036  -2.803  9.189 0.0000000000
93692  41.650  -3.165  7.822 0.0000000000
71390  20.435  -19.920  18.825 0.0000000000
71360  20.251  -19.808  19.750 0.0000000000
71335  19.605  -19.991  20.087 0.0000000000
77110  26.956  -14.686  23.154 0.0000000000
77134  27.412  -14.510  21.535 0.0000000000
78307  25.629  -14.068  22.096 0.0000000000
79550  24.159  -13.935  20.914 0.0000000000
191396  23.222  -14.028  19.082 0.0000000000
78362  22.659  -14.627  18.061 0.0000000000
77178  21.622  -15.559  18.883 0.0000000000
76083  21.163  -16.734  17.960 0.0000000000
175555  41.471  1.473  0.777 0.0000000000
74820  25.048  -16.415  27.907 0.0000000000
183798  43.858  -5.641  2.959 0.0000000000
91752  43.938  -5.059  2.623 0.0000000000
92756  43.215  -3.889  2.516 0.0000000000
93748  42.255  -2.738  2.694 0.0000000000
92768  42.507  -4.098  2.179 0.0000000000
91765  41.476  -4.871  1.368 0.0000000000
71209  19.791  -20.180  26.789 0.0000000000
71251  19.650  -20.206  24.801 0.0000000000
72477  18.911  -19.550  26.887 0.0000000000
74837  18.427  -17.881  26.340 0.0000000000
189889  17.892  -16.727  27.443 0.0000000000
78228  15.322  -14.118  30.729 0.0000000000
78229  14.451  -13.969  30.590 0.0000000000
78239  13.131  -14.205  29.540 0.0000000000
78259  12.105  -14.947  28.357 0.0000000000
78260  11.526  -15.195  28.605 0.0000000000
85607  37.853  -9.895  15.090 0.0000000000
84364  37.111  -10.863  13.706 0.0000000000
83107  37.061  -11.823  11.685 0.0000000000
83091  37.321  -11.914  12.487 0.0000000000
79693  37.021  -13.114  11.746 0.0000000000
180552  36.663  -13.590  11.704 0.0000000000
76095  30.352  -15.593  18.230 0.0000000000
190516  32.247  -15.534  18.565 0.0000000000
77196  31.054  -15.252  17.719 0.0000000000
78389  31.871  -14.434  16.498 0.0000000000
78411  32.392  -14.053  15.910 0.0000000000
78433  33.765  -13.720  15.136 0.0000000000
170972  31.989  -13.830  15.111 0.0000000000
193214  30.516  -13.868  13.746 0.0000000000
91667  35.668  -4.731  8.465 0.0000000000
92704  35.601  -4.146  7.606 0.0000000000
90636  34.590  -5.404  7.923 0.0000000000
89504  32.382  -6.716  7.367 0.0000000000
99516  51.675  0.921  -6.345 0.0000000000
97203  50.391  -0.038  -6.715 0.0000000000
89582  40.615  -6.526  2.616 0.0000000000
89601  40.388  -6.664  1.544 0.0000000000
180940  39.922  -6.302  2.531 0.0000000000
91741  38.860  -4.380  3.241 0.0000000000
91766  37.873  -4.838  2.052 0.0000000000
91664  43.862  -4.763  8.527 0.0000000000
90652  43.695  -5.934  6.636 0.0000000000
166446  43.852  -6.041  5.007 0.0000000000
89554  42.772  -6.362  4.018 0.0000000000
89568  42.020  -6.524  2.901 0.0000000000
73707  34.444  -17.001  23.146 0.0000000000
73741  35.337  -16.335  22.536 0.0000000000
73745  32.723  -17.318  21.211 0.0000000000
73768  31.767  -17.146  20.623 0.0000000000
74945  30.831  -16.539  19.786 0.0000000000
78320  27.573  -14.389  20.670 0.0000000000
77163  28.349  -14.657  19.621 0.0000000000
77176  29.196  -15.131  18.662 0.0000000000
78372  28.500  -14.439  17.527 0.0000000000
79591  27.278  -13.806  16.813 0.0000000000
79622  26.562  -13.818  15.603 0.0000000000
177835  47.826  4.019  0.610 0.0000000000
101711  45.296  3.451  0.482 0.0000000000
101721  46.311  3.885  -0.282 0.0000000000
101719  47.402  4.102  -0.756 0.0000000000
101743  47.261  3.725  -2.273 0.0000000000
100606  47.632  3.054  -3.643 0.0000000000
99493  47.680  2.149  -4.624 0.0000000000
98334  48.049  0.803  -5.406 0.0000000000
77113  21.913  -15.665  22.865 0.0000000000
74888  20.992  -17.051  22.818 0.0000000000
75998  21.560  -16.376  24.114 0.0000000000
168492  21.407  -17.108  25.067 0.0000000000
164114  21.339  -17.694  25.976 0.0000000000
74822  23.458  -16.860  27.845 0.0000000000
72475  21.192  -18.324  27.121 0.0000000000
71182  20.271  -19.838  28.348 0.0000000000
173280  35.546  -16.839  24.085 0.0000000000
72535  33.745  -17.481  23.886 0.0000000000
73693  30.760  -16.936  23.453 0.0000000000
76010  28.777  -15.674  23.490 0.0000000000
74857  28.605  -15.847  24.282 0.0000000000
77097  27.477  -14.987  23.523 0.0000000000
77099  25.676  -14.609  24.210 0.0000000000
78292  24.025  -14.557  23.902 0.0000000000
100553  46.238  2.145  4.195 0.0000000000
99437  44.561  1.024  3.427 0.0000000000
99441  43.643  1.216  2.799 0.0000000000
94760  41.878  -2.043  2.685 0.0000000000
97081  42.021  -0.815  2.756 0.0000000000
98274  41.404  0.463  1.814 0.0000000000
73727  20.699  -18.699  21.959 0.0000000000
186844  19.985  -19.970  21.566 0.0000000000
71314  19.307  -19.659  20.679 0.0000000000
185709  19.068  -19.527  23.839 0.0000000000
72581  18.760  -19.050  22.449 0.0000000000
73771  18.008  -18.372  20.783 0.0000000000
73753  16.613  -18.415  20.786 0.0000000000
73730  15.851  -18.191  21.832 0.0000000000
75946  17.586  -16.076  28.788 0.0000000000
77057  16.840  -15.574  27.596 0.0000000000
78264  15.666  -14.842  27.352 0.0000000000
77067  16.496  -15.506  25.861 0.0000000000
77103  15.199  -16.182  24.091 0.0000000000
78182  9.662  -14.807  35.467 0.0000000000
98222  39.977  0.357  8.578 0.0000000000
92680  36.965  -4.033  8.948 0.0000000000
90602  35.960  -5.058  9.690 0.0000000000
89472  35.289  -6.636  10.204 0.0000000000
88231  34.494  -7.730  10.182 0.0000000000
89442  36.172  -6.692  12.085 0.0000000000
88217  35.109  -7.773  11.348 0.0000000000
85653  33.930  -9.414  10.679 0.0000000000
84405  34.091  -10.637  10.662 0.0000000000
81952  35.011  -11.790  10.043 0.0000000000
174551  36.101  -13.254  9.169 0.0000000000
81949  37.124  -12.598  10.821 0.0000000000
80846  36.593  -13.236  9.779 0.0000000000
79778  36.153  -14.142  8.961 0.0000000000
78574  35.593  -15.159  8.955 0.0000000000
78575  34.665  -15.565  9.106 0.0000000000
78425  39.365  -12.694  16.091 0.0000000000
74924  35.803  -15.633  21.554 0.0000000000
161787  36.205  -15.227  20.940 0.0000000000
76060  36.997  -14.867  19.762 0.0000000000
76091  33.643  -15.113  18.744 0.0000000000
76089  35.445  -14.713  18.749 0.0000000000
77189  37.029  -14.280  18.118 0.0000000000
77211  37.715  -14.026  17.400 0.0000000000
77235  37.898  -13.688  15.988 0.0000000000
78427  38.503  -13.081  14.966 0.0000000000
166802  37.649  -13.418  14.103 0.0000000000
78476  36.447  -13.803  12.997 0.0000000000
164054  35.309  -14.000  12.578 0.0000000000
78457  34.134  -13.572  14.136 0.0000000000
167751  34.514  -13.966  12.446 0.0000000000
162074  34.221  -14.298  11.651 0.0000000000
78524  33.795  -14.691  10.783 0.0000000000
98233  39.332  -0.075  7.566 0.0000000000
189883  37.881  -0.591  5.804 0.0000000000
95840  36.407  -1.458  4.347 0.0000000000
93704  34.717  -3.457  6.321 0.0000000000
94728  34.839  -2.429  5.260 0.0000000000
92746  34.673  -3.357  3.354 0.0000000000
97195  47.781  -0.276  -6.385 0.0000000000
97036  41.311  -0.507  7.755 0.0000000000
97020  41.520  -0.153  8.304 0.0000000000
97019  42.174  -0.509  8.663 0.0000000000
77137  21.115  -16.312  20.955 0.0000000000
166769  20.974  -17.012  20.641 0.0000000000
76035  20.951  -17.079  21.335 0.0000000000
77123  22.344  -15.166  22.334 0.0000000000
77135  22.148  -15.108  21.501 0.0000000000
77136  21.521  -15.674  21.292 0.0000000000
77151  21.477  -15.702  20.540 0.0000000000
89600  41.602  -6.278  1.762 0.0000000000
90743  41.489  -5.865  1.267 0.0000000000
80647  12.579  -12.736  32.109 0.0000000000
80648  11.843  -12.999  31.953 0.0000000000
80641  11.119  -13.063  32.460 0.0000000000
188357  10.683  -13.534  32.353 0.0000000000
83073  38.936  -11.371  14.916 0.0000000000
84355  38.713  -11.229  15.005 0.0000000000
188897  39.123  -11.866  14.553 0.0000000000
80816  38.643  -12.160  14.143 0.0000000000
79671  38.708  -12.333  14.282 0.0000000000
74884  36.942  -15.793  23.064 0.0000000000
74885  36.591  -15.891  22.908 0.0000000000
78438  28.649  -14.269  15.089 0.0000000000
166328  29.144  -14.269  14.542 0.0000000000
88232  33.861  -8.059  9.922 0.0000000000
88249  33.500  -7.740  9.370 0.0000000000
101763  49.329  2.825  -3.851 0.0000000000
99491  49.192  1.585  -4.480 0.0000000000
99508  49.420  1.000  -4.824 0.0000000000
91739  39.852  -4.960  4.147 0.0000000000
91727  40.154  -4.640  4.824 0.0000000000
94762  36.946  -2.463  3.346 0.0000000000
93750  37.069  -3.137  2.998 0.0000000000
93751  36.290  -3.013  2.808 0.0000000000
93762  35.976  -3.569  2.306 0.0000000000
193399  35.753  -3.156  2.639 0.0000000000
91713  41.054  -4.726  5.947 0.0000000000
91700  41.462  -4.680  6.558 0.0000000000
91726  40.772  -5.037  5.186 0.0000000000
90682  41.091  -5.642  4.822 0.0000000000
71363  18.521  -19.663  18.841 0.0000000000
71364  17.854  -19.737  18.516 0.0000000000
72623  17.290  -19.446  18.968 0.0000000000
72609  17.411  -18.892  19.581 0.0000000000
76022  28.919  -15.593  22.734 0.0000000000
171650  29.073  -15.551  22.025 0.0000000000
76023  28.429  -15.180  22.384 0.0000000000
79573  24.779  -13.509  19.413 0.0000000000
79572  25.733  -13.549  19.116 0.0000000000
187022  25.030  -13.365  18.697 0.0000000000
79585  24.783  -13.471  17.881 0.0000000000
79593  24.070  -13.901  17.257 0.0000000000
177254  35.404  -13.312  8.472 0.0000000000
99443  44.036  1.765  2.661 0.0000000000
167411  45.067  2.743  2.373 0.0000000000
100561  44.386  2.378  2.212 0.0000000000
100609  44.971  2.668  -3.628 0.0000000000
75972  24.429  -15.546  26.310 0.0000000000
75973  23.550  -15.792  26.333 0.0000000000
75971  25.393  -15.337  26.195 0.0000000000
77075  24.850  -15.082  25.660 0.0000000000
93747  43.966  -2.867  3.045 0.0000000000
95837  44.475  -1.641  3.435 0.0000000000
179825  44.774  -0.972  3.576 0.0000000000
94758  43.534  -2.191  3.097 0.0000000000
176670  20.550  -19.069  24.858 0.0000000000
72519  20.494  -19.347  24.077 0.0000000000
71249  20.378  -19.816  24.116 0.0000000000
75986  17.503  -16.553  25.277 0.0000000000
75999  17.357  -16.644  24.559 0.0000000000
76000  16.757  -16.531  24.012 0.0000000000
75987  16.872  -16.212  24.772 0.0000000000
78227  16.156  -14.485  31.080 0.0000000000
78267  12.964  -14.843  27.621 0.0000000000
78278  13.217  -14.973  26.958 0.0000000000
77081  13.093  -15.856  25.836 0.0000000000
85629  35.959  -9.646  13.498 0.0000000000
83093  36.136  -10.724  12.312 0.0000000000
78521  36.417  -13.952  11.255 0.0000000000
183555  35.492  -14.934  10.403 0.0000000000
74954  31.812  -16.538  19.387 0.0000000000
76064  32.830  -16.408  19.856 0.0000000000
179230  32.677  -16.343  19.605 0.0000000000
78409  35.004  -13.935  15.973 0.0000000000
77238  35.617  -14.007  16.429 0.0000000000
78432  35.292  -13.801  15.096 0.0000000000
162154  34.603  -13.752  15.079 0.0000000000
180720  37.354  -2.068  8.456 0.0000000000
94712  36.990  -2.014  7.983 0.0000000000
94691  36.789  -2.670  7.829 0.0000000000
94726  40.489  -2.541  6.704 0.0000000000
95809  39.984  -0.969  6.365 0.0000000000
95817  39.646  -1.424  5.837 0.0000000000
95818  39.116  -1.273  5.369 0.0000000000
95827  38.536  -1.290  4.876 0.0000000000
97069  38.799  -0.893  5.403 0.0000000000
94672  43.726  -2.451  9.511 0.0000000000
94711  41.523  -2.236  7.681 0.0000000000
94710  41.991  -2.717  8.334 0.0000000000
93701  41.232  -2.893  7.435 0.0000000000
93702  40.910  -3.120  6.981 0.0000000000
72607  20.532  -19.232  20.164 0.0000000000
71361  19.820  -20.163  19.565 0.0000000000
71334  19.964  -19.917  20.409 0.0000000000
78297  25.385  -14.187  22.943 0.0000000000
78296  26.375  -14.354  22.719 0.0000000000
78308  24.624  -14.063  22.294 0.0000000000
184775  23.100  -14.386  21.039 0.0000000000
79563  23.549  -14.029  20.328 0.0000000000
79574  23.823  -13.802  19.603 0.0000000000
79575  22.982  -14.213  19.722 0.0000000000
78351  22.590  -14.507  18.995 0.0000000000
78352  22.018  -15.053  19.383 0.0000000000
173926  21.014  -16.973  19.322 0.0000000000
76068  21.111  -16.672  18.693 0.0000000000
181035  21.013  -17.391  18.501 0.0000000000
90724  42.813  -5.624  2.022 0.0000000000
90723  43.472  -5.531  2.389 0.0000000000
91763  43.220  -4.849  2.244 0.0000000000
92755  43.802  -4.398  2.546 0.0000000000
91779  41.351  -5.394  0.866 0.0000000000
69967  19.617  -20.181  27.368 0.0000000000
71210  19.608  -20.144  26.599 0.0000000000
71211  19.187  -19.913  27.242 0.0000000000
73635  18.418  -18.237  27.834 0.0000000000
180902  18.290  -17.599  27.290 0.0000000000
177090  18.151  -17.101  26.645 0.0000000000
79460  14.965  -13.488  31.951 0.0000000000
78220  14.536  -13.724  31.229 0.0000000000
79475  12.622  -13.609  30.856 0.0000000000
79488  12.957  -13.988  30.143 0.0000000000
78249  12.716  -14.448  28.830 0.0000000000
79500  12.336  -14.307  29.558 0.0000000000
78240  11.580  -14.446  29.683 0.0000000000
78230  10.803  -14.517  30.613 0.0000000000
77038  10.812  -15.369  29.664 0.0000000000
79442  10.203  -13.963  33.395 0.0000000000
78196  9.969  -14.638  33.776 0.0000000000
84357  38.173  -10.853  14.787 0.0000000000
85617  37.537  -10.626  14.433 0.0000000000
83082  37.555  -11.654  13.274 0.0000000000
83090  37.941  -11.978  13.033 0.0000000000
79673  38.073  -12.897  13.213 0.0000000000
79692  37.507  -12.704  12.398 0.0000000000
78496  36.914  -13.312  11.997 0.0000000000
77220  29.593  -15.021  17.361 0.0000000000
77197  30.439  -15.311  17.647 0.0000000000
77219  30.004  -15.010  17.078 0.0000000000
78414  30.070  -14.534  15.694 0.0000000000
169373  31.067  -14.548  16.288 0.0000000000
78412  31.466  -14.176  15.724 0.0000000000
78435  31.013  -13.955  14.873 0.0000000000
78458  30.385  -13.965  14.313 0.0000000000
90616  35.358  -5.249  8.757 0.0000000000
90635  35.169  -5.082  8.183 0.0000000000
90617  34.852  -5.651  8.499 0.0000000000
88269  32.485  -7.657  8.391 0.0000000000
89495  32.799  -7.019  8.134 0.0000000000
88279  32.217  -7.384  7.779 0.0000000000
98345  49.248  0.158  -5.886 0.0000000000
97193  49.529  -0.214  -6.529 0.0000000000
97204  49.178  -0.429  -7.054 0.0000000000
176641  40.266  -6.264  3.084 0.0000000000
90711  39.272  -5.392  2.971 0.0000000000
89571  39.534  -5.878  2.705 0.0000000000
89584  38.504  -5.794  1.496 0.0000000000
93724  39.269  -3.309  4.522 0.0000000000
92735  39.283  -4.033  4.144 0.0000000000
92744  38.850  -4.023  3.610 0.0000000000
91755  37.327  -4.389  2.257 0.0000000000
90728  37.389  -5.460  1.585 0.0000000000
93670  43.156  -3.533  9.063 0.0000000000
92678  43.410  -4.212  8.879 0.0000000000
92700  43.124  -4.609  8.312 0.0000000000
90668  42.765  -5.988  5.887 0.0000000000
90653  42.999  -5.761  6.536 0.0000000000
90667  43.454  -6.077  5.972 0.0000000000
179344  43.822  -6.090  5.524 0.0000000000
89528  43.217  -6.218  5.301 0.0000000000
162602  43.348  -6.181  4.582 0.0000000000
89542  42.641  -6.319  4.811 0.0000000000
89556  41.089  -6.285  3.895 0.0000000000
89555  41.850  -6.488  3.774 0.0000000000
89569  41.073  -6.495  3.239 0.0000000000
72576  32.939  -17.514  22.526 0.0000000000
73722  33.503  -17.193  22.164 0.0000000000
72593  32.166  -17.463  21.771 0.0000000000
74915  30.047  -16.106  21.270 0.0000000000
73769  31.218  -16.902  20.799 0.0000000000
74931  30.234  -16.238  20.573 0.0000000000
74929  31.376  -16.870  20.214 0.0000000000
76049  29.828  -15.862  20.184 0.0000000000
78321  26.751  -14.110  20.965 0.0000000000
78336  27.687  -14.311  19.856 0.0000000000
166247  28.975  -15.059  19.390 0.0000000000
77177  28.494  -14.660  18.865 0.0000000000
78359  28.681  -14.659  18.215 0.0000000000
78360  27.950  -14.194  18.208 0.0000000000
79603  26.392  -13.598  16.815 0.0000000000
190325  26.716  -13.705  16.261 0.0000000000
79602  27.387  -13.870  16.031 0.0000000000
177218  25.980  -13.721  16.020 0.0000000000
169000  21.782  -15.581  18.019 0.0000000000
78377  22.323  -15.110  17.585 0.0000000000
77201  21.910  -15.720  17.233 0.0000000000
100552  46.970  2.738  4.176 0.0000000000
101704  46.785  3.727  1.513 0.0000000000
101699  47.144  3.637  2.128 0.0000000000
187029  47.476  3.821  1.533 0.0000000000
101703  48.105  3.939  1.298 0.0000000000
164579  47.251  3.903  0.900 0.0000000000
166104  43.029  2.640  -0.142 0.0000000000
100570  43.973  2.857  0.929 0.0000000000
101732  45.471  3.419  -1.609 0.0000000000
101722  45.580  3.652  -0.210 0.0000000000
167026  46.560  3.934  -0.959 0.0000000000
101720  46.980  4.024  -0.340 0.0000000000
187559  47.009  4.024  -1.030 0.0000000000
101729  47.325  3.995  -1.522 0.0000000000
101730  46.847  3.879  -1.619 0.0000000000
100621  46.135  2.458  -4.417 0.0000000000
101753  47.081  3.374  -3.053 0.0000000000
100620  46.933  2.392  -4.573 0.0000000000
181503  47.455  2.702  -4.220 0.0000000000
77101  23.081  -14.978  23.919 0.0000000000
77102  22.171  -15.613  23.811 0.0000000000
75974  22.773  -16.062  26.123 0.0000000000
75975  22.074  -16.513  25.640 0.0000000000
74847  21.711  -17.123  25.815 0.0000000000
74836  22.056  -17.132  26.606 0.0000000000
74821  24.153  -16.713  27.873 0.0000000000
73632  22.719  -17.462  27.991 0.0000000000
73647  21.606  -17.666  26.803 0.0000000000
72456  21.400  -18.397  27.928 0.0000000000
180931  20.860  -18.937  27.516 0.0000000000
72553  34.674  -17.142  23.720 0.0000000000
74870  29.880  -16.389  23.374 0.0000000000
75981  27.808  -15.647  24.864 0.0000000000
75996  28.039  -15.395  23.929 0.0000000000
77085  27.189  -15.139  24.320 0.0000000000
77098  26.619  -14.804  23.879 0.0000000000
77086  26.257  -14.883  24.649 0.0000000000
77088  24.308  -14.959  25.139 0.0000000000
77100  24.685  -14.604  24.469 0.0000000000
163847  23.705  -14.904  24.592 0.0000000000
165425  39.795  -6.503  1.829 0.0000000000
97078  44.427  -0.287  3.448 0.0000000000
99436  45.000  0.988  3.776 0.0000000000
98262  44.207  0.413  3.287 0.0000000000
99440  44.094  1.111  3.092 0.0000000000
98263  43.615  0.610  3.017 0.0000000000
93760  41.883  -3.356  2.259 0.0000000000
163959  41.467  -2.629  2.386 0.0000000000
94779  40.305  -2.059  1.590 0.0000000000
95862  40.801  -1.490  2.049 0.0000000000
98268  41.706  -0.134  2.338 0.0000000000
97101  40.664  -0.652  1.715 0.0000000000
74872  21.059  -17.112  23.569 0.0000000000
168045  20.866  -17.701  22.372 0.0000000000
74889  20.772  -17.971  22.940 0.0000000000
70022  20.374  -19.785  22.606 0.0000000000
71292  20.449  -19.552  22.404 0.0000000000
70041  19.883  -20.075  21.812 0.0000000000
167343  19.687  -20.030  21.546 0.0000000000
71294  19.245  -19.614  21.590 0.0000000000
72520  18.989  -19.338  24.829 0.0000000000
71266  19.373  -19.988  24.363 0.0000000000
73711  17.926  -17.885  22.675 0.0000000000
73710  18.574  -18.669  22.874 0.0000000000
73728  18.230  -18.304  22.134 0.0000000000
72596  18.612  -18.823  21.653 0.0000000000
73751  17.864  -18.145  21.418 0.0000000000
73752  17.231  -18.067  21.025 0.0000000000
74906  15.999  -17.691  22.144 0.0000000000
73731  15.358  -18.192  22.372 0.0000000000
77036  17.158  -15.620  29.785 0.0000000000
77042  17.093  -15.611  29.124 0.0000000000
75954  17.485  -16.057  28.028 0.0000000000
77049  16.977  -15.595  28.420 0.0000000000
193708  14.790  -14.142  30.207 0.0000000000
167753  15.219  -14.532  29.071 0.0000000000
78276  14.842  -14.795  26.710 0.0000000000
171493  15.759  -14.820  28.196 0.0000000000
78275  15.613  -14.897  26.468 0.0000000000
189499  16.202  -15.124  26.315 0.0000000000
77078  15.699  -15.141  25.569 0.0000000000
164597  15.487  -15.450  24.831 0.0000000000
77079  14.772  -15.215  25.015 0.0000000000
172310  9.852  -13.868  35.630 0.0000000000
78158  9.509  -14.624  36.438 0.0000000000
78165  9.596  -14.671  36.111 0.0000000000
95765  38.065  -1.339  9.410 0.0000000000
92661  37.253  -4.036  9.499 0.0000000000
91665  36.751  -4.307  9.299 0.0000000000
91640  36.914  -4.302  9.764 0.0000000000
164709  35.941  -5.950  10.731 0.0000000000
89471  35.625  -5.838  10.022 0.0000000000
190768  35.569  -6.302  10.460 0.0000000000
89473  34.879  -7.113  9.887 0.0000000000
88230  34.991  -7.349  10.535 0.0000000000
88184  36.647  -7.687  13.738 0.0000000000
190608  35.255  -8.812  12.424 0.0000000000
86937  35.060  -8.509  11.883 0.0000000000
86938  34.755  -8.633  11.341 0.0000000000
85652  34.514  -9.366  11.214 0.0000000000
182671  34.281  -10.043  11.019 0.0000000000
83132  35.348  -11.436  10.634 0.0000000000
81964  35.444  -12.259  9.676 0.0000000000
80847  36.075  -12.634  9.667 0.0000000000
81930  37.230  -12.370  11.437 0.0000000000
80833  37.178  -12.891  11.081 0.0000000000
78552  36.680  -14.143  10.130 0.0000000000
79757  36.766  -13.806  9.982 0.0000000000
79758  36.523  -14.189  9.589 0.0000000000
80855  36.429  -13.787  9.353 0.0000000000
78585  35.902  -14.556  8.624 0.0000000000
78573  36.210  -14.565  9.262 0.0000000000
78576  33.661  -15.539  9.231 0.0000000000
73743  33.710  -16.566  21.260 0.0000000000
74912  35.130  -16.045  21.882 0.0000000000
74913  34.249  -16.137  21.369 0.0000000000
76062  34.616  -15.284  20.004 0.0000000000
76048  35.268  -15.394  20.807 0.0000000000
76061  35.808  -15.008  20.176 0.0000000000
167435  36.697  -14.999  20.362 0.0000000000
76075  35.265  -14.906  19.435 0.0000000000
77194  32.817  -15.076  18.167 0.0000000000
194136  33.348  -15.237  18.771 0.0000000000
77191  35.405  -14.574  18.060 0.0000000000
77174  36.322  -14.636  18.736 0.0000000000
77188  37.801  -14.215  18.224 0.0000000000
77212  36.937  -14.072  17.242 0.0000000000
171060  37.696  -13.753  15.833 0.0000000000
77247  38.462  -13.285  15.612 0.0000000000
77249  37.686  -13.660  15.080 0.0000000000
78429  37.129  -13.744  14.550 0.0000000000
164639  35.961  -13.951  12.589 0.0000000000
79635  33.213  -13.489  14.409 0.0000000000
79653  33.412  -13.421  13.650 0.0000000000
79694  32.831  -13.735  12.124 0.0000000000
78499  33.684  -13.861  12.281 0.0000000000
98232  39.959  0.069  7.858 0.0000000000
98223  39.303  0.152  8.343 0.0000000000
97058  37.124  -0.745  6.976 0.0000000000
97057  38.006  -0.445  6.545 0.0000000000
95810  36.582  -0.997  6.292 0.0000000000
97071  37.476  -0.783  5.350 0.0000000000
95820  36.202  -1.259  5.699 0.0000000000
91701  34.415  -4.791  7.102 0.0000000000
92714  35.182  -3.872  6.989 0.0000000000
92715  34.484  -4.216  6.612 0.0000000000
91729  33.316  -4.624  4.977 0.0000000000
92736  34.074  -3.565  5.066 0.0000000000
92737  33.680  -4.087  4.647 0.0000000000
93738  34.662  -2.894  4.015 0.0000000000
185624  34.192  -3.894  3.503 0.0000000000
99539  50.771  1.074  -8.495 0.0000000000
100659  50.003  1.768  -8.539 0.0000000000
101795  50.142  2.612  -8.211 0.0000000000
98347  47.404  0.269  -5.899 0.0000000000
95797  41.614  -1.239  7.712 0.0000000000
167198  40.674  -1.866  6.841 0.0000000000
95798  40.992  -0.861  7.251 0.0000000000
97054  40.339  -0.663  6.932 0.0000000000
95779  42.119  -1.110  8.215 0.0000000000
74947  20.907  -17.791  19.342 0.0000000000
73785  20.772  -18.688  19.390 0.0000000000
73750  20.697  -18.607  21.317 0.0000000000
78309  23.633  -14.376  22.459 0.0000000000
78310  22.882  -14.691  21.839 0.0000000000
193069  22.591  -14.768  21.286 0.0000000000
170903  22.390  -14.822  20.754 0.0000000000
78342  21.941  -15.167  20.219 0.0000000000
77152  21.108  -16.425  20.076 0.0000000000
89567  42.735  -6.268  2.659 0.0000000000
90710  43.189  -5.927  2.531 0.0000000000
71183  19.162  -19.846  28.571 0.0000000000
72457  18.834  -19.545  27.724 0.0000000000
72437  18.594  -18.903  28.764 0.0000000000
79462  12.657  -13.116  31.582 0.0000000000
79476  11.718  -13.800  30.761 0.0000000000
79477  11.058  -13.939  31.132 0.0000000000
79478  10.483  -14.489  31.308 0.0000000000
79452  10.544  -13.342  32.954 0.0000000000
79441  10.430  -13.122  33.834 0.0000000000
85605  38.498  -10.674  15.386 0.0000000000
83075  38.294  -11.333  14.506 0.0000000000
83081  38.086  -11.850  13.774 0.0000000000
81918  38.057  -12.000  13.094 0.0000000000
81912  38.374  -11.836  13.848 0.0000000000
79691  37.947  -12.799  13.082 0.0000000000
78416  28.943  -14.472  15.978 0.0000000000
78392  29.532  -14.804  16.557 0.0000000000
78415  29.574  -14.649  15.818 0.0000000000
78437  29.678  -14.442  15.133 0.0000000000
78436  30.224  -14.211  15.012 0.0000000000
89480  34.574  -6.904  9.411 0.0000000000
189967  34.529  -6.382  8.891 0.0000000000
89481  33.945  -7.117  9.097 0.0000000000
88268  33.160  -7.384  8.768 0.0000000000
100605  48.432  3.083  -3.572 0.0000000000
101751  48.947  3.599  -3.197 0.0000000000
98331  50.590  0.612  -5.438 0.0000000000
98332  49.757  0.520  -5.312 0.0000000000
192191  39.886  -6.071  2.927 0.0000000000
90697  40.105  -5.532  3.929 0.0000000000
94746  38.266  -2.549  3.868 0.0000000000
93736  38.287  -3.417  3.512 0.0000000000
93749  37.806  -3.464  3.154 0.0000000000
92770  36.269  -4.345  2.031 0.0000000000
92702  41.871  -3.979  7.709 0.0000000000
91686  42.174  -4.688  7.449 0.0000000000
91712  41.689  -5.188  6.173 0.0000000000
90669  42.080  -5.754  5.734 0.0000000000
89530  41.874  -6.058  5.037 0.0000000000
90696  40.765  -5.813  4.212 0.0000000000
71391  19.571  -20.315  18.711 0.0000000000
71337  16.692  -20.127  19.268 0.0000000000
188519  16.332  -19.740  19.773 0.0000000000
73725  31.013  -16.879  22.232 0.0000000000
73724  31.417  -17.152  21.797 0.0000000000
74902  30.086  -16.181  21.959 0.0000000000
184345  29.622  -15.871  21.778 0.0000000000
76033  29.319  -15.598  21.264 0.0000000000
78337  26.969  -14.050  20.085 0.0000000000
78350  26.360  -13.832  19.563 0.0000000000
79571  26.462  -13.729  18.847 0.0000000000
78361  27.127  -13.930  18.571 0.0000000000
79583  26.457  -13.629  18.202 0.0000000000
184445  25.842  -13.477  17.489 0.0000000000
79605  24.730  -13.936  16.272 0.0000000000
79606  24.233  -14.040  16.642 0.0000000000
81965  34.723  -12.235  9.403 0.0000000000
100558  45.164  2.383  3.030 0.0000000000
101694  46.700  3.322  2.848 0.0000000000
100557  45.782  2.935  2.845 0.0000000000
101700  45.675  3.156  2.129 0.0000000000
101705  46.031  3.487  1.563 0.0000000000
101734  44.262  3.120  -0.819 0.0000000000
101747  43.871  2.739  -2.090 0.0000000000
101745  45.851  3.378  -2.338 0.0000000000
101744  46.611  3.588  -2.337 0.0000000000
101755  45.433  3.071  -3.036 0.0000000000
100608  45.808  2.912  -3.791 0.0000000000
77089  23.377  -15.248  25.272 0.0000000000
75983  23.208  -15.629  25.815 0.0000000000
75963  23.161  -16.247  26.810 0.0000000000
77074  25.837  -15.040  25.438 0.0000000000
97075  45.081  -0.262  3.789 0.0000000000
179821  43.981  -1.025  3.362 0.0000000000
192246  43.435  -0.824  3.213 0.0000000000
74858  20.948  -17.813  24.459 0.0000000000
73696  20.610  -18.728  23.282 0.0000000000
169038  20.585  -18.792  23.915 0.0000000000
72540  20.525  -19.348  23.333 0.0000000000
70003  20.140  -20.028  22.832 0.0000000000
74848  18.403  -17.816  25.266 0.0000000000
73681  18.751  -18.734  24.086 0.0000000000
74859  18.256  -17.830  24.240 0.0000000000
170985  17.731  -17.489  23.343 0.0000000000
74890  17.126  -17.328  22.583 0.0000000000
74905  16.599  -17.534  22.111 0.0000000000
74875  16.980  -16.931  23.275 0.0000000000
185570  16.296  -16.743  23.380 0.0000000000
76013  15.700  -16.956  23.258 0.0000000000
77043  16.523  -15.088  29.394 0.0000000000
164666  14.375  -14.497  28.726 0.0000000000
78266  13.991  -14.622  27.775 0.0000000000
78277  14.052  -14.778  26.880 0.0000000000
78284  14.142  -14.904  26.178 0.0000000000
77080  13.836  -15.254  25.429 0.0000000000
90601  36.577  -4.703  10.078 0.0000000000
90585  37.134  -4.612  10.768 0.0000000000
90586  36.517  -5.177  10.722 0.0000000000
89456  36.514  -5.816  11.513 0.0000000000
85608  37.094  -9.469  14.677 0.0000000000
88166  37.066  -8.127  14.561 0.0000000000
86918  36.584  -8.693  14.303 0.0000000000
88185  36.104  -7.840  13.216 0.0000000000
88199  35.852  -7.506  12.548 0.0000000000
86929  35.624  -8.555  13.020 0.0000000000
85640  34.806  -9.934  11.492 0.0000000000
84374  35.361  -10.192  11.934 0.0000000000
166347  35.741  -10.807  11.633 0.0000000000
83131  36.169  -11.710  10.740 0.0000000000
79713  36.929  -13.414  11.084 0.0000000000
79734  37.063  -13.169  11.025 0.0000000000
78553  35.979  -14.861  9.743 0.0000000000
173228  32.815  -16.850  20.432 0.0000000000
74926  33.446  -16.389  20.707 0.0000000000
74941  32.977  -16.418  20.124 0.0000000000
162169  33.998  -15.295  19.515 0.0000000000
78387  33.495  -14.447  16.961 0.0000000000
77215  34.590  -14.539  17.596 0.0000000000
77214  35.357  -14.322  17.354 0.0000000000
77213  36.606  -14.009  16.793 0.0000000000
174221  36.119  -14.032  16.710 0.0000000000
78408  36.330  -13.903  15.924 0.0000000000
78430  36.481  -13.857  15.035 0.0000000000
78455  35.834  -13.841  14.582 0.0000000000
167342  32.165  -13.451  12.775 0.0000000000
79695  32.109  -13.724  11.969 0.0000000000
79714  32.439  -14.038  11.348 0.0000000000
79736  32.009  -14.338  10.725 0.0000000000
179082  38.200  -0.439  8.742 0.0000000000
97022  38.547  -0.186  8.065 0.0000000000
97023  37.764  -0.614  8.256 0.0000000000
95799  36.900  -1.340  7.590 0.0000000000
94719  36.043  -1.966  6.864 0.0000000000
90656  32.885  -5.645  6.475 0.0000000000
91702  33.865  -4.712  6.418 0.0000000000
97202  50.539  -0.055  -7.325 0.0000000000
98360  50.899  0.290  -7.736 0.0000000000
92724  40.578  -4.042  5.966 0.0000000000
92725  40.151  -3.994  5.362 0.0000000000
93712  40.191  -3.457  5.867 0.0000000000
93723  39.711  -3.031  5.324 0.0000000000
95816  40.166  -1.804  6.364 0.0000000000
95826  39.410  -1.968  5.332 0.0000000000
94734  39.164  -2.446  4.767 0.0000000000
94745  38.672  -2.015  4.424 0.0000000000
95839  37.228  -1.476  4.188 0.0000000000
93671  42.536  -3.130  8.763 0.0000000000
94688  42.498  -2.342  8.784 0.0000000000
93691  42.173  -3.553  8.252 0.0000000000
173993  41.348  -3.618  7.328 0.0000000000
92713  41.058  -4.014  6.636 0.0000000000
70126  20.097  -20.467  18.270 0.0000000000
72621  20.566  -19.439  19.338 0.0000000000
176701  20.050  -20.124  19.027 0.0000000000
71362  19.300  -20.009  19.128 0.0000000000
71336  18.904  -19.530  19.592 0.0000000000
77109  27.737  -14.878  22.775 0.0000000000
77121  27.946  -14.854  22.006 0.0000000000
77122  27.231  -14.558  22.391 0.0000000000
78306  26.573  -14.198  21.856 0.0000000000
78322  25.835  -13.983  21.237 0.0000000000
78323  24.876  -13.943  21.480 0.0000000000
78339  25.154  -13.862  20.680 0.0000000000
79562  24.497  -13.749  20.171 0.0000000000
177094  24.040  -13.590  18.719 0.0000000000
79587  23.176  -14.136  18.373 0.0000000000
78363  22.137  -15.024  18.472 0.0000000000
77179  21.307  -16.107  18.395 0.0000000000
99445  41.918  1.240  1.580 0.0000000000
100567  43.466  2.393  1.303 0.0000000000
99449  42.142  1.886  0.949 0.0000000000
74833  24.496  -16.240  27.442 0.0000000000
90709  44.417  -5.486  3.513 0.0000000000
91751  44.439  -5.090  3.143 0.0000000000
173840  43.866  -3.642  2.780 0.0000000000
187381  43.167  -2.944  2.818 0.0000000000
183251  42.620  -3.386  2.494 0.0000000000
92769  41.575  -4.128  1.841 0.0000000000
91780  40.998  -4.733  0.818 0.0000000000
71208  20.135  -19.916  26.077 0.0000000000
71230  20.366  -19.761  24.965 0.0000000000
71232  19.627  -20.159  25.693 0.0000000000
71252  19.312  -19.946  25.315 0.0000000000
72497  18.985  -19.469  25.921 0.0000000000
73634  18.646  -18.926  27.393 0.0000000000
73649  18.711  -18.796  26.557 0.0000000000
73664  18.714  -18.625  25.619 0.0000000000
74849  18.100  -17.095  25.768 0.0000000000
75976  17.590  -16.465  26.300 0.0000000000
78219  15.579  -13.971  31.498 0.0000000000
78238  13.940  -14.101  30.002 0.0000000000
78248  13.737  -14.293  29.157 0.0000000000
78258  12.657  -14.750  28.137 0.0000000000
78268  12.310  -15.216  27.763 0.0000000000
191781  11.714  -16.057  27.857 0.0000000000
78251  11.272  -14.941  29.268 0.0000000000
85618  37.040  -10.318  14.061 0.0000000000
194202  36.762  -10.873  13.156 0.0000000000
171698  36.704  -10.956  12.826 0.0000000000
164326  37.146  -11.453  12.769 0.0000000000
83106  37.276  -11.747  12.028 0.0000000000
81929  37.358  -12.319  11.983 0.0000000000
81919  37.497  -12.209  12.572 0.0000000000
80823  37.478  -12.560  12.131 0.0000000000
79712  37.153  -13.203  11.503 0.0000000000
78520  36.759  -13.526  11.295 0.0000000000
76081  30.816  -16.019  18.759 0.0000000000
76079  32.142  -16.158  19.111 0.0000000000
76093  31.573  -15.677  18.405 0.0000000000
77195  31.871  -15.155  17.885 0.0000000000
77218  30.522  -14.967  16.935 0.0000000000
77217  31.318  -14.795  17.051 0.0000000000
184030  33.060  -14.695  17.391 0.0000000000
78388  32.765  -14.391  16.686 0.0000000000
78410  33.415  -14.032  16.096 0.0000000000
78434  32.884  -13.766  15.211 0.0000000000
79636  32.478  -13.574  14.565 0.0000000000
79637  31.754  -13.635  14.316 0.0000000000
79638  30.995  -13.757  14.026 0.0000000000
79655  31.599  -13.501  13.532 0.0000000000
79656  30.940  -13.717  13.371 0.0000000000
92681  36.586  -3.937  8.393 0.0000000000
92703  36.186  -3.771  7.858 0.0000000000
91688  35.407  -4.631  7.911 0.0000000000
91689  34.873  -4.910  7.667 0.0000000000
183242  34.331  -5.175  7.446 0.0000000000
90618  34.152  -6.020  8.219 0.0000000000
89503  33.252  -6.326  7.859 0.0000000000
90638  32.969  -5.932  7.144 0.0000000000
89516  32.280  -6.303  6.428 0.0000000000
98343  51.485  0.586  -6.866 0.0000000000
98353  50.993  0.419  -6.270 0.0000000000
98352  51.031  0.234  -7.067 0.0000000000
97215  48.998  -0.600  -7.615 0.0000000000
184125  40.303  -6.565  2.146 0.0000000000
89583  39.254  -6.118  1.968 0.0000000000
91728  39.667  -4.499  4.311 0.0000000000
91740  39.315  -4.603  3.751 0.0000000000
91753  39.074  -4.816  3.125 0.0000000000
92745  38.341  -3.948  3.135 0.0000000000
91754  38.350  -4.414  2.665 0.0000000000
90712  38.750  -4.937  2.459 0.0000000000
187257  37.966  -5.526  1.473 0.0000000000
91685  42.856  -4.945  7.663 0.0000000000
91684  43.730  -5.217  7.789 0.0000000000
89552  43.986  -5.935  4.390 0.0000000000
89553  43.501  -6.086  3.967 0.0000000000
164522  42.576  -6.423  3.289 0.0000000000
89543  42.089  -6.419  4.454 0.0000000000
89581  41.429  -6.526  2.431 0.0000000000
73719  35.499  -16.523  23.091 0.0000000000
183296  35.873  -16.186  22.781 0.0000000000
73720  34.829  -16.711  22.831 0.0000000000
186489  33.611  -16.912  21.780 0.0000000000
191186  33.307  -16.979  21.303 0.0000000000
73747  31.559  -17.162  21.179 0.0000000000
165102  31.964  -17.295  20.972 0.0000000000
73766  32.519  -17.208  20.593 0.0000000000
74928  32.415  -17.072  20.226 0.0000000000
74944  31.482  -16.717  19.683 0.0000000000
74956  30.823  -16.297  19.267 0.0000000000
77133  28.109  -14.813  21.200 0.0000000000
77149  28.764  -15.126  20.866 0.0000000000
77150  28.234  -14.723  20.393 0.0000000000
77162  28.864  -15.060  20.106 0.0000000000
76067  29.392  -15.466  19.829 0.0000000000
77175  29.815  -15.637  18.975 0.0000000000
76082  30.308  -15.840  18.804 0.0000000000
77198  29.777  -15.358  18.207 0.0000000000
77199  29.157  -14.889  17.807 0.0000000000
78373  27.821  -14.036  17.382 0.0000000000
78393  28.198  -14.171  16.616 0.0000000000
79621  27.252  -13.953  15.234 0.0000000000
191589  22.753  -14.753  17.525 0.0000000000
78376  22.834  -14.914  16.951 0.0000000000
85654  33.333  -9.475  10.190 0.0000000000
102890  48.237  4.122  0.274 0.0000000000
100566  44.131  2.600  1.591 0.0000000000
101707  45.029  3.194  1.136 0.0000000000
162760  45.679  3.518  1.028 0.0000000000
101723  44.811  3.319  -0.118 0.0000000000
101710  46.017  3.756  0.376 0.0000000000
192074  47.276  4.001  0.292 0.0000000000
186223  47.593  4.063  -0.042 0.0000000000
102898  47.957  4.181  -0.449 0.0000000000
102907  47.795  4.151  -1.279 0.0000000000
101742  47.827  3.887  -2.204 0.0000000000
101752  47.768  3.468  -2.953 0.0000000000
177381  48.262  3.594  -2.916 0.0000000000
100619  48.134  2.587  -4.178 0.0000000000
99492  48.441  1.877  -4.576 0.0000000000
99510  47.861  1.458  -5.012 0.0000000000
76024  21.264  -16.282  22.507 0.0000000000
76012  21.379  -16.279  23.316 0.0000000000
75985  21.811  -16.470  24.866 0.0000000000
167702  21.218  -17.127  24.325 0.0000000000
73662  21.098  -17.754  25.179 0.0000000000
73663  20.847  -18.402  25.368 0.0000000000
74834  23.659  -16.482  27.404 0.0000000000
74835  22.863  -16.761  27.230 0.0000000000
73631  23.303  -17.216  28.206 0.0000000000
74823  22.992  -17.080  27.761 0.0000000000
73648  20.986  -18.368  26.249 0.0000000000
72476  20.550  -19.199  26.742 0.0000000000
169789  20.052  -19.974  27.100 0.0000000000
174012  19.848  -20.212  28.099 0.0000000000
69947  19.894  -20.167  28.450 0.0000000000
69948  19.744  -20.229  28.496 0.0000000000
74868  36.887  -15.958  23.544 0.0000000000
194435  35.934  -16.449  23.500 0.0000000000
73706  35.071  -16.859  23.409 0.0000000000
72555  33.739  -17.365  23.194 0.0000000000
72556  32.743  -17.508  23.251 0.0000000000
72557  32.133  -17.439  23.211 0.0000000000
72559  31.071  -17.008  22.871 0.0000000000
73708  30.529  -16.669  22.886 0.0000000000
74887  29.426  -15.991  23.061 0.0000000000
77111  26.057  -14.522  23.477 0.0000000000
78291  25.067  -14.355  23.754 0.0000000000
78299  23.391  -14.645  23.222 0.0000000000
77112  22.614  -15.132  23.128 0.0000000000
99435  45.578  1.349  4.067 0.0000000000
100554  45.603  2.287  3.578 0.0000000000
99439  44.931  1.716  3.467 0.0000000000
194864  44.439  1.568  3.125 0.0000000000
99444  43.320  1.550  2.352 0.0000000000
94759  42.687  -2.013  2.942 0.0000000000
95849  42.581  -1.257  2.989 0.0000000000
94771  41.271  -1.982  2.380 0.0000000000
95861  41.544  -1.413  2.530 0.0000000000
97080  42.879  -0.635  3.025 0.0000000000
97088  42.334  -0.153  2.722 0.0000000000
98267  42.242  0.575  2.361 0.0000000000
163913  42.643  1.245  2.149 0.0000000000
99450  41.091  0.894  1.159 0.0000000000
76025  20.958  -17.049  22.100 0.0000000000
74904  20.774  -17.956  21.729 0.0000000000
170544  20.648  -18.885  21.806 0.0000000000
73709  20.683  -18.768  22.540 0.0000000000
182047  20.474  -19.392  21.878 0.0000000000
71311  20.378  -19.500  21.463 0.0000000000
71313  19.776  -20.036  20.954 0.0000000000
72608  18.261  -18.851  20.045 0.0000000000
71250  20.026  -20.108  24.366 0.0000000000
167741  19.471  -20.062  23.433 0.0000000000
71279  19.418  -20.032  22.798 0.0000000000
72541  18.825  -18.980  23.446 0.0000000000
72561  19.047  -19.506  23.037 0.0000000000
167098  19.132  -19.644  22.347 0.0000000000
182400  18.692  -19.003  20.894 0.0000000000
73772  17.367  -18.460  20.313 0.0000000000
174188  16.574  -19.022  20.085 0.0000000000
72597  15.966  -19.149  20.822 0.0000000000
175245  16.484  -17.923  21.504 0.0000000000
73754  15.951  -18.606  21.366 0.0000000000
75953  17.898  -16.678  28.415 0.0000000000
75964  17.286  -16.017  27.094 0.0000000000
194059  17.013  -15.886  26.291 0.0000000000
166232  16.022  -14.574  30.396 0.0000000000
78236  15.813  -14.624  29.656 0.0000000000
78256  15.043  -14.636  28.402 0.0000000000
77068  16.280  -15.076  27.078 0.0000000000
182660  16.675  -15.524  26.707 0.0000000000
77077  16.268  -15.654  24.994 0.0000000000
76001  15.859  -16.397  23.864 0.0000000000
172234  15.128  -16.708  23.715 0.0000000000
75989  14.526  -16.410  24.190 0.0000000000
76002  14.586  -17.154  23.792 0.0000000000
76014  15.101  -17.350  23.270 0.0000000000
184262  9.851  -14.230  34.961 0.0000000000
172656  9.631  -15.663  35.209 0.0000000000
98221  40.826  0.326  8.674 0.0000000000
95766  37.690  -1.698  8.884 0.0000000000
94675  37.645  -2.704  8.836 0.0000000000
91666  36.318  -4.406  8.826 0.0000000000
90615  35.838  -4.867  9.082 0.0000000000
90603  35.499  -5.500  9.354 0.0000000000
166050  35.120  -6.342  9.528 0.0000000000
163449  34.199  -8.287  10.367 0.0000000000
89457  35.909  -6.480  11.400 0.0000000000
88216  35.615  -7.190  11.764 0.0000000000
88218  34.666  -8.091  10.736 0.0000000000
86950  34.298  -8.767  10.757 0.0000000000
84406  33.633  -10.065  10.545 0.0000000000
179707  33.436  -10.677  10.250 0.0000000000
83133  34.544  -11.223  10.500 0.0000000000
81953  34.203  -11.641  9.932 0.0000000000
80856  35.496  -12.720  9.198 0.0000000000
80867  35.950  -13.789  8.656 0.0000000000
83092  36.839  -11.424  12.228 0.0000000000
81931  36.859  -12.054  11.046 0.0000000000
81950  36.607  -12.467  10.318 0.0000000000
80845  36.987  -13.207  10.521 0.0000000000
78587  34.958  -15.770  8.385 0.0000000000
79634  39.231  -12.486  15.441 0.0000000000
74900  36.331  -15.921  22.634 0.0000000000
176779  36.547  -15.654  22.111 0.0000000000
74923  36.535  -15.432  21.565 0.0000000000
162355  34.939  -15.767  21.289 0.0000000000
76047  36.886  -15.089  20.877 0.0000000000
77161  37.614  -14.738  19.507 0.0000000000
76092  32.792  -15.694  19.039 0.0000000000
76077  33.739  -15.305  19.264 0.0000000000
191034  34.210  -15.060  19.089 0.0000000000
186229  34.165  -14.785  18.159 0.0000000000
184531  34.708  -14.818  18.678 0.0000000000
76076  34.749  -14.965  19.230 0.0000000000
187610  35.797  -14.760  19.098 0.0000000000
77173  37.178  -14.623  18.971 0.0000000000
77172  37.983  -14.455  18.955 0.0000000000
172412  38.433  -14.123  18.316 0.0000000000
167203  37.693  -13.853  16.588 0.0000000000
166784  38.010  -13.850  16.940 0.0000000000
77234  38.556  -13.384  16.353 0.0000000000
78406  38.842  -13.126  16.022 0.0000000000
187293  38.783  -13.025  15.460 0.0000000000
78450  38.889  -12.904  15.230 0.0000000000
78451  38.431  -13.054  14.540 0.0000000000
78474  37.753  -12.999  13.441 0.0000000000
78475  37.268  -13.307  12.936 0.0000000000
78453  36.785  -13.814  13.560 0.0000000000
165952  36.814  -13.541  12.435 0.0000000000
78497  36.410  -13.807  12.088 0.0000000000
167583  35.834  -14.074  11.900 0.0000000000
78478  34.792  -13.748  13.327 0.0000000000
78479  33.965  -13.616  13.104 0.0000000000
78498  35.074  -14.279  11.799 0.0000000000
78555  33.232  -15.025  9.844 0.0000000000
78525  32.722  -14.514  10.514 0.0000000000
98231  40.495  0.155  8.095 0.0000000000
97038  39.944  -0.268  7.196 0.0000000000
97055  39.722  -0.555  6.588 0.0000000000
97039  38.696  -0.259  7.162 0.0000000000
97064  38.565  -0.599  5.841 0.0000000000
97070  38.201  -0.816  5.280 0.0000000000
95829  37.028  -1.112  4.837 0.0000000000
94749  35.857  -2.033  3.724 0.0000000000
93694  35.761  -3.475  7.301 0.0000000000
94713  35.858  -2.623  7.085 0.0000000000
94720  35.511  -2.195  6.395 0.0000000000
92716  33.927  -4.277  6.000 0.0000000000
93713  34.939  -2.684  6.032 0.0000000000
94727  35.226  -2.155  5.731 0.0000000000
94735  35.368  -1.898  5.082 0.0000000000
168225  35.688  -1.715  4.451 0.0000000000
94763  35.787  -2.682  3.092 0.0000000000
98346  48.363  0.259  -5.920 0.0000000000
97194  48.691  -0.176  -6.402 0.0000000000
173037  48.110  -0.581  -6.824 0.0000000000
69940  20.173  -19.930  28.986 0.0000000000
69949  19.527  -20.069  28.786 0.0000000000
69958  19.794  -20.226  27.560 0.0000000000
69959  19.684  -20.241  27.942 0.0000000000
69960  19.471  -20.110  28.263 0.0000000000
70042  20.049  -20.063  22.428 0.0000000000
71193  20.392  -19.611  27.627 0.0000000000
71194  20.079  -20.029  27.902 0.0000000000
71195  19.059  -19.821  28.015 0.0000000000
71231  19.941  -20.126  25.130 0.0000000000
71233  19.281  -19.927  26.302 0.0000000000
71263  20.471  -19.695  23.432 0.0000000000
71264  20.313  -19.905  23.134 0.0000000000
71265  19.766  -20.283  23.985 0.0000000000
71277  20.460  -19.622  22.889 0.0000000000
71278  19.752  -20.265  22.833 0.0000000000
71312  20.032  -19.870  21.137 0.0000000000
71333  20.288  -19.541  20.727 0.0000000000
72436  18.825  -19.486  28.380 0.0000000000
72554  34.165  -17.295  23.470 0.0000000000
72558  31.589  -17.279  22.944 0.0000000000
72574  33.882  -17.170  22.853 0.0000000000
72575  33.425  -17.397  22.630 0.0000000000
72577  32.317  -17.506  22.473 0.0000000000
72579  31.356  -17.133  22.365 0.0000000000
72580  20.568  -19.170  22.212 0.0000000000
72592  32.602  -17.480  21.792 0.0000000000
72594  31.857  -17.345  21.474 0.0000000000
73650  18.490  -18.280  27.131 0.0000000000
73675  36.033  -16.586  23.989 0.0000000000
73692  35.166  -16.971  23.922 0.0000000000
73705  35.623  -16.639  23.609 0.0000000000
73718  35.993  -16.263  23.097 0.0000000000
73721  34.071  -16.883  22.502 0.0000000000
73723  32.930  -17.428  22.009 0.0000000000
73726  30.564  -16.543  22.122 0.0000000000
73742  34.376  -16.501  22.062 0.0000000000
73744  33.106  -17.171  21.395 0.0000000000
73746  32.311  -17.406  21.136 0.0000000000
73748  31.016  -16.826  21.516 0.0000000000
73765  33.017  -17.152  20.895 0.0000000000
73767  32.221  -17.245  20.560 0.0000000000
73770  20.703  -18.650  20.490 0.0000000000
73784  31.767  -17.002  20.008 0.0000000000
74814  18.176  -17.254  28.797 0.0000000000
74867  37.394  -15.614  23.178 0.0000000000
74899  36.763  -15.664  22.357 0.0000000000
74901  35.963  -15.929  22.240 0.0000000000
74903  29.549  -15.903  22.366 0.0000000000
74914  30.651  -16.556  21.001 0.0000000000
74925  34.317  -15.776  20.717 0.0000000000
74927  32.562  -17.000  20.304 0.0000000000
74930  30.776  -16.604  20.365 0.0000000000
74943  32.198  -16.893  19.887 0.0000000000
74946  30.299  -16.239  19.958 0.0000000000
74953  32.332  -16.655  19.653 0.0000000000
75945  17.886  -16.657  28.996 0.0000000000
75997  22.132  -15.880  24.584 0.0000000000
76050  29.329  -15.501  20.498 0.0000000000
76065  30.317  -16.086  19.387 0.0000000000
76066  29.855  -15.809  19.587 0.0000000000
76074  36.258  -14.814  19.464 0.0000000000
76078  33.215  -15.712  19.396 0.0000000000
76080  31.386  -16.184  18.798 0.0000000000
76090  34.215  -14.969  18.771 0.0000000000
76094  30.891  -15.694  18.269 0.0000000000
76096  21.630  -16.295  16.841 0.0000000000
77058  16.371  -15.107  27.946 0.0000000000
77059  12.516  -15.414  27.151 0.0000000000
77091  15.684  -15.875  24.406 0.0000000000
77092  14.934  -15.750  24.466 0.0000000000
77124  21.701  -15.660  22.053 0.0000000000
77160  38.080  -14.584  19.595 0.0000000000
77164  21.501  -15.625  19.744 0.0000000000
77190  36.205  -14.426  18.039 0.0000000000
77216  32.288  -14.747  17.279 0.0000000000
77233  38.856  -13.277  16.711 0.0000000000
77236  37.144  -13.892  16.370 0.0000000000
77248  38.064  -13.541  15.506 0.0000000000
78231  10.508  -14.947  30.877 0.0000000000
78241  11.055  -14.724  29.950 0.0000000000
78250  11.848  -14.668  28.998 0.0000000000
78340  22.829  -14.429  20.367 0.0000000000
78390  30.468  -14.674  16.239 0.0000000000
78426  39.065  -12.857  15.735 0.0000000000
78428  38.071  -13.407  15.012 0.0000000000
78452  38.157  -13.101  14.288 0.0000000000
79465  10.586  -13.963  31.874 0.0000000000
79594  23.241  -14.362  17.537 0.0000000000
79650  39.243  -11.963  14.959 0.0000000000
79651  38.969  -12.394  14.713 0.0000000000
79652  38.654  -12.522  14.201 0.0000000000
79672  38.277  -12.455  13.747 0.0000000000
80805  39.047  -11.863  14.537 0.0000000000
80817  38.018  -12.344  13.544 0.0000000000
81904  39.352  -11.683  15.194 0.0000000000
81905  39.158  -11.685  14.613 0.0000000000
81911  38.836  -11.958  14.307 0.0000000000
83074  38.855  -11.680  14.684 0.0000000000
84407  33.062  -10.106  10.043 0.0000000000
85628  36.651  -10.522  13.501 0.0000000000
86952  33.127  -9.013  9.765 0.0000000000
86996  31.859  -8.454  7.764 0.0000000000
88280  31.902  -7.802  7.461 0.0000000000
89505  32.007  -7.313  7.243 0.0000000000
89515  44.122  -6.069  6.057 0.0000000000
90633  43.940  -5.757  7.204 0.0000000000
90634  43.285  -5.499  7.156 0.0000000000
90637  33.855  -5.659  7.595 0.0000000000
90727  38.311  -5.212  1.843 0.0000000000
91641  36.385  -4.581  9.431 0.0000000000
91687  35.961  -4.310  8.182 0.0000000000
91703  33.177  -5.139  6.097 0.0000000000
92660  43.718  -3.860  9.265 0.0000000000
92679  42.773  -3.915  8.595 0.0000000000
92705  35.047  -4.475  7.321 0.0000000000
92726  34.192  -3.778  5.853 0.0000000000
92727  33.742  -4.133  5.371 0.0000000000
92747  33.755  -4.210  3.910 0.0000000000
92754  44.434  -4.361  2.902 0.0000000000
92771  35.570  -4.062  2.121 0.0000000000
93673  36.785  -3.330  8.017 0.0000000000
93693  36.318  -3.029  7.603 0.0000000000
93703  35.295  -3.043  6.711 0.0000000000
93714  34.484  -3.121  5.558 0.0000000000
93725  34.476  -2.917  4.734 0.0000000000
93726  34.162  -3.527  4.178 0.0000000000
93737  35.201  -2.661  3.526 0.0000000000
93763  35.397  -3.587  2.430 0.0000000000
94690  37.149  -2.724  8.255 0.0000000000
94736  35.064  -2.246  4.351 0.0000000000
94747  37.450  -2.072  3.738 0.0000000000
94748  36.702  -1.866  3.661 0.0000000000
95781  37.350  -1.291  8.289 0.0000000000
95800  36.475  -1.408  6.945 0.0000000000
95807  41.085  -1.593  7.210 0.0000000000
95819  36.799  -0.910  5.549 0.0000000000
95821  35.638  -1.684  5.752 0.0000000000
95828  37.766  -1.132  4.740 0.0000000000
95830  36.466  -1.188  5.073 0.0000000000
95831  35.925  -1.446  5.038 0.0000000000
95847  43.885  -1.709  3.288 0.0000000000
95850  42.119  -1.494  2.847 0.0000000000
97021  40.978  -0.052  8.039 0.0000000000
97024  37.328  -0.794  7.748 0.0000000000
97056  38.992  -0.445  6.459 0.0000000000
97065  37.262  -0.663  6.094 0.0000000000
97089  41.268  -0.757  2.271 0.0000000000
98249  39.394  -0.284  6.949 0.0000000000
98260  44.771  0.379  3.626 0.0000000000
98264  42.952  0.197  2.875 0.0000000000
98266  43.051  0.931  2.668 0.0000000000
98269  41.101  -0.163  1.928 0.0000000000
98359  51.307  0.714  -8.117 0.0000000000
99448  42.826  1.851  1.641 0.0000000000
100568  42.795  2.231  0.950 0.0000000000
100607  46.769  2.979  -3.884 0.0000000000
100617  49.831  1.985  -4.180 0.0000000000
100658  50.916  1.906  -8.441 0.0000000000
101706  45.342  3.171  1.665 0.0000000000
101709  46.735  3.930  0.307 0.0000000000
101712  44.608  3.140  0.629 0.0000000000
101733  44.572  3.112  -1.649 0.0000000000
164016  45.885  3.746  -0.918 0.0000000000
164521  20.774  -18.294  22.286 0.0000000000
165216  30.024  -15.242  17.701 0.0000000000
166780  19.817  -20.194  25.961 0.0000000000
167900  37.151  -11.782  12.189 0.0000000000
170630  35.707  -11.213  11.164 0.0000000000
172068  33.329  -17.493  23.233 0.0000000000
172986  39.783  -2.172  5.824 0.0000000000
173180  20.687  -18.421  23.957 0.0000000000
174417  13.831  -16.611  24.616 0.0000000000
176594  38.873  -2.713  4.243 0.0000000000
177674  40.421  -2.705  1.655 0.0000000000
181947  45.056  3.130  -2.321 0.0000000000
184064  32.651  -16.779  20.135 0.0000000000
185482  29.449  -15.445  19.273 0.0000000000
185566  20.306  -19.774  21.983 0.0000000000
186168  20.189  -19.978  24.624 0.0000000000
187668  15.048  -17.890  22.901 0.0000000000
187805  19.949  -20.161  23.270 0.0000000000
188097  43.828  2.866  -1.451 0.0000000000
189353  44.505  2.953  1.227 0.0000000000
189706  39.483  -12.403  15.925 0.0000000000
190772  30.792  -14.763  16.614 0.0000000000
190955  31.915  -17.390  22.681 0.0000000000
191714  36.466  -14.911  19.969 0.0000000000
193891  36.639  -2.744  3.117 0.0000000000
193927  36.273  -15.664  21.908 0.0000000000
195085  20.032  -20.056  25.532 0.0000000000
