#!ascii label  , from subject sub-v2s2x29068_ses-1 vox2ras=TkReg
724
59826  25.708  -27.092  29.281 0.0000000000
74237  44.500  -15.195  16.347 0.0000000000
74260  50.634  -13.880  15.014 0.0000000000
164177  44.131  -25.360  24.500 0.0000000000
59847  31.152  -27.609  27.581 0.0000000000
57762  29.376  -28.785  29.876 0.0000000000
75145  47.975  -13.416  16.133 0.0000000000
71422  48.886  -17.846  20.465 0.0000000000
61884  40.518  -25.170  27.173 0.0000000000
58808  35.764  -28.677  29.710 0.0000000000
81263  50.109  -8.184  6.490 0.0000000000
80145  52.562  -7.660  11.097 0.0000000000
173315  41.392  -20.684  22.699 0.0000000000
70411  44.609  -18.308  23.925 0.0000000000
60856  28.191  -26.146  28.815 0.0000000000
59824  27.371  -27.029  29.003 0.0000000000
74235  46.192  -14.345  17.150 0.0000000000
74209  48.928  -14.261  19.284 0.0000000000
73326  46.937  -15.638  19.798 0.0000000000
56697  40.630  -30.676  25.679 0.0000000000
58798  31.979  -28.752  31.265 0.0000000000
58847  33.694  -28.260  29.089 0.0000000000
56632  34.474  -30.321  30.677 0.0000000000
81252  50.582  -7.407  7.880 0.0000000000
79147  48.738  -9.746  7.189 0.0000000000
79133  50.589  -8.144  8.464 0.0000000000
77003  50.001  -11.954  13.932 0.0000000000
78091  49.746  -10.681  11.545 0.0000000000
77013  52.050  -11.827  13.142 0.0000000000
163775  51.623  -13.523  10.682 0.0000000000
75192  49.377  -14.019  12.549 0.0000000000
164153  41.695  -25.101  25.430 0.0000000000
66281  40.434  -22.171  26.513 0.0000000000
66295  42.763  -21.799  26.131 0.0000000000
69416  43.120  -19.344  24.042 0.0000000000
66310  44.337  -21.572  24.683 0.0000000000
67323  45.441  -21.311  22.847 0.0000000000
62982  45.218  -25.089  22.656 0.0000000000
59821  29.682  -27.057  30.202 0.0000000000
76060  47.941  -12.782  14.373 0.0000000000
76042  50.772  -13.437  16.217 0.0000000000
73333  50.763  -15.617  17.665 0.0000000000
70490  49.248  -18.097  18.731 0.0000000000
59833  38.515  -26.791  28.634 0.0000000000
59855  39.867  -27.441  26.896 0.0000000000
58887  41.370  -28.042  25.197 0.0000000000
58905  43.786  -28.177  24.525 0.0000000000
57866  44.328  -29.203  22.270 0.0000000000
59834  36.964  -27.551  28.398 0.0000000000
57779  37.471  -29.305  28.931 0.0000000000
79176  50.108  -9.820  4.692 0.0000000000
80172  50.489  -7.735  9.233 0.0000000000
176529  51.096  -10.895  9.173 0.0000000000
75239  49.125  -13.812  8.804 0.0000000000
71452  45.217  -17.298  20.045 0.0000000000
71397  46.695  -17.306  22.830 0.0000000000
67345  46.014  -20.338  21.485 0.0000000000
59838  26.010  -27.860  28.748 0.0000000000
170995  26.178  -27.110  28.961 0.0000000000
58852  26.460  -28.529  28.397 0.0000000000
74227  45.710  -14.880  17.544 0.0000000000
74217  46.446  -15.256  18.214 0.0000000000
73342  45.534  -15.506  18.252 0.0000000000
57721  33.316  -29.412  31.138 0.0000000000
81241  50.254  -7.125  8.301 0.0000000000
80184  50.603  -7.579  8.625 0.0000000000
81231  50.229  -7.482  8.836 0.0000000000
76059  51.145  -12.751  14.387 0.0000000000
77014  51.522  -11.793  13.559 0.0000000000
75160  51.343  -12.890  13.723 0.0000000000
152135  51.098  -13.579  12.458 0.0000000000
61912  43.350  -25.290  24.864 0.0000000000
64043  42.428  -23.385  25.786 0.0000000000
65211  43.105  -23.177  25.421 0.0000000000
66311  43.805  -21.919  25.147 0.0000000000
64049  44.358  -23.341  24.428 0.0000000000
65220  44.748  -22.876  23.864 0.0000000000
61922  45.039  -25.508  23.488 0.0000000000
60839  29.257  -26.809  29.446 0.0000000000
59807  29.547  -27.304  30.692 0.0000000000
57725  30.520  -28.302  31.472 0.0000000000
76046  46.833  -13.393  15.244 0.0000000000
75161  46.548  -13.502  14.435 0.0000000000
76045  47.548  -13.110  15.418 0.0000000000
76053  49.042  -12.795  15.061 0.0000000000
76037  49.893  -13.440  16.621 0.0000000000
74222  51.090  -13.821  17.015 0.0000000000
75122  50.242  -13.828  18.206 0.0000000000
72398  49.255  -16.384  20.226 0.0000000000
71435  49.783  -17.099  19.418 0.0000000000
71436  49.370  -18.265  19.799 0.0000000000
69478  47.774  -19.324  19.770 0.0000000000
69463  48.128  -19.658  20.354 0.0000000000
57777  38.450  -28.502  28.340 0.0000000000
59843  39.061  -27.317  28.185 0.0000000000
58873  39.250  -28.584  27.216 0.0000000000
57818  40.778  -29.588  25.514 0.0000000000
58906  42.976  -28.419  24.811 0.0000000000
58846  34.653  -28.249  28.909 0.0000000000
155410  34.953  -28.317  28.129 0.0000000000
58844  36.262  -27.974  28.647 0.0000000000
58824  37.304  -28.162  28.985 0.0000000000
57761  36.506  -29.285  29.564 0.0000000000
81251  50.680  -7.255  7.557 0.0000000000
170100  49.872  -8.794  5.530 0.0000000000
78145  48.173  -11.062  7.635 0.0000000000
79096  50.318  -9.498  11.265 0.0000000000
78106  48.911  -10.568  10.529 0.0000000000
79103  50.150  -8.664  10.355 0.0000000000
79114  49.539  -8.505  9.452 0.0000000000
80156  50.981  -7.536  9.759 0.0000000000
79113  51.197  -8.154  9.173 0.0000000000
79111  52.639  -8.166  10.164 0.0000000000
75211  49.386  -13.657  10.800 0.0000000000
76119  50.513  -13.495  9.669 0.0000000000
62936  39.701  -24.999  27.957 0.0000000000
64039  39.829  -23.369  27.204 0.0000000000
66328  40.700  -21.583  24.634 0.0000000000
66329  40.114  -22.058  24.079 0.0000000000
70412  44.149  -18.533  23.873 0.0000000000
69453  43.499  -19.242  21.761 0.0000000000
70440  44.328  -18.237  22.325 0.0000000000
71438  44.413  -17.964  20.048 0.0000000000
160320  45.412  -17.082  21.813 0.0000000000
72376  45.922  -16.581  22.115 0.0000000000
71386  45.565  -17.665  23.551 0.0000000000
65240  44.925  -22.912  22.212 0.0000000000
67336  45.725  -20.839  22.242 0.0000000000
65252  44.904  -22.314  22.002 0.0000000000
66374  44.754  -21.985  21.482 0.0000000000
59823  28.214  -26.703  29.386 0.0000000000
58834  28.085  -27.466  29.150 0.0000000000
57763  28.659  -29.136  29.059 0.0000000000
58851  27.284  -28.238  28.496 0.0000000000
150175  47.274  -13.805  16.645 0.0000000000
74224  49.258  -13.798  18.400 0.0000000000
74225  48.156  -14.454  18.075 0.0000000000
74203  47.841  -14.747  20.192 0.0000000000
73302  47.643  -15.350  20.992 0.0000000000
59819  31.478  -27.645  29.530 0.0000000000
170044  32.638  -28.157  28.056 0.0000000000
58829  32.814  -28.109  29.712 0.0000000000
148005  34.196  -28.808  30.270 0.0000000000
57740  35.451  -29.213  30.057 0.0000000000
56644  36.341  -30.120  29.505 0.0000000000
54651  35.472  -31.528  29.639 0.0000000000
80198  49.431  -8.877  6.966 0.0000000000
80197  50.463  -7.735  7.940 0.0000000000
80185  50.234  -8.422  7.898 0.0000000000
78135  49.065  -10.664  7.871 0.0000000000
77016  48.324  -12.397  13.028 0.0000000000
78064  49.790  -11.560  13.221 0.0000000000
78078  51.238  -10.526  12.838 0.0000000000
79082  52.668  -9.778  12.137 0.0000000000
78104  53.048  -10.552  10.736 0.0000000000
76084  52.689  -12.533  11.629 0.0000000000
150032  50.918  -13.718  11.758 0.0000000000
62957  41.099  -24.832  26.202 0.0000000000
64038  40.569  -23.214  27.209 0.0000000000
64044  41.853  -23.655  26.161 0.0000000000
66279  41.707  -21.822  26.511 0.0000000000
158741  41.877  -20.554  25.296 0.0000000000
67324  41.992  -20.432  23.062 0.0000000000
68344  42.805  -19.921  25.033 0.0000000000
68343  43.521  -19.831  25.062 0.0000000000
67298  44.669  -20.261  24.517 0.0000000000
69414  45.348  -19.050  23.955 0.0000000000
67313  44.795  -21.214  24.231 0.0000000000
64064  45.144  -23.745  22.741 0.0000000000
62993  44.826  -25.194  22.051 0.0000000000
169312  28.653  -26.195  28.070 0.0000000000
60866  29.656  -26.821  28.338 0.0000000000
59835  31.055  -27.509  28.590 0.0000000000
58831  31.031  -27.580  30.531 0.0000000000
158231  31.319  -29.715  31.605 0.0000000000
77005  48.501  -12.427  13.926 0.0000000000
76052  50.199  -12.949  15.160 0.0000000000
75148  50.789  -13.363  15.457 0.0000000000
74244  50.766  -14.311  16.457 0.0000000000
73353  49.948  -15.564  17.002 0.0000000000
72433  49.047  -16.820  17.976 0.0000000000
73324  50.478  -15.679  18.719 0.0000000000
172706  50.174  -17.180  18.086 0.0000000000
60865  37.837  -26.306  27.761 0.0000000000
61862  38.904  -26.029  28.355 0.0000000000
60864  39.727  -26.165  28.050 0.0000000000
60874  40.076  -26.560  27.106 0.0000000000
57819  40.164  -29.338  25.908 0.0000000000
59869  40.280  -27.277  26.108 0.0000000000
60888  40.427  -26.478  26.020 0.0000000000
60887  41.659  -26.751  25.217 0.0000000000
60899  43.183  -26.931  24.785 0.0000000000
60898  43.982  -26.726  24.555 0.0000000000
60910  45.029  -26.774  23.317 0.0000000000
158838  44.665  -28.965  23.141 0.0000000000
60855  37.622  -26.869  28.396 0.0000000000
58843  38.166  -28.018  28.752 0.0000000000
57795  38.265  -29.398  28.062 0.0000000000
55607  36.698  -30.667  28.979 0.0000000000
55621  37.525  -30.758  28.113 0.0000000000
162193  51.011  -9.173  5.061 0.0000000000
80174  49.518  -8.079  9.112 0.0000000000
79123  50.729  -8.091  8.726 0.0000000000
168943  50.364  -9.341  8.424 0.0000000000
77091  49.987  -11.961  8.473 0.0000000000
77063  51.873  -12.384  10.054 0.0000000000
169460  50.240  -12.605  8.879 0.0000000000
76149  48.615  -13.205  7.854 0.0000000000
65203  39.815  -22.548  25.444 0.0000000000
148063  43.762  -16.670  18.239 0.0000000000
73336  44.799  -15.745  18.308 0.0000000000
72408  46.376  -16.206  20.190 0.0000000000
73291  46.592  -15.871  21.590 0.0000000000
71410  47.774  -17.127  21.808 0.0000000000
69413  46.003  -19.296  23.331 0.0000000000
172951  46.791  -19.030  22.423 0.0000000000
69440  47.463  -19.378  21.159 0.0000000000
67358  46.136  -20.031  20.986 0.0000000000
60922  45.108  -26.848  22.613 0.0000000000
159367  44.545  -26.331  21.963 0.0000000000
58835  25.517  -27.887  29.312 0.0000000000
74228  45.000  -14.927  16.984 0.0000000000
73343  44.850  -15.295  17.729 0.0000000000
170074  50.937  -13.275  14.498 0.0000000000
75176  50.974  -13.554  13.471 0.0000000000
74274  50.557  -14.027  14.040 0.0000000000
62964  43.258  -24.520  25.018 0.0000000000
62963  43.920  -24.730  24.644 0.0000000000
64050  43.692  -23.862  24.892 0.0000000000
64058  44.495  -24.237  24.154 0.0000000000
62962  44.560  -25.067  24.115 0.0000000000
163955  29.112  -27.116  30.193 0.0000000000
58832  29.422  -27.697  30.562 0.0000000000
76038  49.017  -13.357  16.128 0.0000000000
75139  49.139  -13.716  16.832 0.0000000000
75138  50.242  -13.447  17.246 0.0000000000
75129  49.790  -13.639  17.733 0.0000000000
72382  48.653  -16.749  20.846 0.0000000000
154909  49.346  -17.412  20.030 0.0000000000
70450  48.578  -19.197  20.174 0.0000000000
57794  38.763  -28.984  27.676 0.0000000000
58861  38.927  -28.145  27.996 0.0000000000
57807  39.104  -29.401  26.915 0.0000000000
58826  35.252  -28.368  29.439 0.0000000000
58845  35.480  -28.135  28.805 0.0000000000
149808  35.729  -28.141  28.090 0.0000000000
160494  36.059  -28.262  29.192 0.0000000000
58825  36.542  -28.603  29.356 0.0000000000
81277  50.356  -8.270  5.880 0.0000000000
79095  51.293  -8.722  11.772 0.0000000000
80147  50.983  -7.933  10.881 0.0000000000
80155  51.796  -7.122  10.309 0.0000000000
80163  52.330  -7.236  10.070 0.0000000000
80154  52.695  -7.636  10.449 0.0000000000
75225  48.384  -13.897  10.453 0.0000000000
62935  40.198  -24.634  27.596 0.0000000000
64032  39.585  -24.191  27.541 0.0000000000
155185  41.137  -21.136  24.328 0.0000000000
67325  40.770  -20.986  22.796 0.0000000000
70426  44.052  -18.405  23.130 0.0000000000
160883  44.578  -17.866  23.020 0.0000000000
71413  44.857  -17.548  22.403 0.0000000000
71400  45.012  -17.529  23.160 0.0000000000
71399  45.479  -17.306  23.136 0.0000000000
71387  45.018  -17.769  23.593 0.0000000000
65241  44.861  -23.468  22.004 0.0000000000
177127  44.732  -23.091  21.957 0.0000000000
65253  44.601  -22.858  21.597 0.0000000000
60842  27.409  -26.201  29.230 0.0000000000
58850  28.102  -28.429  28.822 0.0000000000
75141  45.779  -14.164  16.009 0.0000000000
171964  45.855  -14.077  15.371 0.0000000000
75140  46.398  -13.943  16.507 0.0000000000
146423  46.345  -13.769  15.677 0.0000000000
75131  46.836  -14.179  17.170 0.0000000000
165362  47.713  -14.223  17.271 0.0000000000
152954  47.307  -14.566  17.629 0.0000000000
73334  47.167  -15.353  18.905 0.0000000000
73325  47.588  -14.784  19.811 0.0000000000
74197  47.531  -15.022  20.613 0.0000000000
58830  31.920  -27.937  30.147 0.0000000000
154389  32.223  -27.899  29.365 0.0000000000
58811  32.576  -28.324  30.539 0.0000000000
56618  33.908  -29.867  31.005 0.0000000000
57742  33.924  -29.235  30.735 0.0000000000
57741  34.647  -29.412  30.529 0.0000000000
56631  35.238  -29.960  30.285 0.0000000000
81240  50.439  -6.899  8.140 0.0000000000
79124  49.987  -9.359  8.104 0.0000000000
77015  49.071  -11.995  13.461 0.0000000000
77028  48.968  -11.837  12.444 0.0000000000
78063  51.355  -11.145  13.260 0.0000000000
161667  51.983  -11.356  13.107 0.0000000000
78062  52.024  -10.610  12.852 0.0000000000
78077  52.609  -11.089  12.597 0.0000000000
77026  53.001  -11.424  11.891 0.0000000000
77027  52.489  -12.092  12.374 0.0000000000
75191  50.272  -13.836  12.536 0.0000000000
147216  49.824  -13.715  11.734 0.0000000000
74294  48.505  -14.278  12.694 0.0000000000
62946  41.331  -24.018  26.618 0.0000000000
62956  41.705  -24.350  25.763 0.0000000000
65201  42.648  -22.600  26.042 0.0000000000
65202  42.026  -22.872  26.462 0.0000000000
67272  42.176  -21.328  26.299 0.0000000000
67286  41.811  -20.866  25.836 0.0000000000
68330  42.366  -20.353  25.445 0.0000000000
157241  42.776  -21.159  26.011 0.0000000000
67300  43.800  -20.991  25.295 0.0000000000
154558  44.012  -20.266  25.056 0.0000000000
68342  44.144  -19.614  24.797 0.0000000000
67299  44.359  -20.846  24.806 0.0000000000
64057  45.110  -24.196  23.359 0.0000000000
154264  45.016  -23.312  23.214 0.0000000000
150241  45.217  -24.489  22.735 0.0000000000
62992  45.083  -24.797  22.317 0.0000000000
174154  27.836  -25.817  28.675 0.0000000000
152577  28.135  -25.846  28.094 0.0000000000
59836  30.086  -27.089  29.099 0.0000000000
59820  30.553  -27.278  29.923 0.0000000000
59806  30.161  -27.398  30.738 0.0000000000
76061  47.173  -13.107  14.085 0.0000000000
76069  47.748  -12.816  13.579 0.0000000000
76043  49.622  -13.160  15.727 0.0000000000
76051  50.767  -13.361  15.469 0.0000000000
75144  50.966  -13.514  16.271 0.0000000000
74243  50.776  -13.748  15.982 0.0000000000
74233  51.078  -13.793  16.717 0.0000000000
74223  50.978  -14.519  17.472 0.0000000000
73341  50.839  -15.255  17.252 0.0000000000
72432  49.367  -16.123  17.468 0.0000000000
72431  50.540  -16.157  17.535 0.0000000000
74215  48.733  -14.112  18.974 0.0000000000
74214  49.587  -13.955  18.864 0.0000000000
74208  49.748  -14.603  19.252 0.0000000000
71450  49.705  -17.584  18.703 0.0000000000
72407  50.343  -16.799  18.707 0.0000000000
72419  49.561  -17.452  18.411 0.0000000000
177412  49.150  -17.927  18.597 0.0000000000
60854  38.332  -26.407  28.411 0.0000000000
58860  39.372  -27.756  27.457 0.0000000000
59831  39.182  -26.560  28.275 0.0000000000
59842  39.588  -26.942  27.727 0.0000000000
159947  39.638  -29.957  26.256 0.0000000000
171380  40.221  -30.069  25.877 0.0000000000
152100  41.084  -28.792  25.318 0.0000000000
58888  40.597  -28.102  25.579 0.0000000000
59868  40.904  -27.196  25.384 0.0000000000
172905  40.944  -26.383  25.442 0.0000000000
59867  41.702  -27.421  25.140 0.0000000000
171312  43.628  -28.808  24.550 0.0000000000
59883  43.095  -27.660  24.785 0.0000000000
59882  43.910  -27.476  24.529 0.0000000000
58904  44.356  -27.999  24.101 0.0000000000
58917  44.753  -28.187  23.479 0.0000000000
58918  44.305  -28.752  23.969 0.0000000000
58864  32.906  -28.297  27.395 0.0000000000
159519  33.300  -28.327  28.139 0.0000000000
154837  36.356  -27.915  28.100 0.0000000000
59857  36.560  -28.149  26.800 0.0000000000
59844  37.189  -27.055  27.759 0.0000000000
57759  37.668  -28.435  28.971 0.0000000000
57778  37.979  -28.892  28.660 0.0000000000
56654  37.787  -29.825  28.413 0.0000000000
54673  37.668  -31.205  27.448 0.0000000000
80230  50.185  -9.057  5.119 0.0000000000
80229  50.669  -9.429  4.937 0.0000000000
77044  49.220  -11.370  11.756 0.0000000000
78093  47.961  -11.614  10.927 0.0000000000
153447  48.543  -11.273  10.887 0.0000000000
80167  48.346  -9.195  9.065 0.0000000000
80166  49.675  -8.087  9.172 0.0000000000
80173  50.560  -7.569  8.968 0.0000000000
78121  51.073  -10.019  9.074 0.0000000000
79122  50.809  -8.367  8.795 0.0000000000
78133  50.386  -10.412  8.574 0.0000000000
161442  50.678  -11.537  8.931 0.0000000000
77062  52.665  -11.978  10.630 0.0000000000
78105  52.307  -11.154  10.040 0.0000000000
75238  49.786  -13.617  9.232 0.0000000000
76134  50.183  -13.364  8.999 0.0000000000
76135  49.634  -13.554  8.748 0.0000000000
76147  49.767  -13.043  8.546 0.0000000000
76148  49.248  -13.473  8.286 0.0000000000
65189  40.866  -22.573  26.928 0.0000000000
65190  40.116  -22.742  26.876 0.0000000000
172865  39.887  -22.553  26.247 0.0000000000
68372  42.585  -19.918  23.565 0.0000000000
69465  43.425  -19.157  20.886 0.0000000000
171473  44.484  -17.373  19.488 0.0000000000
72410  44.858  -16.799  19.273 0.0000000000
72421  44.424  -16.280  18.634 0.0000000000
72420  45.380  -16.167  18.892 0.0000000000
72409  45.784  -16.738  19.652 0.0000000000
72367  46.345  -16.652  22.539 0.0000000000
72384  46.341  -16.143  21.645 0.0000000000
72374  46.718  -16.146  22.039 0.0000000000
72373  47.426  -16.329  21.819 0.0000000000
71411  47.078  -16.791  22.310 0.0000000000
68371  45.604  -20.516  23.174 0.0000000000
68357  45.688  -19.785  23.499 0.0000000000
67335  45.957  -20.473  21.715 0.0000000000
68379  46.111  -20.308  22.088 0.0000000000
68378  46.374  -19.965  21.798 0.0000000000
69441  46.839  -19.507  21.728 0.0000000000
67334  46.305  -20.040  21.355 0.0000000000
67357  46.578  -19.671  21.131 0.0000000000
66388  44.395  -21.667  20.718 0.0000000000
58928  44.823  -28.349  22.749 0.0000000000
59929  44.894  -27.684  22.426 0.0000000000
59825  26.693  -26.566  29.102 0.0000000000
59837  26.612  -27.585  28.678 0.0000000000
146808  45.153  -14.700  16.180 0.0000000000
74236  45.672  -14.428  16.761 0.0000000000
74226  46.597  -14.689  17.642 0.0000000000
73335  46.374  -15.867  18.847 0.0000000000
57722  32.480  -29.565  31.507 0.0000000000
58797  32.759  -28.962  31.016 0.0000000000
56619  33.170  -30.096  31.303 0.0000000000
77002  51.035  -12.277  14.164 0.0000000000
78051  50.719  -11.629  13.624 0.0000000000
77001  51.502  -12.328  13.696 0.0000000000
76068  51.805  -12.677  12.821 0.0000000000
172657  51.371  -13.266  12.872 0.0000000000
75177  50.447  -13.964  13.258 0.0000000000
62955  42.478  -24.689  25.231 0.0000000000
171185  42.201  -24.003  25.549 0.0000000000
64051  42.835  -23.959  25.302 0.0000000000
66294  43.300  -21.454  25.753 0.0000000000
65200  43.256  -22.292  25.607 0.0000000000
65210  43.782  -22.838  25.005 0.0000000000
65209  44.335  -22.433  24.533 0.0000000000
62972  44.934  -24.810  23.630 0.0000000000
62971  45.202  -24.970  23.122 0.0000000000
60840  28.639  -26.666  29.469 0.0000000000
59822  29.051  -27.008  30.101 0.0000000000
58814  30.042  -27.733  31.131 0.0000000000
58815  29.769  -27.758  31.034 0.0000000000
75149  46.156  -13.805  14.958 0.0000000000
76055  47.365  -13.081  14.805 0.0000000000
76054  48.121  -12.847  14.933 0.0000000000
76044  48.475  -13.054  15.530 0.0000000000
75136  51.144  -13.499  16.722 0.0000000000
75137  50.832  -13.439  16.995 0.0000000000
75128  50.651  -13.615  17.505 0.0000000000
73315  49.088  -15.345  20.267 0.0000000000
73314  49.751  -15.260  19.647 0.0000000000
72397  49.813  -16.130  19.646 0.0000000000
170128  49.602  -17.851  19.406 0.0000000000
71451  49.327  -18.284  19.213 0.0000000000
70477  48.249  -18.798  19.358 0.0000000000
69477  48.423  -19.326  19.765 0.0000000000
69464  47.804  -19.645  20.278 0.0000000000
58842  38.633  -27.676  28.538 0.0000000000
59832  38.768  -26.951  28.575 0.0000000000
57833  42.021  -28.792  25.078 0.0000000000
58886  42.240  -27.923  24.995 0.0000000000
57832  42.995  -29.220  24.807 0.0000000000
156153  34.113  -28.413  28.166 0.0000000000
149399  35.301  -28.483  27.367 0.0000000000
59818  36.806  -27.992  28.910 0.0000000000
57760  37.086  -28.878  29.233 0.0000000000
164058  49.584  -9.367  5.024 0.0000000000
78092  49.078  -11.056  11.145 0.0000000000
79097  49.577  -10.101  10.793 0.0000000000
79104  49.413  -9.231  10.076 0.0000000000
80157  50.243  -7.917  9.525 0.0000000000
80165  50.853  -7.411  9.238 0.0000000000
80164  51.554  -7.121  9.643 0.0000000000
79112  51.968  -8.245  9.689 0.0000000000
78120  51.583  -10.016  9.460 0.0000000000
75222  50.886  -13.572  10.426 0.0000000000
76118  51.334  -13.185  10.162 0.0000000000
75223  49.982  -13.672  9.994 0.0000000000
164306  49.362  -13.754  9.404 0.0000000000
62937  39.156  -24.839  27.699 0.0000000000
66312  40.743  -21.570  25.550 0.0000000000
66313  40.216  -22.053  25.046 0.0000000000
66346  39.781  -21.820  23.233 0.0000000000
69430  43.586  -18.923  23.603 0.0000000000
69443  43.500  -19.096  22.678 0.0000000000
70441  43.871  -18.746  22.270 0.0000000000
70465  43.925  -18.645  20.446 0.0000000000
70479  43.623  -18.392  19.651 0.0000000000
70464  44.525  -18.226  20.920 0.0000000000
148616  45.054  -17.663  20.804 0.0000000000
71437  45.556  -17.103  20.909 0.0000000000
72385  45.945  -16.476  21.479 0.0000000000
71412  45.471  -17.069  22.655 0.0000000000
72368  45.868  -16.790  22.651 0.0000000000
71398  45.970  -17.128  23.101 0.0000000000
66345  45.265  -21.883  22.816 0.0000000000
66362  45.328  -21.561  22.189 0.0000000000
150412  45.138  -21.707  21.973 0.0000000000
66361  45.535  -21.006  21.875 0.0000000000
67346  45.665  -20.777  21.591 0.0000000000
66373  45.240  -21.501  21.837 0.0000000000
60857  27.522  -25.881  29.052 0.0000000000
60841  28.170  -26.536  29.281 0.0000000000
161257  28.665  -27.061  29.817 0.0000000000
58833  28.828  -27.868  29.620 0.0000000000
153607  47.009  -13.494  15.921 0.0000000000
157343  48.126  -13.893  16.836 0.0000000000
75130  48.713  -14.015  17.502 0.0000000000
146792  47.292  -14.952  18.188 0.0000000000
74216  47.885  -14.718  18.891 0.0000000000
74210  48.232  -14.472  19.566 0.0000000000
73316  48.122  -14.942  20.513 0.0000000000
73301  48.496  -15.655  20.837 0.0000000000
56682  38.972  -30.267  26.589 0.0000000000
59846  31.623  -27.796  27.810 0.0000000000
58849  32.013  -27.869  28.508 0.0000000000
58848  32.800  -28.085  28.826 0.0000000000
58810  33.411  -28.800  30.602 0.0000000000
58828  33.553  -28.407  29.981 0.0000000000
58827  34.427  -28.393  29.658 0.0000000000
58809  35.001  -28.754  30.030 0.0000000000
57739  36.052  -29.046  29.747 0.0000000000
56630  35.932  -29.637  29.924 0.0000000000
55595  35.702  -30.520  29.828 0.0000000000
80212  49.890  -8.367  6.853 0.0000000000
79134  49.292  -9.779  7.731 0.0000000000
77029  48.127  -12.283  12.101 0.0000000000
78080  49.780  -11.130  12.388 0.0000000000
164393  50.558  -11.049  13.010 0.0000000000
78079  50.641  -10.218  12.230 0.0000000000
79083  51.708  -9.683  12.359 0.0000000000
79081  52.816  -8.653  11.517 0.0000000000
80153  52.971  -8.327  11.031 0.0000000000
78090  53.223  -10.571  11.456 0.0000000000
77043  52.991  -11.660  11.241 0.0000000000
76105  52.416  -13.064  11.322 0.0000000000
75175  51.879  -13.438  12.158 0.0000000000
75190  51.752  -13.669  11.728 0.0000000000
75209  51.360  -13.695  11.138 0.0000000000
75210  50.489  -13.639  10.953 0.0000000000
75193  48.678  -13.853  11.680 0.0000000000
62947  40.802  -24.361  27.150 0.0000000000
159882  40.905  -23.717  27.164 0.0000000000
64037  41.367  -23.194  26.949 0.0000000000
65188  41.564  -22.400  26.745 0.0000000000
66280  41.118  -21.952  26.601 0.0000000000
67287  41.203  -21.261  25.877 0.0000000000
67302  41.260  -20.997  25.251 0.0000000000
67314  41.443  -20.904  23.561 0.0000000000
68360  42.093  -20.271  24.075 0.0000000000
68359  42.694  -19.801  24.470 0.0000000000
67284  43.167  -20.737  25.751 0.0000000000
69396  43.207  -19.713  24.951 0.0000000000
69405  43.223  -19.483  24.647 0.0000000000
69404  43.711  -19.325  24.640 0.0000000000
70400  44.182  -18.808  24.256 0.0000000000
69403  44.675  -18.718  24.232 0.0000000000
70410  45.131  -18.220  23.904 0.0000000000
68341  44.700  -19.374  24.406 0.0000000000
67312  45.212  -20.840  23.734 0.0000000000
66326  45.164  -21.690  23.465 0.0000000000
66327  44.775  -22.051  24.003 0.0000000000
65219  45.079  -22.501  23.266 0.0000000000
65229  45.100  -22.921  22.588 0.0000000000
147714  45.050  -23.436  22.348 0.0000000000
59859  30.943  -27.567  26.891 0.0000000000
150576  28.919  -26.490  28.674 0.0000000000
59849  29.881  -26.958  27.394 0.0000000000
59848  30.449  -27.261  27.785 0.0000000000
58812  31.515  -28.067  30.928 0.0000000000
58813  30.667  -27.844  31.156 0.0000000000
58799  31.153  -28.468  31.508 0.0000000000
57723  31.595  -29.250  31.630 0.0000000000
77004  49.258  -12.201  14.221 0.0000000000
76997  48.673  -12.554  14.527 0.0000000000
76996  49.434  -12.512  14.675 0.0000000000
76995  50.196  -12.397  14.528 0.0000000000
76994  50.831  -12.876  14.744 0.0000000000
161931  50.756  -13.095  14.915 0.0000000000
74261  50.369  -14.395  15.472 0.0000000000
73365  50.033  -14.930  15.837 0.0000000000
73366  49.479  -15.479  16.127 0.0000000000
74234  51.117  -14.500  16.990 0.0000000000
73352  50.603  -14.978  16.748 0.0000000000
74213  50.525  -14.638  18.435 0.0000000000
174464  50.140  -15.969  19.217 0.0000000000
72417  50.446  -16.590  17.853 0.0000000000
72418  50.215  -16.950  17.892 0.0000000000
60875  37.861  -26.171  26.768 0.0000000000
62938  38.729  -25.298  27.733 0.0000000000
60853  38.858  -26.429  28.436 0.0000000000
60852  39.321  -26.025  28.329 0.0000000000
61874  39.189  -25.502  28.141 0.0000000000
61873  39.714  -25.612  28.097 0.0000000000
61885  40.072  -25.728  27.639 0.0000000000
60873  40.362  -25.912  26.834 0.0000000000
57806  39.666  -29.030  26.423 0.0000000000
58872  39.697  -28.201  26.687 0.0000000000
161664  40.573  -28.883  25.609 0.0000000000
58889  40.143  -28.593  26.009 0.0000000000
162699  40.084  -27.911  26.190 0.0000000000
61899  40.759  -25.695  25.997 0.0000000000
61898  41.565  -25.908  25.308 0.0000000000
59866  42.382  -27.170  24.986 0.0000000000
60886  42.425  -26.426  25.025 0.0000000000
61897  42.475  -25.612  25.104 0.0000000000
153519  43.238  -26.160  24.812 0.0000000000
61911  44.005  -25.963  24.557 0.0000000000
61910  44.568  -25.740  24.066 0.0000000000
173200  44.616  -27.332  23.902 0.0000000000
57857  44.590  -29.082  22.570 0.0000000000
57846  44.442  -29.679  22.787 0.0000000000
56722  44.069  -30.330  22.516 0.0000000000
58865  32.211  -28.058  27.554 0.0000000000
58863  33.676  -28.511  27.365 0.0000000000
60876  37.399  -26.851  26.871 0.0000000000
60838  38.085  -27.044  28.691 0.0000000000
59817  37.500  -27.489  28.798 0.0000000000
59816  37.899  -27.670  28.870 0.0000000000
153941  38.352  -27.291  28.694 0.0000000000
56668  38.566  -29.851  27.310 0.0000000000
56643  36.952  -29.721  29.250 0.0000000000
56655  37.259  -30.230  28.705 0.0000000000
59808  25.095  -27.035  29.959 0.0000000000
79175  50.858  -10.387  4.774 0.0000000000
78134  49.647  -10.980  8.174 0.0000000000
157933  48.779  -11.907  7.807 0.0000000000
79102  52.954  -8.903  10.608 0.0000000000
161466  51.389  -11.574  9.460 0.0000000000
76133  50.811  -12.668  9.499 0.0000000000
77092  49.353  -12.581  8.101 0.0000000000
73354  44.339  -15.449  17.103 0.0000000000
65191  39.532  -23.067  26.624 0.0000000000
71453  43.896  -17.735  19.264 0.0000000000
72435  43.507  -16.466  17.486 0.0000000000
72434  44.140  -15.880  17.856 0.0000000000
73327  46.236  -16.238  19.429 0.0000000000
72399  46.405  -16.043  21.154 0.0000000000
73304  46.632  -15.797  21.311 0.0000000000
73303  47.058  -15.538  20.986 0.0000000000
73290  47.139  -15.770  21.497 0.0000000000
172493  48.050  -16.704  21.437 0.0000000000
171709  47.957  -17.935  21.480 0.0000000000
70409  45.829  -18.421  23.655 0.0000000000
69429  46.399  -18.755  23.065 0.0000000000
68370  45.998  -20.122  22.801 0.0000000000
69442  46.405  -19.644  22.461 0.0000000000
70423  46.837  -18.258  22.698 0.0000000000
152660  47.216  -18.843  21.939 0.0000000000
70438  47.715  -18.697  21.336 0.0000000000
69452  48.175  -19.358  20.728 0.0000000000
163399  47.800  -19.672  20.753 0.0000000000
68402  47.038  -19.601  20.864 0.0000000000
177002  46.521  -19.682  20.682 0.0000000000
66387  45.098  -21.264  21.267 0.0000000000
67359  45.431  -20.563  20.914 0.0000000000
151689  44.912  -26.132  23.552 0.0000000000
60909  45.127  -26.185  23.006 0.0000000000
60921  45.184  -26.121  22.523 0.0000000000
59930  44.297  -27.766  22.036 0.0000000000
60933  44.797  -27.022  22.145 0.0000000000
61943  45.141  -25.487  22.409 0.0000000000
60932  44.947  -25.901  22.160 0.0000000000
58938  44.605  -28.486  22.335 0.0000000000
59845  36.658  -27.758  27.565 0.0000000000
59915  44.980  -27.556  23.010 0.0000000000
60897  44.570  -26.450  24.034 0.0000000000
60934  43.949  -26.879  21.856 0.0000000000
61872  40.046  -25.240  27.799 0.0000000000
61933  45.200  -25.584  22.835 0.0000000000
64031  40.330  -23.863  27.433 0.0000000000
64071  45.065  -24.062  22.295 0.0000000000
65187  42.179  -22.112  26.470 0.0000000000
66296  40.829  -21.678  26.153 0.0000000000
66297  40.280  -22.038  25.897 0.0000000000
67273  41.435  -21.408  26.276 0.0000000000
67285  42.516  -20.680  25.883 0.0000000000
67301  41.682  -20.643  24.632 0.0000000000
68329  42.961  -20.156  25.404 0.0000000000
68345  42.246  -20.184  24.912 0.0000000000
68358  45.237  -19.952  23.943 0.0000000000
68390  47.504  -19.794  20.660 0.0000000000
68391  46.890  -19.633  21.026 0.0000000000
69415  43.679  -19.027  24.251 0.0000000000
69431  43.039  -19.478  23.136 0.0000000000
70424  46.249  -17.868  23.264 0.0000000000
70425  44.590  -18.004  23.549 0.0000000000
70439  47.376  -17.805  22.134 0.0000000000
70451  48.448  -18.532  20.804 0.0000000000
70452  44.545  -18.133  21.677 0.0000000000
70453  44.070  -18.717  21.420 0.0000000000
70463  48.946  -18.792  19.651 0.0000000000
70476  48.827  -18.593  19.269 0.0000000000
70491  48.654  -18.201  18.809 0.0000000000
71423  48.310  -17.477  21.145 0.0000000000
71424  44.884  -17.739  21.511 0.0000000000
72375  46.255  -16.376  22.026 0.0000000000
72383  47.923  -16.009  21.324 0.0000000000
72422  44.062  -16.955  18.965 0.0000000000
73317  47.386  -15.139  20.479 0.0000000000
73318  46.826  -15.608  20.817 0.0000000000
74202  48.754  -14.652  19.884 0.0000000000
75189  52.358  -13.411  11.696 0.0000000000
75208  52.080  -13.580  11.208 0.0000000000
75224  49.184  -13.801  9.940 0.0000000000
75254  48.727  -13.800  8.258 0.0000000000
76085  52.289  -12.953  11.998 0.0000000000
76117  52.189  -12.981  10.686 0.0000000000
78076  53.062  -10.491  11.949 0.0000000000
79094  53.147  -9.529  11.582 0.0000000000
79101  53.153  -9.575  11.135 0.0000000000
80134  52.282  -8.458  11.787 0.0000000000
80146  51.953  -7.523  11.147 0.0000000000
81209  52.560  -7.346  10.609 0.0000000000
81210  52.343  -7.068  10.572 0.0000000000
81219  52.380  -7.125  10.387 0.0000000000
81220  52.197  -7.011  10.189 0.0000000000
149361  45.926  -16.690  20.554 0.0000000000
156533  45.024  -22.256  22.236 0.0000000000
161197  52.657  -12.486  11.111 0.0000000000
165269  52.560  -9.552  10.095 0.0000000000
167633  44.376  -29.656  22.434 0.0000000000
168690  44.255  -19.102  24.497 0.0000000000
168965  45.015  -26.473  22.276 0.0000000000
169508  48.907  -18.573  20.156 0.0000000000
170160  43.480  -20.345  25.379 0.0000000000
172992  44.754  -23.610  23.789 0.0000000000
177514  41.203  -25.366  25.636 0.0000000000
