#!ascii label  , from subject sub-v2s2x29077_ses-1 vox2ras=TkReg
2072
188918  -40.207  -9.399  26.279 0.0000000000
101173  -54.804  1.408  20.733 0.0000000000
96579  -43.783  -2.078  24.624 0.0000000000
58660  -15.896  -31.385  51.830 0.0000000000
83659  -37.728  -12.183  32.134 0.0000000000
75203  -26.156  -18.492  48.184 0.0000000000
75209  -36.432  -18.734  48.309 0.0000000000
78753  -39.948  -15.547  41.347 0.0000000000
81209  -43.393  -13.378  39.607 0.0000000000
172918  -22.020  -24.270  44.820 0.0000000000
197140  -22.740  -20.957  49.389 0.0000000000
194504  -23.205  -20.219  42.044 0.0000000000
174505  -31.847  -19.585  41.422 0.0000000000
74052  -36.918  -19.242  42.148 0.0000000000
82439  -46.140  -12.696  35.400 0.0000000000
88552  -46.103  -8.294  32.179 0.0000000000
98851  -48.828  -0.725  22.915 0.0000000000
92005  -41.752  -5.748  25.502 0.0000000000
188726  -52.039  0.481  16.145 0.0000000000
63066  -12.185  -27.518  53.840 0.0000000000
86030  -43.296  -10.355  37.458 0.0000000000
83715  -39.833  -12.604  29.933 0.0000000000
75300  -27.016  -19.172  40.671 0.0000000000
72641  -30.981  -19.853  48.587 0.0000000000
94210  -47.107  -3.845  30.049 0.0000000000
202977  -61.459  3.093  12.478 0.0000000000
77672  -38.480  -16.942  38.904 0.0000000000
177593  -39.465  -15.938  37.724 0.0000000000
70258  -22.238  -22.310  43.665 0.0000000000
184305  -34.712  -20.291  38.853 0.0000000000
203127  -36.656  -18.528  38.768 0.0000000000
77624  -38.563  -16.786  42.045 0.0000000000
84974  -43.394  -11.462  31.051 0.0000000000
86093  -46.839  -10.712  33.997 0.0000000000
87440  -43.253  -8.972  29.343 0.0000000000
185387  -51.752  0.164  22.548 0.0000000000
99981  -52.647  0.362  25.584 0.0000000000
101188  -56.668  1.578  20.461 0.0000000000
62031  -13.923  -28.161  50.127 0.0000000000
62006  -13.637  -28.497  52.631 0.0000000000
82437  -40.607  -12.657  36.101 0.0000000000
178907  -42.482  -11.222  38.736 0.0000000000
84893  -40.130  -11.050  35.373 0.0000000000
84934  -41.533  -11.080  33.615 0.0000000000
84972  -38.445  -11.650  31.703 0.0000000000
73933  -23.861  -18.955  48.556 0.0000000000
75137  -23.550  -19.197  51.840 0.0000000000
76438  -25.163  -17.800  51.351 0.0000000000
76459  -28.011  -18.174  51.283 0.0000000000
75353  -25.422  -19.111  38.249 0.0000000000
75334  -27.038  -19.241  38.879 0.0000000000
72699  -34.873  -19.996  45.345 0.0000000000
73994  -31.669  -19.724  45.439 0.0000000000
73952  -33.868  -19.826  48.907 0.0000000000
75162  -32.955  -18.823  51.196 0.0000000000
62044  -19.417  -28.501  48.828 0.0000000000
63093  -20.761  -28.244  51.768 0.0000000000
60900  -21.114  -28.882  54.461 0.0000000000
95421  -42.533  -3.407  24.759 0.0000000000
93126  -43.719  -4.820  27.252 0.0000000000
95392  -44.712  -2.746  27.008 0.0000000000
101306  -62.464  2.147  10.835 0.0000000000
58638  -16.388  -31.514  55.723 0.0000000000
81140  -41.521  -13.560  43.347 0.0000000000
83550  -43.083  -12.346  43.072 0.0000000000
79979  -41.524  -14.413  39.985 0.0000000000
80037  -40.405  -14.718  36.103 0.0000000000
65276  -22.495  -25.317  48.495 0.0000000000
170191  -22.521  -23.748  50.719 0.0000000000
171150  -22.677  -23.176  47.619 0.0000000000
72695  -22.553  -20.652  45.386 0.0000000000
75248  -24.220  -19.196  44.423 0.0000000000
74120  -29.541  -19.586  38.481 0.0000000000
72797  -31.735  -20.028  38.844 0.0000000000
72747  -34.707  -20.425  41.734 0.0000000000
75231  -37.797  -18.870  46.069 0.0000000000
77574  -38.368  -16.541  44.629 0.0000000000
79908  -39.427  -15.304  44.119 0.0000000000
64240  -21.096  -26.206  45.307 0.0000000000
86017  -48.192  -10.379  38.342 0.0000000000
181940  -50.712  -8.755  39.899 0.0000000000
84875  -49.870  -11.053  37.360 0.0000000000
87367  -50.101  -9.723  35.348 0.0000000000
97771  -46.237  -0.958  23.815 0.0000000000
98800  -46.093  -0.446  26.568 0.0000000000
173550  -49.218  0.255  25.907 0.0000000000
61950  -8.784  -28.584  59.787 0.0000000000
89819  -40.845  -7.754  25.673 0.0000000000
94293  -40.681  -4.105  23.596 0.0000000000
96626  -43.665  -2.280  21.705 0.0000000000
96649  -46.158  -1.567  21.076 0.0000000000
97811  -48.486  -0.839  20.461 0.0000000000
98896  -50.849  0.468  19.495 0.0000000000
170652  -53.547  0.604  18.595 0.0000000000
173500  -50.164  0.664  17.149 0.0000000000
178418  -14.734  -29.520  56.241 0.0000000000
61965  -13.052  -28.451  57.399 0.0000000000
61958  -11.391  -28.240  59.086 0.0000000000
88421  -47.526  -8.757  42.202 0.0000000000
84828  -44.481  -10.777  42.071 0.0000000000
87283  -44.656  -9.835  40.737 0.0000000000
189719  -46.484  -9.485  39.329 0.0000000000
84870  -45.324  -11.278  36.840 0.0000000000
83663  -42.695  -12.269  32.646 0.0000000000
85003  -40.463  -11.863  27.955 0.0000000000
70141  -22.448  -22.039  52.638 0.0000000000
170667  -25.178  -19.247  41.562 0.0000000000
200065  -26.742  -18.989  44.791 0.0000000000
74066  -29.697  -19.182  41.234 0.0000000000
204278  -29.220  -19.132  44.276 0.0000000000
75207  -28.988  -19.219  48.455 0.0000000000
75141  -30.279  -18.802  51.625 0.0000000000
60947  -15.419  -29.656  48.812 0.0000000000
59863  -17.498  -30.224  48.878 0.0000000000
58662  -18.335  -31.472  51.556 0.0000000000
89774  -43.728  -7.080  28.432 0.0000000000
91921  -46.602  -6.174  30.567 0.0000000000
93060  -50.061  -4.914  32.554 0.0000000000
97680  -47.560  -1.037  29.515 0.0000000000
100090  -55.282  0.229  17.958 0.0000000000
100091  -58.473  0.124  17.562 0.0000000000
102334  -60.221  2.410  16.011 0.0000000000
101261  -59.349  0.967  13.128 0.0000000000
195478  -61.952  1.681  14.218 0.0000000000
76600  -37.382  -17.651  37.073 0.0000000000
77701  -37.809  -17.102  36.715 0.0000000000
76625  -36.608  -17.908  35.330 0.0000000000
74138  -35.477  -19.488  37.500 0.0000000000
75379  -36.509  -18.416  37.258 0.0000000000
76574  -37.401  -17.859  38.796 0.0000000000
87438  -41.950  -10.290  28.646 0.0000000000
86131  -43.221  -10.158  30.241 0.0000000000
87487  -41.671  -9.321  27.445 0.0000000000
174786  -53.031  0.648  22.011 0.0000000000
170559  -54.246  0.552  23.350 0.0000000000
101154  -55.425  1.387  22.569 0.0000000000
102276  -56.537  3.195  21.619 0.0000000000
101186  -55.999  1.708  20.203 0.0000000000
60931  -14.539  -29.203  50.679 0.0000000000
203069  -13.767  -28.209  51.153 0.0000000000
59839  -14.895  -30.140  51.915 0.0000000000
82454  -39.271  -12.363  34.484 0.0000000000
83617  -39.933  -11.831  35.404 0.0000000000
83647  -38.842  -11.696  33.665 0.0000000000
84947  -39.025  -11.426  32.860 0.0000000000
83676  -38.082  -11.719  32.028 0.0000000000
183958  -22.075  -26.265  53.292 0.0000000000
75202  -24.883  -18.453  48.351 0.0000000000
75173  -24.335  -18.427  49.671 0.0000000000
171477  -25.303  -18.162  49.591 0.0000000000
76457  -26.525  -17.876  51.039 0.0000000000
75176  -26.738  -18.307  49.710 0.0000000000
73966  -35.522  -19.594  47.208 0.0000000000
190034  -34.171  -19.967  47.004 0.0000000000
73954  -35.329  -19.499  48.078 0.0000000000
75193  -34.779  -19.070  49.468 0.0000000000
64169  -21.983  -26.492  49.976 0.0000000000
64153  -21.776  -27.086  51.415 0.0000000000
63085  -21.542  -27.707  52.798 0.0000000000
204579  -48.678  -9.627  41.945 0.0000000000
96578  -43.316  -2.491  24.675 0.0000000000
95391  -43.572  -3.252  26.135 0.0000000000
96554  -44.249  -2.084  25.693 0.0000000000
79928  -40.799  -14.360  42.555 0.0000000000
81158  -41.626  -13.604  42.571 0.0000000000
171958  -40.872  -14.649  41.240 0.0000000000
78822  -39.946  -15.467  37.355 0.0000000000
78861  -38.899  -15.329  34.741 0.0000000000
80072  -39.134  -14.733  34.278 0.0000000000
201470  -22.482  -24.913  47.457 0.0000000000
67695  -22.677  -23.798  48.023 0.0000000000
67719  -22.499  -23.922  46.478 0.0000000000
182099  -22.453  -21.311  42.497 0.0000000000
71484  -22.356  -21.511  44.530 0.0000000000
72732  -22.787  -20.234  43.218 0.0000000000
73989  -23.323  -19.440  45.055 0.0000000000
74030  -23.889  -19.402  43.111 0.0000000000
72834  -30.277  -20.027  37.234 0.0000000000
72765  -36.012  -19.894  40.816 0.0000000000
72748  -35.357  -20.331  41.047 0.0000000000
72736  -36.202  -20.122  42.420 0.0000000000
72715  -36.364  -20.117  44.418 0.0000000000
183418  -37.720  -18.958  44.179 0.0000000000
186948  -38.154  -17.592  45.640 0.0000000000
76530  -38.044  -17.496  43.812 0.0000000000
78735  -39.495  -15.928  41.855 0.0000000000
202025  -38.906  -16.155  42.986 0.0000000000
193521  -39.956  -15.117  42.956 0.0000000000
79891  -40.430  -14.416  44.113 0.0000000000
65351  -21.385  -25.591  44.874 0.0000000000
84872  -47.367  -11.803  37.474 0.0000000000
84860  -48.711  -11.118  37.944 0.0000000000
83610  -47.988  -12.089  36.271 0.0000000000
87398  -46.769  -9.111  33.493 0.0000000000
86082  -48.665  -10.163  34.855 0.0000000000
87389  -47.898  -9.019  34.268 0.0000000000
88531  -49.371  -8.754  34.875 0.0000000000
89675  -48.167  -7.650  33.604 0.0000000000
97773  -47.585  -0.845  23.383 0.0000000000
98828  -47.799  -0.446  24.446 0.0000000000
98829  -49.172  -0.277  24.457 0.0000000000
101125  -54.879  1.266  26.295 0.0000000000
96627  -44.961  -1.843  21.541 0.0000000000
96662  -44.748  -1.735  20.124 0.0000000000
97821  -46.893  -1.118  19.330 0.0000000000
98893  -48.093  -0.608  19.051 0.0000000000
98880  -49.565  -0.270  20.219 0.0000000000
98908  -49.407  0.064  18.725 0.0000000000
100072  -50.277  0.491  18.475 0.0000000000
64130  -11.809  -26.931  52.565 0.0000000000
64115  -11.631  -27.110  54.221 0.0000000000
58619  -17.326  -31.578  57.542 0.0000000000
173389  -15.424  -30.434  55.641 0.0000000000
59783  -16.008  -31.017  57.660 0.0000000000
176814  -13.822  -30.326  58.274 0.0000000000
193221  -12.337  -30.540  58.315 0.0000000000
61964  -12.279  -28.245  58.296 0.0000000000
59778  -11.325  -29.603  59.020 0.0000000000
58596  -10.198  -30.460  59.543 0.0000000000
82387  -43.455  -12.957  41.568 0.0000000000
83551  -43.858  -12.005  42.688 0.0000000000
83566  -44.191  -11.955  41.008 0.0000000000
86011  -42.514  -10.494  38.137 0.0000000000
85987  -43.431  -10.336  39.771 0.0000000000
180455  -44.114  -9.967  38.802 0.0000000000
87296  -45.885  -9.494  40.033 0.0000000000
85997  -45.152  -9.789  38.500 0.0000000000
86033  -45.854  -10.428  37.597 0.0000000000
203751  -44.536  -10.435  36.971 0.0000000000
83678  -40.078  -11.927  31.618 0.0000000000
83648  -42.116  -11.801  33.101 0.0000000000
83698  -40.693  -12.325  31.029 0.0000000000
190722  -41.627  -12.128  29.940 0.0000000000
172161  -40.295  -12.556  29.085 0.0000000000
68919  -22.584  -22.682  49.850 0.0000000000
171664  -22.449  -22.577  51.475 0.0000000000
71397  -22.586  -21.372  50.911 0.0000000000
75313  -26.118  -19.242  39.718 0.0000000000
75311  -25.167  -19.315  39.789 0.0000000000
75299  -25.705  -19.213  40.952 0.0000000000
170857  -25.886  -19.071  42.577 0.0000000000
75273  -26.737  -18.947  42.679 0.0000000000
74083  -30.741  -19.544  39.963 0.0000000000
193421  -29.626  -19.192  39.607 0.0000000000
184817  -30.432  -19.396  41.292 0.0000000000
73978  -31.357  -19.788  46.498 0.0000000000
74007  -30.750  -19.508  44.683 0.0000000000
73976  -30.215  -19.485  46.070 0.0000000000
73974  -28.695  -19.125  46.102 0.0000000000
73951  -30.288  -19.654  48.289 0.0000000000
75179  -29.374  -18.982  50.126 0.0000000000
73919  -30.685  -19.573  49.744 0.0000000000
79845  -38.317  -14.958  47.422 0.0000000000
60948  -18.950  -29.031  48.949 0.0000000000
59857  -18.957  -29.580  50.224 0.0000000000
58678  -17.722  -30.847  50.090 0.0000000000
60888  -21.389  -29.157  55.239 0.0000000000
90936  -41.505  -6.595  25.645 0.0000000000
90906  -42.364  -7.228  26.988 0.0000000000
90923  -42.502  -6.459  26.717 0.0000000000
93112  -45.192  -4.530  28.463 0.0000000000
91942  -45.333  -5.644  29.141 0.0000000000
93090  -46.440  -4.941  29.810 0.0000000000
91912  -48.203  -5.956  31.738 0.0000000000
93082  -48.627  -4.297  31.335 0.0000000000
99944  -47.837  0.808  27.440 0.0000000000
178129  -46.723  -0.222  27.814 0.0000000000
99911  -48.044  0.675  28.932 0.0000000000
193263  -52.406  0.565  17.772 0.0000000000
100075  -54.434  0.652  18.260 0.0000000000
100088  -54.109  0.533  17.527 0.0000000000
98930  -56.085  -0.313  16.224 0.0000000000
98942  -57.562  -0.386  15.812 0.0000000000
101227  -59.410  1.510  16.520 0.0000000000
100123  -58.947  0.502  15.447 0.0000000000
101289  -59.025  1.570  11.437 0.0000000000
101273  -57.701  0.945  11.772 0.0000000000
101262  -59.783  1.769  12.956 0.0000000000
102348  -60.702  2.768  14.123 0.0000000000
103443  -62.067  2.844  13.580 0.0000000000
101276  -61.948  1.344  12.739 0.0000000000
183906  -61.339  -0.243  10.612 0.0000000000
78767  -39.463  -16.179  40.271 0.0000000000
78782  -39.909  -15.790  39.782 0.0000000000
77673  -39.095  -16.400  38.728 0.0000000000
77712  -38.293  -16.637  36.292 0.0000000000
181608  -22.042  -23.428  44.069 0.0000000000
72839  -34.461  -20.182  37.418 0.0000000000
74104  -35.975  -19.397  39.398 0.0000000000
75303  -36.938  -18.426  40.790 0.0000000000
76537  -37.703  -17.778  42.343 0.0000000000
178817  -37.275  -18.034  40.295 0.0000000000
77656  -38.491  -17.036  40.485 0.0000000000
83666  -45.055  -12.263  33.331 0.0000000000
83652  -46.161  -11.973  34.064 0.0000000000
84964  -44.843  -11.137  32.445 0.0000000000
87404  -44.581  -9.744  31.721 0.0000000000
88560  -44.623  -8.644  30.849 0.0000000000
98852  -50.126  -0.321  22.644 0.0000000000
100002  -51.100  -0.025  24.271 0.0000000000
170626  -52.243  0.151  23.977 0.0000000000
99995  -54.531  0.534  24.761 0.0000000000
100047  -58.002  0.401  20.422 0.0000000000
176965  -13.012  -27.717  51.843 0.0000000000
61997  -13.201  -28.233  53.084 0.0000000000
82423  -42.604  -13.189  37.917 0.0000000000
83581  -43.041  -12.046  38.951 0.0000000000
83594  -41.723  -11.896  37.596 0.0000000000
86027  -41.273  -10.970  37.039 0.0000000000
86042  -41.867  -10.589  36.645 0.0000000000
86061  -43.204  -10.562  35.898 0.0000000000
84917  -40.996  -10.651  34.917 0.0000000000
84960  -39.486  -11.493  32.256 0.0000000000
184983  -39.148  -12.276  30.468 0.0000000000
72640  -22.978  -20.084  49.152 0.0000000000
183739  -23.075  -19.962  50.595 0.0000000000
193830  -23.558  -19.114  49.788 0.0000000000
75138  -24.063  -18.545  51.819 0.0000000000
76413  -27.713  -17.768  52.502 0.0000000000
196080  -26.429  -19.152  38.346 0.0000000000
75314  -26.872  -19.236  39.786 0.0000000000
74010  -33.452  -19.908  43.785 0.0000000000
196950  -31.994  -19.582  42.895 0.0000000000
72698  -33.601  -19.982  45.286 0.0000000000
72672  -32.774  -20.104  47.043 0.0000000000
72643  -32.281  -20.174  48.574 0.0000000000
73921  -32.044  -19.743  50.017 0.0000000000
73923  -33.429  -19.491  49.986 0.0000000000
63150  -20.300  -27.374  46.930 0.0000000000
63125  -20.365  -27.683  48.588 0.0000000000
62016  -20.268  -28.600  51.453 0.0000000000
60909  -20.539  -29.114  53.316 0.0000000000
63075  -21.269  -28.213  53.175 0.0000000000
93152  -42.007  -4.923  25.339 0.0000000000
93138  -42.836  -4.901  26.347 0.0000000000
94257  -43.014  -4.223  26.157 0.0000000000
95378  -44.574  -3.565  27.411 0.0000000000
95366  -45.797  -3.361  28.514 0.0000000000
100117  -51.471  0.607  15.487 0.0000000000
100119  -52.945  0.432  15.904 0.0000000000
100128  -52.420  0.521  14.521 0.0000000000
201060  -60.530  2.607  11.427 0.0000000000
103453  -62.314  2.868  12.169 0.0000000000
103457  -61.758  3.264  11.046 0.0000000000
103466  -62.113  3.349  10.624 0.0000000000
57389  -17.848  -32.405  53.177 0.0000000000
58649  -15.693  -31.543  53.545 0.0000000000
83520  -42.591  -11.978  44.535 0.0000000000
82370  -42.011  -13.134  42.962 0.0000000000
81177  -42.623  -13.342  41.576 0.0000000000
81208  -42.813  -13.844  39.476 0.0000000000
177994  -40.387  -15.327  39.321 0.0000000000
80006  -40.968  -14.881  38.104 0.0000000000
81240  -42.287  -13.989  38.021 0.0000000000
81271  -41.161  -13.824  36.371 0.0000000000
176630  -39.332  -13.301  34.330 0.0000000000
65251  -22.387  -25.715  50.049 0.0000000000
181196  -22.479  -24.501  51.068 0.0000000000
67669  -22.644  -24.504  49.756 0.0000000000
170825  -22.647  -23.296  49.121 0.0000000000
193970  -22.681  -21.879  48.251 0.0000000000
181080  -22.450  -22.654  45.734 0.0000000000
70215  -22.584  -21.886  46.618 0.0000000000
175281  -22.728  -20.855  47.485 0.0000000000
72669  -23.089  -19.665  46.976 0.0000000000
75225  -24.156  -19.060  46.500 0.0000000000
192548  -25.181  -18.868  46.342 0.0000000000
72814  -30.250  -19.849  38.052 0.0000000000
72778  -32.225  -19.852  40.105 0.0000000000
72799  -33.025  -20.281  38.844 0.0000000000
72763  -33.695  -20.208  40.727 0.0000000000
74050  -33.306  -19.771  41.985 0.0000000000
72722  -34.730  -20.259  43.806 0.0000000000
72689  -36.211  -19.807  45.728 0.0000000000
75219  -37.365  -18.609  47.371 0.0000000000
76488  -37.322  -17.702  48.351 0.0000000000
75220  -38.042  -17.920  46.738 0.0000000000
77553  -38.175  -16.461  46.499 0.0000000000
78686  -38.633  -15.239  45.937 0.0000000000
77606  -38.232  -16.975  43.264 0.0000000000
78708  -38.932  -15.630  44.482 0.0000000000
79874  -39.067  -14.954  45.631 0.0000000000
81121  -40.294  -14.300  44.911 0.0000000000
63151  -20.914  -27.007  47.312 0.0000000000
87312  -48.081  -9.234  39.361 0.0000000000
86001  -49.393  -9.427  38.800 0.0000000000
184790  -50.568  -9.890  38.400 0.0000000000
86020  -51.111  -10.160  38.077 0.0000000000
84898  -48.911  -11.432  35.781 0.0000000000
86045  -50.413  -10.722  36.227 0.0000000000
97770  -44.534  -1.620  23.749 0.0000000000
97763  -45.054  -1.132  24.974 0.0000000000
97764  -45.766  -0.910  24.510 0.0000000000
99976  -47.754  0.079  25.857 0.0000000000
99945  -49.147  0.841  27.337 0.0000000000
99963  -51.247  0.360  26.008 0.0000000000
101105  -50.927  0.940  27.419 0.0000000000
88667  -39.454  -8.606  25.432 0.0000000000
198767  -41.035  -8.793  26.462 0.0000000000
193540  -39.711  -8.025  25.252 0.0000000000
90943  -39.854  -6.794  24.663 0.0000000000
92013  -40.683  -5.725  24.538 0.0000000000
93161  -41.079  -4.900  24.386 0.0000000000
94294  -41.319  -4.153  24.054 0.0000000000
95434  -42.229  -2.978  23.739 0.0000000000
96591  -42.810  -2.587  23.580 0.0000000000
96606  -44.077  -1.927  23.180 0.0000000000
197656  -44.783  -1.649  23.002 0.0000000000
97791  -45.959  -1.404  22.355 0.0000000000
97792  -47.116  -1.263  21.928 0.0000000000
96671  -45.774  -1.524  19.759 0.0000000000
97809  -47.230  -1.341  20.578 0.0000000000
97801  -48.587  -0.851  21.275 0.0000000000
98871  -49.888  -0.303  21.299 0.0000000000
100030  -51.323  0.435  20.811 0.0000000000
100042  -52.479  0.767  20.478 0.0000000000
100043  -53.933  0.958  19.848 0.0000000000
100060  -52.090  0.635  19.079 0.0000000000
177417  -51.429  0.607  17.741 0.0000000000
181679  -50.960  0.625  17.060 0.0000000000
100115  -50.100  0.969  15.866 0.0000000000
59825  -14.868  -30.248  53.688 0.0000000000
60906  -14.079  -29.016  53.753 0.0000000000
61978  -13.298  -28.329  54.632 0.0000000000
59785  -14.868  -30.340  57.861 0.0000000000
63053  -13.389  -28.427  56.234 0.0000000000
63056  -12.190  -27.595  54.692 0.0000000000
185852  -11.686  -27.272  56.206 0.0000000000
64105  -10.951  -26.839  56.486 0.0000000000
63040  -10.445  -27.051  58.687 0.0000000000
61951  -9.694  -28.396  59.700 0.0000000000
88437  -47.848  -9.189  41.279 0.0000000000
87259  -44.996  -9.349  42.792 0.0000000000
84837  -44.086  -11.164  40.637 0.0000000000
193243  -44.670  -9.932  41.229 0.0000000000
88435  -46.624  -9.049  41.724 0.0000000000
175518  -46.786  -9.356  40.209 0.0000000000
204703  -48.106  -9.136  40.046 0.0000000000
85998  -46.692  -9.777  38.537 0.0000000000
84871  -46.447  -11.250  37.526 0.0000000000
83607  -45.554  -12.484  36.168 0.0000000000
84920  -43.341  -11.549  34.789 0.0000000000
83637  -43.794  -12.448  34.399 0.0000000000
82455  -44.350  -12.730  34.014 0.0000000000
83701  -43.046  -12.047  31.439 0.0000000000
84994  -41.741  -11.440  29.104 0.0000000000
86167  -40.322  -10.534  27.065 0.0000000000
83693  -36.623  -12.327  30.571 0.0000000000
83712  -37.137  -12.115  30.419 0.0000000000
83730  -37.040  -12.286  29.646 0.0000000000
172559  -38.321  -12.726  28.599 0.0000000000
83770  -38.627  -12.394  27.262 0.0000000000
83785  -39.006  -11.806  26.789 0.0000000000
86182  -39.269  -10.520  26.305 0.0000000000
87520  -39.165  -9.319  25.642 0.0000000000
72599  -22.746  -20.742  52.400 0.0000000000
72761  -24.051  -20.055  40.306 0.0000000000
74081  -24.777  -19.543  40.221 0.0000000000
173276  -24.216  -19.572  41.877 0.0000000000
75285  -24.693  -19.330  42.251 0.0000000000
75250  -25.339  -19.145  44.532 0.0000000000
75228  -26.576  -18.839  46.196 0.0000000000
75356  -28.115  -19.324  37.882 0.0000000000
75315  -28.370  -19.105  39.877 0.0000000000
201674  -28.318  -19.084  41.232 0.0000000000
74033  -30.758  -19.462  42.787 0.0000000000
74031  -29.481  -19.158  42.567 0.0000000000
75275  -28.038  -18.983  42.348 0.0000000000
75253  -27.894  -18.922  44.377 0.0000000000
75230  -28.038  -19.010  46.607 0.0000000000
75205  -27.574  -18.795  47.883 0.0000000000
75178  -28.463  -18.786  49.716 0.0000000000
187553  -29.500  -18.579  51.561 0.0000000000
200850  -14.393  -28.595  49.357 0.0000000000
59848  -15.519  -30.510  50.655 0.0000000000
60965  -17.304  -29.372  47.000 0.0000000000
60954  -16.391  -29.687  47.841 0.0000000000
59862  -16.694  -30.290  48.992 0.0000000000
58677  -16.931  -30.925  50.123 0.0000000000
177603  -17.486  -31.951  51.796 0.0000000000
58650  -18.980  -31.855  52.998 0.0000000000
60899  -20.675  -29.265  54.006 0.0000000000
88624  -41.929  -8.694  27.288 0.0000000000
88588  -43.600  -8.289  29.030 0.0000000000
89736  -44.686  -7.676  29.902 0.0000000000
91955  -43.855  -5.933  27.985 0.0000000000
90862  -45.462  -6.752  29.952 0.0000000000
195063  -46.593  -7.097  31.319 0.0000000000
90826  -48.190  -6.881  32.635 0.0000000000
97726  -45.263  -1.346  26.435 0.0000000000
97689  -46.195  -1.684  28.183 0.0000000000
96507  -46.945  -2.548  29.368 0.0000000000
101199  -55.260  1.094  19.223 0.0000000000
100064  -55.739  0.942  19.187 0.0000000000
98899  -57.894  0.029  19.542 0.0000000000
181427  -54.888  0.247  16.847 0.0000000000
98921  -56.900  -0.482  17.621 0.0000000000
100077  -58.738  0.562  18.905 0.0000000000
184459  -60.165  2.296  17.967 0.0000000000
102317  -61.062  2.216  17.249 0.0000000000
184669  -57.840  0.051  13.380 0.0000000000
101244  -59.712  1.802  14.531 0.0000000000
197517  -61.550  2.516  15.242 0.0000000000
100182  -61.811  0.974  11.421 0.0000000000
76613  -36.801  -18.019  36.669 0.0000000000
185415  -36.904  -17.854  35.979 0.0000000000
180045  -35.397  -19.242  35.909 0.0000000000
75394  -36.214  -18.585  36.654 0.0000000000
76599  -36.921  -18.003  37.353 0.0000000000
87486  -40.776  -9.951  27.105 0.0000000000
87463  -41.899  -9.686  28.094 0.0000000000
190931  -41.173  -9.502  27.129 0.0000000000
203519  -54.254  1.075  21.253 0.0000000000
100023  -53.970  0.848  21.952 0.0000000000
101162  -54.893  1.247  21.676 0.0000000000
102275  -55.986  2.406  22.038 0.0000000000
101174  -55.534  1.869  20.911 0.0000000000
102294  -56.129  2.092  20.691 0.0000000000
170318  -55.510  1.704  20.246 0.0000000000
59847  -14.986  -29.979  51.085 0.0000000000
196932  -14.526  -29.384  51.584 0.0000000000
59834  -15.291  -30.867  52.279 0.0000000000
82474  -38.082  -12.528  32.730 0.0000000000
82466  -38.867  -12.398  33.885 0.0000000000
83646  -38.475  -11.992  33.193 0.0000000000
84946  -38.483  -11.620  32.726 0.0000000000
83660  -38.146  -11.963  32.575 0.0000000000
65212  -22.114  -25.661  52.991 0.0000000000
65219  -22.245  -25.679  52.130 0.0000000000
200910  -25.497  -18.418  48.272 0.0000000000
75188  -25.546  -18.301  48.887 0.0000000000
75175  -25.947  -18.162  49.597 0.0000000000
75189  -26.429  -18.405  48.981 0.0000000000
73955  -36.069  -19.233  47.837 0.0000000000
75208  -35.769  -19.065  48.562 0.0000000000
170351  -36.102  -18.492  48.974 0.0000000000
64141  -21.851  -27.066  52.282 0.0000000000
96553  -43.655  -2.421  25.264 0.0000000000
187740  -44.109  -1.893  25.117 0.0000000000
79947  -40.382  -15.006  41.658 0.0000000000
79948  -40.812  -14.513  41.955 0.0000000000
79963  -40.407  -15.166  40.889 0.0000000000
189333  -38.549  -15.909  35.142 0.0000000000
78850  -39.153  -15.501  35.437 0.0000000000
66439  -22.487  -24.526  46.996 0.0000000000
67732  -22.304  -23.933  45.544 0.0000000000
71513  -22.979  -20.617  41.815 0.0000000000
71503  -22.791  -20.607  42.435 0.0000000000
176455  -23.243  -19.940  42.561 0.0000000000
178133  -23.306  -19.636  43.219 0.0000000000
74029  -23.753  -19.586  42.542 0.0000000000
173489  -36.363  -19.607  41.265 0.0000000000
74051  -36.519  -19.687  41.901 0.0000000000
74037  -36.785  -19.720  42.594 0.0000000000
74023  -37.090  -19.686  43.296 0.0000000000
75264  -37.512  -19.092  43.460 0.0000000000
75265  -37.782  -18.306  43.652 0.0000000000
75277  -37.576  -18.442  42.898 0.0000000000
78752  -39.514  -16.086  41.046 0.0000000000
78736  -39.917  -15.344  42.155 0.0000000000
79927  -40.398  -14.809  42.417 0.0000000000
65352  -21.757  -24.897  44.827 0.0000000000
65335  -21.852  -25.206  45.471 0.0000000000
188832  -46.865  -12.362  36.582 0.0000000000
83598  -47.834  -12.129  36.907 0.0000000000
83609  -47.353  -12.295  36.399 0.0000000000
88544  -46.356  -8.721  32.873 0.0000000000
88545  -46.975  -8.364  33.181 0.0000000000
88537  -47.985  -8.295  34.015 0.0000000000
89685  -46.672  -8.003  32.539 0.0000000000
98850  -48.296  -0.729  23.435 0.0000000000
171963  -48.425  -0.482  24.105 0.0000000000
98841  -49.004  -0.547  23.667 0.0000000000
102233  -54.722  1.698  27.067 0.0000000000
96647  -44.685  -1.923  20.758 0.0000000000
98894  -48.817  -0.401  19.271 0.0000000000
98907  -48.542  -0.215  18.610 0.0000000000
200854  -48.911  0.129  18.148 0.0000000000
63073  -12.267  -27.417  53.025 0.0000000000
64122  -11.710  -27.016  53.375 0.0000000000
64121  -11.077  -26.658  53.720 0.0000000000
58612  -16.708  -31.344  57.584 0.0000000000
58606  -16.406  -31.461  57.883 0.0000000000
58601  -11.558  -30.411  58.565 0.0000000000
58599  -10.517  -31.141  59.232 0.0000000000
82404  -43.546  -13.210  40.242 0.0000000000
82394  -43.922  -12.736  40.787 0.0000000000
82405  -43.770  -12.796  39.929 0.0000000000
85996  -43.243  -10.225  39.202 0.0000000000
86012  -43.463  -10.209  38.307 0.0000000000
86013  -44.571  -9.984  37.955 0.0000000000
86031  -44.199  -10.207  37.425 0.0000000000
83697  -39.766  -12.225  30.870 0.0000000000
83679  -40.908  -12.086  31.714 0.0000000000
83716  -40.551  -12.514  30.304 0.0000000000
197239  -40.556  -12.578  29.665 0.0000000000
83733  -39.503  -12.709  29.137 0.0000000000
71421  -22.615  -21.778  49.570 0.0000000000
70184  -22.539  -21.924  50.381 0.0000000000
71409  -22.664  -21.190  50.160 0.0000000000
178917  -26.279  -19.201  40.407 0.0000000000
171646  -26.401  -19.135  41.181 0.0000000000
75287  -26.534  -19.035  41.947 0.0000000000
75288  -27.128  -19.063  41.422 0.0000000000
74068  -31.487  -19.579  40.893 0.0000000000
74067  -30.908  -19.497  40.717 0.0000000000
74048  -31.126  -19.500  41.452 0.0000000000
72670  -31.411  -19.943  47.267 0.0000000000
193636  -30.907  -19.629  46.154 0.0000000000
73964  -30.834  -19.824  47.763 0.0000000000
73963  -30.131  -19.628  47.472 0.0000000000
73935  -30.466  -19.623  49.056 0.0000000000
73936  -31.153  -19.784  49.282 0.0000000000
79859  -38.467  -15.098  46.642 0.0000000000
60918  -19.844  -29.423  52.186 0.0000000000
92004  -41.118  -6.201  25.100 0.0000000000
91988  -42.088  -6.115  26.116 0.0000000000
94209  -46.601  -4.176  29.704 0.0000000000
93101  -46.098  -4.527  29.298 0.0000000000
93091  -46.984  -4.602  30.148 0.0000000000
93081  -47.972  -4.710  30.985 0.0000000000
94199  -47.499  -4.237  30.518 0.0000000000
101086  -48.744  1.166  28.424 0.0000000000
98763  -47.566  0.461  28.494 0.0000000000
193344  -51.782  0.555  16.995 0.0000000000
100087  -53.295  0.525  17.563 0.0000000000
100106  -52.670  0.507  16.883 0.0000000000
98946  -56.742  -0.270  14.807 0.0000000000
100133  -58.233  -0.232  15.263 0.0000000000
98951  -57.322  -0.290  14.498 0.0000000000
102370  -59.949  2.136  11.590 0.0000000000
101275  -59.393  1.378  12.214 0.0000000000
102361  -60.151  2.263  12.474 0.0000000000
103446  -60.977  2.972  13.532 0.0000000000
187668  -61.658  3.052  13.138 0.0000000000
101264  -62.260  2.123  13.162 0.0000000000
103447  -62.203  2.852  12.905 0.0000000000
185201  -38.870  -16.651  39.363 0.0000000000
78781  -39.332  -16.228  39.510 0.0000000000
77690  -38.565  -16.758  38.022 0.0000000000
77711  -37.725  -17.017  35.930 0.0000000000
77724  -37.592  -16.899  35.155 0.0000000000
72855  -34.284  -20.163  36.556 0.0000000000
75357  -35.885  -19.100  38.002 0.0000000000
74121  -35.929  -19.247  38.710 0.0000000000
75336  -36.401  -18.824  39.096 0.0000000000
75317  -36.369  -18.999  39.780 0.0000000000
75318  -36.808  -18.465  39.975 0.0000000000
76553  -37.464  -17.911  40.884 0.0000000000
76588  -37.926  -17.326  38.402 0.0000000000
76575  -37.907  -17.425  39.257 0.0000000000
174146  -38.437  -17.039  39.691 0.0000000000
77657  -38.953  -16.626  40.006 0.0000000000
84962  -43.793  -11.763  31.740 0.0000000000
84951  -44.635  -12.007  32.742 0.0000000000
86111  -43.879  -10.989  31.309 0.0000000000
87423  -43.537  -9.353  30.024 0.0000000000
87413  -43.767  -9.706  30.698 0.0000000000
87414  -44.301  -9.336  31.126 0.0000000000
88550  -44.791  -8.936  31.529 0.0000000000
87424  -44.022  -8.946  30.503 0.0000000000
182080  -50.764  -0.091  22.543 0.0000000000
100003  -51.539  0.025  23.771 0.0000000000
100012  -51.999  0.129  23.178 0.0000000000
101140  -55.162  0.949  24.862 0.0000000000
101132  -55.332  1.411  25.594 0.0000000000
102248  -55.777  1.780  24.833 0.0000000000
101175  -57.208  1.663  21.342 0.0000000000
100035  -58.424  0.874  21.202 0.0000000000
100034  -57.564  0.762  21.061 0.0000000000
63083  -13.634  -28.249  51.829 0.0000000000
63092  -13.443  -27.878  51.307 0.0000000000
183399  -13.254  -28.099  52.424 0.0000000000
82428  -41.143  -13.046  36.430 0.0000000000
82422  -42.143  -12.940  37.460 0.0000000000
193921  -41.433  -12.474  37.008 0.0000000000
83605  -40.329  -11.328  35.959 0.0000000000
84883  -40.887  -11.087  36.437 0.0000000000
86028  -41.593  -10.731  37.262 0.0000000000
86058  -40.892  -10.762  36.189 0.0000000000
86080  -40.934  -10.660  35.652 0.0000000000
181888  -40.237  -10.774  34.690 0.0000000000
84959  -38.716  -11.511  32.244 0.0000000000
84948  -39.717  -11.274  32.882 0.0000000000
83677  -39.183  -11.710  31.640 0.0000000000
179031  -38.370  -12.061  30.568 0.0000000000
73932  -23.354  -19.360  48.342 0.0000000000
73916  -23.371  -19.302  49.109 0.0000000000
73917  -23.907  -18.799  49.357 0.0000000000
75158  -24.686  -18.103  50.819 0.0000000000
173620  -24.380  -18.323  50.333 0.0000000000
75139  -24.553  -18.073  51.556 0.0000000000
76458  -27.319  -18.029  51.103 0.0000000000
76412  -26.908  -17.657  52.228 0.0000000000
76441  -27.534  -17.907  51.757 0.0000000000
75333  -26.291  -19.233  39.078 0.0000000000
170625  -34.222  -20.058  44.924 0.0000000000
72712  -33.514  -19.967  44.578 0.0000000000
171035  -34.200  -19.953  45.654 0.0000000000
72659  -34.278  -19.948  47.525 0.0000000000
72673  -33.625  -20.076  47.215 0.0000000000
72658  -33.735  -20.034  48.126 0.0000000000
72657  -32.954  -20.156  47.918 0.0000000000
72644  -33.114  -20.087  48.767 0.0000000000
73939  -33.300  -19.846  49.476 0.0000000000
180282  -34.377  -18.419  50.675 0.0000000000
63137  -20.976  -27.125  48.145 0.0000000000
63136  -20.347  -27.525  47.739 0.0000000000
63126  -21.074  -27.238  49.077 0.0000000000
63103  -21.122  -27.713  51.203 0.0000000000
62008  -20.534  -28.666  52.287 0.0000000000
63084  -21.016  -28.278  52.564 0.0000000000
63077  -22.118  -27.219  54.107 0.0000000000
63076  -21.740  -27.634  53.553 0.0000000000
94284  -42.328  -4.101  25.160 0.0000000000
93153  -42.549  -4.574  25.769 0.0000000000
194321  -42.778  -4.003  25.676 0.0000000000
94259  -44.069  -3.196  26.632 0.0000000000
94246  -45.201  -3.471  27.962 0.0000000000
95379  -45.057  -3.003  27.532 0.0000000000
100127  -51.712  0.696  14.697 0.0000000000
180019  -59.421  2.190  10.943 0.0000000000
194332  -60.313  2.536  10.954 0.0000000000
102371  -61.051  3.009  11.322 0.0000000000
102382  -59.810  2.786  10.413 0.0000000000
174850  -17.745  -32.455  53.836 0.0000000000
57343  -18.283  -32.130  57.800 0.0000000000
82359  -41.846  -13.056  44.550 0.0000000000
82360  -42.247  -12.544  44.114 0.0000000000
176188  -41.910  -13.085  43.730 0.0000000000
79964  -41.532  -14.190  40.873 0.0000000000
81176  -41.798  -13.742  41.719 0.0000000000
81191  -42.400  -13.731  40.905 0.0000000000
81207  -42.230  -14.031  40.166 0.0000000000
78795  -39.800  -15.844  38.910 0.0000000000
78805  -39.929  -15.652  38.116 0.0000000000
80021  -40.598  -14.912  36.905 0.0000000000
186477  -40.953  -14.807  37.478 0.0000000000
80007  -41.680  -14.471  38.278 0.0000000000
80022  -41.307  -14.359  36.978 0.0000000000
81257  -41.877  -14.102  37.515 0.0000000000
80038  -40.902  -14.411  36.389 0.0000000000
180544  -39.473  -14.187  34.426 0.0000000000
66399  -22.604  -25.113  49.713 0.0000000000
66412  -22.641  -24.831  49.139 0.0000000000
204140  -22.698  -23.759  48.628 0.0000000000
68930  -22.691  -23.157  48.372 0.0000000000
170204  -22.659  -22.402  48.848 0.0000000000
175567  -22.670  -22.484  47.963 0.0000000000
68973  -22.254  -22.833  44.378 0.0000000000
72709  -22.453  -20.807  44.692 0.0000000000
71474  -22.431  -21.425  45.259 0.0000000000
71462  -22.539  -21.265  46.006 0.0000000000
71448  -22.674  -21.101  46.769 0.0000000000
72682  -22.695  -20.476  46.126 0.0000000000
72668  -22.828  -20.330  46.873 0.0000000000
72683  -22.954  -19.768  46.284 0.0000000000
73990  -23.838  -19.249  45.101 0.0000000000
179524  -23.409  -19.359  45.795 0.0000000000
179218  -24.019  -19.152  45.809 0.0000000000
176142  -24.621  -19.060  45.908 0.0000000000
72835  -30.914  -20.120  37.677 0.0000000000
72796  -30.927  -19.881  38.566 0.0000000000
74084  -31.235  -19.731  39.380 0.0000000000
72777  -31.965  -19.911  39.532 0.0000000000
174029  -33.995  -20.340  37.889 0.0000000000
72817  -33.186  -20.349  37.976 0.0000000000
182122  -33.893  -20.368  38.630 0.0000000000
201309  -35.384  -20.369  41.670 0.0000000000
72764  -34.506  -20.423  40.901 0.0000000000
72746  -33.861  -20.154  41.465 0.0000000000
72733  -34.461  -20.299  42.599 0.0000000000
72721  -34.205  -20.139  43.400 0.0000000000
72734  -35.005  -20.356  43.157 0.0000000000
73997  -37.196  -19.609  45.184 0.0000000000
72701  -36.621  -19.938  45.095 0.0000000000
73996  -36.855  -19.707  45.630 0.0000000000
73980  -36.705  -19.537  46.259 0.0000000000
73967  -37.279  -19.085  46.682 0.0000000000
183301  -37.822  -17.977  47.269 0.0000000000
176476  -37.809  -18.505  46.748 0.0000000000
76514  -38.220  -17.015  45.128 0.0000000000
77563  -38.207  -16.803  45.775 0.0000000000
78685  -38.347  -15.683  46.231 0.0000000000
196153  -38.496  -15.759  45.564 0.0000000000
76547  -38.067  -17.291  41.811 0.0000000000
191175  -38.146  -17.155  42.554 0.0000000000
199042  -38.565  -16.611  42.768 0.0000000000
179233  -39.551  -15.383  43.443 0.0000000000
181228  -39.043  -15.816  43.627 0.0000000000
79889  -39.266  -15.149  44.885 0.0000000000
79875  -39.660  -14.646  45.278 0.0000000000
79890  -39.837  -14.801  44.509 0.0000000000
81139  -41.007  -14.001  43.729 0.0000000000
81122  -40.914  -13.943  44.543 0.0000000000
81123  -41.467  -13.558  44.158 0.0000000000
64226  -20.723  -26.741  45.722 0.0000000000
64185  -22.187  -26.040  48.849 0.0000000000
86000  -48.534  -9.574  38.755 0.0000000000
87313  -48.982  -9.012  39.342 0.0000000000
84874  -49.113  -11.464  37.285 0.0000000000
84861  -49.512  -10.878  37.896 0.0000000000
84862  -50.244  -10.543  37.897 0.0000000000
84876  -50.554  -10.711  37.383 0.0000000000
84921  -46.777  -11.541  34.319 0.0000000000
83639  -47.301  -11.887  34.972 0.0000000000
84922  -47.379  -11.082  34.516 0.0000000000
86083  -49.450  -10.006  35.151 0.0000000000
86062  -49.253  -10.786  35.383 0.0000000000
86063  -49.975  -10.483  35.606 0.0000000000
86046  -51.033  -10.340  36.413 0.0000000000
86064  -50.654  -10.121  35.767 0.0000000000
87368  -50.795  -9.273  35.524 0.0000000000
89645  -49.892  -8.109  35.059 0.0000000000
203761  -45.086  -1.415  23.527 0.0000000000
192007  -45.041  -1.276  24.189 0.0000000000
197658  -48.269  -0.031  25.397 0.0000000000
98817  -47.702  -0.209  25.150 0.0000000000
99977  -48.531  0.207  25.935 0.0000000000
99960  -47.988  0.439  26.623 0.0000000000
99961  -49.001  0.500  26.580 0.0000000000
99980  -51.768  0.238  25.328 0.0000000000
99979  -50.951  0.162  25.307 0.0000000000
101123  -52.427  0.797  26.863 0.0000000000
63032  -8.693  -27.251  59.360 0.0000000000
61955  -8.296  -27.966  59.581 0.0000000000
90956  -39.444  -6.316  24.320 0.0000000000
90944  -40.497  -6.563  24.803 0.0000000000
92012  -40.082  -6.206  24.495 0.0000000000
92026  -40.526  -5.073  24.139 0.0000000000
93173  -40.762  -4.575  23.979 0.0000000000
95448  -41.663  -3.094  23.267 0.0000000000
95449  -42.202  -2.719  23.072 0.0000000000
96605  -43.540  -2.250  22.582 0.0000000000
188940  -44.349  -1.965  22.254 0.0000000000
96628  -45.702  -1.603  21.657 0.0000000000
96629  -46.394  -1.433  21.771 0.0000000000
194825  -46.587  -1.279  22.379 0.0000000000
97798  -46.817  -1.413  21.194 0.0000000000
97810  -47.792  -1.084  20.157 0.0000000000
177018  -47.150  -1.263  19.909 0.0000000000
97800  -47.911  -1.117  20.907 0.0000000000
98870  -49.271  -0.615  21.636 0.0000000000
181245  -49.253  -0.555  20.787 0.0000000000
98881  -50.216  0.097  20.042 0.0000000000
100040  -51.051  0.428  20.206 0.0000000000
100041  -51.755  0.654  20.342 0.0000000000
190780  -51.552  0.645  19.643 0.0000000000
175143  -52.296  0.710  19.751 0.0000000000
100085  -49.650  0.451  17.865 0.0000000000
100073  -51.039  0.608  18.388 0.0000000000
100086  -50.594  0.611  17.780 0.0000000000
177268  -10.330  -26.354  54.726 0.0000000000
204274  -15.917  -31.679  54.089 0.0000000000
59826  -15.242  -30.929  53.114 0.0000000000
58645  -15.561  -31.210  54.356 0.0000000000
59808  -14.991  -29.943  55.483 0.0000000000
59818  -14.812  -29.933  54.602 0.0000000000
60897  -14.123  -29.026  54.598 0.0000000000
61989  -13.709  -28.595  54.204 0.0000000000
197975  -13.727  -28.594  54.864 0.0000000000
57332  -15.296  -31.760  58.417 0.0000000000
61960  -13.296  -28.932  57.876 0.0000000000
60869  -13.914  -29.525  57.694 0.0000000000
63048  -13.033  -28.246  56.705 0.0000000000
63052  -12.895  -28.108  55.923 0.0000000000
63051  -12.271  -27.661  55.586 0.0000000000
177334  -12.423  -27.810  56.441 0.0000000000
63036  -11.654  -27.865  58.688 0.0000000000
192999  -11.633  -27.347  57.515 0.0000000000
63041  -11.156  -27.322  58.454 0.0000000000
64101  -10.829  -26.774  57.264 0.0000000000
63035  -10.834  -27.599  59.061 0.0000000000
63034  -10.135  -27.260  59.098 0.0000000000
187944  -10.565  -28.254  59.467 0.0000000000
58595  -9.900  -31.169  59.729 0.0000000000
88407  -47.768  -8.831  42.561 0.0000000000
172145  -48.283  -9.328  42.194 0.0000000000
83536  -42.794  -12.153  43.810 0.0000000000
83521  -43.050  -11.624  44.251 0.0000000000
83537  -43.523  -11.668  43.594 0.0000000000
83552  -44.328  -11.449  42.291 0.0000000000
84827  -44.153  -11.262  43.064 0.0000000000
203646  -44.424  -10.798  42.637 0.0000000000
85958  -44.685  -9.613  43.203 0.0000000000
85966  -44.611  -10.060  42.451 0.0000000000
83582  -43.544  -12.048  39.584 0.0000000000
84851  -42.917  -11.175  39.275 0.0000000000
187686  -44.084  -10.010  40.105 0.0000000000
85978  -43.840  -10.434  40.304 0.0000000000
85979  -44.340  -10.146  40.716 0.0000000000
87271  -44.845  -9.711  41.924 0.0000000000
183008  -45.075  -9.599  41.429 0.0000000000
87272  -45.806  -9.241  41.578 0.0000000000
87284  -45.393  -9.546  40.758 0.0000000000
87310  -45.496  -9.639  39.273 0.0000000000
87286  -47.610  -9.174  40.625 0.0000000000
87297  -47.409  -9.295  39.752 0.0000000000
87311  -47.248  -9.491  39.130 0.0000000000
177818  -45.736  -10.967  37.230 0.0000000000
83596  -45.948  -11.738  37.079 0.0000000000
84886  -44.978  -11.926  36.270 0.0000000000
84918  -41.774  -10.770  34.298 0.0000000000
84895  -42.932  -10.732  35.210 0.0000000000
84919  -42.623  -11.074  34.502 0.0000000000
83662  -41.904  -12.020  32.469 0.0000000000
83636  -43.118  -11.983  34.048 0.0000000000
83649  -42.892  -12.251  33.341 0.0000000000
187280  -43.660  -12.562  33.641 0.0000000000
83664  -43.503  -12.430  32.897 0.0000000000
83682  -43.305  -12.244  32.148 0.0000000000
83734  -40.944  -12.276  29.177 0.0000000000
83735  -41.511  -11.969  29.376 0.0000000000
84993  -41.284  -11.707  28.793 0.0000000000
85004  -40.989  -11.300  28.120 0.0000000000
85017  -40.352  -11.311  27.455 0.0000000000
83711  -36.270  -12.339  29.960 0.0000000000
83750  -37.066  -12.660  28.244 0.0000000000
172560  -37.467  -12.640  28.801 0.0000000000
170836  -37.171  -12.615  27.482 0.0000000000
196139  -37.863  -12.472  27.144 0.0000000000
83784  -38.233  -12.060  26.641 0.0000000000
204235  -39.195  -12.100  27.183 0.0000000000
85032  -37.834  -11.798  26.177 0.0000000000
86204  -38.877  -10.110  25.879 0.0000000000
182163  -22.363  -24.446  51.982 0.0000000000
67657  -22.417  -23.793  51.493 0.0000000000
68895  -22.415  -22.600  52.241 0.0000000000
173440  -23.293  -19.549  51.197 0.0000000000
177873  -22.967  -20.228  51.321 0.0000000000
72600  -23.020  -20.156  52.504 0.0000000000
75298  -25.084  -19.332  40.740 0.0000000000
74044  -24.742  -19.430  41.510 0.0000000000
75262  -26.297  -19.011  43.780 0.0000000000
170858  -25.696  -19.107  43.386 0.0000000000
75251  -26.146  -19.026  44.547 0.0000000000
75239  -25.615  -19.053  45.187 0.0000000000
75240  -26.471  -18.961  45.344 0.0000000000
74119  -28.707  -19.299  38.601 0.0000000000
179432  -29.362  -19.098  40.558 0.0000000000
198911  -29.093  -19.074  39.862 0.0000000000
75316  -28.523  -19.055  40.557 0.0000000000
74065  -28.947  -19.059  41.208 0.0000000000
74008  -31.949  -19.676  44.166 0.0000000000
74034  -31.387  -19.529  42.822 0.0000000000
171028  -31.225  -19.559  44.091 0.0000000000
173352  -30.158  -19.403  45.198 0.0000000000
170180  -29.644  -19.215  43.253 0.0000000000
75263  -28.975  -19.036  43.117 0.0000000000
75276  -28.764  -18.976  42.473 0.0000000000
201203  -28.666  -18.967  43.469 0.0000000000
74018  -28.379  -18.942  43.823 0.0000000000
74004  -28.681  -19.008  44.488 0.0000000000
73961  -28.748  -19.182  46.895 0.0000000000
75217  -28.142  -19.009  47.386 0.0000000000
75216  -27.451  -18.844  47.142 0.0000000000
75206  -28.267  -18.977  48.144 0.0000000000
75190  -27.720  -18.738  48.608 0.0000000000
75191  -28.398  -18.927  48.900 0.0000000000
75161  -29.899  -18.928  50.892 0.0000000000
73907  -32.329  -19.410  50.753 0.0000000000
75142  -32.288  -18.956  51.539 0.0000000000
76489  -37.749  -17.253  47.791 0.0000000000
60937  -14.773  -29.332  49.934 0.0000000000
59854  -15.696  -30.308  49.931 0.0000000000
62059  -19.246  -28.516  48.146 0.0000000000
62073  -18.756  -28.558  46.918 0.0000000000
60957  -18.992  -28.825  48.388 0.0000000000
59864  -18.352  -29.810  48.953 0.0000000000
60956  -18.455  -29.329  48.255 0.0000000000
59872  -17.718  -29.849  48.211 0.0000000000
60955  -17.122  -29.723  47.639 0.0000000000
59871  -16.919  -30.012  48.320 0.0000000000
58671  -18.115  -31.103  50.759 0.0000000000
195676  -17.680  -31.521  51.160 0.0000000000
57410  -17.033  -31.596  51.208 0.0000000000
57403  -18.153  -32.000  52.161 0.0000000000
58656  -18.710  -31.633  52.311 0.0000000000
61990  -20.991  -28.774  53.768 0.0000000000
87301  -51.273  -8.878  40.564 0.0000000000
88646  -40.934  -8.321  26.106 0.0000000000
88647  -41.575  -8.340  26.641 0.0000000000
177730  -42.810  -7.539  27.610 0.0000000000
89756  -43.860  -7.585  28.892 0.0000000000
89735  -44.141  -7.984  29.476 0.0000000000
89757  -44.380  -7.342  29.271 0.0000000000
91990  -43.154  -5.214  26.931 0.0000000000
91973  -43.541  -5.572  27.455 0.0000000000
91974  -44.063  -5.187  27.796 0.0000000000
91928  -45.692  -6.056  29.675 0.0000000000
90875  -45.126  -6.371  29.355 0.0000000000
90863  -46.046  -6.492  30.244 0.0000000000
89719  -45.779  -7.096  30.520 0.0000000000
90849  -46.335  -6.829  30.820 0.0000000000
90840  -47.158  -6.993  31.752 0.0000000000
175029  -47.897  -6.618  32.019 0.0000000000
91913  -48.856  -5.649  31.987 0.0000000000
91904  -49.186  -5.972  32.576 0.0000000000
91905  -49.814  -5.633  32.815 0.0000000000
97750  -45.141  -1.173  25.731 0.0000000000
98799  -45.618  -0.768  26.145 0.0000000000
98748  -47.156  -0.802  28.871 0.0000000000
98761  -46.409  -0.905  27.943 0.0000000000
97690  -46.708  -1.297  28.572 0.0000000000
96506  -46.553  -2.114  28.816 0.0000000000
203117  -47.529  -1.606  29.720 0.0000000000
100062  -53.765  0.754  19.192 0.0000000000
100044  -54.654  1.073  19.251 0.0000000000
170583  -54.269  0.753  18.725 0.0000000000
197308  -54.949  0.682  18.413 0.0000000000
100063  -55.250  0.947  19.015 0.0000000000
100076  -55.461  0.470  18.601 0.0000000000
98898  -57.013  -0.042  19.553 0.0000000000
98897  -56.304  -0.118  18.949 0.0000000000
100120  -53.859  0.386  16.012 0.0000000000
175857  -54.601  0.229  16.093 0.0000000000
197681  -57.071  -0.461  16.965 0.0000000000
98920  -56.140  -0.374  17.102 0.0000000000
98922  -57.729  -0.378  17.246 0.0000000000
98911  -57.679  -0.361  18.082 0.0000000000
100092  -58.951  0.868  18.005 0.0000000000
194714  -59.349  1.458  18.506 0.0000000000
195337  -59.563  1.827  17.800 0.0000000000
101228  -59.846  2.160  16.597 0.0000000000
101215  -59.952  2.238  17.177 0.0000000000
102328  -60.968  2.466  16.628 0.0000000000
101229  -61.444  1.868  16.827 0.0000000000
102329  -61.256  2.348  16.406 0.0000000000
100166  -58.093  0.587  12.318 0.0000000000
100154  -57.593  0.312  12.811 0.0000000000
100153  -56.822  0.457  12.789 0.0000000000
100155  -58.514  0.305  13.059 0.0000000000
101251  -59.005  0.473  13.872 0.0000000000
193342  -59.452  1.153  13.964 0.0000000000
101253  -61.933  2.081  14.504 0.0000000000
102342  -60.945  2.827  14.838 0.0000000000
102343  -61.743  2.470  14.830 0.0000000000
101245  -61.741  1.982  15.250 0.0000000000
100135  -61.724  1.301  14.878 0.0000000000
101291  -62.438  2.128  11.468 0.0000000000
101290  -62.229  1.588  11.902 0.0000000000
101305  -62.224  1.492  11.129 0.0000000000
77689  -37.877  -17.202  37.542 0.0000000000
76614  -37.345  -17.555  36.313 0.0000000000
74137  -34.992  -19.833  36.997 0.0000000000
74153  -35.565  -19.208  36.658 0.0000000000
75378  -35.956  -18.860  37.313 0.0000000000
198575  -36.300  -18.663  37.755 0.0000000000
75359  -36.879  -18.225  38.475 0.0000000000
76586  -36.719  -18.287  37.851 0.0000000000
76587  -37.319  -17.806  37.920 0.0000000000
86130  -42.633  -10.712  29.756 0.0000000000
86121  -43.583  -10.592  30.815 0.0000000000
86139  -42.434  -10.102  29.128 0.0000000000
197022  -42.275  -9.687  28.660 0.0000000000
87439  -42.769  -9.380  28.927 0.0000000000
174684  -52.371  0.572  21.748 0.0000000000
100013  -53.574  0.545  22.797 0.0000000000
100014  -54.560  0.820  22.651 0.0000000000
186862  -56.422  3.215  22.493 0.0000000000
103400  -57.204  3.222  21.609 0.0000000000
102277  -57.453  3.205  21.601 0.0000000000
102295  -56.550  2.182  20.714 0.0000000000
101187  -56.214  1.795  20.276 0.0000000000
62023  -14.045  -28.453  50.648 0.0000000000
63101  -13.591  -27.868  50.650 0.0000000000
60917  -14.489  -29.515  52.419 0.0000000000
81300  -39.743  -12.782  35.016 0.0000000000
83618  -40.315  -12.075  35.950 0.0000000000
83635  -39.483  -11.887  34.839 0.0000000000
84916  -39.687  -11.230  34.808 0.0000000000
181622  -39.647  -10.974  34.134 0.0000000000
84930  -38.728  -11.550  33.265 0.0000000000
83695  -37.875  -11.769  31.258 0.0000000000
64124  -22.091  -26.708  53.780 0.0000000000
75201  -24.258  -18.720  48.021 0.0000000000
75187  -24.314  -18.554  48.866 0.0000000000
172951  -24.811  -18.312  49.242 0.0000000000
75174  -24.832  -18.174  50.071 0.0000000000
76468  -25.509  -18.050  50.173 0.0000000000
76439  -25.909  -17.716  51.490 0.0000000000
76469  -26.241  -18.042  50.287 0.0000000000
76470  -27.038  -18.137  50.421 0.0000000000
75159  -27.767  -18.303  50.632 0.0000000000
72675  -35.239  -19.744  46.492 0.0000000000
72687  -34.739  -19.880  46.101 0.0000000000
73965  -34.875  -19.738  47.606 0.0000000000
73953  -34.533  -19.752  48.314 0.0000000000
73940  -34.474  -19.536  49.040 0.0000000000
73941  -35.084  -19.344  48.809 0.0000000000
75165  -35.138  -18.270  50.090 0.0000000000
64168  -21.499  -27.165  50.507 0.0000000000
63094  -21.349  -27.716  52.011 0.0000000000
64123  -21.896  -26.962  53.076 0.0000000000
95403  -42.855  -3.503  25.369 0.0000000000
95422  -43.049  -2.912  25.026 0.0000000000
95405  -43.851  -2.687  25.980 0.0000000000
96534  -44.426  -2.375  26.351 0.0000000000
81157  -41.104  -13.996  42.943 0.0000000000
81175  -41.205  -14.042  42.226 0.0000000000
81190  -41.222  -14.204  41.605 0.0000000000
183039  -40.943  -14.783  40.463 0.0000000000
183347  -39.405  -15.828  36.997 0.0000000000
78835  -39.307  -15.678  36.211 0.0000000000
78836  -39.882  -15.259  36.568 0.0000000000
80036  -39.781  -15.074  35.761 0.0000000000
80053  -40.211  -14.400  35.411 0.0000000000
80052  -39.570  -14.782  34.944 0.0000000000
195764  -22.557  -24.897  47.968 0.0000000000
66426  -22.676  -24.445  48.450 0.0000000000
171614  -22.606  -24.403  47.708 0.0000000000
67709  -22.618  -23.841  47.291 0.0000000000
68948  -22.606  -23.222  46.841 0.0000000000
70267  -22.304  -21.797  43.008 0.0000000000
177978  -22.320  -21.486  43.754 0.0000000000
171167  -22.433  -20.991  43.069 0.0000000000
200039  -22.440  -20.732  43.627 0.0000000000
72710  -22.672  -20.214  44.820 0.0000000000
72696  -22.858  -19.860  45.431 0.0000000000
74002  -22.972  -19.715  44.596 0.0000000000
74017  -23.599  -19.409  43.661 0.0000000000
75259  -24.063  -19.279  43.718 0.0000000000
74103  -35.518  -20.018  39.684 0.0000000000
72801  -34.859  -20.374  39.567 0.0000000000
74085  -35.607  -20.084  40.380 0.0000000000
72749  -35.953  -20.139  41.612 0.0000000000
72735  -35.398  -20.374  42.312 0.0000000000
176441  -35.805  -20.327  43.074 0.0000000000
72724  -36.502  -20.090  43.147 0.0000000000
74024  -37.332  -19.585  43.994 0.0000000000
74011  -37.502  -19.374  44.671 0.0000000000
75243  -38.019  -18.409  45.378 0.0000000000
198646  -37.863  -18.875  44.820 0.0000000000
75254  -37.993  -18.182  44.476 0.0000000000
76523  -38.174  -17.260  44.490 0.0000000000
77625  -39.040  -16.443  41.543 0.0000000000
77607  -39.000  -16.281  42.322 0.0000000000
78721  -39.418  -15.733  42.766 0.0000000000
193959  -39.955  -14.928  43.730 0.0000000000
79909  -40.523  -14.514  43.213 0.0000000000
64227  -21.382  -26.247  46.103 0.0000000000
65312  -21.895  -25.547  46.133 0.0000000000
171125  -22.240  -25.308  46.904 0.0000000000
84859  -47.856  -11.207  37.964 0.0000000000
84873  -48.276  -11.742  37.441 0.0000000000
83599  -48.523  -11.940  36.787 0.0000000000
87387  -46.788  -9.911  33.729 0.0000000000
175808  -47.379  -10.254  34.233 0.0000000000
87388  -47.348  -9.450  33.985 0.0000000000
87377  -47.952  -9.817  34.427 0.0000000000
87379  -49.012  -9.389  34.831 0.0000000000
87380  -49.591  -9.364  35.071 0.0000000000
88530  -48.584  -8.658  34.527 0.0000000000
88538  -48.557  -7.859  34.197 0.0000000000
89661  -49.056  -7.511  34.270 0.0000000000
97772  -46.861  -0.881  23.544 0.0000000000
97765  -46.599  -0.728  24.294 0.0000000000
98839  -47.306  -0.666  24.042 0.0000000000
178492  -48.392  -0.238  24.798 0.0000000000
98818  -48.994  0.011  25.282 0.0000000000
203645  -54.143  0.699  25.998 0.0000000000
99965  -52.932  0.560  26.294 0.0000000000
173775  -54.138  1.049  26.652 0.0000000000
101210  -60.755  1.943  18.448 0.0000000000
95432  -41.140  -3.552  23.466 0.0000000000
198088  -44.283  -2.067  21.432 0.0000000000
96648  -45.466  -1.734  20.929 0.0000000000
97822  -47.590  -0.922  19.491 0.0000000000
97823  -48.318  -0.792  19.714 0.0000000000
178347  -49.006  -0.541  19.997 0.0000000000
197718  -49.512  -0.121  19.583 0.0000000000
98895  -50.163  0.262  19.201 0.0000000000
100059  -50.745  0.538  18.905 0.0000000000
64114  -10.955  -26.708  54.646 0.0000000000
58630  -16.600  -31.140  56.813 0.0000000000
58629  -15.881  -30.690  56.312 0.0000000000
59796  -15.270  -30.024  56.308 0.0000000000
60877  -15.094  -29.839  56.824 0.0000000000
58603  -14.164  -31.052  58.340 0.0000000000
174882  -12.987  -30.236  58.305 0.0000000000
60864  -13.089  -29.207  58.186 0.0000000000
63043  -12.442  -28.107  57.693 0.0000000000
60863  -12.522  -28.934  58.536 0.0000000000
60862  -11.814  -28.841  58.952 0.0000000000
60858  -11.012  -28.912  59.362 0.0000000000
59776  -10.574  -29.704  59.470 0.0000000000
177305  -10.872  -30.410  59.070 0.0000000000
82381  -43.413  -12.648  42.322 0.0000000000
83558  -44.089  -12.235  41.742 0.0000000000
84857  -42.162  -10.776  38.495 0.0000000000
84846  -42.910  -10.648  39.401 0.0000000000
85995  -42.658  -10.536  38.860 0.0000000000
193122  -43.784  -10.015  39.488 0.0000000000
87295  -44.968  -9.735  40.056 0.0000000000
85988  -44.576  -9.832  39.362 0.0000000000
182434  -45.938  -9.662  38.680 0.0000000000
171308  -45.930  -9.937  38.105 0.0000000000
86014  -45.368  -10.023  37.773 0.0000000000
86032  -45.078  -10.430  37.219 0.0000000000
84885  -44.632  -10.808  36.542 0.0000000000
84950  -41.298  -11.399  32.967 0.0000000000
84935  -42.353  -11.448  33.768 0.0000000000
83661  -41.107  -11.765  32.342 0.0000000000
83680  -41.710  -12.191  31.814 0.0000000000
83700  -42.301  -12.188  31.220 0.0000000000
187958  -41.274  -12.374  30.450 0.0000000000
83717  -41.101  -12.382  29.810 0.0000000000
83754  -40.723  -12.092  28.511 0.0000000000
193480  -22.540  -23.154  50.457 0.0000000000
68908  -22.451  -23.154  51.113 0.0000000000
70170  -22.505  -22.570  50.729 0.0000000000
172312  -22.500  -21.997  51.141 0.0000000000
71388  -22.541  -21.543  51.545 0.0000000000
75118  -23.750  -18.895  52.427 0.0000000000
73883  -23.341  -19.465  52.636 0.0000000000
75332  -25.635  -19.267  39.202 0.0000000000
75312  -25.641  -19.259  40.133 0.0000000000
172378  -25.287  -19.195  42.215 0.0000000000
75286  -25.803  -19.141  41.729 0.0000000000
204383  -26.307  -18.999  43.156 0.0000000000
170633  -26.941  -18.902  43.393 0.0000000000
74101  -29.894  -19.462  39.164 0.0000000000
74100  -29.247  -19.256  39.183 0.0000000000
74082  -30.122  -19.377  39.751 0.0000000000
181425  -30.144  -19.319  40.509 0.0000000000
72684  -31.861  -19.817  46.064 0.0000000000
170631  -31.437  -19.666  44.785 0.0000000000
73993  -30.928  -19.577  45.462 0.0000000000
73992  -29.421  -19.259  45.648 0.0000000000
73975  -29.400  -19.336  46.440 0.0000000000
73962  -29.445  -19.415  47.202 0.0000000000
73950  -29.571  -19.455  47.978 0.0000000000
75192  -29.149  -19.135  49.251 0.0000000000
73934  -29.731  -19.433  48.770 0.0000000000
75180  -30.271  -19.301  50.275 0.0000000000
73892  -30.789  -19.239  50.979 0.0000000000
62033  -19.407  -28.733  49.634 0.0000000000
188227  -19.289  -29.054  50.129 0.0000000000
60940  -18.939  -29.311  49.600 0.0000000000
60939  -18.539  -29.952  49.679 0.0000000000
172441  -18.009  -30.377  49.522 0.0000000000
59849  -18.492  -30.409  50.282 0.0000000000
59841  -18.742  -30.658  51.146 0.0000000000
58663  -18.981  -30.819  51.950 0.0000000000
58657  -19.272  -31.071  52.653 0.0000000000
61980  -21.674  -28.558  54.970 0.0000000000
90921  -41.285  -7.249  25.794 0.0000000000
89807  -41.389  -7.736  26.171 0.0000000000
90922  -41.860  -7.024  26.270 0.0000000000
90907  -42.911  -6.758  27.345 0.0000000000
93111  -44.629  -4.841  28.132 0.0000000000
91957  -44.973  -5.243  28.633 0.0000000000
93100  -45.534  -4.893  28.963 0.0000000000
91943  -45.930  -5.316  29.429 0.0000000000
91930  -46.850  -5.410  30.287 0.0000000000
91911  -47.525  -6.277  31.443 0.0000000000
91923  -47.825  -5.557  31.167 0.0000000000
93069  -48.426  -5.202  31.503 0.0000000000
93070  -49.051  -4.901  31.779 0.0000000000
98780  -46.694  0.072  27.163 0.0000000000
98779  -46.265  -0.530  27.236 0.0000000000
99929  -47.256  0.427  27.804 0.0000000000
98762  -47.171  -0.113  28.393 0.0000000000
98749  -47.644  -0.112  29.101 0.0000000000
172636  -53.153  0.527  18.122 0.0000000000
199805  -54.060  0.635  18.419 0.0000000000
174460  -53.807  0.577  18.098 0.0000000000
100089  -54.763  0.499  17.681 0.0000000000
98931  -56.872  -0.437  16.361 0.0000000000
98932  -57.689  -0.398  16.532 0.0000000000
180165  -59.072  1.045  17.150 0.0000000000
100122  -58.344  -0.141  16.028 0.0000000000
194045  -59.284  1.214  15.919 0.0000000000
101288  -58.128  1.416  11.341 0.0000000000
101274  -58.576  1.017  11.880 0.0000000000
101252  -59.779  1.777  13.683 0.0000000000
102354  -60.309  2.453  13.392 0.0000000000
103442  -61.523  2.934  14.081 0.0000000000
101254  -62.129  2.231  13.886 0.0000000000
101263  -61.982  1.529  13.590 0.0000000000
100193  -61.747  0.729  10.795 0.0000000000
100205  -61.785  0.433  10.023 0.0000000000
78768  -39.957  -15.698  40.566 0.0000000000
181192  -39.107  -16.287  38.054 0.0000000000
77702  -38.411  -16.729  37.105 0.0000000000
78834  -38.803  -16.166  36.670 0.0000000000
77725  -38.149  -16.488  35.513 0.0000000000
67745  -21.890  -23.995  44.191 0.0000000000
70275  -22.305  -22.083  42.129 0.0000000000
71521  -22.943  -20.914  41.217 0.0000000000
72744  -23.362  -20.238  41.482 0.0000000000
197639  -32.771  -20.353  36.465 0.0000000000
72838  -33.731  -20.331  37.252 0.0000000000
72818  -34.601  -20.224  38.135 0.0000000000
72819  -35.367  -19.850  38.361 0.0000000000
203766  -35.246  -20.105  39.092 0.0000000000
74086  -36.004  -19.605  40.101 0.0000000000
75302  -36.452  -19.130  40.601 0.0000000000
75291  -36.772  -18.961  41.454 0.0000000000
75292  -37.266  -18.527  42.081 0.0000000000
175154  -37.156  -18.296  41.377 0.0000000000
76546  -37.578  -17.837  41.593 0.0000000000
76554  -37.984  -17.402  41.040 0.0000000000
76563  -37.353  -17.930  39.609 0.0000000000
76564  -37.846  -17.531  40.178 0.0000000000
77639  -38.537  -16.924  41.277 0.0000000000
77640  -39.020  -16.563  40.761 0.0000000000
82468  -45.354  -12.672  34.279 0.0000000000
82458  -46.201  -12.597  34.902 0.0000000000
83651  -45.510  -12.360  33.902 0.0000000000
84936  -45.714  -11.712  33.523 0.0000000000
84953  -45.848  -10.782  33.304 0.0000000000
86112  -44.397  -10.865  31.805 0.0000000000
189254  -44.932  -10.146  32.288 0.0000000000
86102  -45.428  -10.460  32.776 0.0000000000
193678  -45.454  -9.685  32.574 0.0000000000
87397  -45.710  -8.989  32.500 0.0000000000
88551  -45.466  -8.536  31.751 0.0000000000
170627  -49.546  -0.511  23.176 0.0000000000
201525  -50.094  -0.238  23.999 0.0000000000
98843  -50.885  -0.104  23.623 0.0000000000
99992  -51.721  0.115  24.511 0.0000000000
174856  -52.427  0.237  24.796 0.0000000000
100005  -53.632  0.380  23.719 0.0000000000
99994  -53.795  0.365  24.528 0.0000000000
173177  -53.987  0.459  25.288 0.0000000000
99983  -54.732  0.756  25.500 0.0000000000
204104  -55.456  1.992  26.228 0.0000000000
102278  -58.016  3.034  22.231 0.0000000000
101189  -59.507  1.511  21.056 0.0000000000
100048  -58.825  0.891  20.645 0.0000000000
63091  -13.071  -27.485  51.043 0.0000000000
64140  -12.565  -27.128  51.437 0.0000000000
64131  -12.392  -27.317  52.209 0.0000000000
63082  -12.772  -27.827  52.673 0.0000000000
63074  -12.677  -27.954  53.460 0.0000000000
81241  -42.752  -13.618  38.214 0.0000000000
82412  -43.446  -12.890  39.209 0.0000000000
82411  -42.989  -12.915  38.472 0.0000000000
83595  -42.400  -12.402  37.986 0.0000000000
83587  -42.068  -11.380  38.162 0.0000000000
83606  -40.783  -11.981  36.447 0.0000000000
84868  -41.206  -11.504  37.079 0.0000000000
84856  -41.983  -10.948  38.018 0.0000000000
86010  -41.945  -10.732  37.870 0.0000000000
86029  -42.342  -10.523  37.280 0.0000000000
86043  -43.271  -10.426  36.652 0.0000000000
86060  -42.385  -10.520  35.863 0.0000000000
199120  -41.912  -10.608  35.172 0.0000000000
174588  -40.998  -10.742  34.220 0.0000000000
84932  -39.855  -11.070  33.475 0.0000000000
84933  -40.544  -10.914  33.691 0.0000000000
84949  -40.470  -11.253  32.913 0.0000000000
84961  -40.306  -11.555  32.257 0.0000000000
83714  -38.952  -12.503  29.894 0.0000000000
72639  -22.785  -20.731  48.643 0.0000000000
72628  -22.887  -20.422  49.986 0.0000000000
72629  -23.178  -19.657  49.849 0.0000000000
73903  -23.438  -19.277  50.449 0.0000000000
73904  -23.943  -18.707  50.216 0.0000000000
75156  -23.740  -18.911  51.071 0.0000000000
75119  -24.132  -18.376  52.729 0.0000000000
76440  -26.481  -17.725  51.680 0.0000000000
203826  -25.892  -19.191  38.552 0.0000000000
74035  -32.611  -19.653  42.524 0.0000000000
172698  -31.837  -19.554  42.203 0.0000000000
74022  -32.546  -19.691  43.435 0.0000000000
74009  -32.734  -19.814  44.315 0.0000000000
73995  -32.160  -19.761  44.879 0.0000000000
171792  -34.067  -19.961  46.437 0.0000000000
72686  -33.307  -20.055  46.415 0.0000000000
72685  -32.542  -19.977  46.245 0.0000000000
72671  -31.997  -19.985  46.783 0.0000000000
72656  -32.146  -20.116  47.625 0.0000000000
73937  -31.792  -19.922  49.442 0.0000000000
73938  -32.496  -20.015  49.373 0.0000000000
73922  -32.794  -19.662  50.023 0.0000000000
73908  -33.170  -19.227  50.536 0.0000000000
73924  -34.032  -19.439  49.612 0.0000000000
75181  -33.853  -19.020  50.286 0.0000000000
75163  -33.667  -18.631  50.952 0.0000000000
62075  -19.808  -27.842  47.302 0.0000000000
62060  -19.776  -28.095  48.163 0.0000000000
62045  -19.925  -28.150  48.891 0.0000000000
63112  -20.312  -27.973  49.438 0.0000000000
62034  -19.901  -28.436  49.960 0.0000000000
62007  -20.115  -28.988  51.869 0.0000000000
185662  -20.357  -29.039  52.637 0.0000000000
61999  -20.859  -28.682  53.090 0.0000000000
62000  -21.319  -28.328  53.673 0.0000000000
190658  -21.436  -28.406  54.263 0.0000000000
92006  -42.306  -5.301  25.951 0.0000000000
93139  -43.364  -4.505  26.684 0.0000000000
94270  -43.144  -3.611  25.932 0.0000000000
94258  -43.500  -3.797  26.440 0.0000000000
93127  -44.302  -4.428  27.589 0.0000000000
94231  -44.876  -4.124  27.989 0.0000000000
94232  -45.356  -3.926  28.353 0.0000000000
94219  -46.300  -3.691  29.200 0.0000000000
100118  -52.210  0.449  15.281 0.0000000000
177343  -52.828  0.393  15.042 0.0000000000
102369  -58.493  1.976  10.909 0.0000000000
102362  -60.820  2.840  12.025 0.0000000000
103452  -62.047  3.082  12.373 0.0000000000
184997  -61.663  3.141  11.849 0.0000000000
103458  -62.177  3.077  11.485 0.0000000000
102383  -60.874  3.122  10.404 0.0000000000
103459  -62.318  3.114  10.792 0.0000000000
57401  -16.233  -31.799  52.372 0.0000000000
58655  -15.703  -31.510  52.685 0.0000000000
57394  -16.273  -31.956  53.031 0.0000000000
57379  -16.983  -32.278  54.238 0.0000000000
58631  -17.264  -31.589  56.989 0.0000000000
82371  -42.400  -12.665  43.364 0.0000000000
82380  -42.616  -12.850  42.676 0.0000000000
82379  -42.204  -13.251  42.255 0.0000000000
186118  -42.839  -13.027  42.086 0.0000000000
187753  -43.017  -13.645  40.191 0.0000000000
79977  -40.417  -15.285  40.114 0.0000000000
79978  -40.975  -14.902  39.662 0.0000000000
79993  -40.379  -15.269  38.534 0.0000000000
79994  -40.996  -14.921  38.855 0.0000000000
79995  -41.609  -14.512  39.174 0.0000000000
185173  -42.119  -14.204  39.512 0.0000000000
81224  -42.442  -14.064  38.745 0.0000000000
81225  -43.131  -13.558  38.895 0.0000000000
81258  -42.352  -13.618  37.613 0.0000000000
81256  -41.813  -13.553  36.916 0.0000000000
81284  -40.771  -13.371  35.912 0.0000000000
81282  -39.858  -13.869  34.858 0.0000000000
81283  -40.327  -13.578  35.396 0.0000000000
82465  -38.473  -12.890  33.320 0.0000000000
182383  -22.491  -25.169  51.021 0.0000000000
192704  -22.607  -24.292  50.345 0.0000000000
184548  -22.613  -23.680  49.900 0.0000000000
67681  -22.683  -24.087  49.159 0.0000000000
186680  -22.678  -21.504  48.808 0.0000000000
183225  -22.180  -23.593  44.710 0.0000000000
68956  -22.472  -23.243  46.053 0.0000000000
181331  -22.542  -22.601  46.388 0.0000000000
70236  -22.414  -22.254  45.046 0.0000000000
70225  -22.476  -22.025  45.854 0.0000000000
68939  -22.626  -22.523  47.161 0.0000000000
70205  -22.654  -21.719  47.488 0.0000000000
71433  -22.707  -21.226  48.125 0.0000000000
193818  -22.788  -20.591  48.035 0.0000000000
72654  -23.235  -19.536  47.646 0.0000000000
73959  -23.503  -19.273  46.997 0.0000000000
73973  -23.715  -19.209  46.417 0.0000000000
73960  -23.868  -19.113  46.942 0.0000000000
75212  -24.207  -18.909  47.215 0.0000000000
172388  -25.142  -18.697  46.992 0.0000000000
75214  -25.491  -18.560  47.651 0.0000000000
72833  -29.686  -19.874  36.806 0.0000000000
185277  -29.619  -19.737  37.623 0.0000000000
189463  -30.231  -19.687  38.703 0.0000000000
183270  -31.515  -19.655  40.178 0.0000000000
74069  -32.065  -19.690  40.699 0.0000000000
72837  -32.297  -20.320  37.613 0.0000000000
72816  -32.376  -20.255  38.418 0.0000000000
72780  -34.307  -20.436  40.142 0.0000000000
72779  -33.541  -20.277  39.961 0.0000000000
187576  -32.784  -20.119  39.624 0.0000000000
72762  -32.866  -19.924  40.507 0.0000000000
200484  -32.492  -19.689  41.126 0.0000000000
74049  -32.534  -19.645  41.755 0.0000000000
74036  -33.512  -19.880  42.835 0.0000000000
170077  -34.170  -20.105  44.169 0.0000000000
72713  -34.970  -20.170  44.490 0.0000000000
72714  -35.725  -20.218  44.289 0.0000000000
72700  -35.744  -20.072  45.042 0.0000000000
72688  -35.436  -19.869  45.859 0.0000000000
73979  -35.924  -19.647  46.441 0.0000000000
175907  -36.481  -19.317  47.065 0.0000000000
172158  -37.059  -18.396  48.050 0.0000000000
75210  -37.520  -18.042  47.792 0.0000000000
76495  -38.042  -17.264  47.016 0.0000000000
75232  -38.043  -18.172  46.180 0.0000000000
76504  -38.138  -17.389  46.322 0.0000000000
77543  -38.000  -16.426  47.368 0.0000000000
78673  -38.191  -15.651  46.985 0.0000000000
76538  -37.882  -17.658  43.088 0.0000000000
77589  -38.335  -16.771  43.951 0.0000000000
77590  -38.594  -16.381  43.448 0.0000000000
78707  -38.618  -16.140  44.151 0.0000000000
78696  -38.586  -15.936  44.878 0.0000000000
78697  -38.806  -15.436  45.239 0.0000000000
79861  -39.425  -14.442  46.030 0.0000000000
81106  -40.762  -13.811  45.328 0.0000000000
63165  -20.124  -27.298  46.076 0.0000000000
64212  -21.454  -26.462  46.917 0.0000000000
188590  -21.558  -26.580  47.695 0.0000000000
87299  -49.430  -8.775  39.990 0.0000000000
86018  -49.062  -10.268  38.326 0.0000000000
86019  -49.851  -10.061  38.334 0.0000000000
86002  -50.275  -9.321  38.955 0.0000000000
86003  -51.306  -9.358  39.084 0.0000000000
83622  -47.386  -12.247  35.737 0.0000000000
83611  -48.555  -11.823  36.188 0.0000000000
84887  -49.111  -11.615  36.500 0.0000000000
84924  -48.491  -11.050  35.174 0.0000000000
84899  -49.696  -11.153  36.122 0.0000000000
84888  -50.195  -11.066  36.786 0.0000000000
203377  -50.735  -10.753  36.810 0.0000000000
86034  -51.290  -10.404  37.293 0.0000000000
88524  -50.527  -8.531  35.345 0.0000000000
96593  -43.908  -1.915  23.955 0.0000000000
97762  -44.418  -1.616  24.577 0.0000000000
97751  -45.640  -0.775  25.405 0.0000000000
98827  -47.105  -0.455  24.776 0.0000000000
98816  -46.936  -0.165  25.666 0.0000000000
98801  -46.569  -0.048  26.476 0.0000000000
99959  -47.212  0.163  26.404 0.0000000000
101103  -48.479  1.030  27.781 0.0000000000
182263  -49.185  1.080  27.952 0.0000000000
98830  -50.002  -0.144  24.473 0.0000000000
99990  -50.245  0.086  25.133 0.0000000000
172279  -50.447  0.274  25.809 0.0000000000
99964  -52.108  0.434  26.161 0.0000000000
101122  -51.553  0.630  26.771 0.0000000000
101121  -50.622  0.552  26.615 0.0000000000
200843  -50.366  0.793  27.129 0.0000000000
64094  -9.316  -26.393  58.400 0.0000000000
87521  -39.863  -9.050  25.884 0.0000000000
87505  -40.779  -9.362  26.630 0.0000000000
88645  -40.511  -8.881  26.150 0.0000000000
88668  -40.249  -8.349  25.638 0.0000000000
89818  -40.259  -7.645  25.265 0.0000000000
89836  -39.616  -7.464  24.884 0.0000000000
90934  -40.228  -7.127  24.962 0.0000000000
90935  -40.828  -7.047  25.297 0.0000000000
92014  -41.402  -5.337  24.926 0.0000000000
93162  -41.697  -4.542  24.710 0.0000000000
94283  -41.978  -3.832  24.458 0.0000000000
95433  -41.764  -3.489  23.862 0.0000000000
95420  -42.223  -3.275  24.249 0.0000000000
96577  -42.768  -2.828  24.320 0.0000000000
96592  -43.332  -2.307  24.099 0.0000000000
96604  -42.845  -2.512  22.817 0.0000000000
184448  -43.414  -2.202  23.399 0.0000000000
97780  -45.508  -1.390  22.982 0.0000000000
96607  -45.223  -1.634  22.292 0.0000000000
97781  -46.288  -1.161  23.068 0.0000000000
97782  -47.148  -1.094  22.754 0.0000000000
97783  -48.000  -0.942  22.671 0.0000000000
96663  -45.293  -1.694  20.253 0.0000000000
96664  -45.963  -1.610  20.384 0.0000000000
97808  -46.591  -1.491  20.538 0.0000000000
97799  -47.398  -1.265  21.274 0.0000000000
97793  -47.894  -1.074  21.781 0.0000000000
97784  -48.670  -0.833  22.114 0.0000000000
98861  -49.384  -0.607  22.409 0.0000000000
98862  -49.833  -0.405  21.965 0.0000000000
98864  -51.243  0.073  22.210 0.0000000000
184543  -49.889  -0.192  20.655 0.0000000000
98872  -50.600  0.091  20.906 0.0000000000
100021  -51.831  0.337  21.922 0.0000000000
100031  -51.947  0.592  21.142 0.0000000000
100032  -52.733  0.762  21.208 0.0000000000
170398  -53.282  0.865  20.527 0.0000000000
101172  -54.072  1.087  20.582 0.0000000000
100061  -53.108  0.710  19.819 0.0000000000
194453  -52.913  0.606  19.156 0.0000000000
170433  -51.342  0.629  18.991 0.0000000000
100074  -51.820  0.611  18.423 0.0000000000
171599  -52.657  0.564  18.528 0.0000000000
100105  -51.248  0.599  16.295 0.0000000000
100104  -50.518  0.743  16.428 0.0000000000
100116  -50.769  0.790  15.669 0.0000000000
59833  -14.826  -30.246  52.765 0.0000000000
60907  -14.453  -29.581  53.265 0.0000000000
191444  -15.136  -30.570  54.258 0.0000000000
60898  -14.450  -29.537  54.086 0.0000000000
60916  -14.047  -29.009  52.927 0.0000000000
61998  -13.658  -28.594  53.418 0.0000000000
61988  -13.220  -28.307  53.857 0.0000000000
63067  -12.680  -28.033  54.265 0.0000000000
57333  -15.992  -31.737  58.231 0.0000000000
60871  -15.245  -30.212  57.425 0.0000000000
60874  -14.696  -29.636  56.987 0.0000000000
178197  -14.430  -30.513  58.207 0.0000000000
61967  -14.097  -29.344  57.260 0.0000000000
61971  -13.832  -28.737  56.101 0.0000000000
63058  -13.451  -28.409  55.461 0.0000000000
63057  -12.777  -28.059  55.094 0.0000000000
64108  -11.626  -27.195  55.141 0.0000000000
63046  -12.016  -27.581  57.156 0.0000000000
64102  -11.396  -27.148  57.067 0.0000000000
64090  -9.758  -26.856  58.832 0.0000000000
63033  -9.503  -27.221  59.267 0.0000000000
61956  -9.183  -27.804  59.593 0.0000000000
60857  -10.178  -29.042  59.663 0.0000000000
60856  -9.322  -29.218  59.873 0.0000000000
87262  -48.589  -9.806  42.427 0.0000000000
87273  -48.747  -9.471  41.395 0.0000000000
84789  -43.396  -10.514  45.386 0.0000000000
83565  -43.996  -12.032  40.310 0.0000000000
179982  -43.403  -10.978  39.917 0.0000000000
186683  -44.241  -10.514  40.848 0.0000000000
85972  -44.538  -10.241  41.462 0.0000000000
88419  -46.239  -8.808  42.488 0.0000000000
87285  -46.241  -9.347  40.839 0.0000000000
181716  -46.978  -9.223  40.997 0.0000000000
88436  -47.324  -9.015  41.661 0.0000000000
88455  -48.361  -9.119  40.492 0.0000000000
85999  -47.654  -9.706  38.683 0.0000000000
86016  -47.335  -10.414  38.253 0.0000000000
86015  -46.546  -10.441  37.981 0.0000000000
84858  -47.103  -11.083  37.896 0.0000000000
83597  -46.670  -12.059  37.094 0.0000000000
83608  -46.202  -12.370  36.525 0.0000000000
82429  -46.040  -12.688  35.918 0.0000000000
84884  -43.914  -10.660  36.142 0.0000000000
84897  -44.266  -11.462  35.876 0.0000000000
83619  -43.984  -12.060  35.154 0.0000000000
83620  -44.696  -12.473  35.539 0.0000000000
200989  -45.025  -12.849  34.985 0.0000000000
82467  -44.939  -12.812  34.426 0.0000000000
83665  -44.301  -12.545  33.250 0.0000000000
83683  -43.988  -12.240  32.468 0.0000000000
84973  -42.756  -11.796  30.774 0.0000000000
83718  -42.058  -12.076  30.450 0.0000000000
84985  -42.557  -11.497  30.179 0.0000000000
85005  -41.583  -10.999  28.656 0.0000000000
86168  -40.877  -10.577  27.560 0.0000000000
87485  -40.243  -9.909  26.648 0.0000000000
82484  -37.269  -12.570  31.646 0.0000000000
83675  -37.498  -12.043  31.502 0.0000000000
83694  -37.225  -12.121  30.912 0.0000000000
195041  -37.579  -11.971  30.594 0.0000000000
202547  -37.476  -12.189  30.044 0.0000000000
83713  -38.146  -12.315  29.963 0.0000000000
83732  -38.666  -12.653  29.250 0.0000000000
171673  -38.719  -12.677  27.919 0.0000000000
83752  -39.143  -12.674  28.436 0.0000000000
83771  -39.382  -12.359  27.642 0.0000000000
85016  -39.663  -11.725  27.131 0.0000000000
85033  -38.585  -11.159  26.204 0.0000000000
85034  -39.410  -11.141  26.640 0.0000000000
193212  -39.919  -11.044  26.972 0.0000000000
86183  -39.809  -10.491  26.615 0.0000000000
87504  -39.612  -9.797  26.201 0.0000000000
66373  -22.392  -25.087  51.665 0.0000000000
175891  -22.397  -23.177  51.869 0.0000000000
72619  -22.777  -20.681  50.754 0.0000000000
72608  -22.699  -20.920  51.583 0.0000000000
72760  -23.497  -20.362  40.756 0.0000000000
74063  -23.997  -19.912  41.161 0.0000000000
74043  -23.644  -19.848  41.954 0.0000000000
75284  -24.181  -19.415  42.556 0.0000000000
75260  -24.602  -19.240  43.753 0.0000000000
75272  -25.065  -19.204  43.003 0.0000000000
75261  -25.148  -19.200  43.855 0.0000000000
75249  -24.744  -19.201  44.477 0.0000000000
172387  -25.197  -19.039  45.696 0.0000000000
75227  -25.804  -18.930  45.925 0.0000000000
170860  -26.244  -18.614  47.447 0.0000000000
75335  -27.895  -19.261  38.678 0.0000000000
74099  -28.557  -19.149  39.275 0.0000000000
172293  -27.751  -19.222  39.467 0.0000000000
170776  -27.720  -19.170  40.234 0.0000000000
75301  -27.747  -19.125  40.964 0.0000000000
172803  -31.107  -19.490  42.171 0.0000000000
74047  -30.652  -19.447  41.839 0.0000000000
74046  -30.038  -19.319  41.972 0.0000000000
171029  -30.551  -19.451  44.014 0.0000000000
74032  -30.151  -19.359  42.700 0.0000000000
74045  -29.224  -19.096  41.873 0.0000000000
75290  -28.522  -19.033  41.797 0.0000000000
75289  -27.824  -19.066  41.645 0.0000000000
75274  -27.291  -18.986  42.149 0.0000000000
170181  -27.691  -18.877  43.645 0.0000000000
75252  -27.028  -18.950  44.226 0.0000000000
73991  -28.707  -19.062  45.297 0.0000000000
174887  -27.907  -19.013  45.741 0.0000000000
192982  -27.341  -18.964  45.034 0.0000000000
75229  -27.317  -18.888  46.396 0.0000000000
75215  -26.741  -18.742  46.940 0.0000000000
75204  -26.871  -18.672  47.663 0.0000000000
189701  -27.215  -18.574  49.136 0.0000000000
75177  -27.602  -18.492  49.871 0.0000000000
202396  -28.188  -18.540  50.286 0.0000000000
197112  -28.711  -18.676  50.364 0.0000000000
75140  -28.726  -18.375  51.469 0.0000000000
73920  -31.350  -19.708  49.905 0.0000000000
73906  -31.502  -19.548  50.557 0.0000000000
190028  -31.070  -18.875  51.856 0.0000000000
62032  -14.338  -28.700  49.926 0.0000000000
59853  -15.077  -29.895  50.284 0.0000000000
58668  -15.985  -31.049  51.032 0.0000000000
59870  -16.154  -29.935  48.522 0.0000000000
59861  -15.921  -30.126  49.226 0.0000000000
59856  -17.237  -30.589  49.508 0.0000000000
59855  -16.443  -30.527  49.669 0.0000000000
58676  -16.178  -30.806  50.326 0.0000000000
58661  -16.431  -31.420  51.319 0.0000000000
57402  -16.628  -31.787  51.810 0.0000000000
57396  -17.636  -32.255  52.602 0.0000000000
88623  -41.326  -8.982  26.950 0.0000000000
88605  -42.110  -8.994  27.852 0.0000000000
88587  -43.012  -8.644  28.635 0.0000000000
89789  -42.185  -7.958  27.207 0.0000000000
88606  -42.586  -8.392  27.885 0.0000000000
88572  -43.847  -8.647  29.757 0.0000000000
88573  -44.435  -8.333  30.163 0.0000000000
89718  -45.010  -7.977  30.609 0.0000000000
88561  -45.511  -7.969  31.147 0.0000000000
91989  -42.658  -5.652  26.532 0.0000000000
91972  -43.016  -5.979  27.130 0.0000000000
196958  -43.676  -6.560  28.107 0.0000000000
91956  -44.401  -5.597  28.309 0.0000000000
90889  -44.166  -6.426  28.492 0.0000000000
90873  -44.115  -7.022  28.839 0.0000000000
90861  -44.887  -7.019  29.638 0.0000000000
89720  -46.038  -7.457  31.110 0.0000000000
89702  -46.503  -7.609  31.810 0.0000000000
89703  -47.048  -7.517  32.250 0.0000000000
89687  -47.865  -7.440  32.991 0.0000000000
89676  -48.775  -7.197  33.713 0.0000000000
91903  -48.535  -6.284  32.324 0.0000000000
90808  -48.854  -6.647  32.988 0.0000000000
97749  -44.614  -1.559  25.365 0.0000000000
96555  -44.735  -1.700  26.076 0.0000000000
96535  -44.939  -1.998  26.740 0.0000000000
97727  -45.741  -0.950  26.831 0.0000000000
97706  -45.429  -1.608  27.117 0.0000000000
96524  -45.219  -2.364  27.352 0.0000000000
96513  -46.038  -2.505  28.360 0.0000000000
95353  -46.397  -2.911  28.958 0.0000000000
95344  -47.210  -3.089  29.882 0.0000000000
189946  -47.823  -2.808  30.330 0.0000000000
95345  -47.617  -3.497  30.389 0.0000000000
94200  -48.049  -3.867  30.850 0.0000000000
101185  -54.743  1.310  19.967 0.0000000000
181480  -55.433  1.403  19.632 0.0000000000
101200  -55.708  1.456  19.543 0.0000000000
101207  -54.834  0.912  18.788 0.0000000000
100045  -56.180  1.242  19.815 0.0000000000
100046  -57.028  0.438  20.199 0.0000000000
98882  -57.494  0.077  19.980 0.0000000000
100066  -58.778  0.646  19.910 0.0000000000
100107  -53.534  0.491  16.797 0.0000000000
100108  -54.260  0.425  16.776 0.0000000000
98919  -55.286  0.041  17.327 0.0000000000
191979  -55.511  -0.151  16.694 0.0000000000
98909  -56.023  -0.274  18.064 0.0000000000
98910  -56.793  -0.431  18.353 0.0000000000
195792  -58.013  -0.124  18.732 0.0000000000
101208  -59.457  1.523  19.255 0.0000000000
101209  -59.861  2.035  18.619 0.0000000000
102306  -60.324  2.172  18.733 0.0000000000
102311  -60.666  2.199  17.954 0.0000000000
180065  -59.566  1.865  17.071 0.0000000000
102316  -60.597  2.347  17.319 0.0000000000
101216  -61.312  1.673  17.564 0.0000000000
100093  -61.474  1.026  17.138 0.0000000000
98950  -56.739  -0.069  14.000 0.0000000000
100134  -58.708  0.071  14.604 0.0000000000
101243  -59.244  0.870  14.621 0.0000000000
178132  -59.938  2.196  15.326 0.0000000000
102341  -60.328  2.499  14.724 0.0000000000
182687  -60.630  2.610  15.393 0.0000000000
102335  -60.910  2.639  15.984 0.0000000000
102336  -61.418  2.432  15.738 0.0000000000
198640  -62.328  2.029  12.507 0.0000000000
100168  -61.623  0.732  12.026 0.0000000000
57334  -16.722  -32.010  58.051 0.0000000000
57336  -18.252  -32.371  58.031 0.0000000000
57378  -16.231  -31.772  54.662 0.0000000000
57387  -16.340  -31.981  53.806 0.0000000000
57388  -17.080  -32.315  53.304 0.0000000000
57390  -18.437  -32.310  53.446 0.0000000000
57395  -16.859  -32.110  52.480 0.0000000000
57397  -18.332  -32.168  52.753 0.0000000000
58605  -15.483  -31.147  58.154 0.0000000000
58613  -17.350  -31.811  57.700 0.0000000000
58614  -17.791  -31.894  57.669 0.0000000000
58618  -16.693  -31.114  57.403 0.0000000000
58669  -16.642  -31.199  50.752 0.0000000000
58670  -17.361  -31.232  50.653 0.0000000000
59779  -12.217  -29.601  58.599 0.0000000000
59780  -13.509  -29.689  58.203 0.0000000000
59781  -14.130  -30.074  58.026 0.0000000000
59782  -15.406  -30.891  58.047 0.0000000000
59786  -15.585  -30.535  57.541 0.0000000000
59787  -16.090  -30.850  57.403 0.0000000000
59789  -15.611  -30.402  57.338 0.0000000000
59790  -16.053  -30.701  57.202 0.0000000000
59809  -15.258  -30.541  54.917 0.0000000000
59819  -15.288  -30.910  53.783 0.0000000000
59840  -15.394  -30.705  51.444 0.0000000000
60865  -13.686  -29.625  57.974 0.0000000000
60866  -14.370  -30.000  57.776 0.0000000000
60870  -14.665  -29.877  57.431 0.0000000000
60875  -15.169  -30.046  57.205 0.0000000000
60886  -14.486  -29.362  55.260 0.0000000000
60924  -14.073  -28.877  52.112 0.0000000000
61957  -10.028  -27.680  59.440 0.0000000000
61959  -12.088  -28.453  58.669 0.0000000000
61966  -13.496  -28.963  57.606 0.0000000000
61969  -13.613  -28.743  56.910 0.0000000000
61972  -14.248  -29.087  55.931 0.0000000000
61979  -13.984  -28.822  55.376 0.0000000000
62014  -14.098  -28.708  51.330 0.0000000000
63042  -11.806  -27.627  58.012 0.0000000000
63047  -12.588  -28.049  57.082 0.0000000000
64095  -10.017  -26.587  58.227 0.0000000000
64096  -10.678  -26.840  58.012 0.0000000000
64097  -11.272  -27.149  57.741 0.0000000000
65183  -9.549  -26.181  57.695 0.0000000000
66476  -22.072  -24.616  45.352 0.0000000000
68963  -22.370  -23.095  45.253 0.0000000000
70157  -22.483  -22.022  51.878 0.0000000000
70247  -22.313  -22.096  44.281 0.0000000000
72609  -22.900  -20.397  51.930 0.0000000000
72642  -31.635  -20.021  48.873 0.0000000000
72653  -22.903  -20.143  47.565 0.0000000000
72655  -31.538  -20.047  48.122 0.0000000000
72674  -34.696  -19.824  46.891 0.0000000000
72697  -32.345  -19.846  45.549 0.0000000000
72702  -37.027  -19.862  44.531 0.0000000000
72711  -32.887  -19.893  45.040 0.0000000000
72720  -22.641  -20.209  44.058 0.0000000000
72723  -35.399  -20.299  43.758 0.0000000000
72725  -36.795  -20.049  43.845 0.0000000000
72745  -33.168  -19.758  41.251 0.0000000000
72781  -35.055  -20.410  40.282 0.0000000000
72798  -32.381  -20.146  39.064 0.0000000000
72800  -34.142  -20.449  39.405 0.0000000000
72840  -35.019  -19.969  37.676 0.0000000000
73891  -23.164  -19.836  51.900 0.0000000000
73905  -30.919  -19.515  50.306 0.0000000000
73918  -29.948  -19.367  49.550 0.0000000000
73948  -23.770  -19.103  47.667 0.0000000000
73949  -28.841  -19.239  47.674 0.0000000000
73972  -23.328  -19.374  46.487 0.0000000000
73977  -30.691  -19.683  46.851 0.0000000000
73981  -37.290  -19.365  45.864 0.0000000000
74003  -23.590  -19.356  44.353 0.0000000000
74005  -29.437  -19.198  44.787 0.0000000000
74006  -30.150  -19.378  44.539 0.0000000000
74019  -29.038  -19.074  43.783 0.0000000000
74020  -30.992  -19.493  43.420 0.0000000000
74021  -31.671  -19.584  43.474 0.0000000000
74038  -37.237  -19.172  42.752 0.0000000000
74102  -30.528  -19.615  39.249 0.0000000000
75157  -24.221  -18.397  50.954 0.0000000000
75160  -28.422  -18.465  50.832 0.0000000000
75182  -34.439  -18.853  50.019 0.0000000000
75195  -36.735  -18.111  48.699 0.0000000000
75213  -24.714  -18.689  47.489 0.0000000000
75218  -36.765  -18.934  47.672 0.0000000000
75226  -24.635  -18.886  46.737 0.0000000000
75237  -24.389  -19.155  45.143 0.0000000000
75238  -24.944  -19.131  45.150 0.0000000000
75241  -28.118  -18.972  44.992 0.0000000000
75242  -37.658  -19.134  45.337 0.0000000000
75271  -24.413  -19.308  43.052 0.0000000000
75337  -36.862  -18.331  39.173 0.0000000000
75358  -36.406  -18.695  38.373 0.0000000000
76456  -25.726  -17.864  50.827 0.0000000000
76626  -37.225  -17.454  35.582 0.0000000000
78804  -39.475  -16.032  38.318 0.0000000000
78821  -38.951  -16.285  37.437 0.0000000000
80005  -40.443  -15.167  37.762 0.0000000000
80023  -41.377  -14.558  37.662 0.0000000000
81270  -40.674  -14.078  35.895 0.0000000000
82393  -43.242  -13.330  40.871 0.0000000000
82430  -46.708  -12.575  35.975 0.0000000000
82436  -40.259  -12.737  35.642 0.0000000000
82438  -45.463  -12.753  35.532 0.0000000000
82456  -44.459  -12.692  34.731 0.0000000000
82457  -45.579  -12.774  34.831 0.0000000000
83588  -42.576  -11.959  38.471 0.0000000000
83621  -46.735  -12.454  35.266 0.0000000000
83623  -48.102  -11.750  35.569 0.0000000000
83638  -45.906  -12.492  34.427 0.0000000000
83650  -44.891  -12.667  33.851 0.0000000000
83681  -42.520  -12.226  31.934 0.0000000000
83696  -38.774  -11.893  31.092 0.0000000000
83699  -41.504  -12.315  31.128 0.0000000000
83731  -37.867  -12.499  29.390 0.0000000000
83751  -37.901  -12.718  27.891 0.0000000000
83753  -39.991  -12.407  28.283 0.0000000000
83772  -40.014  -11.983  27.642 0.0000000000
84869  -41.639  -11.077  37.588 0.0000000000
84894  -40.437  -10.790  35.911 0.0000000000
84896  -43.613  -11.058  35.494 0.0000000000
84915  -39.204  -11.601  34.243 0.0000000000
84923  -47.877  -11.323  34.963 0.0000000000
84931  -39.222  -11.304  33.552 0.0000000000
84937  -46.308  -11.186  33.763 0.0000000000
84952  -45.285  -11.448  32.968 0.0000000000
84963  -44.353  -11.708  32.195 0.0000000000
84984  -42.080  -11.565  29.668 0.0000000000
86041  -41.222  -10.727  36.674 0.0000000000
86044  -44.050  -10.385  36.800 0.0000000000
86059  -41.476  -10.600  36.064 0.0000000000
86081  -47.983  -10.633  34.662 0.0000000000
86092  -46.374  -10.423  33.566 0.0000000000
86103  -46.070  -9.717  33.131 0.0000000000
86120  -43.035  -11.046  30.459 0.0000000000
86122  -44.046  -10.159  31.288 0.0000000000
86138  -42.079  -10.851  29.155 0.0000000000
86152  -41.429  -10.447  28.130 0.0000000000
87274  -49.245  -9.784  41.719 0.0000000000
87378  -48.416  -9.404  34.585 0.0000000000
87405  -45.140  -9.306  32.090 0.0000000000
87422  -42.936  -9.738  29.596 0.0000000000
87462  -41.273  -9.882  27.619 0.0000000000
87464  -42.495  -9.137  28.323 0.0000000000
88422  -48.033  -9.170  41.759 0.0000000000
88523  -50.044  -8.965  35.186 0.0000000000
88536  -47.401  -8.696  33.749 0.0000000000
89674  -47.567  -7.998  33.446 0.0000000000
89686  -47.271  -7.740  32.808 0.0000000000
89701  -45.917  -7.947  31.590 0.0000000000
89737  -45.248  -7.373  30.221 0.0000000000
89808  -41.893  -7.675  26.608 0.0000000000
90825  -47.570  -7.183  32.394 0.0000000000
90850  -46.923  -6.583  31.112 0.0000000000
90874  -44.562  -6.692  29.064 0.0000000000
90888  -43.281  -7.006  27.940 0.0000000000
90908  -43.393  -6.312  27.654 0.0000000000
91922  -47.188  -5.867  30.871 0.0000000000
91929  -46.264  -5.735  29.984 0.0000000000
91941  -44.738  -5.983  28.847 0.0000000000
93059  -49.439  -5.294  32.287 0.0000000000
93080  -47.375  -5.053  30.664 0.0000000000
94218  -45.704  -4.145  28.810 0.0000000000
94220  -46.788  -3.584  29.653 0.0000000000
94245  -43.897  -4.039  27.028 0.0000000000
95338  -48.338  -2.681  30.788 0.0000000000
95354  -46.739  -3.172  29.411 0.0000000000
95365  -45.503  -2.799  27.926 0.0000000000
95404  -43.352  -3.051  25.625 0.0000000000
96499  -47.518  -2.198  29.889 0.0000000000
96525  -45.697  -2.029  27.761 0.0000000000
97679  -47.133  -1.673  29.275 0.0000000000
97707  -45.949  -1.262  27.501 0.0000000000
98815  -46.141  -0.384  25.896 0.0000000000
98819  -49.637  -0.021  24.974 0.0000000000
98826  -46.333  -0.545  25.102 0.0000000000
98831  -50.489  -0.144  24.105 0.0000000000
98840  -47.881  -0.638  23.873 0.0000000000
98842  -50.209  -0.278  23.504 0.0000000000
98844  -51.270  -0.011  22.987 0.0000000000
98853  -50.656  -0.153  23.057 0.0000000000
98863  -50.531  -0.094  21.857 0.0000000000
98873  -51.257  0.227  21.466 0.0000000000
98947  -57.450  -0.354  15.104 0.0000000000
98973  -61.400  0.206  11.375 0.0000000000
99899  -48.237  0.290  29.607 0.0000000000
99930  -47.998  0.918  28.243 0.0000000000
99943  -47.270  0.407  27.029 0.0000000000
99946  -49.834  0.681  26.906 0.0000000000
99962  -49.820  0.396  26.223 0.0000000000
99966  -53.596  0.706  26.339 0.0000000000
99978  -49.734  0.163  25.552 0.0000000000
99982  -53.419  0.485  25.773 0.0000000000
99991  -50.667  0.016  24.691 0.0000000000
99993  -53.017  0.234  24.239 0.0000000000
100004  -52.816  0.259  23.288 0.0000000000
100022  -52.383  0.369  22.467 0.0000000000
100033  -53.532  0.891  21.269 0.0000000000
100065  -56.407  0.366  19.549 0.0000000000
100109  -58.453  0.020  16.804 0.0000000000
100144  -57.590  -0.168  13.952 0.0000000000
100145  -58.343  -0.058  13.892 0.0000000000
100167  -58.836  0.752  12.467 0.0000000000
100194  -62.196  1.330  10.358 0.0000000000
101087  -49.644  1.360  28.496 0.0000000000
101163  -55.583  1.859  21.639 0.0000000000
101234  -59.455  1.437  15.306 0.0000000000
101235  -59.633  1.888  15.951 0.0000000000
101236  -61.547  1.981  16.056 0.0000000000
101277  -62.438  2.413  12.040 0.0000000000
102286  -56.118  2.449  21.214 0.0000000000
102287  -56.582  2.801  21.039 0.0000000000
102288  -57.178  2.372  21.365 0.0000000000
102312  -61.052  1.909  17.953 0.0000000000
102327  -60.476  2.416  16.668 0.0000000000
102347  -60.120  2.312  14.091 0.0000000000
102349  -61.969  2.659  14.209 0.0000000000
102350  -62.244  2.674  13.427 0.0000000000
102355  -60.848  2.909  12.852 0.0000000000
102363  -62.387  2.584  12.720 0.0000000000
102372  -62.476  2.794  11.384 0.0000000000
103429  -61.211  2.571  16.065 0.0000000000
103433  -61.325  2.645  15.555 0.0000000000
103438  -61.552  2.691  14.909 0.0000000000
170061  -31.339  -19.691  45.918 0.0000000000
170634  -30.329  -19.400  43.356 0.0000000000
170859  -25.888  -18.714  46.789 0.0000000000
171395  -37.393  -12.304  26.630 0.0000000000
171988  -57.979  -0.246  14.562 0.0000000000
172335  -49.679  -0.356  23.887 0.0000000000
172386  -27.513  -18.895  42.893 0.0000000000
172389  -29.782  -19.274  44.002 0.0000000000
172798  -36.116  -20.234  43.744 0.0000000000
172927  -12.726  -28.735  58.334 0.0000000000
173147  -30.544  -19.456  42.291 0.0000000000
173629  -53.503  0.324  15.172 0.0000000000
174015  -42.632  -10.494  36.455 0.0000000000
174350  -53.212  0.334  25.050 0.0000000000
174924  -45.654  -1.169  23.684 0.0000000000
176743  -35.612  -19.756  39.043 0.0000000000
176749  -48.458  0.751  27.161 0.0000000000
177882  -23.696  -18.892  53.146 0.0000000000
177997  -29.976  -19.526  46.795 0.0000000000
178041  -28.299  -18.919  43.119 0.0000000000
178102  -14.837  -30.436  57.989 0.0000000000
178914  -15.579  -30.242  56.768 0.0000000000
179421  -15.879  -31.190  57.938 0.0000000000
179506  -36.454  -18.267  36.023 0.0000000000
179852  -26.995  -18.620  48.405 0.0000000000
180755  -48.355  -7.140  33.189 0.0000000000
182100  -22.396  -20.935  44.124 0.0000000000
183169  -29.108  -18.677  50.869 0.0000000000
183170  -26.131  -17.627  52.132 0.0000000000
185388  -40.449  -10.715  35.362 0.0000000000
185813  -12.891  -28.631  57.955 0.0000000000
187019  -58.924  0.655  16.307 0.0000000000
187897  -58.412  0.139  18.227 0.0000000000
189921  -57.253  -0.329  18.915 0.0000000000
191322  -61.051  2.812  15.372 0.0000000000
191870  -38.333  -16.329  45.284 0.0000000000
191888  -22.985  -19.992  48.311 0.0000000000
191989  -19.774  -28.366  49.367 0.0000000000
192293  -28.016  -17.628  53.215 0.0000000000
192316  -46.527  -12.203  34.659 0.0000000000
192630  -14.215  -29.158  56.618 0.0000000000
192647  -33.935  -20.150  42.125 0.0000000000
193151  -25.690  -19.120  44.011 0.0000000000
194375  -44.368  -11.234  41.468 0.0000000000
194560  -23.118  -19.636  43.909 0.0000000000
195407  -33.050  -19.963  45.711 0.0000000000
197440  -27.868  -18.715  49.248 0.0000000000
197973  -48.071  -3.226  30.709 0.0000000000
198083  -12.934  -29.376  58.371 0.0000000000
198201  -42.536  -10.796  38.983 0.0000000000
198258  -27.136  -18.915  45.746 0.0000000000
198544  -36.625  -18.657  39.503 0.0000000000
198823  -29.683  -19.156  40.042 0.0000000000
198876  -45.567  -12.003  36.645 0.0000000000
199528  -25.139  -17.951  50.650 0.0000000000
199623  -26.954  -17.820  51.551 0.0000000000
199882  -22.926  -19.887  43.600 0.0000000000
200181  -14.469  -29.448  54.628 0.0000000000
200367  -45.138  -12.506  35.919 0.0000000000
200792  -45.517  -7.572  30.726 0.0000000000
200795  -54.511  0.450  17.246 0.0000000000
201053  -31.468  -19.529  41.814 0.0000000000
201448  -23.137  -19.644  48.734 0.0000000000
201533  -38.276  -16.166  45.851 0.0000000000
201621  -47.546  -1.125  22.291 0.0000000000
201626  -55.642  -0.163  17.618 0.0000000000
202000  -33.667  -19.981  45.882 0.0000000000
202020  -38.143  -17.699  45.021 0.0000000000
202117  -43.283  -7.799  28.339 0.0000000000
202299  -46.371  -0.195  26.862 0.0000000000
202314  -46.898  0.177  26.776 0.0000000000
202681  -15.222  -30.763  58.096 0.0000000000
202818  -37.005  -19.015  47.220 0.0000000000
203390  -46.865  -1.395  20.204 0.0000000000
203671  -51.248  0.095  24.833 0.0000000000
204256  -46.823  -0.644  28.311 0.0000000000
204358  -47.241  -12.205  36.919 0.0000000000
204495  -33.478  -20.317  39.294 0.0000000000
204559  -32.058  -20.062  49.088 0.0000000000
204670  -49.651  -11.385  36.832 0.0000000000
204883  -45.100  -8.418  31.168 0.0000000000
