#!ascii label  , from subject sub-v2s2x29077_ses-1 vox2ras=TkReg
888
25232  -21.423  -59.346  -18.921 0.6999999881
26234  -22.414  -58.273  -18.723 0.6000000238
27234  -23.172  -58.117  -18.474 0.6000000238
28202  -25.606  -57.483  -16.900 0.4000000060
25230  -16.238  -59.938  -19.103 0.6999999881
25229  -15.855  -59.323  -19.397 0.6999999881
24244  -14.643  -60.588  -19.762 0.6999999881
25245  -14.363  -59.685  -20.084 0.6000000238
24243  -12.943  -61.107  -20.541 0.6999999881
25260  -12.202  -59.369  -21.495 0.6000000238
23212  -12.006  -61.527  -22.100 0.6000000238
25259  -12.021  -59.993  -21.939 0.6000000238
23229  -15.115  -61.700  -22.841 0.6000000238
24280  -12.956  -60.452  -23.091 0.6000000238
25296  -14.542  -59.507  -23.334 0.5000000000
24270  -15.869  -60.964  -22.632 0.5000000000
175580  -15.252  -60.221  -23.056 0.5000000000
25262  -18.310  -59.730  -21.193 0.6000000238
25248  -20.001  -59.702  -20.010 0.6000000238
198207  -19.280  -58.841  -20.610 0.6000000238
26247  -20.733  -58.296  -19.903 0.6000000238
27248  -22.066  -57.795  -19.258 0.6000000238
26222  -17.354  -58.657  -18.554 0.6000000238
26230  -15.918  -58.488  -19.461 0.6000000238
26243  -13.989  -58.582  -20.333 0.6000000238
26261  -12.140  -58.458  -21.484 0.6000000238
200167  -11.954  -58.046  -22.005 0.6000000238
26281  -11.863  -58.901  -22.184 0.6000000238
25294  -12.378  -59.580  -22.989 0.6000000238
26299  -13.802  -58.628  -23.382 0.6000000238
190343  -15.693  -58.693  -23.185 0.6000000238
25278  -16.927  -59.721  -22.293 0.6000000238
26283  -17.037  -58.840  -22.542 0.6999999881
26262  -18.304  -58.866  -21.489 0.6000000238
27261  -19.603  -58.080  -20.702 0.6000000238
28235  -23.639  -57.290  -18.624 0.5000000000
27236  -24.394  -57.359  -18.068 0.5000000000
27219  -17.749  -57.919  -17.319 0.6000000238
27246  -16.685  -57.390  -18.859 0.6000000238
27245  -15.915  -57.422  -19.415 0.6000000238
27260  -14.033  -57.186  -20.336 0.6000000238
183790  -13.160  -57.620  -20.768 0.6000000238
27259  -12.730  -56.572  -21.213 0.6000000238
27274  -12.371  -56.773  -21.807 0.6000000238
27288  -12.795  -57.149  -22.464 0.6000000238
26298  -12.515  -58.795  -23.090 0.6000000238
196414  -14.886  -57.697  -23.074 0.6000000238
176809  -15.669  -57.976  -23.145 0.6999999881
27263  -20.985  -57.578  -20.089 0.6000000238
28266  -21.688  -57.329  -19.812 0.6000000238
28220  -25.378  -56.848  -17.241 0.4000000060
179546  -16.424  -57.689  -16.663 0.6000000238
28218  -16.789  -57.107  -17.635 0.6000000238
28233  -16.091  -56.589  -18.723 0.6000000238
28263  -14.955  -56.751  -19.837 0.6000000238
28261  -13.019  -55.827  -21.146 0.5000000000
28274  -12.801  -55.921  -21.595 0.6000000238
27289  -14.154  -57.168  -22.714 0.6999999881
28289  -18.429  -56.670  -22.748 0.6000000238
26302  -17.001  -57.953  -22.893 0.6000000238
27293  -18.571  -57.312  -22.198 0.6000000238
180344  -19.511  -57.187  -21.418 0.6000000238
28264  -20.533  -57.166  -20.603 0.6000000238
29255  -23.352  -56.295  -19.504 0.6000000238
28250  -23.150  -56.878  -19.240 0.6000000238
30190  -25.599  -55.384  -17.391 0.4000000060
28236  -24.282  -56.625  -18.497 0.5000000000
27202  -14.575  -58.158  -16.918 0.5000000000
27216  -15.091  -57.320  -17.196 0.6000000238
28216  -15.512  -56.615  -17.665 0.6000000238
29246  -15.620  -56.242  -18.403 0.6000000238
29254  -15.333  -56.120  -19.046 0.5000000000
29245  -14.772  -55.661  -18.642 0.5000000000
29260  -13.377  -55.454  -20.470 0.5000000000
29268  -13.341  -55.253  -21.610 0.6000000238
30225  -15.200  -55.152  -21.365 0.6000000238
29279  -13.621  -55.901  -21.939 0.6999999881
28287  -15.957  -56.825  -22.642 0.6999999881
28298  -16.429  -57.209  -22.918 0.6999999881
30238  -19.353  -55.111  -22.614 0.6000000238
188720  -17.863  -56.670  -22.881 0.6999999881
29284  -18.956  -55.616  -22.859 0.6000000238
29272  -19.584  -55.386  -22.578 0.6000000238
185050  -20.212  -56.088  -21.811 0.6000000238
29273  -20.924  -56.049  -21.243 0.6000000238
29262  -21.704  -55.992  -20.718 0.6000000238
29247  -24.238  -56.066  -18.899 0.5000000000
30200  -25.319  -54.919  -17.929 0.4000000060
27214  -13.222  -57.916  -17.627 0.6000000238
28214  -13.704  -56.932  -17.640 0.6000000238
28215  -14.648  -56.738  -17.549 0.5000000000
29229  -14.113  -55.991  -17.906 0.6000000238
29244  -13.872  -55.254  -18.507 0.5000000000
29252  -13.322  -54.765  -20.456 0.6000000238
30204  -13.211  -54.324  -20.044 0.5000000000
29259  -13.224  -55.315  -21.217 0.6000000238
31188  -13.480  -54.431  -20.758 0.5000000000
30224  -13.980  -54.783  -21.569 0.5000000000
30212  -16.889  -55.129  -20.569 0.5000000000
29270  -15.740  -55.830  -21.678 0.6000000238
31167  -18.983  -54.498  -19.698 0.5000000000
30213  -17.771  -55.357  -20.848 0.5000000000
29271  -16.847  -55.988  -21.761 0.6000000238
181811  -18.978  -54.811  -20.877 0.4000000060
30228  -18.461  -55.404  -22.093 0.6999999881
31181  -19.626  -54.144  -20.935 0.4000000060
31200  -20.026  -54.134  -22.554 0.5000000000
30239  -19.766  -54.727  -22.673 0.6000000238
31201  -20.766  -54.015  -22.573 0.5000000000
30230  -20.881  -54.812  -22.156 0.6000000238
32191  -22.887  -53.381  -21.823 0.5000000000
201996  -21.753  -55.460  -21.125 0.6000000238
31158  -25.041  -54.599  -18.487 0.5000000000
30232  -22.448  -54.581  -21.287 0.6000000238
30217  -23.086  -54.959  -20.489 0.6000000238
31169  -24.672  -54.638  -19.089 0.6000000238
28213  -12.539  -57.114  -18.057 0.5000000000
185250  -13.230  -56.256  -17.926 0.5000000000
29228  -13.044  -55.406  -18.285 0.5000000000
31157  -12.746  -54.150  -19.566 0.4000000060
195136  -14.124  -53.687  -20.699 0.4000000060
31190  -14.897  -54.419  -21.199 0.5000000000
30211  -15.974  -54.817  -20.830 0.5000000000
32177  -16.447  -53.608  -20.274 0.5000000000
33193  -21.030  -52.621  -19.842 0.4000000060
32179  -19.667  -54.024  -19.684 0.4000000060
32180  -20.145  -53.582  -20.210 0.4000000060
33203  -20.749  -52.736  -21.797 0.5000000000
32188  -20.614  -53.000  -22.378 0.5000000000
34262  -21.600  -52.175  -22.192 0.5000000000
33212  -21.612  -52.634  -22.476 0.5000000000
32200  -22.413  -52.697  -22.332 0.5000000000
32169  -24.985  -53.283  -19.145 0.5000000000
31170  -25.034  -54.012  -18.768 0.5000000000
31194  -23.248  -54.127  -21.044 0.6000000238
31168  -24.355  -54.221  -19.797 0.5000000000
32176  -15.526  -53.134  -20.543 0.4000000060
199006  -17.014  -53.278  -19.889 0.5000000000
174099  -17.675  -53.556  -19.425 0.5000000000
32154  -18.850  -53.189  -18.769 0.5000000000
34242  -21.442  -52.029  -20.492 0.4000000060
33213  -22.137  -52.166  -22.303 0.5000000000
33181  -24.997  -52.558  -19.421 0.5000000000
33148  -25.384  -52.778  -17.765 0.3000000119
35322  -23.236  -51.013  -22.334 0.5000000000
33204  -24.043  -52.531  -21.586 0.5000000000
33194  -24.700  -52.612  -20.519 0.5000000000
33178  -17.964  -52.094  -19.272 0.4000000060
33179  -20.204  -53.073  -18.812 0.4000000060
34205  -19.399  -51.851  -18.550 0.4000000060
35276  -22.434  -50.501  -19.298 0.4000000060
34208  -21.670  -51.467  -18.965 0.4000000060
35291  -22.327  -50.943  -20.927 0.4000000060
204226  -22.784  -50.337  -20.848 0.4000000060
36363  -23.610  -50.280  -22.241 0.5000000000
35261  -25.278  -50.817  -18.262 0.4000000060
180789  -25.276  -52.081  -18.091 0.4000000060
33215  -24.404  -51.791  -22.087 0.5000000000
34230  -25.049  -51.866  -19.714 0.5000000000
188095  -24.522  -51.246  -22.569 0.5000000000
34254  -24.855  -51.648  -21.679 0.5000000000
33206  -24.869  -51.904  -20.988 0.5000000000
36334  -23.022  -49.862  -20.374 0.4000000060
36350  -23.569  -49.604  -21.789 0.4000000060
182932  -25.275  -50.573  -19.204 0.4000000060
35277  -25.190  -51.146  -19.957 0.5000000000
184902  -24.493  -50.348  -22.630 0.5000000000
35309  -25.442  -50.556  -22.087 0.5000000000
37391  -23.462  -49.297  -20.890 0.4000000060
36320  -25.445  -49.781  -19.389 0.4000000060
37356  -25.557  -48.920  -18.089 0.3000000119
36364  -24.230  -49.709  -22.471 0.5000000000
36351  -25.654  -49.946  -22.035 0.5000000000
171428  -25.480  -50.364  -20.329 0.5000000000
37392  -23.846  -48.597  -20.991 0.4000000060
37377  -25.643  -48.920  -19.638 0.3000000119
189848  -25.603  -48.558  -18.635 0.3000000119
37416  -24.707  -49.077  -22.471 0.4000000060
36335  -25.746  -49.769  -21.213 0.5000000000
37418  -25.862  -48.647  -22.340 0.4000000060
36366  -25.599  -49.453  -22.469 0.5000000000
37393  -25.884  -49.008  -20.905 0.5000000000
193515  -25.014  -47.148  -21.854 0.4000000060
38300  -25.865  -47.902  -18.406 0.3000000119
39282  -26.566  -47.461  -17.321 0.3000000119
38361  -24.359  -48.466  -21.832 0.4000000060
39334  -26.175  -47.514  -20.136 0.4000000060
38364  -26.133  -47.867  -22.290 0.4000000060
188600  -26.355  -47.715  -21.234 0.4000000060
40468  -25.359  -46.104  -21.567 0.5000000000
199635  -26.400  -46.775  -18.611 0.3000000119
40396  -27.317  -46.376  -17.388 0.4000000060
195644  -29.066  -45.309  -17.165 0.4000000060
41464  -28.796  -45.949  -16.832 0.4000000060
40481  -26.298  -46.555  -22.114 0.4000000060
39335  -26.453  -47.077  -20.819 0.5000000000
40417  -26.653  -46.151  -19.086 0.4000000060
39347  -26.519  -46.735  -21.837 0.5000000000
203439  -26.447  -47.270  -21.768 0.5000000000
41509  -26.952  -45.530  -19.912 0.5000000000
41489  -26.994  -45.593  -18.955 0.4000000060
41491  -28.019  -45.066  -18.117 0.4000000060
42524  -29.426  -44.562  -17.556 0.4000000060
41476  -30.308  -45.522  -17.012 0.3000000119
41550  -26.416  -45.922  -22.027 0.5000000000
40470  -26.597  -46.167  -21.798 0.5000000000
43642  -29.710  -43.284  -17.846 0.4000000060
43644  -31.007  -43.330  -17.122 0.3000000119
43700  -26.623  -43.494  -21.363 0.5000000000
43657  -29.210  -43.263  -18.324 0.4000000060
42537  -28.304  -44.402  -18.616 0.4000000060
42525  -29.958  -43.977  -17.525 0.4000000060
42526  -30.753  -44.092  -17.148 0.4000000060
182059  -32.130  -43.882  -17.083 0.3000000119
41537  -26.289  -45.273  -21.862 0.5000000000
41528  -27.250  -44.867  -20.516 0.5000000000
41510  -27.307  -45.047  -19.405 0.5000000000
41539  -27.081  -44.713  -21.501 0.5000000000
44745  -29.987  -42.667  -17.639 0.4000000060
181693  -31.467  -41.994  -16.725 0.4000000060
44800  -26.649  -42.888  -21.068 0.5000000000
44747  -32.439  -43.081  -17.074 0.3000000119
43701  -27.018  -43.445  -21.235 0.5000000000
189737  -27.710  -43.241  -20.004 0.5000000000
44769  -28.145  -43.178  -19.377 0.5000000000
42551  -27.945  -44.115  -19.337 0.5000000000
43669  -27.663  -43.817  -20.068 0.5000000000
46831  -31.669  -41.263  -16.622 0.4000000060
45787  -26.256  -42.203  -20.899 0.5000000000
46866  -28.710  -41.220  -18.497 0.5000000000
45722  -32.088  -41.857  -16.766 0.3000000119
44734  -32.391  -42.355  -16.948 0.3000000119
46897  -27.002  -41.119  -20.159 0.5000000000
46880  -28.191  -41.227  -19.041 0.5000000000
45761  -27.980  -41.901  -19.421 0.5000000000
26232  -21.057  -58.845  -19.443 0.6000000238
27222  -25.007  -57.450  -17.480 0.5000000000
183448  -13.810  -60.973  -23.170 0.6000000238
28285  -13.167  -56.525  -22.125 0.6999999881
177427  -22.046  -56.645  -20.070 0.6000000238
29280  -15.169  -56.253  -22.092 0.6999999881
29264  -23.071  -55.759  -19.996 0.6000000238
28288  -17.034  -56.876  -22.809 0.6999999881
30215  -19.059  -54.950  -22.160 0.5000000000
29274  -21.253  -55.438  -21.506 0.6000000238
32178  -17.262  -54.133  -19.820 0.5000000000
32165  -18.477  -53.799  -19.113 0.5000000000
30214  -18.476  -55.144  -21.130 0.4000000060
32192  -23.678  -53.300  -21.276 0.5000000000
32182  -24.585  -53.383  -20.054 0.5000000000
186387  -21.761  -51.678  -19.657 0.4000000060
34253  -21.762  -51.598  -21.561 0.5000000000
34206  -20.264  -51.857  -18.443 0.4000000060
38323  -25.815  -48.065  -19.348 0.4000000060
41473  -27.657  -45.715  -17.675 0.4000000060
181364  -30.178  -44.722  -17.142 0.3000000119
45760  -27.356  -41.933  -20.144 0.5000000000
45746  -28.536  -41.890  -18.839 0.5000000000
15496  -17.402  -68.744  -18.392 0.5000000000
15499  -19.986  -68.494  -19.014 0.5000000000
15497  -18.700  -68.933  -18.841 0.5000000000
18205  -22.360  -66.444  -18.935 0.5000000000
15517  -20.984  -68.251  -19.660 0.5000000000
16404  -20.673  -68.154  -19.116 0.4000000060
17258  -18.504  -67.604  -18.454 0.5000000000
179837  -19.730  -67.462  -18.485 0.6000000238
199595  -19.163  -67.737  -18.463 0.6000000238
17262  -21.720  -66.712  -18.624 0.5000000000
17261  -21.062  -66.943  -18.518 0.5000000000
21163  -25.033  -63.742  -18.715 0.4000000060
18213  -15.369  -66.535  -20.687 0.6999999881
18214  -16.286  -66.335  -20.682 0.6999999881
18202  -18.615  -66.057  -19.448 0.6999999881
18204  -20.194  -66.004  -18.646 0.5000000000
17287  -19.054  -66.456  -18.930 0.6999999881
19179  -23.227  -64.617  -18.088 0.5000000000
19177  -22.235  -65.452  -18.092 0.5000000000
19175  -20.826  -65.785  -18.397 0.5000000000
22164  -25.402  -62.798  -18.233 0.5000000000
20189  -24.039  -64.467  -18.665 0.5000000000
20170  -16.083  -64.704  -18.403 0.5000000000
20185  -15.424  -65.264  -19.176 0.6999999881
20197  -14.136  -65.007  -20.919 0.6999999881
189956  -14.620  -66.039  -20.626 0.6999999881
19208  -14.565  -65.734  -21.446 0.6999999881
18201  -17.754  -66.362  -19.687 0.6000000238
19189  -20.261  -65.243  -18.810 0.6999999881
19188  -19.573  -64.975  -19.435 0.6000000238
20163  -23.181  -63.889  -17.813 0.5000000000
174293  -21.890  -64.814  -17.964 0.6000000238
20173  -21.240  -64.194  -18.293 0.6000000238
20164  -23.860  -63.535  -17.992 0.5000000000
23144  -26.864  -61.224  -17.072 0.5000000000
21149  -16.151  -63.770  -18.559 0.5000000000
21159  -15.570  -64.293  -19.100 0.6999999881
18228  -16.093  -65.902  -21.320 0.6999999881
19225  -15.464  -65.150  -21.998 0.6999999881
20209  -14.069  -65.068  -21.580 0.6999999881
18216  -18.146  -65.694  -20.200 0.8000000119
20198  -18.321  -64.101  -20.788 0.6999999881
20188  -20.757  -63.628  -18.832 0.6000000238
20187  -20.181  -63.918  -19.297 0.6999999881
21139  -22.548  -62.848  -17.761 0.6999999881
21152  -21.966  -63.079  -17.983 0.6000000238
23154  -25.555  -61.624  -17.475 0.6000000238
189236  -24.295  -62.196  -17.725 0.6000000238
24185  -26.485  -60.738  -16.657 0.6000000238
21128  -17.676  -63.112  -16.564 0.5000000000
22147  -17.081  -62.930  -17.736 0.6000000238
21137  -16.936  -63.674  -17.420 0.5000000000
22159  -16.067  -62.866  -18.678 0.6000000238
196946  -14.718  -63.723  -19.603 0.6000000238
21172  -14.015  -64.149  -20.388 0.6999999881
21204  -14.948  -63.971  -22.460 0.6999999881
20222  -13.615  -64.237  -21.945 0.6000000238
188486  -17.023  -64.746  -21.536 0.6999999881
21205  -16.072  -63.921  -22.122 0.6999999881
20199  -19.005  -63.937  -20.301 0.6999999881
23151  -22.991  -61.414  -17.699 0.6999999881
24199  -25.175  -61.084  -17.239 0.6999999881
182058  -24.086  -61.290  -17.574 0.6999999881
22140  -18.066  -62.492  -16.643 0.5000000000
23162  -16.047  -62.049  -18.763 0.6000000238
181031  -14.615  -62.785  -19.458 0.6000000238
21171  -13.326  -63.615  -20.825 0.6000000238
21188  -17.410  -63.346  -21.407 0.8000000119
22196  -16.783  -62.964  -21.831 0.5000000000
180275  -14.637  -63.227  -22.752 0.6000000238
21175  -19.870  -62.661  -19.931 0.6999999881
22182  -19.404  -62.303  -20.228 0.6999999881
24195  -22.347  -60.976  -17.897 0.6999999881
184865  -21.713  -61.048  -18.335 0.6999999881
25179  -26.149  -60.138  -16.453 0.5000000000
25178  -25.455  -59.951  -16.801 0.6999999881
26195  -26.211  -58.844  -16.268 0.5000000000
22137  -18.631  -62.200  -15.535 0.5000000000
23141  -18.175  -61.930  -17.004 0.5000000000
24210  -16.842  -60.958  -18.476 0.6000000238
23163  -16.687  -61.725  -18.402 0.6000000238
23177  -16.156  -61.295  -18.852 0.6000000238
23175  -14.649  -61.950  -19.455 0.6000000238
23188  -13.894  -61.368  -19.943 0.6000000238
22179  -13.066  -62.836  -20.534 0.6000000238
23187  -12.743  -61.940  -20.581 0.6000000238
198046  -17.848  -61.730  -21.182 0.6000000238
178773  -16.312  -62.262  -22.169 0.5000000000
22194  -12.208  -62.334  -22.029 0.5000000000
201830  -20.179  -61.144  -19.788 0.6000000238
23189  -19.153  -61.666  -20.408 0.6000000238
25215  -22.525  -60.128  -17.920 0.6000000238
24212  -21.457  -60.487  -18.591 0.6000000238
194130  -25.202  -58.301  -17.032 0.5000000000
23136  -18.957  -61.361  -15.777 0.5000000000
24194  -18.673  -60.650  -16.955 0.6000000238
24229  -15.587  -60.768  -19.265 0.6000000238
22210  -15.402  -62.414  -22.641 0.5000000000
23227  -13.064  -61.457  -23.000 0.5000000000
24245  -18.967  -60.891  -20.579 0.4000000060
23216  -17.287  -61.216  -21.619 0.5000000000
23214  -15.910  -61.745  -22.460 0.5000000000
26224  -22.083  -59.032  -18.561 0.6000000238
170138  -19.038  -61.060  -15.046 0.5000000000
24182  -18.986  -60.609  -16.306 0.6000000238
201840  -18.089  -59.723  -17.842 0.6000000238
187621  -16.938  -60.196  -18.621 0.6000000238
24261  -18.894  -60.046  -20.705 0.5000000000
187096  -17.354  -60.132  -21.833 0.4000000060
24144  -18.649  -60.867  -13.763 0.5000000000
24156  -18.795  -60.402  -14.591 0.5000000000
25177  -18.737  -59.405  -16.235 0.6000000238
193309  -16.940  -59.490  -18.746 0.6000000238
24129  -18.213  -60.681  -13.041 0.5000000000
25130  -18.307  -60.213  -13.803 0.5000000000
26149  -18.126  -59.159  -15.120 0.6000000238
185567  -18.059  -58.913  -17.848 0.6000000238
24114  -17.891  -60.946  -12.298 0.5000000000
25113  -17.995  -60.182  -13.341 0.5000000000
25144  -17.679  -59.442  -14.521 0.5000000000
190433  -17.809  -58.689  -15.666 0.6000000238
26168  -18.064  -58.483  -16.286 0.6000000238
24127  -16.857  -60.439  -12.904 0.5000000000
25128  -17.132  -59.710  -14.001 0.5000000000
24113  -16.309  -60.853  -12.411 0.5000000000
27190  -17.115  -57.997  -16.376 0.5000000000
24143  -16.541  -60.091  -13.573 0.5000000000
25157  -16.487  -59.065  -15.152 0.5000000000
202011  -15.580  -60.918  -12.689 0.5000000000
197362  -15.004  -60.267  -14.488 0.5000000000
25142  -15.532  -59.416  -15.264 0.5000000000
195282  -16.512  -58.229  -16.115 0.4000000060
183762  -14.751  -60.640  -14.050 0.5000000000
24154  -14.832  -60.010  -15.075 0.5000000000
25176  -14.475  -59.333  -16.286 0.4000000060
26165  -15.205  -59.012  -15.917 0.4000000060
24167  -14.065  -60.265  -15.569 0.4000000060
173169  -14.107  -59.834  -16.090 0.4000000060
26188  -13.357  -59.353  -17.135 0.4000000060
24247  -20.131  -60.488  -19.864 0.6000000238
26226  -23.447  -58.751  -18.083 0.5000000000
27206  -25.891  -58.189  -16.519 0.4000000060
22226  -13.297  -62.327  -22.933 0.6000000238
26210  -13.721  -58.525  -17.227 0.4000000060
27213  -12.156  -58.247  -18.085 0.4000000060
19197  -17.618  -65.423  -20.825 0.6999999881
21173  -18.490  -63.239  -20.721 0.6999999881
22162  -21.456  -62.536  -18.429 0.6999999881
21162  -20.892  -62.814  -18.944 0.6999999881
170615  -15.752  -63.118  -22.377 0.6000000238
21185  -12.639  -63.090  -21.922 0.6000000238
24197  -23.792  -60.594  -17.588 0.6999999881
22198  -18.201  -62.455  -20.926 0.6999999881
23178  -20.544  -61.537  -19.442 0.6999999881
26212  -23.684  -59.240  -17.802 0.6000000238
26193  -25.250  -59.177  -16.884 0.6000000238
14591  -17.217  -69.310  -18.534 0.5000000000
14592  -17.902  -69.152  -18.640 0.5000000000
15498  -19.302  -68.545  -18.740 0.5000000000
15515  -19.411  -68.948  -19.258 0.5000000000
15516  -20.527  -68.587  -19.656 0.4000000060
16382  -17.960  -68.159  -18.345 0.5000000000
16383  -18.789  -68.265  -18.421 0.6000000238
16384  -19.557  -68.089  -18.565 0.6000000238
16385  -20.227  -67.861  -18.666 0.5000000000
16386  -20.876  -67.593  -18.754 0.5000000000
16405  -21.208  -67.829  -19.331 0.5000000000
16406  -21.769  -67.554  -19.684 0.5000000000
17259  -19.098  -67.098  -18.578 0.6000000238
17260  -20.388  -67.187  -18.467 0.6000000238
17285  -17.190  -67.023  -19.143 0.6000000238
17286  -18.281  -66.832  -18.917 0.6999999881
17288  -21.481  -67.313  -18.959 0.5000000000
17289  -22.050  -66.990  -19.315 0.5000000000
17300  -15.107  -66.679  -20.176 0.6999999881
17302  -16.824  -66.603  -19.958 0.6999999881
18188  -19.792  -66.645  -18.622 0.5000000000
18189  -20.608  -66.497  -18.421 0.5000000000
18190  -21.281  -66.274  -18.317 0.5000000000
18191  -21.959  -66.079  -18.355 0.5000000000
18192  -22.642  -65.867  -18.623 0.5000000000
18200  -14.850  -66.437  -20.125 0.6999999881
18203  -19.471  -65.800  -19.087 0.6999999881
18212  -14.865  -66.352  -20.656 0.6999999881
18215  -17.286  -66.063  -20.444 0.6999999881
18227  -15.148  -66.145  -21.168 0.6999999881
18229  -16.889  -65.839  -20.967 0.6999999881
19176  -21.526  -65.594  -18.101 0.5000000000
19178  -22.905  -65.264  -18.361 0.5000000000
19186  -14.810  -65.820  -20.011 0.6999999881
19187  -18.897  -65.325  -19.819 0.6000000238
19191  -23.636  -65.040  -18.854 0.5000000000
19196  -14.397  -65.623  -21.060 0.6999999881
19198  -18.427  -64.839  -20.505 0.8000000119
19199  -19.118  -64.668  -20.005 0.6999999881
19209  -15.296  -65.703  -21.746 0.6999999881
19210  -16.241  -65.172  -21.755 0.6999999881
19211  -16.981  -65.320  -21.314 0.6999999881
19212  -17.699  -64.643  -21.135 0.6999999881
19224  -14.716  -65.246  -21.909 0.6999999881
20162  -22.565  -63.546  -17.771 0.6000000238
20172  -20.583  -64.440  -18.740 0.6999999881
20174  -21.925  -63.903  -17.959 0.6000000238
20175  -22.556  -64.331  -17.796 0.5000000000
20176  -23.729  -64.101  -18.149 0.5000000000
20177  -24.346  -63.909  -18.472 0.5000000000
20184  -14.767  -64.858  -19.941 0.6999999881
20186  -19.627  -64.260  -19.702 0.6999999881
20190  -24.717  -64.213  -19.134 0.4000000060
20196  -13.627  -64.348  -21.324 0.6999999881
20210  -16.626  -64.390  -21.795 0.6999999881
20211  -17.286  -64.102  -21.451 0.8000000119
20212  -17.879  -63.758  -21.106 0.8000000119
20223  -14.272  -64.620  -22.160 0.6999999881
20224  -15.202  -64.672  -22.222 0.6999999881
20225  -15.952  -64.675  -22.033 0.6999999881
21120  -17.288  -63.741  -16.198 0.5000000000
21122  -18.309  -62.872  -15.267 0.5000000000
21127  -17.234  -63.579  -16.819 0.5000000000
21138  -17.329  -63.189  -17.171 0.5000000000
21140  -23.244  -63.065  -17.741 0.5000000000
21141  -24.042  -62.886  -17.889 0.5000000000
21142  -24.723  -62.772  -18.023 0.5000000000
21150  -16.622  -63.328  -18.133 0.5000000000
21151  -21.356  -63.352  -18.370 0.6000000238
21153  -24.521  -63.337  -18.238 0.5000000000
21160  -19.724  -63.466  -19.869 0.6999999881
21161  -20.321  -63.116  -19.433 0.6999999881
21174  -19.215  -62.991  -20.261 0.6999999881
21186  -13.099  -63.731  -21.660 0.6000000238
21187  -16.883  -63.724  -21.726 0.6999999881
21189  -17.917  -63.061  -21.085 0.8000000119
21202  -13.163  -63.561  -22.274 0.6000000238
21203  -13.923  -63.907  -22.512 0.6000000238
22136  -18.208  -62.704  -16.017 0.5000000000
22141  -18.508  -62.031  -16.290 0.5000000000
22148  -17.630  -62.554  -17.250 0.5000000000
22149  -22.948  -62.219  -17.721 0.6999999881
22150  -23.641  -62.439  -17.728 0.6000000238
22151  -25.813  -62.277  -17.973 0.5000000000
22160  -16.624  -62.516  -18.303 0.6000000238
22161  -17.188  -62.182  -17.915 0.6000000238
22163  -22.103  -62.238  -17.975 0.6999999881
22171  -15.380  -62.394  -19.095 0.6000000238
22172  -20.438  -62.319  -19.492 0.6999999881
22173  -21.010  -62.012  -18.982 0.6999999881
22180  -13.756  -62.344  -19.891 0.6000000238
22181  -18.819  -62.400  -20.525 0.6999999881
22183  -19.921  -61.818  -19.969 0.6999999881
22195  -12.432  -62.581  -21.302 0.6000000238
22197  -17.561  -62.573  -21.333 0.5000000000
22208  -12.724  -62.836  -22.506 0.6000000238
22209  -13.596  -63.143  -22.786 0.6000000238
22211  -17.101  -62.015  -21.695 0.5000000000
22227  -14.354  -62.461  -22.982 0.5000000000
23081  -15.640  -61.384  -12.022 0.5000000000
23082  -17.173  -60.861  -12.252 0.5000000000
23083  -17.468  -61.439  -11.713 0.5000000000
23084  -18.020  -61.435  -11.952 0.5000000000
23100  -18.311  -61.326  -12.466 0.5000000000
23116  -14.419  -61.113  -13.522 0.5000000000
23117  -18.567  -61.390  -13.158 0.5000000000
23128  -18.902  -61.288  -14.386 0.5000000000
23142  -18.661  -61.308  -16.660 0.5000000000
23143  -26.118  -61.262  -17.082 0.6000000238
23149  -18.157  -61.147  -17.445 0.6000000238
23150  -22.456  -61.665  -17.833 0.6999999881
23152  -23.684  -61.788  -17.643 0.6999999881
23153  -24.703  -61.574  -17.546 0.6000000238
23155  -26.426  -61.772  -17.654 0.5000000000
23164  -17.389  -61.403  -18.017 0.6000000238
23165  -21.545  -61.738  -18.431 0.6999999881
23166  -22.017  -61.524  -18.083 0.6999999881
23176  -15.452  -61.614  -19.166 0.6000000238
23179  -21.116  -61.145  -18.888 0.6000000238
23190  -19.650  -61.060  -20.154 0.6000000238
23201  -11.989  -61.839  -21.489 0.5000000000
23202  -18.400  -61.209  -20.901 0.4000000060
23213  -12.396  -62.005  -22.568 0.5000000000
23215  -16.590  -61.456  -22.092 0.5000000000
23226  -12.283  -61.094  -22.635 0.6000000238
23228  -14.092  -61.662  -23.078 0.6000000238
24125  -15.182  -60.771  -13.328 0.5000000000
24126  -16.002  -60.528  -13.127 0.5000000000
24128  -17.646  -60.486  -12.835 0.5000000000
24142  -15.603  -60.282  -13.922 0.5000000000
24155  -15.540  -59.877  -14.618 0.5000000000
24168  -19.046  -60.491  -15.533 0.6000000238
24169  -18.977  -59.988  -16.052 0.6000000238
24183  -24.995  -60.431  -17.178 0.6999999881
24184  -25.711  -60.709  -16.889 0.6999999881
24193  -18.385  -60.231  -17.455 0.6000000238
24196  -23.053  -60.723  -17.710 0.6999999881
24198  -24.517  -60.865  -17.443 0.6999999881
24211  -17.673  -60.472  -18.078 0.6000000238
24213  -21.957  -60.484  -18.206 0.6000000238
24228  -14.859  -61.258  -19.493 0.6000000238
24230  -16.350  -60.646  -18.884 0.6000000238
24231  -20.610  -60.772  -19.395 0.6000000238
24246  -19.510  -60.300  -20.287 0.6000000238
24257  -11.989  -61.038  -21.743 0.6000000238
24258  -12.531  -60.378  -21.104 0.6999999881
24259  -17.866  -60.921  -21.264 0.5000000000
24260  -18.383  -60.513  -20.996 0.5000000000
24269  -12.054  -60.633  -22.275 0.6000000238
24271  -16.835  -60.599  -22.093 0.4000000060
24279  -12.256  -60.271  -22.692 0.6000000238
24281  -14.119  -60.279  -23.244 0.6000000238
24282  -16.192  -60.044  -22.696 0.5000000000
25112  -17.401  -60.073  -13.390 0.5000000000
25127  -16.283  -59.788  -14.235 0.5000000000
25129  -17.897  -59.820  -13.874 0.5000000000
25143  -16.850  -59.401  -14.618 0.5000000000
25145  -18.280  -59.734  -14.517 0.5000000000
25156  -14.684  -59.664  -15.709 0.4000000060
25158  -18.707  -59.658  -15.380 0.5000000000
25175  -13.791  -59.639  -16.573 0.4000000060
25180  -26.527  -59.547  -16.157 0.5000000000
25181  -26.849  -60.222  -16.205 0.6000000238
25197  -18.454  -59.456  -17.338 0.6000000238
25198  -23.108  -59.471  -17.945 0.6000000238
25199  -23.708  -59.825  -17.673 0.6000000238
25200  -24.792  -59.690  -17.211 0.6000000238
25213  -17.555  -59.571  -18.310 0.6000000238
25214  -21.850  -59.839  -18.418 0.6000000238
25231  -20.742  -59.843  -19.416 0.6999999881
25244  -13.100  -59.318  -20.784 0.6000000238
25246  -15.329  -59.927  -19.558 0.6999999881
25247  -19.370  -59.517  -20.415 0.6000000238
25261  -17.831  -60.230  -21.423 0.5000000000
25263  -18.812  -59.236  -20.853 0.6000000238
25277  -12.007  -59.689  -22.543 0.6000000238
25279  -17.647  -59.412  -21.843 0.6000000238
25295  -13.283  -59.517  -23.376 0.6000000238
25297  -15.569  -59.447  -23.117 0.6000000238
25298  -16.367  -59.214  -22.862 0.5000000000
26148  -17.403  -59.001  -15.103 0.5000000000
26166  -16.070  -58.739  -15.689 0.4000000060
26167  -17.037  -58.511  -15.698 0.6000000238
26169  -18.369  -58.984  -15.852 0.6000000238
26189  -14.132  -58.975  -16.769 0.4000000060
26190  -14.923  -58.629  -16.470 0.4000000060
26191  -15.758  -58.349  -16.243 0.4000000060
26192  -18.405  -58.872  -16.556 0.6000000238
26194  -25.689  -58.777  -16.621 0.4000000060
26209  -12.817  -58.886  -17.641 0.4000000060
26211  -18.357  -58.823  -17.160 0.6000000238
26213  -24.647  -58.915  -17.353 0.5000000000
26223  -17.745  -58.081  -17.940 0.6000000238
26225  -22.776  -58.839  -18.308 0.6000000238
26231  -16.710  -58.067  -19.014 0.6000000238
26233  -21.708  -58.525  -19.042 0.6000000238
26242  -12.801  -58.255  -20.965 0.6000000238
26244  -14.976  -58.023  -19.930 0.6000000238
26245  -19.800  -58.935  -20.248 0.6000000238
26246  -20.425  -59.020  -19.858 0.6000000238
26263  -18.880  -58.445  -21.093 0.6000000238
26282  -11.967  -58.290  -22.549 0.6000000238
26284  -17.708  -58.262  -22.288 0.6999999881
26297  -12.047  -58.999  -22.722 0.6000000238
26300  -14.858  -58.253  -23.295 0.6000000238
26301  -16.405  -58.397  -22.997 0.6000000238
27203  -15.472  -57.831  -16.732 0.5000000000
27204  -17.681  -58.050  -16.671 0.5000000000
27205  -18.151  -58.346  -16.912 0.6000000238
27215  -14.180  -57.621  -17.329 0.6000000238
27217  -16.077  -57.110  -17.244 0.6000000238
27218  -17.204  -57.515  -17.091 0.5000000000
27220  -24.050  -58.748  -17.758 0.5000000000
27221  -24.518  -58.134  -17.638 0.5000000000
27232  -17.214  -57.694  -18.457 0.6000000238
27233  -17.345  -57.463  -17.825 0.6000000238
27235  -23.875  -58.060  -18.116 0.6000000238
27247  -21.363  -58.049  -19.571 0.6000000238
27249  -22.811  -57.559  -18.953 0.5000000000
27262  -20.342  -57.827  -20.338 0.6000000238
27275  -18.420  -58.000  -21.834 0.6000000238
27276  -18.980  -57.649  -21.514 0.6000000238
27290  -15.517  -57.313  -22.911 0.6999999881
27291  -17.424  -57.347  -22.866 0.6999999881
27292  -18.022  -57.301  -22.588 0.6000000238
27308  -12.717  -57.958  -22.840 0.6000000238
27309  -13.883  -57.772  -23.042 0.6000000238
27310  -16.364  -57.666  -23.066 0.6999999881
28203  -26.219  -57.478  -16.377 0.4000000060
28217  -16.266  -56.659  -18.038 0.6000000238
28219  -24.891  -56.565  -17.833 0.5000000000
28234  -16.718  -57.109  -18.373 0.6000000238
28247  -15.698  -56.583  -19.234 0.5000000000
28248  -16.323  -56.961  -18.918 0.6000000238
28249  -22.430  -57.115  -19.509 0.6000000238
28251  -23.764  -56.489  -19.028 0.6000000238
28262  -13.536  -56.188  -20.462 0.6000000238
28265  -21.207  -56.766  -20.449 0.6000000238
28275  -19.434  -56.282  -22.267 0.6000000238
28276  -20.066  -56.805  -21.286 0.6000000238
28277  -20.600  -56.592  -21.022 0.6000000238
28286  -14.650  -56.691  -22.403 0.6999999881
28299  -16.879  -57.359  -22.985 0.6999999881
29230  -15.015  -56.155  -17.927 0.6000000238
29231  -25.179  -55.704  -17.936 0.4000000060
29232  -25.512  -56.136  -17.315 0.4000000060
29243  -13.200  -54.790  -18.657 0.4000000060
29248  -24.683  -55.947  -18.465 0.5000000000
29253  -14.265  -55.522  -19.491 0.5000000000
29256  -23.846  -55.776  -19.431 0.6000000238
29261  -14.656  -56.024  -19.668 0.5000000000
29263  -22.771  -56.485  -19.773 0.6000000238
29269  -14.351  -55.472  -21.806 0.6000000238
29281  -16.463  -56.432  -22.363 0.6999999881
29282  -17.700  -56.287  -22.629 0.6999999881
29283  -18.464  -56.118  -22.753 0.6000000238
30197  -13.511  -54.699  -19.071 0.5000000000
30198  -13.857  -55.074  -19.275 0.6000000238
30199  -24.899  -55.227  -18.504 0.5000000000
30205  -24.140  -55.000  -19.571 0.6000000238
30206  -24.457  -55.465  -19.020 0.5000000000
30216  -22.305  -55.402  -20.740 0.6000000238
30218  -23.609  -55.231  -19.925 0.6000000238
30223  -13.422  -54.786  -21.259 0.6000000238
30226  -16.300  -55.417  -21.127 0.6000000238
30227  -17.773  -55.795  -21.918 0.6000000238
30229  -20.425  -55.272  -22.163 0.6000000238
30231  -21.631  -54.852  -21.679 0.6000000238
30237  -18.520  -55.750  -22.693 0.6999999881
30240  -20.275  -54.484  -22.527 0.6000000238
31159  -25.298  -54.179  -18.080 0.5000000000
31166  -18.062  -54.461  -19.532 0.5000000000
31175  -13.592  -53.856  -20.588 0.4000000060
31176  -14.803  -53.749  -20.914 0.5000000000
31177  -15.736  -54.013  -20.747 0.5000000000
31178  -16.684  -54.492  -20.320 0.5000000000
31179  -17.518  -54.874  -20.031 0.5000000000
31180  -18.308  -54.961  -20.154 0.5000000000
31182  -23.759  -54.570  -20.193 0.6000000238
31189  -13.971  -54.259  -21.072 0.5000000000
31191  -19.841  -53.927  -22.253 0.5000000000
31192  -21.745  -53.965  -22.179 0.5000000000
31193  -22.507  -53.912  -21.764 0.5000000000
31199  -19.616  -54.545  -22.477 0.5000000000
32155  -25.253  -53.456  -18.291 0.5000000000
32166  -19.270  -53.748  -19.080 0.5000000000
32167  -19.592  -53.200  -18.656 0.4000000060
32168  -24.753  -53.817  -19.406 0.5000000000
32181  -24.037  -53.794  -20.515 0.6000000238
32183  -24.838  -52.915  -19.826 0.5000000000
32189  -21.081  -52.684  -22.303 0.5000000000
32190  -21.994  -53.220  -22.400 0.5000000000
32193  -24.368  -53.003  -20.872 0.5000000000
32198  -20.357  -53.500  -22.495 0.5000000000
32199  -21.049  -53.174  -22.560 0.5000000000
32201  -23.243  -52.737  -21.945 0.5000000000
33159  -19.148  -52.580  -18.595 0.5000000000
33160  -19.941  -52.585  -18.517 0.4000000060
33161  -25.189  -52.733  -18.622 0.5000000000
33177  -17.278  -52.514  -19.693 0.5000000000
33180  -20.735  -52.557  -18.836 0.4000000060
33192  -20.522  -53.133  -19.479 0.4000000060
33195  -24.883  -52.262  -20.189 0.5000000000
33202  -20.623  -52.980  -20.678 0.4000000060
33205  -24.589  -52.234  -21.282 0.5000000000
33214  -23.516  -52.085  -22.182 0.5000000000
34204  -18.612  -51.898  -18.873 0.4000000060
34209  -25.146  -52.052  -18.896 0.5000000000
34228  -21.331  -52.060  -19.304 0.4000000060
34229  -22.164  -51.107  -19.637 0.4000000060
34243  -21.902  -51.484  -20.434 0.4000000060
34244  -25.087  -51.601  -20.586 0.5000000000
34252  -21.199  -52.221  -21.698 0.5000000000
34255  -25.215  -51.182  -21.605 0.5000000000
34263  -22.091  -51.737  -22.113 0.5000000000
34264  -22.818  -51.672  -22.235 0.5000000000
34265  -23.763  -51.439  -22.486 0.5000000000
34266  -24.941  -51.245  -22.291 0.5000000000
34267  -25.255  -50.817  -22.366 0.5000000000
35292  -22.656  -50.466  -20.031 0.4000000060
35293  -25.545  -50.505  -21.400 0.5000000000
35307  -22.416  -51.205  -21.918 0.5000000000
35308  -22.828  -50.562  -21.687 0.5000000000
35323  -24.148  -50.910  -22.624 0.5000000000
35324  -24.918  -50.702  -22.609 0.5000000000
35325  -25.382  -50.245  -22.531 0.5000000000
36299  -25.466  -49.271  -18.659 0.4000000060
36349  -23.120  -49.930  -21.321 0.4000000060
36365  -25.078  -49.837  -22.699 0.5000000000
37335  -25.730  -48.951  -17.492 0.3000000119
37406  -23.918  -49.070  -21.823 0.4000000060
37407  -25.923  -49.066  -21.908 0.5000000000
37408  -26.123  -48.332  -22.094 0.4000000060
37417  -25.445  -48.974  -22.550 0.4000000060
38281  -25.747  -48.381  -17.877 0.3000000119
38301  -26.076  -47.847  -17.727 0.3000000119
38338  -25.995  -48.259  -20.502 0.4000000060
38349  -24.191  -48.021  -21.118 0.4000000060
38350  -24.734  -47.786  -21.838 0.4000000060
38351  -26.236  -48.391  -21.536 0.4000000060
38362  -25.126  -48.367  -22.443 0.4000000060
38363  -25.752  -48.320  -22.422 0.4000000060
39283  -27.055  -46.928  -17.171 0.3000000119
39300  -26.069  -47.365  -18.996 0.3000000119
39301  -26.233  -47.319  -18.091 0.3000000119
39319  -26.367  -46.793  -19.660 0.4000000060
39333  -24.878  -46.574  -21.309 0.5000000000
39357  -25.623  -47.620  -22.309 0.4000000060
39358  -26.237  -47.102  -22.219 0.4000000060
39359  -26.315  -47.185  -22.073 0.4000000060
40377  -27.631  -46.804  -16.849 0.4000000060
40395  -26.682  -46.718  -17.806 0.4000000060
40397  -28.024  -46.167  -17.053 0.4000000060
40418  -26.985  -46.012  -18.177 0.4000000060
40442  -26.696  -46.182  -20.387 0.5000000000
40458  -26.714  -46.305  -21.424 0.5000000000
40469  -26.004  -46.013  -22.019 0.5000000000
40480  -25.730  -46.724  -22.091 0.4000000060
40482  -26.402  -46.646  -22.022 0.4000000060
41465  -29.472  -45.932  -16.830 0.3000000119
41474  -28.380  -45.493  -17.347 0.4000000060
41475  -29.658  -45.311  -16.995 0.3000000119
41490  -27.413  -45.341  -18.485 0.4000000060
41527  -26.964  -45.592  -21.242 0.5000000000
41538  -26.769  -45.468  -21.777 0.5000000000
42523  -28.710  -44.806  -17.863 0.4000000060
42527  -31.586  -44.590  -17.086 0.3000000119
42536  -27.709  -44.690  -18.919 0.5000000000
42538  -28.942  -44.027  -18.387 0.4000000060
42550  -27.541  -44.419  -19.825 0.5000000000
42566  -27.395  -44.172  -20.792 0.5000000000
42576  -26.189  -44.451  -21.665 0.5000000000
42577  -26.793  -44.134  -21.663 0.5000000000
42578  -27.142  -43.944  -21.387 0.5000000000
43631  -31.744  -43.247  -16.962 0.3000000119
43643  -30.305  -43.350  -17.431 0.3000000119
43656  -28.683  -43.236  -18.840 0.5000000000
43670  -28.357  -43.772  -19.029 0.5000000000
43688  -27.360  -43.480  -20.748 0.5000000000
44732  -31.260  -42.676  -16.925 0.4000000060
44733  -31.940  -42.546  -16.859 0.3000000119
44746  -30.583  -42.728  -17.251 0.4000000060
44758  -28.343  -42.564  -19.137 0.5000000000
44759  -28.896  -42.565  -18.608 0.5000000000
44768  -27.798  -42.597  -19.748 0.5000000000
44788  -26.929  -42.380  -20.742 0.5000000000
44789  -27.378  -42.768  -20.412 0.5000000000
44801  -27.095  -42.989  -20.882 0.5000000000
45723  -32.545  -41.805  -16.992 0.3000000119
45733  -30.807  -42.108  -17.020 0.4000000060
45779  -26.640  -41.648  -20.605 0.5000000000
46832  -32.289  -41.175  -16.738 0.3000000119
46833  -32.730  -41.161  -17.128 0.3000000119
46879  -27.607  -41.221  -19.596 0.5000000000
47963  -28.778  -40.529  -18.112 0.5000000000
170816  -25.161  -51.349  -19.065 0.4000000060
171695  -25.345  -51.387  -17.719 0.4000000060
172461  -25.350  -50.006  -18.486 0.4000000060
172673  -20.181  -58.433  -20.176 0.6000000238
172735  -18.098  -52.959  -19.095 0.4000000060
172879  -25.069  -62.204  -17.794 0.6000000238
173017  -14.436  -65.554  -20.546 0.6999999881
173494  -18.736  -61.568  -13.787 0.5000000000
174294  -12.203  -57.492  -21.528 0.6000000238
174418  -13.618  -60.423  -20.341 0.6999999881
175174  -18.138  -68.632  -18.478 0.5000000000
175238  -19.954  -68.949  -19.727 0.4000000060
175585  -24.336  -60.149  -17.471 0.6999999881
176000  -23.531  -61.166  -17.603 0.6999999881
176466  -26.724  -44.840  -21.793 0.5000000000
176620  -21.022  -60.453  -19.018 0.6000000238
178006  -12.246  -56.036  -18.312 0.5000000000
178221  -18.532  -61.803  -20.759 0.6000000238
178619  -14.946  -58.891  -23.343 0.6000000238
178833  -21.068  -65.035  -18.326 0.6000000238
179312  -17.713  -61.859  -17.547 0.6000000238
180462  -12.326  -61.325  -21.134 0.6000000238
180579  -25.634  -61.172  -17.153 0.6000000238
180856  -24.196  -59.429  -17.564 0.6000000238
182437  -29.449  -43.841  -17.952 0.4000000060
182692  -31.460  -43.841  -17.027 0.3000000119
182980  -18.603  -59.267  -16.813 0.6000000238
183147  -15.458  -63.270  -19.074 0.6000000238
183378  -25.891  -59.406  -16.503 0.5000000000
183546  -25.236  -51.535  -18.374 0.4000000060
183772  -21.002  -52.501  -20.935 0.4000000060
184935  -17.108  -55.596  -21.109 0.5000000000
184972  -22.779  -52.245  -22.285 0.5000000000
185237  -15.124  -59.053  -19.784 0.6999999881
185343  -14.375  -60.509  -14.777 0.4000000060
185626  -30.830  -44.870  -17.047 0.3000000119
185724  -19.950  -53.530  -19.199 0.4000000060
186137  -30.962  -41.428  -16.798 0.4000000060
186243  -16.544  -59.009  -19.074 0.6999999881
186273  -18.968  -55.378  -22.674 0.6000000238
186278  -25.081  -63.225  -18.389 0.5000000000
186345  -14.765  -60.966  -23.031 0.6000000238
186641  -30.269  -42.193  -17.380 0.4000000060
187644  -18.965  -56.887  -22.240 0.6000000238
188885  -13.861  -63.224  -20.014 0.6000000238
189238  -22.454  -59.451  -18.192 0.6000000238
190240  -25.642  -49.582  -20.299 0.5000000000
191119  -16.116  -59.503  -14.767 0.5000000000
191292  -18.097  -58.356  -17.445 0.6000000238
192673  -21.270  -59.996  -18.842 0.6999999881
192974  -22.385  -56.068  -20.230 0.6000000238
193246  -18.521  -52.551  -18.867 0.4000000060
193561  -20.006  -57.409  -20.805 0.6000000238
193680  -25.338  -51.005  -20.805 0.5000000000
194090  -26.307  -47.798  -21.944 0.5000000000
194832  -20.251  -53.327  -21.755 0.4000000060
195229  -25.466  -49.480  -17.913 0.3000000119
197119  -23.224  -60.131  -17.733 0.6999999881
197154  -27.929  -43.620  -19.545 0.5000000000
197464  -14.634  -66.006  -20.985 0.6999999881
197634  -19.404  -54.413  -21.953 0.5000000000
197684  -20.053  -64.576  -19.185 0.6999999881
197950  -17.569  -58.314  -16.120 0.6000000238
198037  -18.801  -56.220  -22.778 0.6000000238
198305  -26.972  -43.774  -21.512 0.5000000000
198404  -12.809  -63.217  -21.262 0.6000000238
198741  -12.110  -57.525  -22.139 0.6000000238
199207  -18.768  -59.922  -16.746 0.6000000238
200165  -24.202  -61.712  -17.631 0.6000000238
200491  -14.103  -57.881  -20.307 0.6000000238
200541  -15.060  -57.373  -19.856 0.6000000238
200913  -24.789  -53.344  -19.598 0.5000000000
201425  -26.654  -46.410  -18.361 0.3000000119
201730  -16.653  -57.286  -17.133 0.6000000238
202337  -29.275  -45.649  -16.883 0.3000000119
202427  -22.549  -64.923  -17.901 0.5000000000
202606  -17.447  -60.626  -21.622 0.4000000060
204215  -18.764  -61.392  -20.655 0.6000000238
204558  -15.706  -66.261  -20.989 0.6999999881
