#!ascii label  , from subject sub-v2s2x29077_ses-1 vox2ras=TkReg
1411
21843  31.499  -59.309  -28.304 0.3000000119
32386  28.745  -50.025  -21.278 0.6000000238
31292  29.010  -51.444  -25.411 0.6999999881
30178  29.101  -52.389  -26.018 0.6999999881
20786  30.916  -59.635  -29.063 0.4000000060
24959  30.376  -56.273  -23.818 0.4000000060
21848  31.931  -58.468  -29.003 0.5000000000
21829  32.532  -58.648  -27.814 0.5000000000
31224  29.171  -50.310  -20.796 0.6999999881
32414  28.417  -49.754  -22.758 0.6999999881
32413  28.962  -49.407  -22.306 0.5000000000
32447  29.417  -49.932  -24.483 0.6000000238
31278  29.143  -50.683  -24.936 0.6000000238
31290  30.065  -51.341  -25.872 0.6999999881
29066  29.812  -52.838  -26.846 0.6999999881
22896  30.885  -58.535  -29.340 0.5000000000
24982  30.491  -56.434  -24.410 0.4000000060
22895  31.535  -58.357  -29.218 0.6000000238
192620  30.361  -54.460  -22.217 0.4000000060
27926  30.451  -53.218  -21.862 0.5000000000
22884  31.313  -57.888  -28.866 0.6000000238
27908  30.012  -53.148  -20.878 0.6000000238
28990  30.030  -52.074  -20.729 0.6000000238
23944  32.655  -57.636  -28.943 0.6000000238
31202  30.315  -50.681  -20.757 0.6000000238
32432  29.101  -49.311  -23.136 0.6000000238
32431  29.636  -49.290  -23.867 0.6000000238
31288  31.814  -50.800  -26.297 0.6999999881
32463  29.925  -50.502  -25.230 0.6999999881
31289  31.119  -50.891  -26.124 0.6999999881
31304  30.736  -51.740  -26.601 0.6999999881
30193  30.910  -53.259  -28.787 0.6999999881
173219  32.869  -51.565  -28.467 0.6999999881
31313  32.204  -52.048  -28.608 0.6999999881
31323  31.887  -52.274  -29.547 0.6999999881
197205  33.087  -51.412  -29.216 0.6999999881
22886  29.671  -58.272  -27.859 0.5000000000
22859  29.933  -57.691  -26.122 0.5000000000
23913  29.740  -57.589  -25.276 0.5000000000
25958  30.839  -54.812  -23.203 0.4000000060
23935  30.985  -57.454  -27.759 0.5000000000
26916  30.537  -53.769  -22.515 0.5000000000
29008  30.345  -52.669  -21.230 0.6000000238
25019  33.350  -56.503  -28.010 0.6000000238
23921  31.889  -56.868  -27.502 0.5000000000
25009  32.326  -56.427  -26.746 0.5000000000
32384  30.270  -49.613  -21.177 0.6999999881
186849  29.596  -49.005  -22.492 0.6000000238
33634  29.498  -49.264  -21.852 0.6999999881
32445  31.152  -49.718  -24.833 0.6000000238
33663  30.394  -49.114  -23.778 0.6000000238
198140  32.040  -50.264  -25.676 0.6000000238
32462  30.722  -50.242  -25.371 0.6000000238
31287  32.472  -50.643  -26.250 0.6000000238
31302  32.346  -51.263  -27.310 0.6999999881
31324  31.162  -52.285  -29.577 0.6999999881
31311  34.291  -50.830  -28.145 0.6000000238
31322  32.889  -51.280  -29.584 0.6999999881
202639  32.352  -51.101  -29.689 0.6999999881
31312  33.550  -51.158  -28.331 0.6999999881
24958  30.855  -55.849  -24.030 0.4000000060
22873  30.174  -57.780  -27.210 0.5000000000
23900  30.731  -56.577  -25.066 0.4000000060
178517  31.239  -54.567  -23.263 0.5000000000
27925  30.644  -52.911  -21.635 0.6000000238
24998  31.119  -56.738  -25.928 0.4000000060
30102  30.760  -51.138  -20.734 0.6000000238
25010  31.690  -56.649  -26.564 0.4000000060
181085  31.382  -56.174  -25.200 0.4000000060
24997  31.898  -56.302  -25.871 0.4000000060
25967  33.088  -55.563  -24.349 0.4000000060
31201  31.039  -50.597  -20.738 0.6999999881
33632  30.817  -49.013  -22.076 0.6000000238
33644  31.025  -48.945  -22.753 0.6000000238
32460  32.665  -50.164  -25.432 0.6000000238
33671  31.598  -49.314  -24.266 0.6000000238
182383  33.241  -50.541  -26.107 0.6000000238
33707  31.971  -50.197  -29.239 0.6999999881
33706  33.411  -49.517  -29.327 0.6999999881
32489  34.431  -50.420  -29.460 0.6000000238
32490  33.674  -50.603  -29.473 0.6000000238
24981  31.049  -56.051  -24.589 0.4000000060
25957  31.769  -54.866  -23.518 0.4000000060
30101  31.222  -51.565  -20.694 0.6999999881
25968  32.315  -55.248  -23.978 0.4000000060
196566  31.499  -51.030  -20.625 0.8000000119
24978  33.782  -55.784  -24.901 0.5000000000
33614  31.316  -49.261  -21.623 0.6999999881
33631  31.578  -49.070  -22.243 0.6000000238
32443  32.830  -49.847  -24.594 0.5000000000
32429  32.814  -49.549  -23.725 0.6000000238
33708  31.228  -49.892  -28.819 0.6999999881
33695  35.675  -49.177  -27.877 0.6000000238
31299  34.749  -50.616  -27.157 0.6000000238
180425  32.856  -50.524  -29.503 0.8000000119
33696  32.408  -49.173  -28.576 0.8000000119
184801  35.567  -49.816  -28.233 0.6000000238
32488  35.066  -50.314  -29.296 0.6000000238
26914  31.578  -54.030  -22.363 0.5000000000
27935  31.011  -53.563  -22.229 0.6000000238
25956  32.364  -55.025  -23.200 0.5000000000
24912  33.880  -55.751  -22.215 0.6999999881
25955  33.122  -55.463  -23.521 0.4000000060
31223  32.088  -50.205  -20.852 0.6999999881
32399  32.147  -49.383  -21.804 0.6999999881
32442  33.645  -50.139  -24.194 0.6000000238
33642  32.954  -49.585  -22.919 0.6000000238
170687  34.566  -50.615  -25.156 0.6000000238
34999  31.866  -48.436  -27.482 0.6000000238
31298  35.191  -50.348  -27.193 0.6000000238
35005  33.667  -48.500  -29.186 0.6999999881
35006  32.992  -48.415  -28.513 0.6999999881
183936  35.948  -48.889  -29.343 0.6999999881
33712  35.741  -49.268  -29.710 0.6999999881
33705  34.198  -49.253  -29.654 0.6999999881
26904  32.361  -54.535  -21.474 0.5000000000
26905  31.684  -53.747  -21.599 0.6000000238
27907  31.242  -52.587  -21.017 0.6000000238
25928  34.612  -55.228  -20.499 0.6999999881
178298  33.627  -55.577  -21.719 0.6000000238
182585  32.159  -51.518  -20.372 0.6999999881
193485  35.069  -55.930  -21.780 0.6999999881
24933  34.585  -55.933  -23.264 0.6999999881
31222  32.699  -50.544  -20.815 0.6999999881
32381  32.734  -50.041  -21.356 0.6999999881
31264  34.492  -50.696  -23.776 0.5000000000
32412  33.707  -50.297  -22.704 0.6000000238
34988  31.549  -48.019  -26.651 0.5000000000
32458  35.450  -50.066  -25.390 0.6000000238
31276  35.079  -50.723  -24.711 0.6000000238
178804  32.661  -47.264  -27.491 0.6000000238
37620  32.384  -46.817  -26.889 0.5000000000
33687  35.552  -49.339  -26.785 0.6000000238
32468  35.383  -50.070  -26.345 0.6000000238
185685  33.845  -47.827  -29.271 0.6000000238
37629  33.201  -46.377  -28.497 0.5000000000
39001  33.072  -44.798  -28.937 0.5000000000
171342  35.441  -47.701  -27.289 0.6999999881
34997  35.743  -48.309  -28.017 0.6999999881
36276  36.263  -47.097  -29.547 0.6999999881
193133  35.566  -47.571  -30.327 0.6999999881
37640  35.279  -46.076  -30.458 0.5000000000
170813  36.024  -47.099  -28.612 0.6999999881
37638  36.321  -46.143  -30.354 0.6000000238
183115  32.355  -52.766  -20.290 0.6000000238
25905  33.927  -54.874  -20.315 0.6999999881
27906  32.893  -53.527  -20.206 0.6000000238
25904  35.394  -55.039  -20.274 0.6999999881
201773  32.889  -51.774  -20.244 0.6999999881
32397  33.705  -50.598  -21.976 0.6999999881
32380  33.542  -50.944  -21.123 0.6999999881
31247  35.086  -51.042  -23.225 0.6000000238
183308  32.404  -45.914  -26.963 0.4000000060
31262  35.333  -50.603  -24.169 0.5000000000
40293  32.868  -44.053  -28.912 0.4000000060
36263  35.038  -47.020  -26.743 0.6000000238
174424  35.385  -48.729  -26.282 0.6000000238
39000  34.213  -45.897  -29.811 0.5000000000
186386  33.817  -45.136  -29.502 0.5000000000
36289  35.638  -46.952  -30.432 0.5000000000
39009  35.313  -45.336  -30.581 0.4000000060
37618  35.678  -46.304  -28.029 0.6000000238
196517  36.277  -45.259  -28.907 0.6999999881
37634  36.391  -46.342  -29.892 0.6000000238
40290  36.957  -45.020  -30.594 0.5000000000
179198  34.636  -54.764  -20.123 0.6000000238
27905  33.673  -53.729  -20.057 0.6999999881
184192  33.270  -52.967  -20.027 0.6999999881
26889  36.392  -54.360  -19.973 0.6999999881
26870  35.389  -53.968  -19.856 0.6999999881
31198  33.553  -51.670  -20.552 0.6000000238
172454  34.638  -51.377  -21.911 0.6000000238
187788  35.477  -49.647  -24.276 0.6000000238
32427  35.422  -50.598  -23.577 0.5000000000
33669  35.484  -49.460  -25.017 0.6000000238
36250  35.102  -47.879  -26.317 0.6000000238
34963  35.217  -48.543  -25.473 0.6000000238
40291  34.413  -44.804  -29.989 0.4000000060
41609  34.314  -44.056  -29.878 0.5000000000
41610  33.487  -43.608  -29.297 0.4000000060
37611  35.100  -46.265  -27.117 0.6000000238
41617  35.157  -43.882  -30.579 0.4000000060
38991  35.947  -45.678  -28.474 0.6000000238
41599  36.929  -44.551  -29.882 0.5000000000
184156  34.810  -53.631  -20.001 0.6999999881
30099  34.111  -52.769  -20.283 0.6000000238
28974  36.246  -52.822  -19.736 0.6999999881
193728  34.889  -52.468  -20.546 0.6000000238
31220  35.069  -51.553  -21.669 0.6000000238
27891  37.241  -53.376  -19.757 0.6999999881
31234  35.236  -51.282  -22.031 0.5000000000
201285  34.572  -47.682  -24.190 0.6000000238
33660  35.137  -48.974  -23.753 0.6000000238
34964  34.764  -47.887  -24.746 0.6000000238
36251  34.717  -47.055  -25.883 0.5000000000
38976  34.745  -45.586  -26.628 0.6000000238
38984  35.273  -45.461  -27.485 0.6000000238
41600  36.311  -43.911  -28.743 0.5000000000
30085  36.056  -51.711  -19.958 0.6999999881
174419  35.499  -51.894  -20.471 0.6999999881
33628  35.221  -49.786  -22.230 0.6000000238
33641  35.069  -49.212  -22.841 0.5000000000
37573  34.039  -46.669  -23.902 0.6000000238
36224  34.364  -47.488  -23.618 0.6000000238
38950  34.156  -45.610  -25.189 0.6000000238
40262  34.725  -44.313  -26.577 0.6000000238
185983  35.661  -44.198  -28.006 0.5000000000
25005  35.380  -55.983  -27.160 0.5000000000
24976  35.118  -55.950  -25.228 0.5000000000
182168  36.354  -56.022  -26.109 0.5000000000
179470  35.875  -55.968  -25.587 0.5000000000
24932  35.395  -56.039  -23.455 0.6999999881
24930  37.120  -56.290  -23.158 0.6999999881
24954  35.939  -56.070  -24.135 0.5000000000
24975  36.263  -56.087  -24.815 0.5000000000
24910  35.825  -56.053  -22.420 0.6999999881
202971  36.443  -56.112  -22.465 0.6999999881
25927  36.092  -55.447  -20.830 0.6999999881
21830  31.936  -59.005  -27.405 0.3000000119
30176  30.154  -52.077  -26.448 0.6999999881
174970  29.040  -49.680  -23.865 0.6000000238
30185  30.537  -52.731  -27.403 0.6999999881
32493  30.478  -51.131  -29.309 0.6999999881
24957  33.950  -55.778  -23.967 0.6000000238
31286  34.179  -50.581  -25.890 0.6000000238
33714  34.887  -49.470  -30.004 0.6999999881
201407  32.904  -47.687  -27.996 0.6000000238
36283  35.103  -47.351  -30.328 0.6999999881
36278  33.567  -47.119  -28.886 0.6000000238
36282  36.041  -47.669  -29.936 0.6999999881
37619  32.734  -46.326  -27.680 0.5000000000
38985  32.591  -45.316  -27.779 0.5000000000
40298  36.614  -45.393  -30.849 0.5000000000
31235  35.127  -51.288  -22.475 0.5000000000
30098  35.517  -52.324  -20.249 0.6999999881
32411  35.440  -50.314  -22.935 0.5000000000
38965  34.437  -45.605  -25.853 0.6000000238
194262  34.796  -44.974  -26.861 0.6000000238
31219  35.398  -51.449  -20.996 0.6000000238
199464  34.258  -46.706  -24.673 0.6000000238
32379  35.211  -49.699  -21.405 0.5000000000
173228  38.707  -56.327  -22.545 0.6000000238
27964  40.942  -53.071  -24.434 0.6000000238
31273  40.466  -51.489  -25.344 0.4000000060
25954  40.232  -55.266  -22.809 0.5000000000
24907  38.085  -56.073  -21.988 0.6000000238
28976  28.873  -52.756  -19.602 0.5000000000
30183  40.764  -51.655  -26.097 0.4000000060
187982  29.430  -51.827  -20.341 0.5000000000
30106  27.822  -51.485  -20.365 0.5000000000
25953  40.638  -55.153  -23.258 0.5000000000
173416  40.806  -50.491  -26.302 0.4000000060
30105  28.572  -51.408  -20.121 0.5000000000
173698  27.668  -50.521  -21.802 0.5000000000
27950  40.653  -53.288  -23.773 0.6000000238
31237  28.173  -50.337  -21.352 0.5000000000
188375  39.705  -54.782  -21.996 0.5000000000
24888  37.394  -55.836  -21.474 0.6000000238
32475  41.170  -49.732  -27.605 0.4000000060
185757  41.451  -49.162  -28.296 0.4000000060
30169  40.500  -52.200  -24.769 0.4000000060
27945  26.073  -52.864  -23.118 0.5000000000
181110  40.248  -53.827  -22.820 0.5000000000
30142  26.999  -51.108  -22.951 0.5000000000
30159  26.635  -52.237  -24.256 0.5000000000
25940  39.227  -55.064  -21.704 0.6000000238
25924  38.290  -55.073  -21.066 0.6000000238
24889  36.625  -55.767  -21.396 0.6000000238
32448  28.680  -50.208  -24.303 0.5000000000
29052  27.039  -52.670  -25.094 0.5000000000
29053  26.490  -53.131  -24.870 0.4000000060
27934  39.420  -53.489  -21.852 0.5000000000
26912  39.906  -54.190  -22.262 0.5000000000
26902  38.760  -53.993  -20.981 0.6000000238
26886  38.160  -53.860  -20.342 0.6000000238
25901  37.879  -54.877  -20.722 0.6000000238
196804  37.794  -53.438  -19.948 0.6000000238
26888  37.031  -54.441  -20.143 0.6000000238
31283  40.646  -50.989  -25.922 0.4000000060
196475  41.030  -49.536  -26.946 0.4000000060
29059  28.460  -53.178  -26.271 0.5000000000
29061  26.785  -53.799  -25.873 0.5000000000
200253  25.485  -55.109  -26.066 0.4000000060
30172  27.762  -52.196  -25.223 0.6000000238
27965  26.279  -53.981  -25.517 0.4000000060
29029  39.785  -52.566  -22.741 0.6000000238
29020  39.235  -52.779  -21.778 0.6000000238
28984  38.530  -52.711  -20.694 0.6000000238
28985  38.029  -52.269  -20.156 0.6000000238
176897  41.336  -48.374  -27.756 0.4000000060
29069  27.967  -54.349  -27.354 0.5000000000
27985  26.288  -54.786  -27.756 0.4000000060
26005  24.518  -55.215  -26.414 0.4000000060
31261  40.037  -51.032  -24.085 0.6000000238
198124  40.237  -50.897  -24.836 0.4000000060
31245  39.437  -50.750  -22.817 0.6000000238
185295  40.008  -52.242  -23.399 0.6000000238
29019  39.537  -52.845  -22.221 0.5000000000
31217  38.702  -50.765  -21.539 0.6000000238
31233  39.110  -50.757  -22.212 0.5000000000
28986  37.312  -52.052  -19.739 0.6000000238
33703  41.583  -48.420  -28.527 0.4000000060
32456  40.849  -49.730  -26.252 0.4000000060
29068  28.920  -54.179  -27.776 0.6000000238
27993  26.662  -54.437  -28.283 0.5000000000
27987  25.010  -54.537  -27.159 0.5000000000
27977  23.953  -54.567  -25.973 0.5000000000
32440  40.200  -49.566  -24.781 0.4000000060
32457  40.542  -49.611  -25.473 0.4000000060
170748  39.885  -49.555  -23.970 0.5000000000
179769  39.130  -49.562  -22.680 0.5000000000
32394  38.822  -49.997  -21.975 0.5000000000
31218  38.191  -50.806  -20.837 0.6000000238
31194  37.583  -50.765  -20.213 0.6000000238
30084  36.751  -51.447  -19.699 0.6000000238
176443  40.745  -46.776  -26.545 0.4000000060
174991  41.073  -48.312  -26.946 0.4000000060
37627  41.205  -46.324  -27.559 0.4000000060
37626  41.551  -46.444  -28.315 0.4000000060
29084  30.171  -53.606  -29.008 0.6000000238
177394  40.533  -46.915  -26.116 0.4000000060
34986  40.837  -48.387  -26.296 0.4000000060
29080  26.912  -53.676  -28.561 0.6000000238
29071  25.121  -53.565  -27.134 0.5000000000
29062  24.624  -53.531  -26.468 0.4000000060
175698  40.184  -48.321  -24.999 0.4000000060
32409  39.565  -50.062  -23.205 0.5000000000
32395  38.282  -49.420  -21.486 0.5000000000
32376  37.727  -49.668  -20.779 0.6000000238
31195  36.910  -50.784  -19.859 0.6000000238
188809  36.258  -50.315  -20.016 0.6000000238
38983  41.117  -45.631  -27.347 0.4000000060
31326  29.302  -51.800  -29.077 0.6000000238
30203  28.946  -52.695  -29.124 0.6000000238
186043  26.468  -52.580  -28.052 0.5000000000
29055  23.834  -52.955  -24.824 0.5000000000
36249  40.087  -47.088  -25.231 0.4000000060
34962  39.900  -48.023  -24.437 0.4000000060
34953  39.574  -48.020  -23.840 0.5000000000
34930  38.619  -48.367  -22.352 0.5000000000
32377  37.092  -49.233  -20.376 0.5000000000
182227  41.471  -45.757  -28.011 0.4000000060
31314  28.926  -50.805  -28.576 0.6000000238
31316  27.470  -51.363  -28.240 0.5000000000
30179  25.645  -51.561  -26.826 0.5000000000
33640  39.032  -48.757  -22.789 0.5000000000
33627  38.209  -48.649  -21.750 0.4000000060
34918  37.098  -47.866  -20.849 0.4000000060
203986  36.025  -49.188  -20.118 0.4000000060
33598  35.180  -48.580  -20.533 0.6000000238
33629  34.845  -48.947  -21.834 0.4000000060
41590  41.371  -43.842  -27.625 0.4000000060
37610  40.628  -45.781  -26.356 0.4000000060
32494  29.596  -50.941  -28.910 0.6000000238
37598  40.324  -45.830  -25.845 0.4000000060
33697  30.794  -49.230  -27.884 0.5000000000
32480  28.455  -50.208  -28.030 0.5000000000
32482  27.100  -50.525  -27.604 0.5000000000
31293  25.328  -51.023  -26.037 0.4000000060
32481  27.738  -50.345  -27.867 0.4000000060
36211  38.425  -46.718  -22.775 0.5000000000
36198  38.039  -47.026  -22.206 0.5000000000
36199  37.568  -46.559  -21.820 0.6000000238
36166  35.814  -47.548  -20.232 0.4000000060
36167  35.099  -47.503  -20.328 0.4000000060
174131  34.310  -47.652  -21.964 0.4000000060
194104  35.963  -46.249  -20.424 0.5000000000
33688  30.396  -48.785  -27.035 0.5000000000
33699  29.316  -49.453  -27.592 0.6000000238
34989  30.809  -48.238  -26.462 0.4000000060
37550  34.179  -46.723  -21.407 0.5000000000
36212  34.259  -47.586  -22.686 0.5000000000
179497  36.391  -44.799  -20.915 0.5000000000
36182  37.091  -46.733  -21.182 0.5000000000
194984  35.303  -46.360  -20.412 0.5000000000
175045  34.502  -46.774  -20.942 0.5000000000
41585  40.594  -43.835  -26.339 0.4000000060
40245  34.461  -44.431  -25.941 0.5000000000
36225  33.997  -46.878  -22.983 0.4000000060
37563  33.866  -46.185  -22.457 0.5000000000
38904  34.910  -45.368  -20.611 0.5000000000
38903  35.511  -44.883  -20.575 0.5000000000
34974  31.232  -47.682  -25.954 0.4000000060
175988  34.282  -44.094  -25.514 0.4000000060
40229  33.992  -44.338  -24.847 0.4000000060
37585  34.052  -46.064  -24.604 0.5000000000
37586  33.856  -45.881  -23.796 0.5000000000
38921  33.964  -45.619  -21.697 0.5000000000
197893  33.797  -45.796  -23.087 0.5000000000
40180  34.175  -44.978  -21.332 0.5000000000
41520  33.931  -43.982  -22.236 0.5000000000
40205  33.801  -44.013  -23.116 0.4000000060
31279  28.407  -51.049  -24.791 0.5000000000
30186  29.221  -53.317  -26.811 0.6000000238
32415  27.978  -50.109  -23.183 0.6000000238
29077  29.583  -53.988  -28.550 0.6000000238
28991  29.319  -52.417  -20.118 0.5000000000
36270  32.191  -47.689  -26.994 0.5000000000
32356  35.740  -50.422  -20.452 0.6000000238
33613  34.912  -48.623  -20.959 0.4000000060
194417  26.815  -51.572  -23.660 0.5000000000
31266  27.321  -51.082  -23.802 0.5000000000
30158  27.177  -51.765  -24.449 0.5000000000
27975  26.270  -54.729  -26.706 0.4000000060
26003  25.092  -55.200  -26.627 0.4000000060
31244  39.765  -50.821  -23.381 0.6000000238
27984  27.266  -54.602  -28.023 0.6000000238
27986  25.591  -54.839  -27.557 0.4000000060
34971  40.492  -48.159  -25.669 0.4000000060
29085  29.409  -53.629  -29.007 0.6000000238
27983  28.071  -54.461  -28.340 0.6000000238
29081  26.220  -53.745  -28.194 0.5000000000
27967  23.558  -53.961  -25.156 0.5000000000
26942  22.614  -55.294  -25.000 0.5000000000
29054  24.450  -52.558  -25.514 0.5000000000
30194  27.190  -52.536  -28.495 0.5000000000
30188  24.919  -52.584  -26.363 0.5000000000
30187  26.103  -51.726  -27.431 0.5000000000
34917  37.663  -48.191  -21.306 0.5000000000
34954  39.231  -47.641  -23.499 0.5000000000
32479  29.102  -50.087  -28.174 0.6000000238
197749  34.668  -47.898  -20.970 0.3000000119
40215  33.807  -44.411  -23.890 0.4000000060
11043  34.647  -68.403  -18.194 0.3000000119
11902  34.533  -67.854  -18.878 0.3000000119
11878  34.599  -67.910  -17.470 0.3000000119
13706  33.538  -66.176  -18.235 0.3000000119
12773  33.929  -66.613  -17.667 0.3000000119
13678  34.080  -65.686  -16.891 0.3000000119
14598  32.631  -65.245  -18.152 0.3000000119
14588  33.155  -65.023  -17.426 0.3000000119
16565  36.269  -63.376  -16.645 0.3000000119
14569  34.474  -64.850  -16.607 0.3000000119
181316  33.772  -63.812  -16.611 0.3000000119
15542  33.265  -64.268  -16.900 0.3000000119
178946  35.675  -63.872  -16.609 0.3000000119
18518  36.450  -61.331  -16.623 0.3000000119
180724  35.191  -62.548  -16.528 0.3000000119
16567  34.785  -63.142  -16.519 0.4000000060
16568  33.971  -63.079  -16.529 0.4000000060
17568  32.674  -62.556  -17.162 0.4000000060
18532  32.198  -62.267  -17.811 0.3000000119
20632  36.025  -59.596  -17.358 0.3000000119
19507  35.333  -60.615  -16.783 0.4000000060
19508  34.280  -61.006  -16.960 0.4000000060
17556  33.835  -62.216  -16.622 0.4000000060
21676  37.500  -59.019  -17.385 0.3000000119
19519  33.136  -61.295  -17.840 0.4000000060
22802  38.584  -58.443  -18.825 0.4000000060
21706  37.061  -58.952  -17.745 0.4000000060
18540  32.502  -61.564  -18.140 0.4000000060
19540  33.181  -60.638  -19.093 0.3000000119
21726  36.549  -59.147  -18.222 0.4000000060
20633  35.314  -59.921  -17.515 0.3000000119
20634  34.754  -60.245  -17.677 0.4000000060
21746  38.223  -58.865  -19.249 0.4000000060
20667  34.637  -60.378  -18.927 0.5000000000
20649  34.360  -60.445  -18.266 0.4000000060
22893  33.201  -57.732  -28.779 0.5000000000
21760  39.445  -58.956  -19.916 0.4000000060
19528  33.622  -60.791  -18.255 0.4000000060
21816  32.366  -58.654  -26.476 0.3000000119
189419  33.016  -58.135  -26.095 0.4000000060
21768  33.408  -59.177  -21.364 0.3000000119
25907  30.133  -54.724  -20.417 0.4000000060
199804  29.476  -54.133  -19.629 0.4000000060
24995  34.117  -55.928  -25.678 0.4000000060
25006  34.552  -55.981  -26.574 0.4000000060
25008  33.094  -56.244  -27.007 0.4000000060
21747  36.783  -59.294  -18.918 0.4000000060
20647  35.764  -59.521  -18.056 0.3000000119
20648  34.996  -60.016  -18.180 0.5000000000
25007  33.881  -56.171  -27.351 0.4000000060
23931  33.582  -56.942  -28.674 0.4000000060
21761  38.649  -59.391  -19.910 0.4000000060
22872  32.909  -58.333  -27.063 0.4000000060
19527  33.947  -60.559  -19.035 0.4000000060
175940  34.857  -57.838  -27.845 0.5000000000
19562  33.609  -60.405  -19.821 0.5000000000
22857  33.799  -57.850  -25.766 0.4000000060
22858  32.531  -58.452  -25.256 0.4000000060
20704  33.794  -59.715  -20.958 0.3000000119
22845  33.695  -57.916  -24.693 0.4000000060
28992  28.287  -52.473  -19.710 0.4000000060
24977  34.541  -55.907  -24.634 0.4000000060
20684  38.238  -60.288  -20.224 0.4000000060
20665  36.445  -59.977  -19.419 0.4000000060
25027  34.758  -56.739  -28.820 0.4000000060
22892  34.039  -57.512  -28.918 0.5000000000
20686  36.665  -60.621  -19.956 0.4000000060
191745  35.872  -60.489  -19.644 0.4000000060
22881  34.541  -57.630  -28.809 0.5000000000
19578  38.507  -61.226  -20.759 0.4000000060
18580  37.768  -61.333  -20.930 0.4000000060
19559  36.235  -60.946  -20.340 0.4000000060
19560  35.527  -60.815  -20.208 0.5000000000
19581  35.036  -60.664  -20.775 0.5000000000
25026  35.374  -56.814  -28.968 0.4000000060
18578  39.108  -61.510  -21.217 0.4000000060
194348  34.861  -59.891  -21.563 0.5000000000
22870  34.280  -57.842  -26.916 0.4000000060
21767  34.134  -59.363  -21.429 0.4000000060
22828  34.817  -58.155  -23.199 0.4000000060
22836  34.267  -57.921  -23.982 0.4000000060
22844  34.466  -57.801  -24.888 0.4000000060
25004  36.107  -56.018  -27.537 0.4000000060
24991  37.018  -56.209  -26.168 0.3000000119
18581  37.098  -61.332  -21.265 0.4000000060
19601  36.512  -61.032  -21.787 0.4000000060
204322  36.035  -57.250  -28.995 0.4000000060
25988  23.037  -55.769  -25.129 0.4000000060
18620  40.060  -61.530  -23.109 0.4000000060
18599  38.259  -61.577  -21.977 0.4000000060
20719  36.095  -60.384  -22.238 0.5000000000
21775  35.196  -59.194  -22.210 0.5000000000
22889  36.481  -57.487  -28.969 0.5000000000
195103  35.618  -57.876  -27.771 0.4000000060
18622  38.476  -61.535  -22.667 0.4000000060
21786  34.894  -58.562  -22.493 0.4000000060
22855  35.392  -57.897  -25.856 0.4000000060
22835  35.095  -57.951  -24.161 0.4000000060
22842  35.875  -58.161  -25.446 0.4000000060
24974  36.887  -56.223  -24.758 0.4000000060
25003  36.756  -56.183  -27.734 0.3000000119
18623  37.784  -61.406  -22.414 0.4000000060
19624  36.642  -60.705  -22.567 0.4000000060
25014  36.977  -56.587  -28.492 0.3000000119
19622  37.956  -61.193  -23.199 0.4000000060
19644  37.501  -60.747  -23.676 0.4000000060
203151  36.314  -60.098  -22.839 0.4000000060
20730  36.281  -59.549  -23.338 0.5000000000
19643  39.231  -60.993  -24.149 0.4000000060
169694  38.524  -60.912  -24.386 0.4000000060
20741  36.663  -59.662  -24.137 0.4000000060
21805  36.391  -58.684  -25.171 0.4000000060
22854  35.948  -58.071  -26.536 0.4000000060
24952  37.601  -56.513  -23.538 0.4000000060
20740  37.197  -60.290  -24.095 0.4000000060
15619  31.077  -64.170  -22.239 0.3000000119
17552  37.391  -62.447  -16.778 0.3000000119
19505  36.928  -60.635  -16.719 0.3000000119
22782  38.692  -58.315  -18.199 0.4000000060
19555  39.658  -60.486  -20.492 0.4000000060
19556  38.853  -60.587  -20.464 0.4000000060
19576  40.046  -61.166  -20.757 0.4000000060
18619  40.857  -61.756  -22.636 0.4000000060
23910  37.698  -56.629  -26.731 0.3000000119
19642  40.032  -61.070  -23.824 0.4000000060
23899  38.163  -56.791  -24.610 0.4000000060
169987  38.554  -57.157  -26.779 0.4000000060
22887  37.617  -57.524  -28.659 0.4000000060
20748  40.063  -59.965  -25.435 0.4000000060
19677  38.417  -60.527  -25.147 0.4000000060
20750  37.873  -60.150  -25.367 0.4000000060
182680  37.374  -59.679  -25.450 0.4000000060
21839  37.697  -58.575  -27.984 0.3000000119
22879  36.891  -58.030  -28.274 0.4000000060
20749  39.446  -60.172  -25.607 0.4000000060
22882  34.023  -57.840  -28.191 0.4000000060
192703  38.100  -56.711  -23.896 0.4000000060
172907  34.409  -67.267  -19.452 0.3000000119
12772  34.364  -67.055  -17.153 0.3000000119
13718  33.445  -66.388  -18.961 0.3000000119
15618  31.674  -64.584  -22.609 0.3000000119
15610  30.875  -64.124  -21.308 0.3000000119
14570  33.724  -64.938  -16.887 0.3000000119
17553  36.593  -62.618  -16.640 0.3000000119
15540  34.455  -63.894  -16.546 0.4000000060
15566  32.650  -63.739  -17.081 0.4000000060
185127  35.583  -61.308  -16.599 0.3000000119
19506  35.988  -60.569  -16.704 0.3000000119
18520  34.349  -61.626  -16.648 0.4000000060
19518  33.719  -61.107  -17.410 0.4000000060
21675  38.201  -58.991  -17.275 0.3000000119
198659  40.107  -58.674  -19.850 0.4000000060
19538  35.122  -60.583  -19.613 0.4000000060
19561  34.354  -60.412  -20.386 0.5000000000
21777  33.823  -58.829  -21.949 0.3000000119
190602  34.934  -60.682  -20.170 0.5000000000
195164  39.710  -61.457  -21.105 0.4000000060
173566  35.589  -58.340  -23.582 0.4000000060
21815  36.385  -58.515  -25.917 0.4000000060
25982  41.301  -55.479  -24.376 0.4000000060
24950  40.521  -56.161  -23.823 0.4000000060
204595  42.189  -54.103  -25.515 0.4000000060
27973  41.469  -53.239  -25.058 0.3000000119
26939  41.343  -54.462  -24.262 0.5000000000
24951  39.935  -56.253  -23.305 0.4000000060
183168  39.458  -56.065  -22.620 0.4000000060
26957  47.045  -54.413  -28.349 0.3000000119
26958  46.516  -54.494  -28.906 0.3000000119
30212  43.020  -51.985  -30.270 0.3000000119
29088  41.840  -52.371  -29.671 0.3000000119
31329  41.435  -50.588  -29.127 0.3000000119
31309  40.937  -51.012  -27.562 0.3000000119
27999  46.101  -53.510  -29.797 0.3000000119
28005  45.689  -52.879  -30.060 0.3000000119
181924  44.044  -51.806  -30.184 0.3000000119
26954  47.138  -54.431  -27.751 0.3000000119
27995  47.053  -53.475  -28.767 0.3000000119
32497  41.767  -50.401  -29.773 0.3000000119
32485  41.614  -49.743  -29.322 0.3000000119
28004  46.265  -52.572  -29.990 0.3000000119
32503  43.925  -49.636  -30.517 0.3000000119
32505  42.140  -50.190  -30.175 0.3000000119
31318  45.598  -50.697  -29.426 0.3000000119
30210  45.645  -51.478  -30.115 0.3000000119
33718  43.616  -48.493  -30.865 0.3000000119
33709  44.946  -49.411  -30.478 0.3000000119
35012  44.195  -48.243  -30.725 0.3000000119
30196  46.339  -52.032  -28.788 0.3000000119
33717  42.191  -49.365  -30.550 0.3000000119
177963  41.923  -48.034  -30.309 0.3000000119
204877  41.797  -46.560  -29.073 0.3000000119
33710  44.944  -49.109  -29.819 0.3000000119
33716  43.107  -49.045  -30.719 0.3000000119
200899  42.239  -46.778  -30.810 0.3000000119
35011  44.436  -47.909  -30.225 0.3000000119
36291  43.810  -47.157  -31.379 0.3000000119
180483  43.018  -47.329  -31.419 0.3000000119
37645  42.989  -46.045  -31.844 0.3000000119
180459  41.780  -45.878  -28.786 0.3000000119
37633  42.054  -46.171  -29.788 0.3000000119
38998  42.007  -45.334  -29.314 0.3000000119
40278  41.708  -44.209  -28.352 0.3000000119
188927  40.969  -43.867  -26.951 0.3000000119
42811  41.834  -42.617  -28.204 0.3000000119
201065  41.151  -43.339  -27.195 0.3000000119
41584  40.856  -43.235  -26.691 0.3000000119
29064  41.682  -52.797  -26.484 0.3000000119
202872  41.673  -54.350  -24.711 0.4000000060
31319  41.132  -50.854  -28.362 0.3000000119
35002  41.758  -47.994  -29.238 0.3000000119
24971  41.662  -55.795  -24.874 0.5000000000
188664  46.885  -53.318  -29.465 0.3000000119
32504  42.817  -49.877  -30.368 0.3000000119
29093  42.245  -52.248  -30.103 0.3000000119
29083  41.509  -52.398  -28.223 0.3000000119
29075  41.202  -52.133  -27.621 0.3000000119
30211  45.068  -51.540  -30.218 0.3000000119
30205  46.381  -52.120  -29.555 0.3000000119
33711  41.869  -49.205  -30.037 0.3000000119
32502  44.794  -49.581  -30.561 0.3000000119
36290  44.304  -46.864  -31.070 0.3000000119
177671  44.030  -45.628  -32.126 0.3000000119
35019  42.421  -47.423  -31.122 0.3000000119
36280  44.459  -47.594  -29.590 0.3000000119
37642  42.559  -46.173  -31.308 0.3000000119
22877  37.998  -57.837  -28.346 0.3000000119
21837  38.919  -58.514  -27.696 0.4000000060
22866  40.928  -59.050  -27.630 0.4000000060
21825  40.385  -59.215  -27.529 0.4000000060
201883  38.636  -57.453  -27.446 0.3000000119
22851  41.270  -58.130  -27.184 0.4000000060
23918  41.919  -57.967  -27.499 0.3000000119
197931  39.186  -57.822  -27.089 0.4000000060
22852  40.656  -57.997  -26.746 0.4000000060
24988  42.725  -56.211  -26.376 0.3000000119
22853  40.004  -57.729  -26.254 0.3000000119
23907  41.051  -57.361  -25.893 0.4000000060
23906  41.741  -57.206  -26.258 0.4000000060
23897  40.200  -56.932  -24.628 0.3000000119
23896  40.757  -56.853  -24.946 0.4000000060
26945  42.528  -54.719  -25.747 0.4000000060
23909  39.196  -57.287  -25.924 0.3000000119
187935  39.642  -56.914  -24.285 0.3000000119
23890  38.918  -56.827  -23.896 0.3000000119
169714  38.221  -56.850  -25.677 0.3000000119
23895  41.416  -56.614  -25.260 0.4000000060
22867  40.020  -58.600  -27.319 0.4000000060
22757  39.198  -58.245  -17.764 0.3000000119
20773  38.696  -59.609  -26.806 0.3000000119
20610  41.825  -59.214  -16.542 0.3000000119
183366  40.572  -58.770  -16.991 0.3000000119
22756  39.800  -58.129  -17.719 0.3000000119
22801  39.178  -58.188  -18.844 0.3000000119
21826  38.923  -58.979  -27.421 0.3000000119
20762  38.490  -60.104  -25.969 0.3000000119
22752  42.900  -57.921  -17.473 0.3000000119
22779  40.883  -57.884  -18.306 0.3000000119
22754  41.260  -57.959  -17.667 0.3000000119
184353  40.508  -58.191  -19.418 0.3000000119
20682  40.104  -59.527  -20.229 0.3000000119
20771  39.981  -59.443  -27.236 0.3000000119
22775  44.970  -58.374  -17.894 0.3000000119
22796  43.213  -58.239  -18.866 0.3000000119
22776  43.409  -57.985  -18.190 0.3000000119
22799  41.142  -57.956  -18.967 0.3000000119
22797  42.664  -58.344  -19.234 0.3000000119
20681  41.031  -59.802  -20.250 0.3000000119
21739  44.380  -59.735  -19.085 0.3000000119
21740  43.429  -59.117  -19.318 0.3000000119
21758  41.587  -59.106  -19.985 0.3000000119
21741  42.723  -59.029  -19.614 0.3000000119
19575  40.832  -61.397  -20.765 0.3000000119
18597  40.611  -61.895  -21.897 0.3000000119
19621  40.640  -61.435  -23.270 0.3000000119
20646  44.899  -59.132  -18.520 0.3000000119
19553  41.344  -60.901  -20.446 0.3000000119
20680  41.877  -60.175  -20.220 0.3000000119
18576  41.164  -61.965  -21.393 0.3000000119
20760  39.919  -59.749  -26.541 0.3000000119
19537  44.750  -61.335  -19.763 0.3000000119
20660  45.262  -60.432  -18.971 0.3000000119
20661  44.001  -60.581  -19.569 0.3000000119
20679  42.697  -60.635  -20.118 0.3000000119
18574  42.836  -62.411  -21.780 0.3000000119
19620  41.295  -61.513  -23.029 0.3000000119
19658  40.319  -60.342  -24.372 0.3000000119
20759  40.604  -59.691  -26.422 0.3000000119
21824  41.516  -59.273  -27.881 0.3000000119
20774  38.199  -59.074  -27.304 0.3000000119
175550  44.654  -61.763  -20.716 0.3000000119
176346  43.286  -62.297  -21.217 0.3000000119
19619  42.091  -61.705  -22.789 0.3000000119
20739  41.036  -60.140  -24.046 0.3000000119
185620  40.540  -57.921  -18.830 0.3000000119
22727  41.685  -58.169  -17.173 0.3000000119
21672  40.913  -58.248  -17.259 0.3000000119
11890  34.385  -67.771  -18.187 0.3000000119
12781  34.180  -67.259  -17.869 0.3000000119
12782  33.833  -66.744  -18.440 0.3000000119
12789  34.175  -67.287  -18.666 0.3000000119
12801  34.803  -67.209  -20.133 0.3000000119
13677  34.499  -66.385  -16.812 0.3000000119
13695  34.083  -66.377  -17.131 0.3000000119
13696  33.711  -65.962  -17.526 0.3000000119
13697  33.316  -65.598  -17.939 0.3000000119
13707  33.055  -65.882  -18.601 0.3000000119
14587  33.585  -65.432  -17.322 0.3000000119
14636  31.297  -64.711  -21.796 0.3000000119
15539  35.146  -64.309  -16.554 0.3000000119
15541  33.929  -64.357  -16.667 0.3000000119
16566  35.478  -63.223  -16.557 0.3000000119
16569  33.271  -63.459  -16.710 0.4000000060
16584  31.922  -62.975  -17.759 0.3000000119
17554  35.866  -62.648  -16.562 0.3000000119
17555  34.508  -62.388  -16.529 0.4000000060
17557  33.271  -62.728  -16.695 0.4000000060
18519  34.981  -61.800  -16.555 0.3000000119
18521  33.785  -61.571  -16.887 0.4000000060
18522  33.259  -62.062  -16.914 0.4000000060
18530  33.342  -61.576  -17.265 0.4000000060
18531  32.817  -61.859  -17.462 0.4000000060
18573  43.520  -62.261  -21.627 0.3000000119
18575  42.015  -62.373  -21.587 0.3000000119
18577  40.351  -61.651  -21.224 0.4000000060
18579  38.383  -61.527  -21.342 0.4000000060
18596  41.459  -62.106  -22.075 0.3000000119
18598  39.014  -61.675  -21.962 0.4000000060
18600  37.719  -61.498  -21.629 0.4000000060
18618  42.182  -62.250  -22.216 0.3000000119
18621  39.266  -61.568  -22.866 0.4000000060
18637  39.450  -61.364  -23.526 0.4000000060
18638  38.697  -61.305  -23.554 0.4000000060
19516  34.883  -60.431  -17.089 0.4000000060
19517  34.269  -60.655  -17.559 0.4000000060
19529  32.841  -61.033  -18.536 0.3000000119
19536  45.456  -61.192  -19.636 0.3000000119
19539  34.438  -60.591  -19.704 0.4000000060
19551  44.216  -61.611  -20.245 0.3000000119
19552  42.238  -61.368  -20.481 0.3000000119
19554  40.488  -60.569  -20.480 0.3000000119
19557  37.881  -60.983  -20.489 0.4000000060
19558  37.066  -61.121  -20.510 0.4000000060
19573  42.582  -62.172  -21.073 0.3000000119
19574  41.691  -61.768  -20.886 0.3000000119
19577  39.304  -61.137  -20.781 0.4000000060
19579  36.442  -61.158  -20.950 0.5000000000
19580  35.789  -60.981  -20.764 0.5000000000
19596  44.654  -61.607  -21.216 0.3000000119
19600  37.142  -61.239  -22.103 0.4000000060
19602  35.940  -60.799  -21.508 0.4000000060
19623  37.282  -60.959  -22.909 0.4000000060
19640  41.548  -60.951  -23.340 0.3000000119
19641  40.798  -60.961  -23.616 0.3000000119
19645  36.777  -60.330  -23.395 0.4000000060
19659  39.667  -60.528  -24.690 0.4000000060
19660  39.036  -60.596  -24.935 0.4000000060
19661  37.810  -60.600  -24.501 0.4000000060
19676  38.920  -60.300  -25.621 0.3000000119
20611  41.012  -59.371  -16.723 0.3000000119
20612  40.286  -59.512  -16.849 0.3000000119
20615  37.628  -59.439  -17.021 0.3000000119
20616  36.350  -59.919  -16.912 0.3000000119
20617  35.596  -60.085  -16.982 0.4000000060
20631  36.813  -59.300  -17.201 0.3000000119
20662  43.093  -59.923  -19.765 0.3000000119
20663  37.837  -59.615  -19.700 0.4000000060
20664  37.081  -59.854  -19.555 0.4000000060
20666  35.294  -59.996  -18.846 0.5000000000
20678  43.440  -60.990  -19.968 0.3000000119
20683  39.238  -59.799  -20.249 0.4000000060
20685  37.447  -60.475  -20.077 0.4000000060
20687  34.067  -60.120  -20.709 0.5000000000
20688  33.667  -60.045  -20.475 0.5000000000
20703  34.385  -60.096  -20.969 0.5000000000
20705  33.128  -59.586  -20.817 0.3000000119
20720  35.534  -60.081  -21.934 0.5000000000
20731  35.823  -59.537  -22.652 0.5000000000
20746  41.439  -59.547  -24.886 0.3000000119
20747  40.739  -59.765  -25.170 0.3000000119
20751  37.283  -60.001  -24.747 0.4000000060
20752  36.834  -59.361  -24.973 0.4000000060
20761  39.226  -59.890  -26.384 0.3000000119
20763  37.870  -59.618  -26.286 0.3000000119
20769  41.104  -59.520  -27.334 0.3000000119
20770  40.515  -59.499  -27.297 0.3000000119
20772  39.397  -59.458  -27.084 0.3000000119
20790  30.745  -59.426  -29.553 0.4000000060
21671  41.320  -58.639  -16.874 0.3000000119
21703  40.156  -58.350  -17.308 0.3000000119
21704  39.427  -58.449  -17.395 0.3000000119
21705  38.723  -58.569  -17.570 0.3000000119
21707  36.442  -59.219  -17.695 0.4000000060
21724  43.950  -58.628  -18.766 0.3000000119
21725  38.021  -58.653  -18.568 0.4000000060
21742  42.096  -58.611  -19.635 0.3000000119
21743  41.343  -58.333  -19.567 0.3000000119
21744  39.683  -58.349  -19.430 0.4000000060
21745  38.938  -58.619  -19.372 0.4000000060
21748  36.042  -59.618  -18.832 0.4000000060
21757  42.344  -59.494  -19.937 0.3000000119
21759  40.787  -58.839  -19.956 0.3000000119
21769  32.666  -59.221  -21.356 0.3000000119
21776  34.552  -58.968  -22.017 0.4000000060
21785  35.408  -58.677  -22.842 0.4000000060
21796  36.139  -58.903  -23.857 0.4000000060
21797  35.846  -58.315  -24.499 0.4000000060
21814  37.017  -59.085  -25.911 0.4000000060
21827  37.464  -58.988  -27.006 0.3000000119
21828  36.731  -58.615  -26.780 0.4000000060
21836  39.113  -58.332  -27.589 0.4000000060
21838  38.327  -58.410  -28.026 0.4000000060
21840  37.111  -58.530  -27.624 0.3000000119
21841  32.526  -58.249  -28.777 0.5000000000
21842  32.043  -58.823  -28.560 0.5000000000
21849  31.395  -58.978  -29.171 0.4000000060
21852  30.997  -58.909  -29.423 0.6000000238
22753  42.063  -57.939  -17.594 0.3000000119
22755  40.518  -58.047  -17.697 0.3000000119
22777  42.521  -57.927  -18.382 0.3000000119
22778  41.624  -57.865  -18.330 0.3000000119
22780  40.193  -57.954  -18.292 0.3000000119
22781  39.470  -58.069  -18.263 0.3000000119
22798  41.897  -58.060  -19.058 0.3000000119
22800  39.926  -58.011  -18.900 0.3000000119
22822  34.293  -58.413  -22.520 0.4000000060
22829  33.954  -58.155  -23.200 0.4000000060
22837  33.520  -58.094  -23.887 0.4000000060
22843  35.263  -57.902  -25.058 0.4000000060
22846  33.030  -58.176  -24.516 0.4000000060
22856  34.710  -57.769  -25.823 0.4000000060
22865  41.673  -58.890  -27.969 0.3000000119
22868  36.438  -58.158  -27.684 0.4000000060
22869  35.135  -57.796  -26.761 0.4000000060
22871  33.500  -58.052  -27.005 0.4000000060
22878  37.689  -57.939  -28.482 0.3000000119
22880  35.237  -57.625  -28.722 0.5000000000
22883  33.064  -58.184  -28.076 0.4000000060
22885  30.495  -58.022  -28.517 0.5000000000
22888  37.200  -57.585  -28.804 0.5000000000
22890  35.738  -57.381  -28.955 0.4000000060
22891  34.933  -57.283  -28.950 0.5000000000
22894  32.107  -58.041  -28.982 0.6000000238
23882  38.438  -56.628  -23.234 0.4000000060
23888  40.543  -56.567  -24.317 0.3000000119
23889  40.077  -56.622  -23.979 0.3000000119
23898  39.038  -57.030  -24.836 0.3000000119
23901  30.144  -57.030  -24.826 0.4000000060
23905  42.411  -57.050  -26.691 0.3000000119
23908  40.438  -57.366  -25.483 0.3000000119
23911  37.069  -56.233  -27.058 0.3000000119
23912  30.355  -57.137  -25.592 0.4000000060
23919  38.132  -57.134  -27.721 0.4000000060
23920  37.392  -56.557  -27.757 0.3000000119
23922  31.264  -56.999  -26.957 0.4000000060
23923  30.609  -57.278  -26.558 0.5000000000
23928  38.582  -57.753  -27.804 0.3000000119
23929  38.083  -57.577  -28.317 0.4000000060
23930  37.587  -57.002  -28.327 0.3000000119
23932  32.865  -56.990  -28.519 0.6000000238
23933  32.300  -57.135  -28.566 0.6000000238
23934  31.660  -57.312  -28.349 0.6000000238
23939  36.968  -57.169  -28.835 0.3000000119
23940  36.280  -57.036  -28.959 0.4000000060
23941  35.702  -57.071  -29.009 0.4000000060
23942  34.054  -57.156  -28.851 0.5000000000
23943  33.451  -57.438  -28.939 0.4000000060
23945  31.972  -57.728  -28.952 0.6000000238
24887  38.218  -55.626  -21.418 0.6000000238
24890  35.901  -55.850  -21.536 0.6999999881
24891  34.255  -55.787  -21.659 0.6999999881
24905  39.702  -55.395  -22.283 0.5000000000
24906  38.924  -55.755  -21.931 0.6000000238
24908  37.096  -56.138  -22.310 0.6000000238
24909  36.471  -55.995  -21.981 0.6999999881
24911  34.470  -55.926  -22.407 0.6999999881
24927  40.417  -55.722  -23.276 0.4000000060
24928  39.987  -55.763  -22.834 0.4000000060
24929  39.208  -56.528  -23.165 0.4000000060
24931  36.369  -56.144  -23.161 0.6999999881
24934  33.864  -55.754  -22.992 0.6999999881
24953  36.784  -56.225  -23.996 0.5000000000
24955  35.225  -55.988  -24.411 0.5000000000
24956  34.731  -55.942  -23.971 0.4000000060
24972  41.024  -56.134  -24.461 0.4000000060
24973  37.459  -56.486  -24.329 0.4000000060
24979  32.946  -55.741  -25.045 0.4000000060
24980  32.138  -55.889  -25.064 0.4000000060
24989  42.137  -56.241  -25.669 0.4000000060
24990  37.393  -56.431  -25.245 0.4000000060
24992  35.933  -55.926  -26.548 0.5000000000
24993  35.282  -55.926  -26.118 0.5000000000
24994  34.728  -55.935  -25.738 0.4000000060
24996  32.788  -56.080  -25.898 0.4000000060
25015  36.342  -56.347  -28.412 0.3000000119
25016  35.529  -56.299  -28.380 0.4000000060
25017  34.688  -56.204  -27.822 0.4000000060
25018  34.028  -56.545  -28.400 0.4000000060
25020  32.647  -56.648  -27.762 0.5000000000
25024  36.518  -56.734  -28.820 0.4000000060
25025  35.971  -56.647  -28.916 0.4000000060
25902  37.292  -54.909  -20.543 0.6000000238
25903  36.388  -54.906  -20.303 0.6000000238
25906  33.135  -54.875  -20.709 0.6999999881
25923  38.812  -54.723  -21.210 0.6000000238
25925  37.689  -55.335  -20.981 0.6000000238
25926  36.926  -55.363  -20.898 0.6000000238
25941  33.146  -55.464  -22.461 0.6000000238
25942  32.321  -54.802  -22.368 0.5000000000
25943  31.617  -54.420  -23.017 0.5000000000
25944  30.419  -55.285  -22.175 0.4000000060
25959  30.496  -55.363  -22.929 0.4000000060
25965  41.247  -55.027  -24.133 0.5000000000
25966  40.918  -55.506  -23.820 0.4000000060
25969  31.599  -55.106  -23.872 0.4000000060
25970  31.116  -55.177  -23.707 0.4000000060
25971  30.672  -55.579  -23.500 0.4000000060
25981  41.655  -55.006  -24.637 0.4000000060
25983  32.471  -55.549  -24.576 0.4000000060
25984  31.902  -55.502  -24.399 0.4000000060
25985  31.340  -55.524  -24.230 0.4000000060
25994  42.541  -55.528  -25.789 0.4000000060
25995  42.116  -55.287  -25.250 0.4000000060
25996  25.184  -55.320  -26.181 0.4000000060
25997  24.763  -55.427  -26.171 0.4000000060
26004  24.819  -55.211  -26.535 0.4000000060
26006  47.114  -54.832  -27.265 0.3000000119
26009  47.107  -54.798  -27.832 0.3000000119
26010  46.714  -55.001  -28.181 0.3000000119
26868  36.794  -53.937  -19.786 0.6999999881
26869  36.107  -53.945  -19.758 0.6999999881
26871  29.743  -54.755  -19.673 0.4000000060
26887  37.745  -54.459  -20.353 0.6000000238
26890  35.165  -54.529  -20.013 0.6999999881
26891  34.723  -54.199  -19.995 0.6000000238
26892  33.366  -54.301  -20.243 0.6000000238
26893  32.534  -54.127  -20.698 0.6000000238
26894  31.917  -53.288  -20.794 0.6000000238
26895  29.835  -53.956  -20.154 0.4000000060
26903  38.298  -54.503  -20.764 0.6000000238
26906  30.081  -53.781  -20.975 0.6000000238
26913  39.276  -54.301  -21.622 0.5000000000
26915  30.953  -53.957  -22.597 0.5000000000
26923  40.421  -54.566  -22.906 0.5000000000
26924  30.588  -54.518  -22.743 0.4000000060
26930  40.955  -54.650  -23.630 0.5000000000
26940  41.026  -53.854  -23.976 0.5000000000
26941  23.467  -55.066  -25.410 0.5000000000
26946  42.022  -54.557  -25.122 0.4000000060
26947  25.522  -55.022  -26.869 0.4000000060
26948  24.738  -54.967  -26.740 0.4000000060
26949  24.098  -55.246  -26.089 0.4000000060
26953  25.171  -55.030  -27.013 0.4000000060
26961  47.058  -53.899  -28.986 0.3000000119
26962  46.705  -53.714  -29.516 0.3000000119
26963  45.758  -54.201  -29.399 0.3000000119
27892  36.545  -53.362  -19.698 0.6999999881
27893  35.880  -53.423  -19.782 0.6999999881
27894  29.412  -53.271  -19.874 0.4000000060
27902  38.530  -53.392  -20.654 0.6000000238
27903  38.152  -53.094  -20.212 0.6000000238
27904  37.514  -53.953  -19.974 0.6000000238
27909  28.282  -53.155  -19.528 0.4000000060
27923  38.955  -53.207  -21.215 0.6000000238
27924  30.989  -53.208  -21.741 0.6000000238
27933  39.873  -53.330  -22.506 0.5000000000
27936  30.694  -53.442  -22.170 0.6000000238
27943  40.638  -53.887  -23.350 0.6000000238
27944  40.219  -53.099  -23.223 0.5000000000
27951  26.032  -53.653  -24.699 0.4000000060
27963  41.840  -53.892  -25.072 0.4000000060
27966  25.823  -54.611  -25.665 0.4000000060
27968  22.888  -54.270  -24.737 0.5000000000
27972  41.934  -53.420  -25.728 0.3000000119
27974  27.045  -54.557  -27.168 0.4000000060
27976  24.434  -54.392  -26.489 0.5000000000
27978  47.074  -54.055  -27.470 0.3000000119
27988  47.160  -53.984  -28.259 0.3000000119
27989  46.971  -53.518  -27.862 0.3000000119
27992  27.350  -54.287  -28.475 0.6000000238
27994  25.962  -54.590  -28.042 0.5000000000
27998  46.575  -53.108  -29.878 0.3000000119
28972  37.650  -52.823  -19.797 0.6000000238
28973  36.947  -52.738  -19.631 0.6999999881
28975  35.672  -53.003  -19.909 0.6999999881
28987  35.033  -52.968  -20.178 0.6999999881
28988  32.664  -52.242  -20.198 0.6999999881
28989  31.772  -52.088  -20.529 0.6999999881
29005  38.896  -52.248  -21.366 0.6000000238
29006  38.429  -52.026  -20.742 0.6000000238
29007  30.756  -52.149  -21.013 0.6999999881
29039  40.386  -52.613  -23.957 0.6000000238
29040  26.219  -52.850  -24.013 0.5000000000
29051  40.139  -51.868  -24.079 0.6000000238
29058  41.346  -52.727  -25.682 0.3000000119
29060  27.544  -53.521  -26.068 0.5000000000
29063  24.100  -53.631  -25.780 0.4000000060
29067  29.608  -53.763  -27.702 0.6000000238
29070  25.639  -53.667  -27.700 0.5000000000
29076  30.156  -53.562  -28.205 0.6999999881
29078  28.791  -54.127  -28.771 0.6000000238
29079  27.842  -53.745  -28.842 0.6000000238
29082  46.778  -52.758  -29.102 0.3000000119
29086  46.596  -52.722  -29.776 0.3000000119
29089  45.783  -52.102  -30.221 0.3000000119
29090  44.813  -52.298  -30.153 0.3000000119
30086  35.853  -52.470  -19.952 0.6999999881
30087  28.881  -51.997  -19.871 0.5000000000
30096  38.035  -51.473  -20.365 0.6000000238
30097  37.392  -51.356  -19.926 0.6000000238
30100  33.385  -52.293  -20.163 0.6999999881
30103  29.971  -51.329  -20.626 0.6000000238
30104  29.190  -51.370  -20.304 0.5000000000
30118  38.562  -51.456  -21.128 0.6000000238
30119  35.002  -52.001  -21.015 0.6000000238
30120  34.281  -52.237  -20.640 0.6000000238
30121  27.807  -50.839  -21.005 0.5000000000
30130  39.360  -52.143  -22.202 0.5000000000
30131  39.010  -51.451  -21.839 0.5000000000
30132  27.078  -51.109  -21.988 0.5000000000
30140  39.632  -51.251  -23.006 0.6000000238
30141  39.372  -51.361  -22.500 0.6000000238
30157  39.882  -51.505  -23.470 0.6000000238
30170  40.239  -51.517  -24.646 0.4000000060
30171  28.439  -51.904  -25.415 0.6000000238
30175  40.791  -52.177  -25.574 0.4000000060
30177  29.622  -51.851  -25.926 0.6999999881
30180  24.908  -51.734  -25.750 0.5000000000
30184  31.133  -52.515  -27.760 0.6999999881
30192  31.653  -52.770  -28.765 0.6999999881
30195  25.884  -52.603  -27.536 0.5000000000
30197  45.993  -51.417  -29.043 0.3000000119
30198  41.452  -52.069  -29.086 0.3000000119
30199  41.118  -51.656  -28.200 0.3000000119
30200  31.456  -53.032  -29.464 0.6999999881
30201  30.755  -53.042  -29.268 0.6000000238
30202  29.884  -53.021  -29.242 0.6000000238
30204  28.041  -52.526  -28.839 0.5000000000
30206  45.905  -51.462  -29.821 0.3000000119
30207  41.756  -51.665  -29.772 0.3000000119
30208  41.324  -51.328  -29.089 0.3000000119
30209  46.154  -52.108  -29.975 0.3000000119
31196  36.370  -51.018  -19.883 0.6000000238
31197  35.875  -51.111  -20.203 0.6999999881
31199  32.860  -51.114  -20.444 0.6999999881
31200  32.160  -50.794  -20.544 0.6999999881
31203  29.566  -50.781  -20.610 0.6999999881
31204  28.885  -50.879  -20.428 0.5000000000
31221  34.493  -51.754  -21.217 0.6000000238
31225  28.485  -50.535  -20.847 0.6000000238
31236  34.681  -51.100  -22.630 0.6999999881
31246  35.251  -50.973  -22.924 0.5000000000
31248  34.462  -50.805  -23.173 0.6000000238
31249  27.521  -50.555  -23.140 0.6000000238
31263  35.075  -50.845  -23.985 0.5000000000
31265  27.968  -50.538  -23.933 0.5000000000
31274  40.347  -50.237  -25.092 0.4000000060
31275  35.307  -50.485  -24.972 0.6000000238
31277  34.494  -50.609  -24.497 0.6000000238
31280  27.750  -51.312  -24.544 0.5000000000
31284  35.272  -50.403  -25.673 0.6000000238
31285  35.025  -50.632  -25.564 0.6000000238
31291  29.535  -51.128  -25.459 0.6999999881
31297  40.799  -51.150  -26.711 0.4000000060
31300  33.910  -50.765  -27.006 0.6000000238
31301  33.031  -50.959  -27.196 0.6000000238
31303  31.606  -51.731  -27.311 0.6999999881
31305  26.047  -50.879  -27.059 0.5000000000
31306  25.711  -50.708  -26.535 0.4000000060
31310  34.942  -50.563  -28.017 0.6000000238
31315  28.366  -51.323  -28.597 0.5000000000
31317  26.659  -51.344  -27.742 0.5000000000
31320  34.633  -50.606  -28.884 0.6000000238
31321  33.766  -50.894  -29.191 0.6000000238
31325  30.224  -52.112  -29.346 0.6999999881
31327  45.360  -50.738  -30.032 0.3000000119
31328  41.628  -51.006  -29.603 0.3000000119
31330  45.109  -50.765  -30.239 0.3000000119
31331  44.207  -51.039  -30.299 0.3000000119
31332  43.534  -50.419  -30.295 0.3000000119
31333  42.573  -50.724  -30.208 0.3000000119
31334  41.997  -50.943  -29.989 0.3000000119
32353  37.102  -50.048  -20.149 0.6000000238
32354  36.405  -49.513  -20.093 0.4000000060
32355  35.826  -49.585  -20.195 0.6000000238
32357  31.372  -50.078  -20.890 0.6999999881
32358  30.648  -50.101  -20.897 0.6999999881
32359  29.911  -50.169  -20.848 0.6999999881
32375  38.284  -50.153  -21.210 0.5000000000
32378  35.437  -50.662  -21.195 0.5000000000
32382  31.785  -49.709  -21.258 0.6999999881
32383  30.991  -49.601  -21.204 0.6999999881
32385  29.497  -49.708  -21.263 0.6999999881
32396  35.365  -50.603  -22.151 0.6000000238
32398  32.921  -49.742  -22.173 0.6999999881
32400  28.994  -49.638  -21.716 0.5000000000
32401  28.357  -49.933  -21.944 0.5000000000
32402  27.811  -50.169  -22.528 0.6999999881
32410  39.218  -50.228  -22.579 0.5000000000
32426  39.446  -49.166  -23.313 0.5000000000
32428  33.652  -50.136  -23.414 0.5000000000
32430  32.260  -49.450  -24.243 0.6000000238
32433  28.482  -49.871  -23.544 0.6000000238
32441  35.508  -50.193  -24.629 0.6000000238
32444  31.988  -49.818  -24.934 0.6000000238
32446  30.288  -49.639  -24.571 0.6000000238
32459  33.654  -50.318  -25.137 0.5000000000
32461  31.443  -50.208  -25.558 0.6000000238
32467  40.961  -50.290  -27.006 0.3000000119
32469  28.116  -49.617  -27.330 0.4000000060
32476  35.305  -50.238  -28.059 0.6000000238
32477  30.599  -50.030  -28.715 0.6999999881
32478  29.813  -50.059  -28.424 0.6000000238
32486  41.315  -50.078  -28.391 0.4000000060
32487  35.480  -49.853  -29.542 0.6000000238
32491  32.220  -51.617  -29.657 0.6999999881
32492  31.530  -51.161  -29.576 0.6999999881
32495  45.251  -49.895  -29.912 0.3000000119
32496  45.086  -49.440  -29.166 0.3000000119
32498  35.375  -49.563  -29.936 0.6999999881
32499  34.975  -50.008  -29.787 0.6000000238
32500  34.353  -49.999  -29.665 0.6000000238
32501  45.071  -50.012  -30.377 0.3000000119
33595  36.422  -48.811  -20.212 0.5000000000
33596  35.694  -48.839  -20.231 0.4000000060
33597  35.424  -49.427  -20.620 0.6000000238
33611  37.706  -48.941  -21.034 0.6000000238
33612  37.130  -48.527  -20.623 0.4000000060
33615  30.577  -49.191  -21.524 0.6000000238
33616  29.990  -49.289  -21.517 0.6999999881
33626  38.714  -49.124  -22.172 0.5000000000
33630  32.338  -49.179  -22.500 0.6000000238
33633  30.118  -49.058  -21.982 0.6000000238
33643  31.767  -49.024  -22.967 0.6000000238
33645  30.312  -48.914  -22.588 0.6000000238
33646  29.895  -48.996  -23.173 0.6000000238
33657  39.734  -48.660  -23.889 0.5000000000
33658  39.330  -48.366  -23.359 0.5000000000
33659  35.439  -49.900  -23.598 0.5000000000
33661  32.020  -49.166  -23.661 0.6000000238
33662  31.182  -49.029  -23.568 0.6000000238
33668  40.048  -48.836  -24.541 0.4000000060
33670  35.188  -48.776  -24.555 0.6000000238
33672  30.922  -49.274  -24.235 0.6000000238
33678  40.723  -48.955  -25.892 0.4000000060
33679  40.362  -48.905  -25.220 0.4000000060
33680  35.499  -49.391  -25.858 0.6000000238
33686  40.959  -48.977  -26.595 0.4000000060
33689  29.607  -48.942  -26.939 0.4000000060
33694  41.177  -49.004  -27.340 0.4000000060
33698  30.058  -49.327  -27.730 0.6000000238
33700  28.728  -49.639  -27.560 0.6000000238
33702  41.689  -48.846  -29.228 0.3000000119
33704  35.811  -49.483  -28.989 0.6999999881
33713  35.448  -48.838  -30.093 0.6999999881
33715  44.269  -48.988  -30.589 0.3000000119
33719  42.944  -48.407  -31.049 0.3000000119
34899  36.665  -48.202  -20.394 0.4000000060
34900  36.079  -48.192  -20.213 0.4000000060
34901  35.396  -48.130  -20.301 0.4000000060
34902  34.913  -48.029  -20.577 0.6000000238
34919  36.514  -47.664  -20.465 0.4000000060
34931  38.164  -47.846  -22.050 0.4000000060
34932  37.523  -47.359  -21.506 0.6000000238
34933  34.532  -48.122  -21.516 0.4000000060
34940  38.887  -47.946  -22.878 0.5000000000
34941  38.477  -47.438  -22.604 0.5000000000
34942  34.543  -48.285  -22.327 0.4000000060
34955  34.745  -48.164  -24.019 0.6000000238
34972  40.125  -47.695  -25.136 0.4000000060
34973  34.821  -47.699  -25.495 0.5000000000
34987  35.526  -48.505  -27.062 0.6000000238
34996  41.164  -47.650  -27.374 0.4000000060
34998  32.511  -48.115  -27.739 0.6000000238
35000  31.144  -48.613  -27.209 0.5000000000
35003  41.501  -47.766  -28.223 0.4000000060
35004  35.934  -48.831  -28.732 0.6999999881
35007  44.563  -48.310  -29.417 0.3000000119
35008  41.849  -48.574  -29.937 0.3000000119
35009  35.868  -48.505  -29.789 0.6999999881
35010  34.524  -48.498  -29.856 0.6999999881
35013  42.358  -48.589  -30.950 0.3000000119
35014  42.167  -48.074  -30.936 0.3000000119
35015  35.760  -48.026  -30.164 0.6999999881
35016  44.256  -47.538  -30.898 0.3000000119
35017  43.502  -47.888  -31.142 0.3000000119
35018  42.641  -47.958  -31.167 0.3000000119
36168  34.693  -47.416  -20.709 0.3000000119
36183  36.388  -46.928  -20.565 0.5000000000
36184  34.377  -47.360  -21.327 0.3000000119
36200  34.077  -46.962  -22.054 0.5000000000
36210  38.868  -47.173  -23.110 0.5000000000
36223  39.205  -46.908  -23.708 0.5000000000
36236  34.539  -47.156  -25.087 0.6000000238
36248  40.350  -47.331  -25.720 0.4000000060
36262  40.763  -47.552  -26.471 0.4000000060
36264  31.870  -47.294  -26.332 0.5000000000
36268  40.999  -46.914  -27.097 0.4000000060
36269  35.769  -47.622  -28.117 0.6000000238
36274  41.678  -47.159  -28.713 0.3000000119
36275  41.333  -47.037  -27.856 0.4000000060
36277  36.051  -48.042  -29.094 0.6999999881
36279  33.031  -47.049  -28.127 0.6000000238
36281  41.918  -47.180  -29.831 0.3000000119
36284  34.384  -47.423  -29.814 0.6999999881
36286  42.063  -47.535  -30.726 0.3000000119
36287  36.140  -46.852  -30.168 0.6000000238
36288  35.943  -47.463  -30.277 0.6999999881
36292  42.714  -46.747  -31.409 0.3000000119
36293  44.030  -46.542  -31.587 0.3000000119
36294  43.354  -46.677  -31.685 0.3000000119
37520  35.553  -46.902  -20.327 0.5000000000
37521  34.750  -46.104  -20.669 0.5000000000
37533  36.636  -46.168  -20.911 0.5000000000
37534  34.254  -46.175  -21.206 0.5000000000
37549  38.003  -46.260  -22.386 0.5000000000
37551  34.009  -46.333  -21.726 0.5000000000
37574  33.859  -46.295  -23.236 0.4000000060
37597  40.234  -46.578  -25.625 0.4000000060
37599  34.384  -46.346  -25.379 0.6000000238
37609  40.565  -46.340  -26.216 0.4000000060
37612  34.691  -46.303  -26.264 0.6000000238
37613  32.037  -46.447  -26.250 0.4000000060
37617  40.872  -46.163  -26.830 0.4000000060
37628  36.237  -46.414  -29.046 0.6999999881
37635  34.740  -46.707  -30.152 0.5000000000
37636  33.872  -46.506  -29.363 0.5000000000
37639  36.102  -46.293  -30.607 0.5000000000
37641  44.304  -46.271  -31.261 0.3000000119
37643  44.152  -46.043  -31.717 0.3000000119
37644  43.681  -46.075  -31.888 0.3000000119
38893  35.431  -45.737  -20.476 0.5000000000
38902  36.187  -45.530  -20.663 0.5000000000
38905  34.423  -45.487  -21.021 0.5000000000
38933  33.798  -45.380  -22.563 0.5000000000
38941  33.759  -45.224  -23.450 0.5000000000
38974  40.825  -45.383  -26.758 0.4000000060
38975  40.506  -45.197  -26.161 0.4000000060
38982  41.674  -45.072  -28.417 0.3000000119
38990  36.445  -45.789  -29.441 0.6999999881
38992  33.355  -45.635  -28.960 0.5000000000
38993  32.853  -45.168  -28.459 0.5000000000
38999  36.563  -45.670  -30.299 0.6000000238
39007  36.388  -45.822  -30.635 0.5000000000
39011  42.705  -45.564  -31.623 0.3000000119
39013  43.470  -45.540  -32.226 0.3000000119
40194  33.917  -44.813  -21.969 0.5000000000
40260  40.769  -44.583  -26.656 0.3000000119
40261  40.343  -44.479  -25.948 0.4000000060
40268  41.373  -44.613  -27.768 0.4000000060
40269  41.093  -44.375  -27.241 0.3000000119
40270  35.710  -44.945  -28.160 0.6000000238
40271  35.151  -44.600  -27.375 0.6000000238
40279  36.704  -45.228  -29.767 0.5000000000
40280  36.317  -44.677  -28.867 0.5000000000
40281  32.610  -44.508  -28.339 0.4000000060
40292  33.586  -44.394  -29.355 0.5000000000
40297  42.267  -44.861  -29.882 0.3000000119
40300  35.232  -44.648  -30.606 0.4000000060
41544  33.849  -43.619  -23.739 0.4000000060
41560  33.920  -43.827  -24.434 0.4000000060
41591  35.613  -43.414  -27.872 0.5000000000
41598  41.757  -43.409  -28.287 0.3000000119
42788  40.781  -42.537  -26.523 0.3000000119
42803  41.136  -42.720  -27.087 0.3000000119
169381  33.041  -55.216  -21.520 0.6000000238
171514  35.667  -56.009  -24.854 0.5000000000
171598  35.462  -49.880  -27.397 0.6000000238
172326  36.529  -56.028  -26.858 0.3000000119
172424  32.468  -51.779  -29.365 0.6999999881
172725  33.873  -55.377  -20.985 0.6999999881
172898  35.232  -50.810  -23.546 0.5000000000
173060  32.896  -45.742  -28.257 0.5000000000
173120  37.870  -56.365  -22.744 0.4000000060
173165  42.036  -48.688  -30.612 0.3000000119
173414  39.827  -57.199  -25.122 0.3000000119
173525  34.689  -44.701  -20.853 0.5000000000
173733  36.595  -56.109  -25.441 0.5000000000
174263  41.031  -52.253  -26.278 0.4000000060
174306  35.106  -63.694  -16.547 0.4000000060
174353  36.084  -44.533  -31.119 0.4000000060
174479  34.674  -50.605  -26.379 0.6000000238
174922  36.382  -58.970  -24.509 0.4000000060
175055  36.086  -57.746  -28.584 0.5000000000
175393  36.964  -47.299  -20.890 0.4000000060
175594  35.083  -56.027  -22.645 0.6999999881
175803  34.843  -61.041  -16.701 0.4000000060
176003  31.535  -49.195  -28.151 0.6000000238
176130  41.467  -43.035  -27.640 0.3000000119
176200  38.436  -58.047  -27.986 0.3000000119
176245  39.780  -61.742  -21.597 0.4000000060
176555  29.864  -52.663  -20.597 0.5000000000
176681  41.009  -52.660  -25.093 0.3000000119
177347  39.937  -61.741  -22.342 0.4000000060
177973  35.455  -50.083  -28.855 0.6000000238
178273  41.060  -44.962  -27.251 0.4000000060
178601  30.529  -51.637  -20.860 0.6000000238
179507  25.382  -52.578  -26.964 0.5000000000
179711  34.541  -44.958  -26.211 0.6000000238
180188  35.502  -46.988  -27.627 0.6000000238
180355  26.428  -52.077  -23.309 0.5000000000
180771  44.616  -50.149  -30.441 0.3000000119
180782  40.912  -59.327  -27.634 0.4000000060
181161  31.555  -55.802  -24.685 0.4000000060
181444  36.514  -52.154  -19.705 0.6000000238
181479  34.643  -48.267  -23.208 0.6000000238
182282  44.784  -60.755  -19.370 0.3000000119
182747  39.691  -51.832  -22.879 0.6000000238
183137  40.108  -50.267  -24.412 0.4000000060
183291  37.891  -58.664  -17.831 0.4000000060
183413  35.171  -47.985  -30.247 0.6999999881
183416  37.496  -59.060  -19.081 0.4000000060
183507  40.049  -54.858  -22.407 0.5000000000
184029  33.776  -44.638  -22.858 0.4000000060
184286  39.896  -50.344  -23.793 0.5000000000
184495  36.133  -61.997  -16.574 0.3000000119
185005  38.093  -60.962  -23.868 0.4000000060
185219  34.900  -46.849  -20.484 0.5000000000
185586  33.328  -47.723  -28.564 0.6999999881
185682  42.390  -51.506  -30.175 0.3000000119
185973  42.352  -45.957  -30.655 0.3000000119
186079  30.066  -56.712  -23.508 0.4000000060
186147  41.903  -49.802  -30.038 0.3000000119
186210  44.241  -58.197  -18.126 0.3000000119
186225  44.543  -48.695  -30.244 0.3000000119
187357  30.493  -50.905  -25.819 0.6999999881
187379  34.463  -55.898  -25.220 0.4000000060
187602  40.643  -50.302  -25.715 0.4000000060
187777  37.069  -59.868  -16.886 0.3000000119
187902  43.153  -51.228  -30.286 0.3000000119
188206  28.259  -51.896  -19.963 0.4000000060
188390  27.370  -50.649  -22.460 0.5000000000
188395  30.548  -48.943  -23.165 0.6000000238
188900  37.810  -50.270  -20.590 0.6000000238
189426  41.991  -58.462  -16.783 0.3000000119
189771  41.098  -50.392  -27.763 0.3000000119
189917  33.905  -45.199  -24.500 0.5000000000
189947  33.655  -56.027  -26.312 0.4000000060
190364  35.122  -50.463  -26.339 0.6000000238
190906  35.286  -55.576  -20.936 0.6999999881
191328  25.484  -54.437  -27.653 0.5000000000
191438  38.741  -60.007  -20.242 0.4000000060
191632  35.778  -54.490  -19.979 0.6999999881
192528  43.562  -51.519  -30.253 0.3000000119
192623  33.190  -58.032  -25.241 0.4000000060
193153  34.623  -55.632  -21.123 0.6999999881
193647  41.638  -61.921  -22.552 0.3000000119
194518  25.241  -51.853  -26.345 0.5000000000
194597  36.262  -64.084  -16.712 0.3000000119
194656  38.729  -55.277  -21.425 0.6000000238
194822  34.563  -45.432  -30.088 0.5000000000
194947  34.229  -44.884  -25.451 0.4000000060
195009  34.159  -53.357  -20.104 0.6999999881
195174  35.893  -58.921  -23.226 0.5000000000
195249  39.584  -56.700  -23.679 0.3000000119
195264  39.616  -58.927  -27.383 0.3000000119
195326  31.433  -57.130  -27.640 0.5000000000
195515  28.641  -53.494  -29.014 0.6000000238
195603  35.544  -62.061  -16.548 0.3000000119
195642  35.547  -50.312  -24.066 0.5000000000
195741  35.427  -60.575  -21.303 0.5000000000
196259  41.423  -53.799  -24.555 0.4000000060
196333  28.287  -50.996  -20.479 0.5000000000
197000  34.427  -47.254  -24.366 0.6000000238
197281  40.438  -50.791  -25.383 0.4000000060
197571  37.289  -58.892  -18.371 0.4000000060
197714  35.126  -50.419  -28.652 0.6000000238
198044  33.459  -55.872  -25.540 0.5000000000
198268  36.908  -55.943  -21.772 0.6000000238
199016  34.102  -54.316  -20.094 0.6000000238
199207  32.396  -49.184  -23.134 0.6000000238
199849  24.314  -54.929  -26.438 0.4000000060
200168  42.514  -45.779  -31.145 0.3000000119
200876  27.403  -50.938  -21.457 0.5000000000
201218  28.078  -51.576  -24.968 0.6000000238
201315  37.555  -56.514  -25.917 0.4000000060
201896  32.245  -62.740  -17.472 0.3000000119
202284  39.108  -53.761  -21.403 0.6000000238
202561  39.653  -59.644  -26.879 0.3000000119
202810  34.280  -53.860  -20.006 0.6999999881
202969  37.744  -51.765  -19.975 0.6000000238
203738  26.696  -51.563  -23.103 0.5000000000
203829  30.838  -54.251  -22.832 0.5000000000
204146  41.340  -45.205  -27.754 0.4000000060
204514  31.626  -50.532  -20.675 0.8000000119
204618  38.538  -47.900  -22.486 0.5000000000
204707  38.353  -60.852  -20.487 0.4000000060
204806  35.350  -53.392  -19.934 0.6999999881
204896  32.817  -63.135  -16.920 0.4000000060
