#!ascii label  , from subject sub-v2s2x29077_ses-1 vox2ras=TkReg
910
80843  20.846  -13.581  -23.716 0.1428571492
80845  19.459  -13.971  -23.710 0.1428571492
83324  19.604  -11.884  -24.493 0.1428571492
203558  21.395  -13.816  -23.432 0.1428571492
83300  20.560  -12.603  -24.458 0.2857142985
82175  19.514  -13.417  -24.021 0.1428571492
82196  21.668  -12.920  -23.998 0.1428571492
84467  20.873  -11.089  -25.540 0.5714285970
199690  21.775  -11.987  -24.631 0.1428571492
84453  23.664  -11.448  -24.978 0.2857142985
85668  24.852  -10.919  -25.355 0.1428571492
85669  24.052  -10.917  -25.262 0.2857142985
192607  25.244  -8.010  -26.771 0.2857142985
87984  24.882  -8.637  -26.538 0.1428571492
86849  24.514  -9.111  -26.335 0.2857142985
91691  26.200  -5.940  -27.604 0.2857142985
90363  26.667  -7.349  -27.009 0.2857142985
93092  26.609  -4.905  -28.251 0.2857142985
91708  25.566  -5.484  -28.053 0.2857142985
95610  26.613  -3.307  -29.322 0.2857142985
99017  26.855  -0.878  -30.519 0.8571428657
96773  27.089  -2.030  -29.877 0.4285714328
95598  27.232  -3.646  -28.847 0.2857142985
101206  27.526  1.185  -31.398 0.7142857313
100112  27.372  0.444  -31.039 0.7142857313
99027  27.135  -0.223  -30.784 0.7142857313
97907  26.596  -1.556  -30.278 0.7142857313
102298  28.081  2.660  -31.752 0.8571428657
102290  27.945  2.024  -31.542 0.5714285970
101216  27.121  1.816  -32.039 0.8571428657
100113  27.004  0.691  -31.500 0.7142857313
170893  26.750  0.172  -31.279 0.7142857313
105713  28.180  5.179  -32.402 0.4285714328
103454  27.599  3.648  -32.336 0.7142857313
102299  27.574  2.546  -32.041 0.8571428657
190297  28.764  7.726  -32.149 0.2857142985
176061  28.214  7.911  -32.699 0.5714285970
105722  27.450  4.936  -32.845 0.8571428657
106889  28.218  5.930  -32.545 0.7142857313
104590  27.215  4.161  -32.736 0.8571428657
111367  29.292  9.471  -32.005 0.1428571492
110259  29.623  8.646  -31.667 0.1428571492
110260  28.759  8.583  -32.207 0.4285714328
107998  28.001  6.530  -32.800 0.5714285970
106890  27.634  5.807  -32.984 0.8571428657
114614  29.027  11.663  -33.084 0.1428571492
112447  29.660  10.306  -31.872 0.1428571492
112448  29.014  10.171  -32.392 0.1428571492
181466  28.544  9.470  -32.503 0.4285714328
107999  27.424  6.609  -33.302 0.8571428657
115785  29.156  13.324  -33.087 0.1428571492
115791  29.342  12.811  -32.814 0.1428571492
115792  28.808  12.832  -33.363 0.1428571492
113524  28.817  10.870  -32.812 0.1428571492
183385  27.697  10.844  -33.707 0.4285714328
111382  27.493  9.456  -33.423 0.5714285970
172367  26.941  8.008  -33.674 0.7142857313
108004  26.738  6.702  -33.798 0.8571428657
116924  28.694  13.579  -33.570 0.1428571492
189143  28.359  14.124  -33.834 0.1428571492
114623  28.372  12.137  -33.489 0.1428571492
113538  27.732  11.622  -33.820 0.5714285970
110261  27.024  9.167  -33.784 0.8571428657
109143  27.208  7.323  -33.511 0.8571428657
110273  26.400  7.953  -34.124 0.8571428657
118036  28.424  14.735  -33.911 0.1428571492
119231  27.898  15.061  -34.322 0.2857142985
115801  27.454  13.033  -34.050 0.1428571492
114625  27.100  12.516  -34.241 0.8571428657
113539  27.105  10.715  -34.166 0.8571428657
112465  27.294  10.152  -33.731 0.7142857313
112480  26.578  10.633  -34.544 0.8571428657
120371  27.531  16.212  -34.855 0.1428571492
190266  27.880  17.560  -35.362 0.1428571492
116941  27.138  14.591  -34.592 0.4285714328
116932  26.449  13.761  -34.843 0.8571428657
115813  26.380  12.922  -34.864 0.8571428657
113554  26.419  11.220  -34.873 0.8571428657
112467  26.166  9.848  -34.472 0.8571428657
119242  26.792  15.179  -35.024 0.4285714328
115814  26.121  12.428  -35.176 0.8571428657
114638  26.287  11.805  -35.066 0.8571428657
113565  25.898  11.275  -35.267 0.8571428657
121493  27.186  17.260  -35.479 0.1428571492
122539  26.772  17.585  -35.831 0.2857142985
120385  27.058  16.559  -35.291 0.5714285970
119254  26.095  15.613  -35.722 0.8571428657
118059  26.261  15.015  -35.393 0.8571428657
118047  25.993  14.340  -35.319 0.8571428657
115825  25.641  12.581  -35.624 0.8571428657
174222  25.546  14.018  -35.775 0.8571428657
114650  25.223  12.052  -35.941 0.8571428657
123539  27.068  19.036  -36.507 0.2857142985
121501  26.236  17.469  -36.176 0.7142857313
121494  26.518  16.904  -35.749 0.5714285970
121495  25.981  16.876  -36.157 0.8571428657
118061  25.131  14.349  -36.262 0.8571428657
116963  24.709  13.905  -36.639 0.8571428657
115826  25.142  12.773  -36.114 0.8571428657
121502  25.663  17.168  -36.586 0.8571428657
120399  25.214  16.644  -37.031 0.8571428657
118071  25.162  15.108  -36.623 0.8571428657
119272  24.788  15.481  -37.063 0.7142857313
198646  24.744  14.528  -36.665 0.7142857313
122556  25.611  18.417  -37.192 0.8571428657
121507  25.243  17.545  -37.240 0.8571428657
119264  25.235  15.892  -36.843 0.8571428657
174398  24.696  16.815  -37.595 0.8571428657
121515  24.615  17.586  -37.897 0.8571428657
119273  24.156  15.426  -37.441 0.7142857313
125593  25.451  20.693  -38.268 0.7142857313
123558  24.901  19.034  -38.065 0.8571428657
124571  25.066  19.994  -38.299 0.8571428657
123578  24.516  19.397  -38.647 0.8571428657
125622  23.913  21.183  -40.078 0.7142857313
182133  24.760  16.050  -37.347 0.8571428657
122562  24.525  18.283  -38.237 0.8571428657
186526  26.278  24.869  -41.816 0.1428571492
125606  24.872  20.880  -38.750 0.8571428657
125607  24.515  21.430  -39.349 0.7142857313
127555  24.293  22.569  -40.075 0.7142857313
185321  24.179  20.690  -39.380 0.8571428657
130669  25.528  25.727  -42.468 0.1428571492
127571  24.348  23.357  -40.420 0.5714285970
128518  24.103  23.986  -41.010 0.5714285970
128531  23.575  23.920  -41.647 0.5714285970
129529  24.791  24.973  -41.560 0.1428571492
131708  25.720  26.735  -44.588 0.1428571492
128541  23.137  23.974  -42.556 0.5714285970
132558  24.514  27.180  -43.987 0.1428571492
132578  24.924  27.511  -45.284 0.1428571492
130671  23.994  25.737  -42.545 0.1428571492
132579  24.661  27.934  -45.853 0.1428571492
129549  23.744  25.193  -42.184 0.5714285970
132568  24.477  27.553  -44.742 0.1428571492
132560  23.270  27.174  -44.371 0.1428571492
133516  24.279  28.370  -46.427 0.1428571492
133500  23.193  27.707  -44.957 0.1428571492
79576  19.823  -14.482  -23.289 0.1428571492
83322  21.365  -12.503  -24.326 0.2857142985
82171  22.819  -13.079  -24.079 0.1428571492
189631  23.558  -12.432  -24.541 0.2857142985
83321  22.551  -11.963  -24.599 0.2857142985
87970  26.187  -9.205  -26.236 0.2857142985
87971  25.245  -9.289  -26.206 0.2857142985
183009  25.057  -9.894  -25.865 0.1428571492
94336  26.445  -4.005  -29.074 0.2857142985
94326  26.200  -4.593  -28.747 0.2857142985
97906  27.321  -1.347  -30.079 0.4285714328
95619  26.065  -2.913  -29.715 0.5714285970
104580  28.183  3.745  -31.962 0.2857142985
97917  26.131  -1.089  -30.781 0.7142857313
106882  28.725  5.754  -32.128 0.1428571492
104591  26.515  3.911  -33.059 0.8571428657
109138  27.792  7.248  -33.021 0.7142857313
118026  28.878  14.364  -33.496 0.1428571492
114624  27.620  12.350  -33.893 0.8571428657
113553  26.895  11.236  -34.503 0.8571428657
111384  26.257  9.099  -34.345 0.8571428657
112481  26.028  10.608  -34.953 0.8571428657
122555  26.300  18.709  -36.799 0.8571428657
123557  25.531  19.532  -37.740 0.8571428657
126563  25.167  21.691  -38.995 0.8571428657
127554  24.944  22.940  -39.832 0.7142857313
128517  24.814  24.067  -40.671 0.2857142985
130653  24.373  25.388  -42.000 0.1428571492
132557  25.288  26.829  -43.969 0.1428571492
132595  24.798  28.190  -47.536 0.1428571492
79577  19.033  -14.673  -23.125 0.1428571492
84455  21.408  -11.426  -25.132 0.4285714328
85688  23.565  -10.471  -25.506 0.2857142985
84466  22.157  -11.042  -25.277 0.4285714328
197763  21.471  -10.826  -25.671 0.2857142985
85687  24.424  -10.275  -25.610 0.1428571492
89139  26.930  -7.928  -26.756 0.2857142985
90382  26.478  -6.696  -27.279 0.2857142985
89149  25.315  -7.031  -27.264 0.2857142985
89150  24.820  -7.449  -27.163 0.2857142985
90383  25.734  -6.568  -27.399 0.2857142985
97908  25.836  -1.756  -30.476 0.7142857313
114612  29.983  11.956  -31.599 0.1428571492
118025  29.514  14.606  -33.086 0.1428571492
119240  28.035  15.835  -34.447 0.1428571492
119241  27.387  15.457  -34.721 0.2857142985
120370  28.175  16.558  -34.661 0.1428571492
116931  27.249  13.736  -34.288 0.8571428657
177277  26.089  8.516  -34.400 0.8571428657
110278  25.722  7.860  -34.502 1.0000000000
122538  27.347  17.936  -35.728 0.1428571492
122548  27.573  18.623  -36.050 0.1428571492
123548  26.626  19.439  -36.999 0.2857142985
116964  24.318  13.593  -37.078 0.8571428657
123549  25.922  19.148  -37.266 0.5714285970
125592  26.074  20.894  -38.129 0.5714285970
189246  25.891  21.950  -38.879 0.5714285970
126564  24.809  22.011  -39.371 0.7142857313
128504  25.237  23.604  -40.123 0.4285714328
128503  26.059  23.650  -40.093 0.2857142985
128516  25.630  24.114  -40.574 0.2857142985
129511  25.207  24.565  -41.072 0.1428571492
130652  25.114  25.408  -41.978 0.1428571492
130670  24.768  25.811  -42.444 0.1428571492
184276  22.840  25.189  -43.594 0.2857142985
131691  25.604  26.429  -43.475 0.1428571492
132559  23.830  27.116  -43.923 0.1428571492
131694  23.441  26.661  -43.796 0.1428571492
131709  22.791  26.585  -44.531 0.1428571492
132567  25.099  27.217  -44.585 0.1428571492
133517  23.477  28.641  -46.513 0.1428571492
132580  22.387  27.885  -45.770 0.1428571492
133526  24.006  28.853  -47.369 0.1428571492
124569  26.508  20.480  -37.727 0.4285714328
125591  26.812  21.039  -38.089 0.4285714328
126562  26.643  22.065  -38.870 0.4285714328
127545  26.176  22.606  -39.232 0.4285714328
127546  25.349  22.429  -39.319 0.5714285970
127553  25.704  23.093  -39.675 0.5714285970
199819  21.529  -13.372  -23.721 0.1428571492
82174  20.263  -13.210  -24.099 0.1428571492
80844  20.095  -13.837  -23.716 0.1428571492
80827  18.433  -14.152  -23.273 0.1428571492
83323  20.209  -12.008  -24.707 0.4285714328
83301  19.706  -12.619  -24.335 0.2857142985
186156  20.964  -12.022  -24.768 0.5714285970
82194  22.981  -12.482  -24.392 0.1428571492
84465  22.858  -10.723  -25.388 0.1428571492
89140  26.094  -7.877  -26.804 0.2857142985
100121  26.382  0.555  -31.867 0.7142857313
105714  27.866  4.350  -32.387 0.8571428657
103464  27.010  3.425  -32.643 0.8571428657
109137  28.389  7.155  -32.519 0.5714285970
110271  27.999  8.802  -32.950 0.5714285970
113537  28.306  11.308  -33.357 0.2857142985
113523  29.430  10.757  -32.328 0.1428571492
112449  28.379  10.159  -32.804 0.1428571492
111383  26.639  9.419  -34.085 0.8571428657
188222  26.707  11.681  -34.733 0.8571428657
118046  26.494  14.576  -35.009 0.8571428657
119263  25.651  15.708  -36.271 0.8571428657
118060  25.696  14.885  -35.921 0.8571428657
116954  25.123  13.548  -36.204 0.8571428657
120398  25.614  16.444  -36.457 0.8571428657
123550  25.369  18.891  -37.557 0.8571428657
122557  25.033  18.292  -37.685 0.8571428657
130651  25.766  25.328  -42.044 0.1428571492
188824  23.979  24.416  -41.447 0.5714285970
127592  23.656  23.268  -41.187 0.5714285970
186743  25.832  26.752  -45.920 0.1428571492
130672  23.306  25.429  -42.888 0.4285714328
131693  24.108  26.761  -43.436 0.1428571492
132587  24.853  27.973  -46.593 0.1428571492
132586  25.345  27.398  -46.066 0.1428571492
131679  24.433  26.264  -42.925 0.1428571492
130690  23.690  26.140  -43.183 0.1428571492
133506  24.035  28.204  -45.742 0.1428571492
87969  27.005  -9.090  -26.264 0.1428571492
124562  26.197  19.853  -37.440 0.5714285970
179878  22.209  -10.470  -25.744 0.4285714328
90384  25.002  -6.531  -27.569 0.5714285970
130691  23.007  25.877  -43.846 0.1428571492
90401  23.845  -6.548  -28.100 0.5714285970
89163  22.339  -7.092  -28.632 0.5714285970
89165  21.187  -7.669  -28.317 0.2857142985
91726  23.710  -5.572  -29.082 0.5714285970
90410  22.653  -6.489  -28.961 0.5714285970
185814  21.325  -8.627  -27.597 0.4285714328
91710  23.416  -6.194  -28.687 0.5714285970
90413  20.635  -7.051  -28.629 0.2857142985
90412  21.167  -6.617  -29.142 0.4285714328
94338  25.034  -4.571  -29.587 0.4285714328
195671  23.852  -5.069  -29.488 0.5714285970
91740  22.491  -5.533  -29.830 0.5714285970
91741  21.852  -5.716  -29.898 0.4285714328
94354  24.679  -4.200  -30.203 0.5714285970
94355  23.950  -4.312  -30.411 0.5714285970
93135  22.793  -4.968  -30.201 0.4285714328
94376  24.307  -3.791  -30.641 0.7142857313
95635  23.900  -3.201  -30.917 0.4285714328
96776  24.798  -2.535  -30.584 0.4285714328
90411  21.907  -6.656  -29.158 0.4285714328
201249  20.477  -6.437  -29.007 0.2857142985
95620  25.477  -3.363  -30.055 0.7142857313
97919  24.744  -1.651  -31.442 0.7142857313
96805  23.713  -1.885  -31.950 0.4285714328
99041  24.340  -0.852  -32.645 0.7142857313
97940  23.506  -0.889  -32.818 0.5714285970
99056  24.104  -0.386  -33.111 0.7142857313
172772  23.510  -0.277  -33.255 0.2857142985
97918  25.427  -1.350  -31.082 0.5714285970
97928  25.090  -1.092  -31.670 0.5714285970
97929  24.573  -1.224  -32.083 0.7142857313
100134  25.034  0.691  -33.076 0.7142857313
101246  23.987  1.411  -33.882 0.7142857313
102320  24.203  2.027  -33.967 0.7142857313
102321  23.706  2.094  -33.976 0.7142857313
101247  23.298  1.376  -33.851 0.4285714328
102333  23.522  2.787  -34.103 0.4285714328
101207  26.894  1.110  -31.840 0.5714285970
193195  25.088  0.105  -32.623 0.5714285970
200212  26.516  1.962  -32.520 0.5714285970
102319  25.244  2.459  -33.492 0.5714285970
103476  24.536  2.648  -33.981 0.7142857313
103490  24.337  3.333  -34.316 0.7142857313
105748  24.515  4.755  -34.927 0.7142857313
103491  23.906  3.343  -34.311 0.7142857313
171918  23.770  4.031  -34.559 0.5714285970
105761  23.986  5.224  -35.562 0.5714285970
181557  26.731  4.677  -33.146 0.7142857313
103474  25.738  3.605  -33.539 0.5714285970
197891  25.717  2.932  -33.332 0.5714285970
105736  25.571  4.760  -34.044 0.7142857313
104601  24.890  3.683  -34.115 0.7142857313
106913  25.182  5.662  -34.733 0.8571428657
103492  23.334  3.399  -34.295 0.4285714328
191634  24.964  6.718  -34.932 0.7142857313
106924  23.989  5.586  -35.823 0.7142857313
108026  24.475  6.858  -35.338 0.7142857313
106925  23.623  5.606  -35.994 0.5714285970
108027  23.978  6.219  -35.881 0.7142857313
104600  26.019  4.391  -33.509 0.5714285970
104612  24.979  4.374  -34.473 0.7142857313
109153  25.506  7.004  -34.549 0.8571428657
109154  25.011  7.446  -34.844 0.8571428657
109166  24.415  7.749  -35.263 0.7142857313
183714  23.893  7.105  -35.846 0.5714285970
110296  23.198  8.442  -36.241 0.2857142985
109145  26.196  7.221  -34.207 0.7142857313
110279  25.098  8.352  -34.856 0.7142857313
112500  23.522  10.094  -36.709 0.7142857313
201368  25.662  8.452  -34.609 0.7142857313
111390  24.981  9.207  -35.153 0.8571428657
110285  23.798  8.021  -35.728 0.8571428657
113575  24.677  11.460  -36.179 0.8571428657
111395  24.335  9.317  -35.653 0.8571428657
111396  23.681  9.327  -36.154 0.5714285970
112499  24.116  10.793  -36.462 0.8571428657
112511  23.449  10.865  -37.142 0.7142857313
112482  25.487  9.915  -34.959 0.8571428657
112492  24.764  10.735  -35.871 0.8571428657
113576  24.027  11.559  -36.721 0.8571428657
114659  24.614  12.201  -36.436 0.8571428657
115836  24.571  13.047  -36.689 0.8571428657
114667  23.983  12.318  -36.975 0.7142857313
120408  24.230  16.140  -37.893 0.7142857313
120417  23.650  16.239  -38.441 0.7142857313
121508  24.118  16.918  -38.172 0.5714285970
119287  22.972  15.700  -38.569 0.7142857313
122563  24.097  18.311  -38.849 0.7142857313
123579  24.145  18.918  -39.103 0.8571428657
123597  23.918  19.147  -39.847 0.7142857313
120429  22.798  16.594  -39.450 0.7142857313
122601  23.599  18.553  -40.974 0.7142857313
124621  23.212  19.860  -41.486 0.7142857313
122602  23.262  18.407  -41.114 0.5714285970
189210  23.767  20.341  -40.100 0.7142857313
125639  23.454  20.557  -40.818 0.7142857313
123615  22.771  18.808  -41.440 0.5714285970
125640  22.993  20.788  -41.693 0.4285714328
124636  22.722  19.834  -42.068 0.5714285970
123626  22.437  19.438  -41.933 0.5714285970
205016  23.520  21.244  -40.852 0.5714285970
122603  22.026  18.493  -41.026 0.5714285970
126614  22.986  21.634  -42.043 0.5714285970
124648  22.392  20.473  -42.469 0.5714285970
124637  22.091  20.064  -42.299 0.5714285970
123616  21.781  19.122  -41.407 0.4285714328
122604  21.366  18.710  -40.673 0.5714285970
122593  21.082  18.082  -40.286 0.4285714328
124638  21.606  20.097  -42.268 0.5714285970
123627  21.840  19.655  -42.023 0.5714285970
126628  22.666  21.625  -42.935 0.5714285970
122605  20.794  18.848  -40.123 0.4285714328
120419  20.255  16.412  -38.605 0.4285714328
124622  21.256  19.706  -41.645 0.5714285970
123617  20.952  19.337  -40.822 0.5714285970
124603  20.367  20.261  -40.073 0.4285714328
99016  27.551  -0.652  -30.291 0.2857142985
103465  26.350  3.141  -32.991 0.5714285970
194226  20.989  21.099  -42.143 0.2857142985
179374  20.157  19.700  -39.407 0.4285714328
200183  22.785  -7.928  -27.624 0.5714285970
87995  21.991  -8.567  -27.411 0.5714285970
93094  24.903  -5.426  -28.409 0.2857142985
178392  24.253  -5.878  -28.449 0.4285714328
89164  21.985  -7.637  -28.274 0.5714285970
93093  25.418  -4.926  -28.778 0.2857142985
93111  24.490  -5.136  -29.056 0.5714285970
94356  23.171  -4.465  -30.621 0.4285714328
94377  23.542  -3.841  -30.779 0.5714285970
91729  20.798  -6.022  -29.432 0.2857142985
91742  21.153  -5.471  -29.985 0.2857142985
96786  23.557  -2.509  -31.361 0.5714285970
101194  28.688  0.973  -30.529 0.2857142985
99042  22.537  -1.094  -32.463 0.2857142985
100147  23.727  0.779  -33.778 0.7142857313
111389  25.686  9.060  -34.686 0.8571428657
197802  23.852  8.743  -35.771 0.7142857313
118079  23.938  14.665  -37.392 0.7142857313
118092  23.554  15.050  -37.735 0.7142857313
118080  23.426  14.374  -37.937 0.7142857313
122592  23.448  18.137  -40.529 0.7142857313
121567  22.047  17.908  -40.811 0.5714285970
122594  20.524  18.182  -39.606 0.2857142985
126596  23.859  21.901  -40.445 0.5714285970
126597  23.387  21.776  -41.212 0.5714285970
127572  23.777  22.585  -40.771 0.5714285970
124649  21.927  20.667  -42.716 0.5714285970
125666  21.572  20.912  -43.312 0.2857142985
94378  22.719  -3.926  -30.927 0.4285714328
91692  25.467  -6.075  -27.690 0.2857142985
102306  26.904  2.607  -32.524 0.7142857313
99039  25.679  0.015  -32.024 0.5714285970
106891  26.945  5.436  -33.299 0.7142857313
108005  25.849  6.342  -34.236 0.7142857313
106901  26.438  5.885  -33.745 0.7142857313
112491  25.422  10.661  -35.395 0.7142857313
124586  23.968  19.944  -39.533 0.8571428657
96775  25.457  -2.490  -30.161 0.5714285970
96784  25.118  -1.960  -30.739 0.5714285970
115845  23.899  13.043  -37.258 0.7142857313
100122  25.706  0.647  -32.483 0.5714285970
90402  23.084  -6.829  -28.339 0.5714285970
90386  23.527  -7.174  -27.758 0.4285714328
90403  21.557  -7.182  -28.773 0.5714285970
89153  21.605  -8.176  -27.943 0.5714285970
91727  22.950  -5.864  -29.273 0.5714285970
93112  23.220  -5.267  -29.608 0.5714285970
181591  22.217  -6.108  -29.497 0.4285714328
86859  21.486  -9.116  -27.180 0.5714285970
91728  21.520  -6.175  -29.617 0.4285714328
93134  24.284  -4.683  -29.824 0.5714285970
178307  23.553  -4.789  -30.038 0.5714285970
93136  21.918  -5.123  -30.334 0.4285714328
96785  24.264  -2.623  -31.028 0.5714285970
196198  24.610  -2.168  -31.028 0.5714285970
204555  24.249  -1.681  -31.933 0.7142857313
97930  23.957  -1.377  -32.360 0.5714285970
97931  23.242  -1.574  -32.370 0.4285714328
198707  22.622  -1.773  -32.189 0.4285714328
96806  23.026  -2.100  -31.896 0.4285714328
99040  25.008  -0.574  -32.197 0.7142857313
99057  22.727  -0.326  -33.007 0.2857142985
100135  24.383  0.803  -33.668 0.7142857313
181375  25.585  1.240  -32.873 0.7142857313
101229  24.893  1.306  -33.408 0.7142857313
102332  24.034  2.707  -34.130 0.7142857313
101227  26.044  2.383  -32.945 0.5714285970
104613  24.469  4.078  -34.566 0.7142857313
202981  24.225  4.896  -35.180 0.7142857313
105747  25.104  4.993  -34.658 0.5714285970
105760  24.312  5.216  -35.428 0.7142857313
171307  23.414  5.090  -35.531 0.2857142985
109181  23.299  7.390  -36.311 0.5714285970
109182  22.672  7.659  -36.668 0.2857142985
112493  24.262  10.026  -36.132 0.8571428657
121533  23.696  17.740  -39.198 0.7142857313
122579  23.820  18.369  -39.701 0.7142857313
124620  23.557  19.803  -40.803 0.8571428657
125665  22.104  21.057  -43.138 0.7142857313
194390  21.344  20.741  -42.482 0.5714285970
123598  20.421  19.531  -40.170 0.4285714328
93137  21.168  -4.778  -30.524 0.1428571492
94379  21.791  -3.943  -30.998 0.4285714328
84457  19.841  -11.330  -24.886 0.4285714328
184594  27.589  -5.812  -27.625 0.1428571492
93076  26.949  -5.373  -27.727 0.1428571492
93091  27.295  -4.806  -28.194 0.1428571492
96762  27.521  -2.472  -29.457 0.1428571492
97893  27.783  -1.817  -29.678 0.1428571492
185358  27.748  -4.708  -28.182 0.1428571492
93075  27.813  -5.172  -27.913 0.1428571492
96761  28.209  -2.307  -29.307 0.1428571492
95609  27.884  -3.011  -28.985 0.1428571492
204861  28.085  -4.080  -28.351 0.1428571492
97905  28.021  -1.139  -29.901 0.1428571492
101204  28.923  1.633  -30.761 0.2857142985
103443  28.982  2.995  -31.205 0.1428571492
116970  24.334  14.256  -37.022 0.5714285970
134493  21.669  29.754  -48.289 0.1428571492
114668  23.349  12.403  -37.508 0.4285714328
134485  21.372  29.309  -47.747 0.1428571492
132570  22.557  27.217  -45.179 0.1428571492
116980  22.792  14.064  -38.403 0.4285714328
118093  22.928  14.983  -38.273 0.5714285970
118108  22.328  15.262  -38.898 0.4285714328
129609  20.563  24.525  -46.928 0.2857142985
127628  21.520  22.298  -45.112 0.2857142985
126642  22.458  22.094  -43.540 0.2857142985
205014  21.986  23.073  -44.674 0.2857142985
115857  20.405  13.168  -38.521 0.1428571492
119299  22.415  15.866  -39.291 0.5714285970
121555  23.442  17.803  -39.842 0.5714285970
127643  20.595  22.186  -45.624 0.2857142985
177685  22.791  22.403  -42.768 0.4285714328
118110  21.206  14.591  -39.400 0.4285714328
119315  21.453  16.099  -40.111 0.5714285970
126657  20.632  21.660  -45.311 0.2857142985
118111  20.633  15.012  -39.227 0.4285714328
119302  20.599  15.817  -39.401 0.2857142985
126630  20.341  21.521  -43.333 0.1428571492
125679  20.881  21.237  -43.748 0.1428571492
126645  20.377  21.432  -44.317 0.1428571492
119288  20.245  15.571  -38.475 0.1428571492
120432  20.546  16.672  -39.586 0.4285714328
126615  20.845  21.376  -41.467 0.1428571492
192808  20.357  22.034  -42.472 0.1428571492
127629  20.131  22.740  -44.775 0.1428571492
125623  20.503  21.131  -39.912 0.2857142985
124572  20.023  20.457  -38.250 0.1428571492
178735  20.517  22.125  -41.533 0.1428571492
127612  20.240  22.267  -43.079 0.1428571492
126598  20.749  21.709  -40.627 0.1428571492
126578  20.599  21.910  -39.769 0.1428571492
127594  20.398  22.691  -42.186 0.1428571492
127548  20.690  22.489  -39.573 0.1428571492
84468  20.288  -10.952  -25.459 0.4285714328
86840  19.449  -9.729  -25.794 0.2857142985
91690  27.052  -6.209  -27.459 0.1428571492
95597  28.410  -3.314  -28.685 0.1428571492
99015  28.240  -0.431  -30.095 0.1428571492
116972  23.189  13.731  -37.959 0.2857142985
128550  22.592  23.650  -43.769 0.2857142985
127644  20.311  22.707  -45.664 0.2857142985
128560  21.236  23.058  -45.680 0.2857142985
128552  20.015  23.688  -44.617 0.2857142985
85691  19.360  -10.149  -25.360 0.2857142985
86835  25.846  -9.914  -25.890 0.1428571492
85686  25.290  -10.397  -25.623 0.1428571492
190357  27.254  -7.450  -26.934 0.1428571492
90362  27.797  -7.193  -26.992 0.1428571492
102289  28.495  2.513  -31.387 0.1428571492
100102  27.785  0.045  -30.518 0.1428571492
118095  20.208  14.742  -38.410 0.1428571492
115846  23.250  13.114  -37.744 0.4285714328
116982  20.243  13.978  -38.433 0.2857142985
121557  22.185  17.402  -40.458 0.5714285970
127593  23.111  23.059  -42.102 0.4285714328
128570  20.136  23.416  -46.147 0.2857142985
128568  20.812  23.726  -46.494 0.2857142985
128551  22.013  23.767  -44.844 0.2857142985
129582  21.927  24.479  -45.175 0.2857142985
130724  21.132  25.163  -46.790 0.2857142985
131723  20.630  25.883  -47.052 0.1428571492
192963  20.638  26.654  -47.033 0.1428571492
128542  20.257  23.102  -43.385 0.2857142985
128561  19.946  23.265  -45.518 0.2857142985
132571  21.498  27.165  -46.455 0.1428571492
133508  21.396  27.867  -46.692 0.1428571492
130708  22.237  25.903  -44.889 0.1428571492
131710  21.960  26.522  -45.577 0.1428571492
201216  29.373  4.031  -31.230 0.2857142985
129568  22.981  24.627  -43.179 0.4285714328
130742  20.442  25.034  -46.855 0.2857142985
130692  22.387  25.226  -44.425 0.2857142985
130709  21.688  25.199  -45.540 0.1428571492
84456  20.579  -11.525  -25.163 0.4285714328
101205  28.264  1.435  -31.014 0.4285714328
127573  23.255  22.455  -41.546 0.4285714328
127611  22.767  22.971  -43.122 0.2857142985
129569  22.525  24.489  -44.132 0.2857142985
120418  23.133  16.247  -38.950 0.5714285970
121556  22.924  17.569  -40.190 0.5714285970
124623  20.726  19.997  -40.883 0.4285714328
123580  20.034  19.789  -38.567 0.2857142985
125668  20.881  21.189  -42.871 0.2857142985
116971  23.787  13.813  -37.497 0.5714285970
120449  22.440  16.978  -40.005 0.5714285970
120451  21.125  16.686  -40.155 0.5714285970
126629  22.132  21.508  -43.682 0.2857142985
182672  21.461  21.177  -44.105 0.2857142985
94308  28.207  -4.539  -28.162 0.1428571492
97891  29.149  -1.435  -29.385 0.1428571492
116981  22.088  13.636  -38.783 0.2857142985
127657  20.467  22.901  -46.116 0.2857142985
127642  20.765  22.282  -45.763 0.2857142985
126643  21.762  21.751  -44.461 0.2857142985
127627  22.253  22.618  -44.112 0.2857142985
116994  21.157  13.902  -39.186 0.2857142985
118109  21.764  14.936  -39.458 0.4285714328
180930  20.187  22.046  -44.076 0.1428571492
119301  21.220  15.420  -39.748 0.4285714328
119300  21.759  15.647  -39.791 0.5714285970
120431  21.002  16.106  -39.891 0.5714285970
85670  19.639  -10.667  -25.174 0.2857142985
99001  29.395  -0.741  -29.581 0.1428571492
114675  22.661  12.448  -38.103 0.2857142985
129596  21.201  24.384  -46.402 0.2857142985
178815  21.539  25.831  -45.898 0.2857142985
132588  20.815  27.305  -47.007 0.1428571492
193066  23.904  4.741  -35.040 0.4285714328
108041  22.872  6.815  -36.584 0.2857142985
130674  20.634  25.472  -43.192 0.1428571492
130726  20.087  25.075  -45.783 0.1428571492
131695  20.507  26.867  -43.804 0.1428571492
185837  21.023  23.487  -40.492 0.1428571492
191181  20.866  26.073  -42.735 0.1428571492
129552  20.302  24.724  -43.784 0.1428571492
130710  20.145  25.453  -44.999 0.1428571492
204485  20.914  24.095  -41.852 0.1428571492
129513  21.068  24.628  -41.183 0.1428571492
129551  20.677  24.762  -42.891 0.1428571492
131668  21.111  26.036  -41.979 0.1428571492
132551  21.001  27.260  -43.357 0.1428571492
186082  20.353  24.083  -43.431 0.1428571492
130673  20.910  25.432  -42.391 0.1428571492
131667  21.582  26.622  -41.774 0.1428571492
203706  21.156  26.488  -42.414 0.1428571492
106939  23.299  6.076  -36.370 0.2857142985
130654  21.078  25.400  -41.576 0.1428571492
132543  21.359  27.008  -42.604 0.1428571492
132562  20.649  27.498  -44.087 0.1428571492
95611  25.946  -3.657  -29.550 0.2857142985
189079  20.116  24.710  -44.852 0.1428571492
179357  20.062  26.060  -46.082 0.1428571492
131696  20.235  26.226  -44.553 0.1428571492
131711  20.148  26.455  -45.669 0.1428571492
131655  21.344  26.021  -41.195 0.1428571492
94353  25.342  -4.029  -29.947 0.4285714328
87987  22.359  -9.094  -26.747 0.4285714328
87986  23.310  -8.848  -26.671 0.2857142985
86850  23.866  -9.279  -26.294 0.1428571492
87994  22.814  -8.353  -27.237 0.2857142985
176697  23.251  -7.800  -27.483 0.2857142985
86839  22.293  -9.868  -26.234 0.2857142985
121558  21.404  17.424  -40.477 0.4285714328
90385  24.351  -6.932  -27.578 0.2857142985
89142  24.451  -8.096  -26.872 0.1428571492
87993  23.652  -8.225  -27.010 0.1428571492
86837  23.722  -9.867  -25.888 0.1428571492
89151  24.004  -7.608  -27.302 0.2857142985
173220  22.333  -8.042  -27.769 0.4285714328
178146  21.714  14.151  -39.240 0.2857142985
86851  23.085  -9.516  -26.268 0.2857142985
85700  20.991  -10.024  -26.481 0.2857142985
85690  19.968  -10.337  -25.710 0.2857142985
85699  21.596  -9.697  -26.677 0.2857142985
86852  20.855  -9.495  -26.878 0.2857142985
95636  23.122  -3.212  -31.071 0.2857142985
96787  22.728  -2.647  -31.425 0.2857142985
96807  22.312  -2.209  -31.785 0.2857142985
100148  23.190  0.283  -33.504 0.1428571492
101230  22.752  0.874  -33.513 0.1428571492
102322  23.030  2.212  -33.925 0.2857142985
194023  23.117  3.923  -34.482 0.1428571492
108042  22.101  6.768  -36.498 0.1428571492
110297  22.395  8.536  -36.719 0.1428571492
112501  22.855  9.987  -37.055 0.1428571492
112512  22.760  10.558  -37.480 0.1428571492
111418  21.859  9.847  -37.210 0.1428571492
114677  21.424  12.005  -38.608 0.1428571492
116993  21.577  13.567  -39.154 0.1428571492
190952  20.402  12.488  -38.318 0.1428571492
115856  20.979  12.523  -38.732 0.1428571492
197698  20.415  17.458  -39.391 0.1428571492
121535  20.175  17.944  -38.838 0.1428571492
121509  19.935  16.993  -37.865 0.1428571492
122580  20.213  18.556  -38.992 0.1428571492
122564  19.974  18.514  -38.276 0.1428571492
123560  20.103  19.122  -38.791 0.1428571492
197124  19.280  -10.861  -24.706 0.2857142985
85689  21.541  -10.286  -26.192 0.1428571492
113582  23.432  11.696  -37.294 0.2857142985
112513  22.056  10.444  -37.629 0.1428571492
115869  21.161  13.185  -38.992 0.1428571492
84437  19.159  -11.353  -24.384 0.2857142985
189722  22.338  -4.574  -30.762 0.2857142985
95637  22.325  -3.247  -31.166 0.2857142985
96788  22.079  -2.679  -31.392 0.2857142985
101248  22.451  1.606  -33.644 0.1428571492
104616  22.514  4.178  -34.647 0.1428571492
105749  22.418  4.974  -35.283 0.1428571492
106926  22.941  5.664  -36.002 0.1428571492
108029  21.281  6.475  -35.890 0.1428571492
109183  21.856  7.470  -36.667 0.1428571492
110298  21.771  8.164  -36.737 0.1428571492
111405  21.708  9.022  -36.856 0.1428571492
191778  22.290  11.043  -37.926 0.1428571492
114678  20.788  11.975  -38.387 0.1428571492
186589  20.187  17.196  -38.718 0.1428571492
175502  21.579  -3.090  -31.180 0.2857142985
175843  20.750  -10.560  -26.016 0.2857142985
103477  22.868  2.914  -34.058 0.1428571492
111403  22.973  9.308  -36.593 0.1428571492
120409  19.843  16.230  -37.694 0.1428571492
94380  21.206  -4.274  -30.839 0.1428571492
113583  22.885  11.258  -37.655 0.1428571492
114676  21.996  12.154  -38.497 0.1428571492
85701  20.237  -9.818  -26.324 0.2857142985
96808  21.515  -2.264  -31.466 0.1428571492
111404  22.349  9.464  -36.960 0.1428571492
109167  20.717  7.149  -35.942 0.1428571492
85654  18.673  -10.639  -24.225 0.1428571492
85655  18.116  -10.075  -23.743 0.1428571492
85671  19.026  -10.295  -24.849 0.1428571492
87988  20.094  -9.050  -26.792 0.1428571492
104579  28.499  4.440  -31.912 0.1428571492
105705  29.562  5.078  -31.398 0.1428571492
125590  27.579  21.087  -38.190 0.1428571492
83302  19.012  -12.052  -24.119 0.1428571492
86841  18.835  -9.116  -25.845 0.1428571492
202390  19.553  -8.902  -26.578 0.1428571492
87996  20.774  -8.892  -27.351 0.1428571492
86853  19.531  -9.243  -26.308 0.1428571492
89166  20.475  -7.625  -28.176 0.1428571492
124568  27.271  20.609  -37.714 0.1428571492
126561  27.369  22.026  -38.995 0.1428571492
90404  19.820  -7.226  -28.165 0.1428571492
123547  27.397  19.642  -36.893 0.1428571492
106881  29.246  5.606  -31.716 0.1428571492
89154  20.769  -8.259  -27.875 0.1428571492
84438  18.474  -11.380  -23.874 0.1428571492
85672  18.403  -9.826  -24.427 0.1428571492
87997  20.093  -8.438  -27.275 0.1428571492
80826  19.109  -14.245  -23.500 0.1428571492
82170  23.445  -12.936  -24.312 0.1428571492
82172  22.173  -13.240  -23.867 0.1428571492
82173  21.030  -13.027  -24.047 0.1428571492
82193  24.135  -12.772  -24.564 0.2857142985
82195  22.202  -12.577  -24.233 0.1428571492
83320  23.269  -11.948  -24.695 0.2857142985
84454  22.868  -11.355  -24.968 0.2857142985
86836  24.467  -9.604  -26.002 0.1428571492
87985  24.110  -8.700  -26.609 0.2857142985
89141  25.501  -7.512  -27.021 0.2857142985
89152  22.762  -7.516  -28.001 0.5714285970
90364  25.975  -7.176  -27.119 0.2857142985
90381  27.194  -6.905  -27.174 0.2857142985
90400  24.464  -6.343  -27.903 0.5714285970
91707  26.249  -5.317  -27.945 0.2857142985
91709  24.930  -5.943  -27.990 0.2857142985
93074  28.608  -5.143  -27.845 0.1428571492
94324  27.638  -4.268  -28.412 0.1428571492
94337  25.744  -4.319  -29.312 0.2857142985
94357  21.649  -4.593  -30.814 0.1428571492
95621  25.023  -3.031  -30.344 0.4285714328
95634  24.537  -3.172  -30.677 0.7142857313
96763  26.826  -2.659  -29.615 0.1428571492
96774  26.303  -2.225  -29.992 0.4285714328
96804  24.202  -2.110  -31.501 0.5714285970
97892  28.465  -1.620  -29.515 0.1428571492
99002  28.707  -0.934  -29.736 0.1428571492
99028  26.457  -0.452  -31.052 0.7142857313
99029  25.705  -0.648  -31.469 0.5714285970
99055  24.537  0.142  -33.198 0.7142857313
100111  28.012  0.742  -30.783 0.2857142985
100136  23.939  0.172  -33.509 0.7142857313
101217  26.347  1.289  -32.349 0.5714285970
101228  25.417  1.842  -33.158 0.7142857313
101244  24.742  1.938  -33.662 0.5714285970
101245  24.410  1.469  -33.778 0.7142857313
103444  28.419  3.127  -31.650 0.8571428657
103453  27.880  3.130  -32.007 0.8571428657
103475  25.112  3.068  -33.784 0.7142857313
104572  28.876  3.763  -31.494 0.2857142985
104614  24.220  4.403  -34.818 0.7142857313
104615  23.240  4.535  -34.825 0.4285714328
105712  28.882  5.087  -31.853 0.1428571492
105735  26.228  5.129  -33.606 0.5714285970
106902  25.709  5.478  -34.134 0.5714285970
106923  24.591  5.887  -35.327 0.7142857313
106938  23.629  5.913  -36.136 0.5714285970
107992  28.579  6.459  -32.308 0.1428571492
108000  27.074  6.094  -33.464 0.7142857313
108015  25.217  6.327  -34.728 0.8571428657
108040  23.478  6.473  -36.356 0.2857142985
108043  21.387  7.103  -36.379 0.1428571492
109136  29.201  8.067  -31.821 0.2857142985
109142  27.567  7.988  -33.230 0.5714285970
109144  26.708  7.438  -33.877 0.8571428657
110272  27.289  8.675  -33.525 0.5714285970
110284  24.392  8.578  -35.353 0.8571428657
110299  21.241  8.486  -36.608 0.1428571492
111368  27.023  9.654  -33.813 0.8571428657
111381  28.036  9.610  -32.953 0.1428571492
111417  22.391  10.072  -37.308 0.1428571492
112464  27.835  10.152  -33.274 0.1428571492
112466  26.776  10.072  -34.116 0.8571428657
113552  27.160  11.843  -34.327 0.8571428657
113566  25.308  11.365  -35.692 0.8571428657
113593  22.453  11.677  -38.113 0.1428571492
114613  29.528  12.110  -32.651 0.1428571492
114637  26.637  12.313  -34.682 0.8571428657
114649  25.768  11.923  -35.478 0.8571428657
114687  21.571  12.572  -38.905 0.1428571492
115800  28.132  12.921  -33.709 0.1428571492
115802  26.832  13.047  -34.443 0.8571428657
115855  22.062  12.830  -38.648 0.1428571492
115868  21.678  13.116  -38.977 0.1428571492
115870  20.658  13.680  -38.955 0.2857142985
116923  29.309  13.932  -33.028 0.1428571492
116930  27.953  13.617  -33.934 0.1428571492
116942  25.987  13.099  -35.258 0.8571428657
116953  25.553  13.275  -35.722 0.8571428657
116995  20.630  14.284  -39.054 0.4285714328
118037  27.862  14.304  -34.190 0.5714285970
118078  24.516  14.924  -37.008 0.7142857313
118094  22.280  14.439  -38.970 0.4285714328
119230  28.548  15.450  -34.019 0.1428571492
119286  23.540  15.594  -37.985 0.7142857313
120372  26.968  15.854  -35.127 0.4285714328
120386  26.503  16.148  -35.505 0.5714285970
120387  26.004  16.311  -35.920 0.8571428657
120428  23.528  16.961  -38.878 0.5714285970
120430  22.025  16.298  -39.924 0.5714285970
120450  21.665  16.748  -40.345 0.5714285970
120452  20.784  17.358  -40.029 0.4285714328
121477  27.672  16.918  -35.056 0.1428571492
121516  24.077  17.653  -38.498 0.7142857313
121534  23.136  17.281  -39.566 0.5714285970
121566  22.804  17.902  -40.756 0.5714285970
122549  26.706  18.226  -36.194 0.7142857313
122550  25.923  17.939  -36.672 0.8571428657
123538  27.883  19.248  -36.445 0.1428571492
123559  24.428  18.795  -38.548 0.8571428657
123613  23.708  19.064  -40.805 0.8571428657
123614  23.446  18.820  -41.378 0.7142857313
123625  23.042  19.296  -41.661 0.5714285970
124561  26.937  20.086  -37.282 0.4285714328
124570  25.787  20.256  -37.896 0.8571428657
124585  24.442  20.092  -38.915 0.8571428657
124602  23.760  19.681  -40.187 0.7142857313
124639  21.143  20.557  -41.678 0.4285714328
124650  21.718  20.607  -42.689 0.2857142985
125604  26.359  21.476  -38.484 0.4285714328
125605  25.629  21.284  -38.556 0.5714285970
125641  20.774  20.885  -40.756 0.4285714328
125656  22.646  21.046  -42.546 0.5714285970
125667  21.321  20.949  -43.050 0.5714285970
125678  21.032  21.437  -44.844 0.2857142985
126556  27.107  21.554  -38.522 0.1428571492
126576  24.738  22.415  -39.625 0.7142857313
126577  24.328  21.947  -39.782 0.7142857313
126644  20.655  21.345  -44.717 0.2857142985
126656  21.044  21.807  -45.183 0.2857142985
126658  20.393  21.801  -45.057 0.2857142985
127557  20.610  22.436  -40.537 0.1428571492
127656  20.635  23.076  -46.265 0.2857142985
128569  20.456  23.783  -46.602 0.2857142985
129510  25.995  24.533  -41.110 0.1428571492
129512  24.481  24.511  -41.198 0.2857142985
129528  25.535  24.972  -41.578 0.1428571492
129530  24.141  24.889  -41.670 0.1428571492
129531  23.630  24.585  -41.935 0.5714285970
129532  20.918  24.735  -42.076 0.1428571492
129550  23.319  24.842  -42.453 0.5714285970
129597  20.725  24.343  -47.091 0.2857142985
129598  20.123  23.964  -46.485 0.2857142985
130637  21.217  25.421  -40.733 0.1428571492
130689  25.964  26.024  -43.020 0.1428571492
130693  20.289  25.489  -44.066 0.1428571492
131678  25.237  26.211  -42.913 0.1428571492
131680  20.883  26.668  -43.052 0.1428571492
131681  20.519  26.181  -43.499 0.1428571492
131692  24.866  26.641  -43.408 0.1428571492
131721  25.552  27.044  -45.280 0.1428571492
131722  21.169  26.140  -46.708 0.1428571492
131733  20.669  26.778  -47.053 0.1428571492
132569  23.871  27.474  -44.444 0.1428571492
133495  20.878  28.148  -44.313 0.1428571492
133499  23.896  27.886  -45.070 0.1428571492
133507  23.264  28.203  -45.638 0.1428571492
170106  24.942  -3.679  -30.403 0.7142857313
170681  27.223  -3.011  -29.244 0.1428571492
175818  27.949  -3.659  -28.532 0.1428571492
177082  26.655  8.683  -33.988 0.8571428657
177564  22.220  7.795  -36.752 0.1428571492
177803  25.993  -5.014  -28.321 0.2857142985
179666  22.954  22.247  -42.252 0.4285714328
180299  28.522  1.986  -31.133 0.1428571492
180502  24.872  9.982  -35.502 0.7142857313
181081  20.337  19.004  -39.505 0.1428571492
182457  27.639  -7.827  -26.724 0.1428571492
182975  29.170  4.464  -31.495 0.1428571492
186963  20.162  25.806  -45.621 0.1428571492
187204  22.641  13.305  -38.226 0.4285714328
187226  24.154  19.509  -39.158 0.8571428657
187791  28.205  10.671  -33.185 0.1428571492
187917  20.058  23.895  -45.736 0.1428571492
188398  25.858  26.532  -44.003 0.1428571492
188452  23.763  18.612  -40.439 0.7142857313
188707  21.434  23.848  -45.789 0.2857142985
189287  20.649  21.588  -42.296 0.1428571492
189865  22.663  18.276  -41.060 0.5714285970
189984  24.689  5.241  -35.090 0.8571428657
190726  22.939  11.864  -37.760 0.4285714328
191103  22.154  -11.533  -24.885 0.4285714328
191384  29.024  12.301  -33.128 0.1428571492
193783  22.345  7.258  -36.833 0.2857142985
194181  21.557  18.098  -40.678 0.4285714328
194451  27.408  3.066  -32.310 0.8571428657
194671  24.633  3.166  -34.089 0.7142857313
194869  26.210  -0.079  -31.554 0.7142857313
194927  25.419  4.147  -33.956 0.7142857313
196063  25.710  -8.600  -26.511 0.2857142985
196303  22.010  15.416  -39.388 0.4285714328
197197  29.540  11.383  -32.511 0.1428571492
197730  26.007  1.739  -32.750 0.5714285970
199220  27.315  11.259  -34.136 0.8571428657
199239  23.450  19.293  -41.333 0.7142857313
199633  24.410  27.865  -45.297 0.1428571492
200197  25.900  -10.493  -25.629 0.1428571492
200917  23.242  0.788  -33.722 0.1428571492
201365  26.526  15.562  -35.354 0.8571428657
201499  23.156  10.382  -37.127 0.1428571492
203178  24.610  -0.331  -32.791 0.7142857313
203300  25.888  13.704  -35.364 0.8571428657
203531  24.174  3.841  -34.519 0.7142857313
203600  20.028  -14.784  -22.808 0.1428571492
203822  23.398  -10.965  -25.190 0.1428571492
204462  24.867  -6.979  -27.387 0.2857142985
