#!ascii label  , from subject sub-v2s2x29080_ses-1 vox2ras=TkReg
685
23725  -25.562  -55.086  -30.910 0.6999999881
23738  -25.880  -54.727  -31.561 0.6000000238
24789  -27.422  -54.384  -32.299 0.6000000238
23748  -29.436  -55.123  -32.878 0.4000000060
25844  -28.220  -53.375  -24.497 0.6999999881
25845  -28.965  -53.141  -24.821 0.6999999881
25857  -28.563  -53.799  -25.122 0.6999999881
25858  -29.245  -53.389  -25.517 0.6000000238
24728  -27.865  -54.229  -25.587 0.6999999881
161564  -29.012  -53.727  -26.925 0.6000000238
24743  -27.915  -54.268  -26.328 0.6000000238
25880  -28.597  -53.780  -27.553 0.6000000238
24762  -26.696  -54.141  -27.953 0.6000000238
191477  -28.141  -53.778  -27.958 0.6000000238
25907  -27.980  -53.189  -28.934 0.5000000000
25890  -26.339  -53.948  -28.716 0.5000000000
27015  -27.380  -52.863  -29.556 0.5000000000
25914  -25.556  -53.413  -30.510 0.6000000238
24781  -24.811  -54.519  -30.915 0.6000000238
27037  -25.315  -53.199  -31.814 0.6000000238
24792  -25.349  -53.850  -32.065 0.6000000238
24793  -25.901  -53.962  -32.451 0.6000000238
26961  -29.153  -52.423  -24.811 0.6000000238
26979  -30.160  -52.367  -26.218 0.6000000238
25869  -29.920  -52.922  -26.648 0.6000000238
26990  -29.961  -52.745  -27.412 0.6000000238
27017  -29.495  -52.358  -28.758 0.6000000238
26989  -29.455  -53.015  -28.085 0.6000000238
25892  -28.580  -53.453  -28.243 0.6000000238
28040  -28.520  -51.990  -29.676 0.6000000238
27028  -27.705  -52.225  -29.924 0.6000000238
25915  -26.473  -53.207  -29.798 0.6000000238
27027  -26.599  -52.570  -30.278 0.6999999881
27039  -26.151  -51.987  -30.987 0.6000000238
27038  -25.455  -52.295  -31.671 0.6000000238
24794  -26.850  -54.019  -32.631 0.5000000000
24795  -27.858  -54.161  -32.673 0.5000000000
27994  -28.608  -51.929  -24.569 0.6000000238
26962  -29.679  -52.182  -25.108 0.6000000238
28013  -30.840  -51.262  -26.493 0.6000000238
28022  -30.752  -51.511  -27.238 0.6000000238
27002  -30.021  -52.298  -28.103 0.6000000238
187120  -30.579  -51.138  -28.417 0.6000000238
27018  -30.065  -51.593  -28.761 0.6000000238
28041  -29.260  -51.678  -29.368 0.6000000238
160803  -28.934  -52.336  -29.211 0.6000000238
188385  -28.617  -51.357  -29.880 0.6000000238
28050  -27.928  -51.526  -30.163 0.6999999881
27056  -25.506  -52.481  -32.444 0.6000000238
27057  -26.057  -52.693  -32.806 0.6000000238
24808  -29.024  -54.040  -33.158 0.4000000060
167606  -28.729  -51.062  -25.095 0.6000000238
27995  -29.363  -51.616  -25.075 0.6000000238
28933  -30.819  -50.792  -25.997 0.6000000238
28959  -30.889  -51.034  -27.833 0.6000000238
28958  -30.791  -50.459  -28.400 0.5000000000
28968  -30.270  -50.725  -28.935 0.6000000238
28977  -29.037  -50.816  -29.758 0.6999999881
28987  -26.340  -50.682  -31.267 0.6000000238
28062  -27.237  -51.041  -30.714 0.6000000238
184624  -26.558  -51.362  -31.017 0.6000000238
188460  -25.483  -50.964  -32.070 0.6000000238
28072  -25.419  -51.584  -32.428 0.6000000238
27066  -27.587  -52.175  -33.164 0.6000000238
182143  -26.960  -52.881  -33.040 0.6000000238
25958  -29.173  -53.219  -33.240 0.4000000060
25956  -27.787  -52.993  -33.109 0.5000000000
28922  -28.576  -50.441  -25.407 0.5000000000
29838  -30.177  -50.190  -25.407 0.6000000238
28932  -30.408  -50.909  -25.630 0.6000000238
29845  -31.139  -50.106  -26.173 0.6000000238
28942  -31.060  -50.636  -26.482 0.5000000000
30810  -31.448  -49.417  -27.486 0.5000000000
29869  -31.152  -50.278  -27.690 0.5000000000
30834  -30.085  -48.856  -29.157 0.6000000238
31845  -29.356  -48.250  -29.527 0.6000000238
191203  -29.742  -49.417  -29.380 0.6999999881
30841  -28.189  -49.010  -30.194 0.6999999881
28976  -28.051  -50.637  -30.291 0.6999999881
31864  -26.844  -48.396  -31.536 0.6000000238
29899  -27.029  -50.168  -30.936 0.6999999881
30851  -26.748  -49.227  -31.170 0.6000000238
29909  -26.318  -49.265  -31.884 0.6000000238
28986  -25.699  -50.537  -31.917 0.6000000238
29917  -25.769  -50.304  -32.590 0.6000000238
29004  -26.091  -50.701  -33.098 0.6000000238
177290  -28.561  -51.893  -33.207 0.5000000000
187022  -29.315  -52.357  -33.239 0.4000000060
29828  -28.967  -50.093  -25.253 0.6000000238
29830  -30.404  -49.463  -25.214 0.6000000238
29839  -30.774  -50.042  -25.665 0.5000000000
29846  -31.466  -49.461  -26.571 0.6000000238
31824  -31.588  -48.545  -27.652 0.5000000000
30824  -31.163  -48.911  -28.213 0.6000000238
180811  -31.123  -47.532  -28.284 0.5000000000
163299  -30.709  -49.149  -28.705 0.6000000238
31847  -30.696  -47.699  -28.735 0.5000000000
31846  -30.063  -47.961  -29.154 0.5000000000
164536  -29.290  -47.446  -29.588 0.5000000000
30842  -28.768  -48.567  -29.911 0.6000000238
32917  -28.580  -47.065  -30.191 0.5000000000
31855  -28.582  -47.786  -29.999 0.5000000000
32929  -28.155  -46.865  -30.888 0.4000000060
30852  -27.290  -48.613  -30.735 0.6999999881
32928  -27.672  -47.148  -31.501 0.4000000060
31876  -27.524  -47.452  -32.072 0.5000000000
31875  -27.064  -47.999  -32.091 0.6000000238
31886  -27.488  -47.767  -32.580 0.5000000000
31885  -27.206  -48.362  -32.776 0.6000000238
161662  -28.120  -48.084  -33.184 0.5000000000
29927  -27.327  -49.715  -33.319 0.6000000238
189217  -29.187  -51.665  -33.149 0.5000000000
29918  -27.695  -48.927  -33.309 0.6000000238
29012  -28.099  -50.486  -33.296 0.6000000238
28094  -28.730  -51.158  -33.180 0.6000000238
185606  -30.096  -49.081  -24.831 0.5000000000
30796  -31.200  -49.399  -25.863 0.5000000000
31811  -31.759  -48.206  -26.523 0.5000000000
162839  -31.560  -47.724  -27.704 0.4000000060
32911  -30.802  -47.033  -28.592 0.4000000060
32910  -30.116  -47.044  -29.143 0.5000000000
34057  -29.934  -46.092  -29.288 0.5000000000
35358  -29.160  -45.194  -31.325 0.4000000060
177616  -28.781  -45.849  -31.251 0.4000000060
34077  -28.268  -46.424  -31.500 0.4000000060
34088  -28.884  -45.914  -31.896 0.5000000000
32938  -28.184  -46.739  -32.119 0.5000000000
34099  -29.035  -46.229  -32.528 0.5000000000
32945  -28.607  -46.869  -32.742 0.5000000000
32946  -29.379  -46.920  -32.953 0.5000000000
29930  -29.981  -49.932  -32.942 0.5000000000
29014  -29.707  -50.499  -32.987 0.5000000000
30884  -28.741  -48.968  -33.378 0.6000000238
29013  -28.991  -50.471  -33.179 0.5000000000
34058  -30.487  -46.490  -28.817 0.4000000060
34056  -29.336  -45.953  -29.952 0.5000000000
36645  -29.358  -44.714  -30.399 0.5000000000
35367  -29.472  -45.039  -31.787 0.4000000060
34100  -29.764  -45.872  -32.613 0.5000000000
30876  -30.841  -48.888  -32.648 0.5000000000
29005  -30.547  -50.097  -32.756 0.3000000119
35378  -30.256  -45.375  -32.505 0.5000000000
31888  -29.761  -47.701  -33.108 0.5000000000
30875  -30.119  -48.607  -33.015 0.5000000000
181532  -29.368  -44.348  -29.790 0.4000000060
36658  -29.362  -44.388  -31.283 0.4000000060
170316  -28.887  -43.410  -30.258 0.4000000060
39115  -29.508  -42.891  -31.958 0.4000000060
37938  -29.278  -43.501  -31.320 0.4000000060
36670  -30.500  -44.055  -32.206 0.4000000060
39116  -30.305  -42.557  -32.465 0.4000000060
36671  -31.373  -43.973  -32.490 0.5000000000
31890  -31.370  -48.371  -32.451 0.4000000060
30877  -31.471  -49.124  -32.329 0.4000000060
34101  -30.651  -46.143  -32.729 0.5000000000
31889  -30.678  -48.057  -32.785 0.5000000000
35379  -31.196  -45.426  -32.548 0.5000000000
32947  -30.437  -47.078  -32.837 0.5000000000
40333  -29.871  -41.791  -32.304 0.4000000060
39117  -31.081  -42.681  -32.507 0.4000000060
168943  -31.938  -47.331  -32.294 0.4000000060
183744  -31.328  -47.599  -32.588 0.5000000000
163643  -31.384  -44.717  -32.452 0.5000000000
34102  -31.456  -46.119  -32.582 0.5000000000
40334  -30.770  -41.882  -32.422 0.4000000060
188910  -32.387  -46.679  -31.926 0.4000000060
32930  -32.727  -46.747  -31.383 0.3000000119
37948  -31.537  -43.281  -32.498 0.5000000000
35370  -31.605  -45.109  -32.358 0.5000000000
178414  -31.978  -46.570  -32.253 0.5000000000
41599  -30.805  -41.203  -31.923 0.4000000060
35359  -32.440  -44.990  -31.061 0.3000000119
34066  -32.957  -45.511  -30.220 0.3000000119
39118  -31.480  -42.462  -32.198 0.4000000060
35371  -32.028  -45.260  -31.891 0.5000000000
39102  -31.939  -42.648  -31.322 0.4000000060
37949  -31.805  -43.747  -32.221 0.5000000000
37940  -32.156  -43.727  -31.519 0.5000000000
184685  -30.782  -40.843  -31.280 0.4000000060
36646  -32.767  -44.586  -30.290 0.3000000119
35348  -33.247  -44.902  -29.551 0.3000000119
40335  -31.180  -41.739  -31.920 0.4000000060
37927  -32.567  -43.698  -30.518 0.4000000060
40319  -31.626  -41.960  -31.320 0.4000000060
39103  -32.222  -43.204  -31.203 0.4000000060
42679  -30.131  -39.915  -30.096 0.5000000000
37915  -32.945  -43.269  -29.575 0.3000000119
37916  -33.636  -43.604  -28.990 0.4000000060
37905  -34.255  -43.082  -28.630 0.4000000060
37917  -34.425  -43.869  -28.739 0.4000000060
183914  -31.545  -40.947  -30.261 0.4000000060
40301  -32.365  -42.083  -29.862 0.5000000000
39071  -32.825  -42.526  -29.391 0.4000000060
41571  -31.884  -41.534  -30.318 0.5000000000
39087  -32.016  -42.225  -30.616 0.5000000000
40283  -32.366  -41.451  -29.380 0.5000000000
40267  -32.954  -41.423  -28.735 0.4000000060
40268  -33.722  -41.550  -28.438 0.4000000060
40269  -34.580  -41.736  -28.296 0.4000000060
37906  -35.017  -43.299  -28.557 0.3000000119
42680  -30.829  -40.100  -29.968 0.5000000000
42681  -31.481  -40.388  -29.678 0.5000000000
42653  -34.326  -39.680  -28.289 0.4000000060
177768  -34.869  -40.297  -28.256 0.3000000119
43789  -30.410  -38.848  -29.309 0.5000000000
42652  -33.579  -39.896  -28.334 0.4000000060
41539  -33.403  -40.721  -28.367 0.4000000060
41540  -34.292  -40.961  -28.256 0.4000000060
41541  -35.071  -41.165  -28.207 0.4000000060
177431  -35.668  -41.359  -28.521 0.3000000119
43811  -30.580  -39.497  -29.491 0.5000000000
171133  -32.013  -40.388  -29.157 0.5000000000
41557  -32.531  -40.730  -28.843 0.5000000000
42668  -31.240  -39.706  -29.355 0.5000000000
43777  -34.490  -39.067  -28.446 0.4000000060
42654  -34.983  -39.438  -28.473 0.4000000060
44959  -29.923  -37.615  -29.280 0.5000000000
41558  -35.947  -40.741  -28.933 0.3000000119
43790  -31.140  -38.905  -29.149 0.5000000000
44961  -31.929  -38.689  -28.943 0.5000000000
168340  -32.655  -38.599  -28.740 0.5000000000
42670  -32.408  -39.964  -28.798 0.5000000000
42669  -31.828  -39.857  -29.120 0.5000000000
44964  -34.717  -37.984  -28.978 0.4000000060
45947  -30.016  -37.008  -29.474 0.5000000000
45929  -32.098  -37.268  -29.072 0.5000000000
44965  -35.276  -38.358  -29.266 0.3000000119
43795  -35.827  -39.484  -29.379 0.3000000119
45927  -30.557  -37.127  -29.247 0.5000000000
45928  -31.317  -37.240  -29.124 0.5000000000
172403  -31.569  -38.040  -28.999 0.5000000000
23737  -25.075  -54.717  -31.351 0.6000000238
23740  -28.422  -54.689  -32.527 0.5000000000
25891  -27.533  -53.715  -28.371 0.6000000238
28967  -29.593  -50.161  -29.461 0.6999999881
28082  -25.730  -51.814  -32.793 0.6000000238
29881  -29.088  -49.333  -29.777 0.6999999881
28093  -27.851  -51.276  -33.238 0.6000000238
29888  -27.596  -49.558  -30.517 0.6999999881
178043  -27.390  -47.858  -31.057 0.5000000000
30862  -26.152  -49.514  -32.460 0.6000000238
32909  -29.290  -46.646  -29.752 0.5000000000
35347  -29.178  -45.516  -30.567 0.5000000000
32916  -27.876  -47.392  -30.605 0.4000000060
30874  -29.207  -48.295  -33.292 0.5000000000
29929  -29.289  -49.807  -33.171 0.5000000000
36669  -29.687  -44.168  -31.817 0.4000000060
34089  -29.475  -45.531  -32.265 0.5000000000
36659  -32.419  -44.272  -31.054 0.4000000060
39072  -33.429  -42.858  -28.857 0.4000000060
40270  -35.287  -41.928  -28.333 0.3000000119
44960  -30.660  -38.048  -29.119 0.5000000000
174457  -32.330  -37.947  -28.883 0.5000000000
18646  -23.616  -59.933  -21.213 0.5000000000
17723  -25.302  -60.859  -21.546 0.5000000000
18647  -24.257  -60.014  -21.209 0.5000000000
19639  -28.093  -59.643  -23.211 0.5000000000
166156  -27.108  -61.000  -22.163 0.5000000000
17736  -25.954  -60.975  -21.716 0.4000000060
161389  -23.940  -59.301  -21.275 0.5000000000
19621  -26.091  -59.406  -22.366 0.6000000238
19604  -24.603  -59.361  -21.499 0.6000000238
19638  -27.478  -59.257  -23.236 0.5000000000
18683  -26.848  -59.499  -22.731 0.5000000000
19683  -29.990  -59.251  -25.249 0.4000000060
21601  -22.637  -56.759  -21.511 0.6999999881
21603  -23.733  -57.097  -21.337 0.6999999881
20624  -25.300  -57.953  -22.242 0.6999999881
20641  -26.291  -58.254  -23.219 0.5000000000
19619  -24.961  -58.665  -21.907 0.6999999881
19681  -28.412  -58.803  -24.603 0.5000000000
19680  -27.688  -58.496  -24.363 0.5000000000
19637  -26.825  -58.825  -23.261 0.5000000000
19719  -29.686  -58.744  -26.618 0.5000000000
19682  -29.180  -59.046  -24.905 0.5000000000
23615  -20.926  -55.399  -21.516 0.5000000000
22592  -21.705  -55.690  -21.370 0.6999999881
23599  -22.882  -55.472  -21.074 0.6999999881
22603  -21.973  -56.428  -21.660 0.6999999881
22594  -23.255  -56.326  -21.155 0.6999999881
20609  -24.054  -57.849  -21.426 0.6000000238
20660  -26.498  -57.878  -23.875 0.6999999881
20659  -26.028  -57.567  -23.497 0.6000000238
20696  -28.272  -58.095  -25.701 0.5000000000
20695  -27.618  -57.753  -25.417 0.6000000238
20676  -27.325  -57.953  -24.774 0.6000000238
20697  -28.942  -58.465  -26.084 0.5000000000
19745  -29.989  -58.570  -28.267 0.5000000000
24647  -21.996  -54.498  -21.132 0.5000000000
167256  -22.543  -54.836  -21.080 0.6999999881
22596  -24.796  -56.403  -21.401 0.6999999881
22618  -25.428  -55.802  -22.530 0.6999999881
23616  -24.365  -55.186  -21.601 0.6999999881
21641  -25.733  -57.132  -23.008 0.8000000119
22619  -25.681  -56.364  -23.132 0.6999999881
21698  -27.254  -57.173  -25.894 0.6000000238
21697  -26.363  -56.729  -25.597 0.6999999881
20712  -28.522  -57.367  -27.121 0.6999999881
183393  -27.863  -57.210  -26.483 0.6000000238
167267  -29.608  -58.561  -28.059 0.6000000238
20725  -29.177  -58.184  -27.539 0.6000000238
20759  -30.244  -58.313  -29.441 0.6000000238
25783  -20.214  -53.447  -21.699 0.5000000000
25785  -21.802  -53.050  -21.694 0.6000000238
24645  -20.695  -53.784  -21.319 0.5000000000
25767  -21.907  -53.776  -21.319 0.6000000238
24666  -23.313  -54.024  -21.642 0.6000000238
24667  -23.851  -54.651  -21.607 0.6999999881
23629  -24.933  -54.948  -22.906 0.6999999881
23642  -25.233  -54.889  -23.725 0.6000000238
23643  -25.449  -55.452  -24.336 0.6999999881
21678  -25.886  -56.598  -24.410 0.6999999881
21733  -28.226  -56.725  -27.763 0.6999999881
20758  -29.700  -58.059  -29.085 0.6999999881
21759  -29.250  -57.012  -28.972 0.6999999881
174300  -21.425  -52.482  -22.077 0.5000000000
25787  -23.398  -53.359  -22.045 0.6000000238
167400  -23.960  -53.974  -22.322 0.6000000238
24686  -24.575  -54.267  -22.879 0.6000000238
22650  -25.501  -55.953  -24.819 0.8000000119
23679  -24.839  -55.392  -26.698 0.5000000000
170821  -25.453  -55.139  -25.496 0.6000000238
22671  -25.941  -56.344  -26.305 0.6999999881
182204  -24.962  -55.829  -28.124 0.6999999881
22714  -27.836  -56.274  -28.377 0.6999999881
22713  -26.839  -56.186  -28.346 0.6999999881
21778  -30.265  -57.814  -30.731 0.5000000000
21771  -29.773  -57.197  -30.054 0.6999999881
22747  -30.006  -56.846  -31.241 0.5000000000
187116  -21.245  -52.202  -22.360 0.5000000000
27931  -22.597  -51.928  -22.349 0.5000000000
26921  -24.122  -52.286  -22.550 0.6000000238
26905  -23.317  -52.583  -22.225 0.6000000238
25826  -25.334  -53.131  -23.163 0.6000000238
178471  -25.581  -53.758  -23.645 0.6000000238
25842  -26.495  -53.626  -23.889 0.6000000238
24702  -25.788  -54.261  -24.191 0.6000000238
24713  -26.730  -54.096  -24.474 0.6000000238
183209  -24.595  -55.217  -27.852 0.6000000238
24750  -24.799  -54.784  -27.794 0.5000000000
24742  -26.988  -54.449  -26.179 0.5000000000
23703  -25.291  -55.667  -29.440 0.6000000238
23693  -24.819  -55.388  -29.038 0.6000000238
22737  -27.412  -55.694  -29.663 0.6000000238
23704  -26.254  -55.697  -29.577 0.6000000238
23728  -28.809  -55.378  -31.335 0.5000000000
27953  -22.131  -51.464  -22.930 0.5000000000
27955  -23.520  -51.729  -22.607 0.6000000238
25827  -26.224  -53.079  -23.430 0.6000000238
24725  -25.460  -54.968  -26.265 0.5000000000
164161  -26.920  -54.283  -27.347 0.5000000000
23710  -24.612  -54.943  -29.724 0.4000000060
24760  -24.729  -54.726  -28.614 0.5000000000
24761  -25.544  -54.366  -28.251 0.5000000000
23726  -26.764  -55.029  -30.960 0.6000000238
27976  -21.759  -51.291  -23.498 0.5000000000
27954  -22.938  -51.255  -22.986 0.6000000238
26923  -25.616  -51.840  -22.995 0.6000000238
26944  -25.943  -52.473  -23.120 0.6000000238
25913  -24.877  -54.291  -30.376 0.5000000000
25905  -25.676  -53.836  -29.577 0.4000000060
27993  -21.807  -51.123  -24.262 0.5000000000
28904  -23.226  -50.895  -23.749 0.5000000000
28891  -24.445  -51.063  -23.297 0.6000000238
26946  -27.486  -52.376  -23.722 0.6000000238
187083  -21.607  -51.337  -25.034 0.5000000000
28915  -22.704  -50.902  -24.464 0.5000000000
28906  -24.926  -50.944  -23.714 0.6000000238
27978  -26.968  -51.580  -23.752 0.6000000238
28003  -22.292  -51.079  -25.185 0.5000000000
28916  -23.549  -50.793  -24.670 0.5000000000
179444  -24.906  -50.770  -24.533 0.5000000000
28908  -26.635  -50.971  -24.423 0.6000000238
184957  -25.403  -51.051  -23.572 0.6000000238
175938  -23.229  -50.957  -25.590 0.5000000000
28917  -24.335  -50.750  -25.030 0.5000000000
28926  -23.444  -51.232  -26.913 0.5000000000
187329  -28.220  -51.290  -24.857 0.5000000000
176096  -24.747  -50.745  -26.374 0.5000000000
28919  -26.347  -50.719  -25.327 0.5000000000
28011  -23.265  -51.356  -27.719 0.5000000000
28938  -24.611  -50.472  -27.403 0.5000000000
28929  -26.118  -50.491  -26.145 0.5000000000
28921  -28.008  -50.573  -25.427 0.4000000060
178335  -25.024  -49.967  -27.325 0.5000000000
28940  -25.885  -50.146  -26.803 0.5000000000
28930  -26.930  -50.091  -26.063 0.4000000060
179118  -26.630  -50.418  -26.009 0.4000000060
29843  -25.570  -49.764  -27.115 0.4000000060
29836  -26.600  -49.608  -26.211 0.4000000060
29837  -27.163  -49.939  -25.822 0.4000000060
23711  -24.848  -55.162  -29.925 0.6000000238
184800  -27.854  -55.093  -31.096 0.5000000000
163924  -29.629  -55.956  -31.653 0.4000000060
24726  -25.980  -54.675  -25.768 0.6000000238
29827  -27.961  -50.174  -25.528 0.4000000060
30763  -28.345  -49.702  -24.939 0.4000000060
162026  -25.187  -56.693  -21.594 0.6999999881
183639  -25.586  -56.201  -25.827 0.6999999881
22702  -27.453  -56.399  -27.851 0.6999999881
22690  -26.465  -56.448  -26.900 0.6999999881
23655  -25.319  -55.455  -25.247 0.6000000238
24701  -25.262  -54.411  -23.753 0.6000000238
22729  -28.356  -56.162  -29.061 0.6999999881
22698  -24.717  -55.653  -26.975 0.6999999881
22712  -25.826  -56.097  -28.255 0.6999999881
23727  -28.614  -55.555  -30.555 0.6000000238
22746  -29.412  -56.046  -30.874 0.6000000238
16853  -26.437  -61.452  -21.981 0.5000000000
17721  -23.867  -60.608  -21.227 0.5000000000
17722  -24.567  -60.738  -21.315 0.5000000000
17737  -26.485  -60.668  -21.995 0.4000000060
18645  -23.175  -59.905  -21.371 0.5000000000
18648  -24.972  -60.112  -21.519 0.5000000000
18664  -25.813  -60.212  -21.856 0.5000000000
18665  -27.087  -60.273  -22.338 0.5000000000
18684  -27.645  -59.930  -22.780 0.5000000000
19603  -24.314  -58.604  -21.437 0.5000000000
19620  -25.340  -59.395  -21.984 0.6000000238
19636  -25.723  -58.616  -22.497 0.5000000000
19657  -26.766  -58.371  -23.678 0.5000000000
19658  -27.303  -58.700  -23.762 0.5000000000
19659  -28.091  -59.107  -23.815 0.5000000000
19704  -28.693  -58.609  -25.330 0.5000000000
19705  -29.473  -58.863  -25.665 0.5000000000
19733  -29.495  -58.573  -27.394 0.6000000238
19744  -29.860  -58.420  -28.684 0.6000000238
19752  -30.244  -58.420  -28.733 0.5000000000
20623  -24.701  -57.894  -21.704 0.6999999881
20640  -25.749  -57.833  -22.863 0.6000000238
20661  -27.029  -58.179  -24.172 0.6000000238
20675  -26.692  -57.630  -24.500 0.6999999881
20677  -27.998  -58.280  -25.030 0.5000000000
20713  -29.109  -58.361  -26.833 0.5000000000
20742  -29.452  -58.214  -28.325 0.6000000238
20775  -30.074  -58.005  -29.845 0.5000000000
20776  -30.469  -58.196  -30.202 0.6000000238
21602  -23.150  -57.114  -21.435 0.6999999881
21604  -24.561  -57.073  -21.452 0.6999999881
21621  -25.175  -57.274  -21.907 0.8000000119
21622  -25.506  -57.388  -22.477 0.8000000119
21661  -25.874  -56.868  -23.694 0.6999999881
21662  -26.206  -57.274  -24.138 0.6000000238
21679  -26.303  -56.996  -24.809 0.6999999881
21680  -26.940  -57.368  -25.154 0.6000000238
21696  -25.744  -56.354  -25.154 0.6999999881
21716  -26.678  -56.702  -26.223 0.6999999881
21717  -27.192  -56.841  -26.517 0.6000000238
21732  -27.525  -56.702  -27.163 0.6999999881
21745  -28.738  -56.712  -28.375 0.6999999881
21746  -28.946  -57.409  -27.905 0.6999999881
21777  -29.820  -56.800  -30.579 0.5000000000
22593  -22.455  -55.992  -21.223 0.6999999881
22595  -24.117  -56.365  -21.239 0.6999999881
22602  -21.248  -56.142  -21.848 0.6999999881
22604  -25.214  -56.093  -21.772 0.6999999881
22605  -25.536  -56.661  -22.273 0.6999999881
22632  -25.658  -56.143  -23.968 0.6999999881
22670  -25.177  -55.811  -25.754 0.8000000119
22688  -24.883  -55.649  -26.456 0.5000000000
22689  -25.160  -55.984  -26.558 0.6999999881
22699  -24.928  -55.883  -27.266 0.6999999881
22700  -25.651  -56.147  -27.528 0.6999999881
22701  -26.634  -56.315  -27.672 0.6999999881
22711  -24.633  -55.600  -27.623 0.6999999881
22726  -25.260  -55.854  -28.792 0.6000000238
22727  -26.032  -55.979  -28.924 0.6999999881
22728  -27.127  -55.984  -28.992 0.6999999881
22738  -28.463  -55.848  -29.850 0.6000000238
22739  -29.261  -56.531  -29.532 0.6999999881
22755  -29.885  -55.914  -32.453 0.4000000060
23596  -20.727  -54.574  -21.347 0.5000000000
23597  -21.461  -54.946  -21.174 0.6999999881
23598  -22.177  -55.242  -21.131 0.6999999881
23600  -23.752  -55.523  -21.149 0.6999999881
23601  -24.601  -55.794  -21.414 0.6999999881
23617  -24.914  -55.389  -22.021 0.6999999881
23630  -25.469  -55.559  -23.444 0.6999999881
23668  -25.039  -55.465  -26.045 0.5000000000
23685  -24.701  -55.285  -27.319 0.6000000238
23692  -24.637  -55.356  -28.273 0.6000000238
23702  -24.637  -54.987  -28.891 0.4000000060
23712  -25.412  -55.368  -30.161 0.6999999881
23713  -26.502  -55.378  -30.269 0.6000000238
23714  -27.639  -55.385  -30.364 0.6000000238
23723  -24.643  -54.839  -30.331 0.6000000238
23724  -24.897  -54.956  -30.659 0.6000000238
23739  -27.070  -54.646  -31.659 0.6000000238
23741  -29.097  -55.235  -32.151 0.5000000000
24646  -21.340  -54.166  -21.189 0.5000000000
24648  -22.589  -54.100  -21.324 0.6000000238
24649  -23.134  -54.793  -21.212 0.6999999881
24668  -24.457  -54.714  -22.222 0.6000000238
24700  -24.913  -53.890  -23.295 0.6000000238
24714  -27.687  -53.971  -24.776 0.6999999881
24727  -26.881  -54.377  -25.252 0.6000000238
24740  -25.070  -54.922  -26.987 0.5000000000
24741  -25.908  -54.640  -26.562 0.6000000238
24751  -25.860  -54.488  -27.389 0.6000000238
24752  -28.287  -54.089  -26.909 0.6000000238
24759  -24.599  -54.980  -28.261 0.6000000238
24772  -25.302  -54.310  -28.976 0.4000000060
24776  -24.642  -54.711  -30.234 0.4000000060
24786  -25.071  -54.212  -31.564 0.6000000238
24787  -25.475  -54.298  -31.875 0.6000000238
24788  -26.349  -54.313  -32.160 0.6000000238
24796  -28.720  -54.471  -32.892 0.4000000060
24807  -28.277  -53.976  -32.933 0.5000000000
25766  -21.333  -53.555  -21.383 0.5000000000
25784  -20.932  -53.059  -21.760 0.5000000000
25786  -22.872  -53.455  -21.749 0.6000000238
25809  -23.933  -53.143  -22.476 0.6000000238
25810  -24.432  -53.641  -22.850 0.6000000238
25828  -27.096  -53.026  -23.654 0.6999999881
25829  -27.840  -52.923  -24.017 0.6999999881
25843  -27.402  -53.517  -24.159 0.6999999881
25859  -29.802  -52.905  -25.861 0.6000000238
25867  -28.699  -53.967  -26.084 0.6000000238
25868  -29.440  -53.421  -26.371 0.6000000238
25879  -27.714  -54.057  -27.588 0.6000000238
25881  -29.511  -53.313  -27.234 0.6000000238
25893  -29.118  -53.443  -27.710 0.6000000238
25904  -24.718  -54.620  -29.543 0.5000000000
25906  -26.946  -53.423  -29.136 0.5000000000
25921  -24.964  -53.913  -31.466 0.6000000238
25922  -25.268  -53.297  -31.356 0.6000000238
25930  -25.410  -53.213  -32.088 0.6000000238
25941  -25.685  -53.338  -32.463 0.6000000238
25942  -26.443  -53.493  -32.766 0.6000000238
25943  -27.485  -53.617  -32.921 0.5000000000
25957  -28.378  -53.442  -33.079 0.4000000060
26902  -20.843  -52.469  -22.294 0.5000000000
26903  -22.017  -52.411  -22.081 0.5000000000
26904  -22.562  -52.820  -21.945 0.6000000238
26922  -24.895  -52.006  -22.758 0.6000000238
26924  -26.287  -51.843  -23.218 0.6000000238
26945  -26.726  -52.415  -23.347 0.6000000238
26947  -28.088  -52.365  -24.109 0.6000000238
26960  -28.513  -52.712  -24.415 0.6000000238
26969  -29.542  -52.750  -25.196 0.6999999881
26970  -29.950  -52.272  -25.575 0.6000000238
27001  -28.845  -52.897  -28.804 0.6000000238
27016  -28.267  -52.597  -29.345 0.6000000238
27026  -25.748  -52.698  -30.974 0.6000000238
27049  -25.387  -52.347  -32.147 0.6000000238
27065  -26.480  -52.039  -33.062 0.6000000238
27067  -28.492  -52.683  -33.171 0.5000000000
27930  -21.688  -51.960  -22.444 0.5000000000
27952  -21.013  -52.030  -22.682 0.5000000000
27956  -24.319  -51.556  -22.870 0.6000000238
27957  -25.094  -51.323  -23.179 0.6000000238
27977  -25.968  -51.199  -23.495 0.6000000238
27979  -27.861  -51.789  -24.217 0.6000000238
27996  -29.964  -51.621  -25.425 0.6000000238
28004  -30.418  -51.604  -25.940 0.6000000238
28012  -30.495  -51.908  -26.660 0.6000000238
28021  -30.344  -52.119  -27.391 0.6000000238
28032  -30.485  -51.646  -27.983 0.6000000238
28060  -25.777  -51.285  -31.639 0.6000000238
28061  -27.086  -51.791  -30.501 0.6000000238
28073  -25.376  -51.474  -32.121 0.6000000238
28083  -26.000  -51.343  -33.100 0.6000000238
28092  -26.818  -51.345  -33.215 0.6000000238
28889  -22.400  -51.033  -23.604 0.5000000000
28890  -23.766  -51.108  -23.164 0.6000000238
28905  -24.139  -50.836  -23.946 0.6000000238
28907  -25.679  -50.879  -24.215 0.6000000238
28909  -27.552  -51.099  -24.758 0.5000000000
28918  -25.592  -50.721  -25.322 0.5000000000
28920  -27.157  -50.582  -25.573 0.4000000060
28923  -29.844  -50.916  -25.373 0.6000000238
28927  -24.077  -50.937  -26.714 0.5000000000
28928  -25.496  -50.584  -26.332 0.5000000000
28931  -27.419  -50.254  -25.790 0.4000000060
28937  -23.789  -50.814  -27.547 0.5000000000
28939  -25.294  -50.301  -27.155 0.5000000000
28941  -26.438  -50.021  -26.450 0.4000000060
28947  -31.062  -50.860  -27.108 0.5000000000
28995  -25.422  -50.778  -32.307 0.6000000238
29003  -25.636  -51.041  -32.737 0.6000000238
29011  -27.078  -50.555  -33.269 0.6000000238
29826  -27.536  -49.703  -25.311 0.4000000060
29829  -29.762  -49.651  -25.015 0.5000000000
29844  -26.076  -49.607  -26.751 0.4000000060
29856  -31.300  -50.141  -26.910 0.5000000000
29882  -30.385  -49.794  -28.956 0.6000000238
29889  -28.640  -49.925  -30.042 0.6999999881
29898  -26.181  -49.904  -31.596 0.6000000238
29908  -25.746  -50.000  -32.159 0.6000000238
29919  -30.354  -49.415  -32.823 0.5000000000
29920  -30.970  -49.642  -32.555 0.4000000060
29928  -28.386  -49.728  -33.342 0.6000000238
30797  -31.601  -48.808  -26.160 0.5000000000
30811  -31.719  -48.790  -26.937 0.5000000000
30835  -30.684  -48.462  -28.744 0.5000000000
30863  -26.631  -48.704  -32.256 0.6000000238
30873  -26.770  -49.096  -32.933 0.6000000238
30885  -29.659  -49.185  -33.147 0.5000000000
31836  -31.179  -48.154  -28.249 0.5000000000
31854  -27.897  -48.142  -30.339 0.6000000238
31865  -27.240  -47.726  -31.695 0.5000000000
31887  -28.817  -47.471  -33.131 0.5000000000
32939  -32.508  -47.257  -31.882 0.4000000060
32944  -28.039  -47.338  -32.655 0.5000000000
32948  -31.378  -46.795  -32.616 0.5000000000
34065  -28.711  -46.300  -30.551 0.5000000000
34078  -32.567  -45.882  -31.173 0.4000000060
34090  -31.783  -45.777  -32.318 0.5000000000
34091  -32.250  -46.162  -31.892 0.4000000060
35337  -29.562  -45.372  -29.735 0.5000000000
35368  -29.949  -44.799  -32.140 0.5000000000
35369  -30.820  -44.713  -32.421 0.5000000000
36635  -33.070  -44.092  -29.579 0.3000000119
36636  -33.781  -44.393  -29.074 0.3000000119
36672  -31.648  -44.378  -32.295 0.5000000000
36673  -32.061  -44.397  -31.755 0.5000000000
37939  -31.894  -43.163  -32.001 0.5000000000
37947  -29.987  -43.402  -32.155 0.4000000060
39060  -34.015  -42.313  -28.545 0.4000000060
39061  -34.828  -42.519  -28.380 0.4000000060
39062  -35.465  -42.668  -28.570 0.3000000119
39088  -32.416  -42.816  -30.361 0.4000000060
40284  -32.737  -41.919  -29.190 0.4000000060
40285  -33.196  -42.140  -28.710 0.4000000060
40318  -31.288  -41.240  -31.155 0.4000000060
41542  -35.440  -40.706  -28.473 0.4000000060
41556  -31.954  -40.919  -29.575 0.5000000000
41570  -31.044  -40.687  -30.519 0.4000000060
42651  -32.952  -40.139  -28.499 0.5000000000
42671  -35.555  -39.968  -28.794 0.3000000119
42702  -30.478  -40.430  -30.793 0.5000000000
43775  -32.987  -39.365  -28.540 0.5000000000
43776  -33.852  -39.146  -28.393 0.4000000060
43791  -31.670  -39.306  -29.067 0.5000000000
43792  -32.235  -39.302  -28.851 0.5000000000
43793  -34.907  -38.698  -28.721 0.4000000060
43794  -35.406  -39.115  -29.006 0.3000000119
44947  -34.280  -38.439  -28.557 0.4000000060
44982  -29.841  -38.442  -29.363 0.5000000000
44984  -35.572  -38.125  -29.957 0.3000000119
45946  -29.355  -37.213  -29.637 0.5000000000
161239  -29.291  -56.237  -30.183 0.6000000238
161785  -25.503  -54.951  -24.521 0.6000000238
163231  -29.259  -43.944  -30.416 0.4000000060
164146  -29.724  -51.027  -29.309 0.6999999881
166208  -29.241  -57.474  -28.513 0.6999999881
166823  -29.629  -57.475  -29.520 0.6999999881
168889  -29.106  -53.557  -27.356 0.6000000238
171584  -27.467  -54.310  -26.886 0.5000000000
171620  -29.824  -46.415  -32.816 0.5000000000
172417  -31.011  -49.679  -28.284 0.5000000000
172632  -29.450  -51.122  -33.063 0.5000000000
173060  -30.946  -43.275  -32.513 0.4000000060
173086  -30.206  -52.447  -26.867 0.6000000238
173316  -25.552  -56.167  -26.898 0.6999999881
173531  -29.239  -50.714  -25.271 0.6000000238
174672  -25.902  -54.583  -24.933 0.5000000000
175147  -26.390  -49.904  -32.998 0.6000000238
175411  -30.850  -49.247  -25.414 0.6000000238
175552  -28.098  -54.876  -31.903 0.5000000000
175757  -22.345  -53.433  -21.589 0.6000000238
176173  -23.959  -50.832  -25.613 0.5000000000
177729  -31.050  -50.265  -32.603 0.3000000119
178854  -34.084  -40.308  -28.241 0.4000000060
182790  -25.183  -53.751  -31.817 0.6000000238
183203  -24.938  -54.469  -23.331 0.6000000238
183299  -31.747  -48.169  -27.164 0.4000000060
183702  -28.492  -57.878  -26.434 0.5000000000
184489  -30.234  -50.489  -32.857 0.5000000000
185148  -24.937  -53.993  -31.004 0.6000000238
185300  -26.474  -60.000  -22.216 0.5000000000
186344  -26.349  -58.898  -22.833 0.5000000000
186900  -24.668  -52.860  -22.808 0.6000000238
186968  -29.412  -48.890  -29.528 0.6999999881
188789  -24.997  -50.729  -25.475 0.5000000000
189390  -31.596  -43.774  -32.434 0.5000000000
189715  -31.824  -47.953  -32.303 0.4000000060
190645  -26.663  -54.448  -26.880 0.5000000000
190854  -22.735  -51.234  -26.081 0.5000000000
191001  -24.800  -53.412  -23.035 0.6000000238
191161  -27.924  -57.597  -25.964 0.6000000238
191678  -29.632  -50.288  -25.277 0.6000000238
191915  -28.859  -57.956  -26.956 0.6000000238
192314  -25.309  -52.453  -22.912 0.6000000238
192413  -23.025  -53.058  -22.020 0.6000000238
