#!ascii label  , from subject sub-v2s2x29080_ses-1 vox2ras=TkReg
1253
22780  -41.212  -56.890  -34.564 0.5000000000
22774  -39.587  -56.414  -34.355 0.8000000119
179835  -38.907  -54.699  -33.523 0.8000000119
180102  -39.276  -55.709  -33.829 0.8000000119
177721  -39.950  -55.827  -34.282 0.8000000119
20813  -41.284  -58.154  -34.470 0.5000000000
22775  -40.322  -56.694  -34.709 0.5000000000
165456  -40.833  -55.964  -34.479 0.6000000238
168720  -38.640  -53.435  -32.987 0.6999999881
24812  -39.266  -54.305  -33.599 0.6999999881
23767  -40.276  -55.201  -34.142 0.8000000119
23768  -40.954  -55.222  -34.237 0.6999999881
20808  -41.921  -58.154  -34.071 0.6000000238
171953  -42.760  -57.519  -34.138 0.5000000000
22778  -43.376  -56.550  -33.827 0.6000000238
25948  -36.139  -53.844  -32.889 0.6999999881
163331  -42.530  -56.098  -34.217 0.6000000238
23771  -43.879  -56.062  -33.526 0.6000000238
168331  -37.819  -53.224  -32.142 0.6999999881
24802  -36.705  -53.980  -32.898 0.6999999881
25963  -40.451  -54.013  -33.708 0.6999999881
23769  -42.211  -55.298  -34.214 0.6000000238
24817  -44.130  -54.773  -33.530 0.6000000238
191486  -41.107  -54.237  -33.896 0.8000000119
174140  -42.538  -53.783  -33.886 0.8000000119
24816  -43.315  -54.254  -33.809 0.6999999881
21798  -43.976  -57.578  -32.559 0.4000000060
22779  -44.006  -56.879  -33.224 0.6000000238
25936  -36.042  -53.558  -32.266 0.6999999881
24818  -45.075  -54.988  -33.011 0.6000000238
184389  -37.702  -52.924  -31.398 0.6999999881
25937  -38.467  -53.104  -32.384 0.6999999881
25951  -39.242  -53.579  -33.326 0.6999999881
25952  -40.585  -53.335  -33.381 0.6999999881
25964  -41.174  -53.680  -33.681 0.6000000238
25966  -43.252  -53.569  -33.834 0.6999999881
27072  -45.220  -52.534  -34.108 0.5000000000
27060  -40.759  -52.714  -32.928 0.6000000238
185774  -42.102  -52.636  -33.293 0.6000000238
27061  -43.087  -52.424  -33.502 0.6000000238
28090  -44.490  -51.691  -33.687 0.6000000238
28089  -43.502  -51.686  -33.217 0.6000000238
29008  -44.864  -51.046  -33.839 0.5000000000
22763  -44.748  -56.509  -31.902 0.4000000060
22770  -44.815  -56.684  -32.295 0.5000000000
25918  -35.610  -53.071  -30.543 0.6999999881
23747  -45.121  -55.972  -32.144 0.6000000238
24791  -45.981  -54.598  -32.283 0.6000000238
27045  -38.927  -52.632  -31.929 0.6999999881
25969  -46.051  -53.866  -33.167 0.6000000238
27053  -39.612  -52.497  -32.178 0.6999999881
27073  -46.378  -53.233  -33.656 0.5000000000
187771  -46.268  -52.555  -34.242 0.6000000238
28086  -41.054  -52.155  -32.511 0.6999999881
28087  -41.758  -52.033  -32.685 0.6000000238
28097  -45.523  -51.856  -34.339 0.5000000000
165826  -46.779  -52.007  -34.444 0.5000000000
29007  -43.908  -50.975  -33.120 0.5000000000
27051  -32.334  -53.044  -31.698 0.6000000238
27029  -33.162  -52.447  -30.479 0.6000000238
23735  -44.400  -55.956  -31.264 0.5000000000
24784  -45.377  -54.907  -31.346 0.5000000000
25916  -34.036  -53.198  -30.451 0.6999999881
25924  -33.656  -53.418  -31.210 0.6999999881
23736  -45.076  -55.721  -31.678 0.5000000000
24785  -45.921  -54.497  -31.765 0.5000000000
28070  -46.380  -52.223  -30.855 0.4000000060
27042  -36.254  -53.180  -31.072 0.6999999881
25940  -46.803  -53.479  -31.843 0.5000000000
27044  -38.100  -52.351  -30.929 0.6999999881
191465  -38.732  -52.356  -31.331 0.6999999881
27055  -47.389  -52.967  -32.033 0.5000000000
28077  -40.014  -51.931  -31.779 0.6999999881
187478  -41.598  -51.153  -31.964 0.6000000238
28098  -47.197  -52.609  -33.685 0.5000000000
28080  -42.046  -51.418  -32.353 0.6000000238
165952  -47.608  -51.919  -33.744 0.5000000000
29914  -42.566  -50.303  -32.270 0.5000000000
29923  -43.345  -50.334  -32.718 0.5000000000
29924  -44.238  -50.306  -33.300 0.5000000000
29019  -46.687  -50.716  -35.143 0.5000000000
29932  -45.117  -50.397  -34.157 0.5000000000
178208  -46.845  -49.540  -35.383 0.3000000119
28985  -44.659  -51.431  -30.103 0.3000000119
187972  -32.153  -51.602  -31.900 0.6000000238
28075  -32.361  -52.283  -31.448 0.6000000238
166916  -45.232  -53.497  -30.520 0.4000000060
28069  -45.495  -51.908  -30.453 0.4000000060
28053  -34.975  -52.092  -29.821 0.6000000238
28071  -46.821  -51.747  -31.141 0.5000000000
172332  -36.618  -52.249  -30.119 0.6999999881
27033  -37.644  -52.117  -30.416 0.6999999881
165179  -47.743  -51.633  -32.697 0.5000000000
28067  -39.666  -51.511  -31.254 0.5000000000
169529  -47.517  -50.452  -33.302 0.5000000000
28998  -41.385  -50.675  -31.760 0.5000000000
29926  -47.401  -49.904  -33.637 0.4000000060
29018  -47.171  -50.527  -34.763 0.3000000119
181058  -47.201  -48.770  -34.465 0.4000000060
30887  -45.284  -49.809  -34.581 0.5000000000
171015  -45.926  -49.569  -35.293 0.4000000060
28074  -31.782  -51.420  -32.326 0.6000000238
28997  -32.651  -51.307  -31.407 0.6000000238
28063  -33.154  -51.566  -30.687 0.6000000238
173023  -34.145  -51.376  -30.018 0.6000000238
171770  -35.350  -51.504  -29.814 0.6000000238
28994  -46.202  -50.916  -30.960 0.3000000119
29002  -47.134  -51.256  -31.666 0.4000000060
28055  -36.730  -51.521  -30.006 0.6000000238
30861  -45.823  -49.206  -31.515 0.3000000119
28056  -37.497  -51.536  -30.270 0.6000000238
28066  -38.866  -51.730  -31.001 0.6999999881
30882  -46.633  -48.961  -32.180 0.3000000119
161359  -47.342  -50.642  -32.382 0.3000000119
28989  -38.690  -50.970  -30.738 0.6000000238
31884  -46.538  -47.998  -32.262 0.3000000119
29925  -47.171  -49.811  -32.634 0.3000000119
29904  -39.366  -50.295  -30.910 0.5000000000
29905  -40.271  -50.123  -31.266 0.5000000000
29912  -41.037  -50.114  -31.609 0.5000000000
32958  -47.023  -47.279  -34.056 0.3000000119
31896  -47.149  -48.586  -33.603 0.3000000119
30871  -42.289  -49.782  -32.309 0.5000000000
30881  -43.488  -49.578  -33.090 0.5000000000
31904  -47.042  -48.483  -35.130 0.3000000119
30870  -41.806  -49.420  -32.177 0.5000000000
30889  -45.830  -48.695  -35.611 0.4000000060
30893  -46.427  -48.336  -35.694 0.3000000119
28996  -32.121  -50.722  -32.108 0.5000000000
174870  -32.767  -50.259  -31.704 0.6000000238
29901  -33.785  -50.088  -30.709 0.5000000000
28981  -36.632  -50.634  -30.033 0.6000000238
29892  -36.642  -49.868  -30.235 0.5000000000
34095  -46.233  -46.517  -32.154 0.3000000119
28982  -37.297  -50.841  -30.193 0.6000000238
34106  -46.276  -45.783  -32.609 0.3000000119
32952  -46.873  -46.977  -33.279 0.3000000119
176176  -38.431  -50.245  -30.680 0.6000000238
171820  -41.299  -49.638  -31.874 0.5000000000
31894  -42.203  -48.465  -33.039 0.5000000000
30886  -44.926  -49.031  -34.741 0.4000000060
31901  -43.969  -47.826  -34.849 0.4000000060
29900  -33.302  -49.727  -31.404 0.5000000000
29902  -34.368  -49.545  -30.500 0.5000000000
28978  -34.413  -50.539  -30.108 0.5000000000
29890  -35.166  -49.776  -30.128 0.5000000000
36662  -45.337  -43.911  -31.164 0.3000000119
35373  -45.957  -45.319  -32.095 0.3000000119
29903  -37.958  -49.560  -30.848 0.6000000238
160895  -38.756  -49.523  -31.144 0.6000000238
30859  -39.711  -49.370  -31.471 0.5000000000
30879  -41.682  -48.818  -32.551 0.5000000000
31906  -45.920  -47.784  -35.885 0.4000000060
170473  -44.648  -47.253  -35.637 0.4000000060
30854  -34.305  -48.802  -30.700 0.5000000000
30843  -34.827  -49.069  -30.377 0.5000000000
30844  -35.434  -48.937  -30.296 0.5000000000
39093  -45.329  -42.730  -30.485 0.4000000060
40323  -45.152  -41.782  -30.964 0.4000000060
30846  -36.756  -49.122  -30.485 0.5000000000
30856  -37.450  -48.927  -30.841 0.5000000000
37942  -45.265  -43.328  -31.480 0.4000000060
37954  -45.040  -43.671  -31.978 0.3000000119
31869  -37.674  -48.217  -31.019 0.4000000060
36684  -45.532  -44.790  -33.108 0.3000000119
30857  -38.199  -48.766  -31.234 0.5000000000
30867  -39.599  -48.564  -31.944 0.4000000060
31881  -40.085  -48.225  -32.369 0.4000000060
32961  -43.715  -47.145  -35.209 0.4000000060
31868  -34.224  -48.219  -30.576 0.5000000000
179060  -35.660  -47.704  -30.074 0.5000000000
31858  -36.205  -47.984  -30.307 0.5000000000
40304  -45.193  -41.311  -30.179 0.4000000060
30855  -36.903  -48.323  -30.634 0.5000000000
31859  -36.731  -47.651  -30.438 0.4000000060
188891  -44.769  -41.672  -31.476 0.4000000060
39124  -45.001  -43.031  -31.795 0.4000000060
177157  -37.332  -47.636  -30.768 0.4000000060
31870  -38.199  -48.098  -31.350 0.4000000060
37953  -44.167  -43.619  -32.320 0.4000000060
31880  -39.032  -48.135  -31.916 0.4000000060
31891  -39.749  -47.607  -32.734 0.4000000060
31897  -41.057  -47.307  -33.615 0.4000000060
31898  -41.776  -47.800  -33.444 0.4000000060
32955  -41.637  -47.230  -33.960 0.4000000060
34122  -43.479  -46.488  -35.599 0.4000000060
34127  -45.099  -45.947  -36.592 0.4000000060
34126  -44.253  -45.930  -36.487 0.4000000060
165626  -34.562  -47.105  -29.841 0.5000000000
32920  -35.371  -47.160  -29.830 0.4000000060
42688  -44.837  -40.150  -30.093 0.4000000060
41574  -44.879  -40.481  -30.558 0.4000000060
32921  -36.210  -47.207  -30.101 0.5000000000
32922  -37.006  -47.040  -30.405 0.4000000060
175900  -37.970  -47.571  -31.202 0.4000000060
39123  -44.003  -42.947  -31.918 0.4000000060
32940  -38.856  -46.985  -32.192 0.4000000060
32950  -39.731  -47.077  -33.168 0.4000000060
176464  -45.505  -45.872  -36.313 0.3000000119
32959  -41.952  -46.878  -34.550 0.4000000060
34060  -35.022  -46.509  -29.477 0.4000000060
35349  -36.228  -45.745  -29.610 0.5000000000
35360  -37.599  -45.487  -30.545 0.4000000060
42707  -44.307  -40.294  -30.790 0.4000000060
35361  -38.051  -45.309  -31.155 0.4000000060
32932  -37.676  -46.932  -30.866 0.4000000060
34092  -38.333  -45.930  -31.647 0.4000000060
32933  -38.296  -46.818  -31.526 0.4000000060
34104  -39.016  -46.353  -32.775 0.4000000060
34105  -39.467  -46.626  -33.373 0.4000000060
32953  -39.967  -46.797  -33.663 0.4000000060
34114  -41.060  -46.777  -34.304 0.4000000060
164121  -44.088  -45.487  -36.818 0.4000000060
34124  -42.199  -45.847  -35.693 0.4000000060
34125  -43.249  -45.894  -36.039 0.4000000060
36647  -36.561  -45.023  -29.693 0.4000000060
36648  -37.189  -44.869  -30.167 0.4000000060
36660  -37.747  -44.682  -30.710 0.4000000060
36674  -38.253  -44.451  -32.151 0.4000000060
34103  -38.641  -45.736  -32.321 0.4000000060
35388  -39.018  -45.300  -33.732 0.4000000060
181922  -44.844  -45.063  -37.075 0.4000000060
35389  -39.484  -45.690  -34.247 0.4000000060
35396  -40.413  -45.621  -35.173 0.4000000060
35395  -39.788  -45.362  -34.874 0.4000000060
35397  -41.237  -45.732  -35.360 0.4000000060
35403  -41.864  -45.281  -36.010 0.4000000060
37929  -37.317  -44.087  -30.335 0.4000000060
37941  -37.773  -43.856  -31.003 0.4000000060
185713  -38.051  -43.958  -31.703 0.4000000060
35380  -38.498  -45.044  -32.594 0.4000000060
37967  -38.493  -43.708  -34.214 0.4000000060
35387  -38.645  -44.973  -33.235 0.4000000060
35394  -39.216  -45.008  -34.454 0.4000000060
36699  -39.501  -44.694  -35.127 0.4000000060
36706  -43.599  -44.648  -37.247 0.3000000119
183364  -41.501  -44.818  -36.223 0.4000000060
35404  -43.117  -45.269  -36.546 0.4000000060
177843  -37.208  -42.854  -30.366 0.4000000060
172435  -37.567  -43.062  -30.983 0.4000000060
39104  -37.342  -42.291  -30.909 0.4000000060
37950  -37.871  -43.345  -31.639 0.4000000060
39133  -37.966  -42.960  -32.934 0.4000000060
37972  -38.860  -43.582  -34.908 0.4000000060
36702  -39.266  -44.061  -35.247 0.4000000060
37974  -44.484  -43.988  -36.257 0.4000000060
160676  -44.440  -43.933  -37.208 0.3000000119
36703  -39.901  -44.188  -35.714 0.4000000060
36705  -42.473  -44.752  -36.756 0.5000000000
36710  -43.186  -44.192  -37.413 0.4000000060
37977  -40.659  -43.868  -36.362 0.5000000000
40320  -37.282  -41.673  -31.141 0.4000000060
40336  -37.367  -41.475  -32.255 0.4000000060
39119  -37.618  -42.642  -31.635 0.4000000060
40343  -37.441  -41.617  -33.038 0.4000000060
39139  -37.725  -42.245  -33.361 0.4000000060
37976  -40.005  -43.493  -36.019 0.4000000060
37981  -42.658  -43.559  -37.411 0.5000000000
41588  -37.160  -41.096  -31.070 0.4000000060
41600  -37.185  -40.719  -31.919 0.4000000060
41608  -37.268  -40.902  -32.834 0.4000000060
37979  -40.541  -43.104  -36.453 0.4000000060
37980  -41.413  -43.431  -36.989 0.5000000000
42703  -36.922  -40.265  -31.053 0.4000000060
42716  -37.127  -40.100  -32.711 0.4000000060
40360  -41.503  -41.876  -37.445 0.5000000000
45974  -37.280  -37.248  -32.791 0.4000000060
178390  -36.750  -39.466  -31.344 0.4000000060
43836  -36.846  -38.653  -32.265 0.4000000060
43840  -37.018  -39.286  -32.604 0.4000000060
45005  -37.048  -38.578  -33.140 0.4000000060
168223  -37.134  -38.763  -33.956 0.5000000000
45002  -36.600  -38.158  -31.764 0.4000000060
168287  -43.007  -48.770  -33.365 0.5000000000
188545  -43.454  -48.285  -34.056 0.5000000000
31902  -44.972  -48.061  -35.392 0.4000000060
21808  -40.974  -57.513  -34.749 0.5000000000
22768  -38.583  -55.983  -33.016 0.8000000119
23746  -37.522  -55.451  -32.291 0.8000000119
23755  -37.235  -54.558  -32.751 0.6999999881
19807  -40.887  -58.927  -34.351 0.5000000000
23753  -35.731  -54.648  -32.934 0.6999999881
19803  -41.140  -58.742  -33.755 0.5000000000
25947  -35.578  -53.907  -32.960 0.6999999881
22761  -43.885  -57.433  -31.842 0.4000000060
20805  -42.333  -58.065  -33.522 0.4000000060
25935  -35.125  -53.646  -32.268 0.6999999881
25923  -32.951  -53.289  -31.372 0.6999999881
22753  -43.352  -57.005  -31.335 0.4000000060
24782  -43.689  -55.160  -30.681 0.4000000060
27070  -31.245  -53.028  -33.088 0.6000000238
28059  -44.676  -52.448  -30.170 0.4000000060
29006  -31.419  -50.870  -32.595 0.6000000238
29921  -31.629  -49.960  -32.343 0.5000000000
29910  -32.755  -49.422  -31.851 0.5000000000
173708  -33.720  -48.495  -31.155 0.5000000000
32919  -34.057  -47.563  -30.353 0.4000000060
186793  -34.681  -45.981  -29.242 0.4000000060
36638  -35.267  -44.871  -29.035 0.4000000060
35341  -35.941  -45.049  -29.274 0.4000000060
37918  -35.798  -44.318  -29.080 0.4000000060
39073  -36.352  -43.096  -29.341 0.4000000060
39090  -37.018  -42.221  -30.191 0.4000000060
40302  -36.709  -41.665  -29.819 0.4000000060
41572  -36.883  -40.943  -30.342 0.4000000060
192533  -36.569  -39.680  -30.694 0.4000000060
45972  -36.651  -37.518  -31.934 0.4000000060
21797  -38.981  -56.450  -33.587 0.8000000119
23766  -39.516  -55.050  -33.842 0.8000000119
21804  -42.681  -57.796  -33.821 0.5000000000
24804  -38.543  -54.003  -33.304 0.6999999881
25938  -39.094  -52.988  -32.689 0.6999999881
23759  -45.037  -55.946  -32.503 0.6000000238
25967  -44.257  -54.013  -33.654 0.6999999881
27071  -42.725  -53.095  -33.726 0.6999999881
25954  -46.382  -54.014  -32.576 0.6000000238
162175  -45.043  -53.397  -33.804 0.6000000238
161551  -43.679  -53.021  -33.836 0.6000000238
27032  -35.317  -52.647  -30.123 0.6999999881
27064  -47.246  -53.186  -32.948 0.5000000000
28052  -34.267  -52.051  -29.887 0.6000000238
25928  -44.843  -54.258  -30.647 0.5000000000
185430  -45.556  -54.202  -31.062 0.5000000000
165636  -46.085  -51.556  -30.706 0.3000000119
29931  -44.494  -49.670  -33.828 0.5000000000
28979  -35.246  -50.759  -29.872 0.6000000238
30868  -40.350  -48.864  -32.009 0.5000000000
175891  -43.922  -48.947  -33.850 0.5000000000
32957  -43.112  -47.660  -34.419 0.4000000060
31892  -41.014  -47.827  -33.059 0.4000000060
32965  -45.377  -46.666  -36.280 0.4000000060
34120  -41.556  -46.306  -34.992 0.4000000060
34112  -39.734  -46.271  -33.980 0.4000000060
171530  -36.275  -44.517  -29.413 0.4000000060
35402  -40.929  -45.191  -35.695 0.4000000060
43842  -37.134  -39.479  -33.508 0.4000000060
11704  -27.240  -66.904  -27.515 0.4000000060
10811  -27.642  -67.529  -27.035 0.4000000060
11670  -28.975  -67.036  -25.349 0.4000000060
11651  -30.302  -66.664  -24.988 0.4000000060
11649  -28.672  -66.257  -24.945 0.4000000060
12472  -29.951  -66.168  -24.574 0.4000000060
12473  -30.742  -66.045  -24.637 0.4000000060
13285  -31.039  -64.990  -24.113 0.4000000060
165330  -33.592  -63.895  -25.207 0.5000000000
13283  -29.685  -64.990  -24.170 0.4000000060
13284  -30.319  -64.979  -24.051 0.4000000060
15049  -32.692  -63.514  -23.993 0.5000000000
15067  -33.769  -63.183  -24.971 0.5000000000
16951  -34.522  -61.807  -26.442 0.6000000238
14147  -30.241  -63.809  -24.206 0.4000000060
175988  -30.095  -64.499  -24.075 0.4000000060
15969  -32.452  -62.441  -23.308 0.4000000060
16002  -34.384  -62.301  -25.888 0.5000000000
20800  -42.514  -57.935  -32.700 0.3000000119
190799  -43.214  -53.777  -30.057 0.3000000119
188145  -34.562  -62.281  -27.100 0.5000000000
18867  -39.234  -60.254  -35.513 0.5000000000
163694  -40.638  -59.286  -34.111 0.4000000060
160476  -32.021  -61.056  -23.836 0.4000000060
16918  -33.867  -61.782  -24.206 0.5000000000
16934  -34.420  -61.580  -25.536 0.5000000000
15967  -31.352  -62.210  -23.887 0.4000000060
167377  -31.386  -63.024  -23.571 0.4000000060
169762  -34.559  -61.461  -27.264 0.6000000238
16999  -34.638  -61.768  -29.400 0.6000000238
17878  -35.181  -60.752  -30.837 0.6999999881
18868  -39.523  -59.620  -35.478 0.5000000000
17015  -34.799  -62.082  -30.113 0.6999999881
17908  -35.652  -61.522  -33.092 0.6999999881
18863  -37.374  -60.264  -35.390 0.6999999881
17045  -35.412  -61.464  -32.172 0.6999999881
17909  -36.009  -60.879  -33.567 0.6999999881
16919  -34.146  -61.228  -24.578 0.5000000000
176929  -34.551  -60.943  -26.010 0.6000000238
193056  -34.589  -60.663  -27.348 0.6000000238
161983  -34.782  -59.858  -28.950 0.6000000238
17764  -32.721  -60.713  -23.639 0.4000000060
18706  -33.805  -59.884  -23.950 0.5000000000
17802  -34.573  -60.108  -26.134 0.6000000238
175876  -34.561  -60.961  -27.938 0.6000000238
18818  -35.251  -59.945  -30.377 0.6000000238
18841  -35.714  -60.059  -31.686 0.6000000238
25920  -44.076  -53.410  -30.114 0.3000000119
17877  -34.961  -60.690  -30.103 0.6000000238
17899  -35.755  -60.582  -32.454 0.6999999881
19810  -39.252  -59.097  -35.490 0.6000000238
19811  -39.973  -59.038  -35.244 0.5000000000
20680  -33.303  -57.956  -24.952 0.6000000238
19709  -33.757  -58.196  -25.133 0.6000000238
20715  -34.183  -57.987  -26.746 0.6999999881
185847  -34.577  -59.210  -26.886 0.6000000238
168294  -34.752  -59.211  -28.692 0.6000000238
19781  -35.644  -59.255  -30.651 0.6000000238
19661  -33.288  -59.079  -23.962 0.5000000000
18748  -34.447  -59.443  -25.434 0.6000000238
18830  -35.900  -59.429  -31.311 0.6000000238
18842  -36.176  -59.574  -32.084 0.6999999881
19806  -37.607  -58.817  -33.867 0.6999999881
18851  -36.919  -59.452  -33.741 0.6999999881
20810  -39.495  -58.344  -35.331 0.6000000238
19805  -37.567  -59.412  -34.836 0.6999999881
21719  -33.580  -57.315  -26.304 0.6000000238
20729  -33.948  -57.363  -27.198 0.6999999881
192682  -34.227  -57.461  -27.854 0.6999999881
19736  -34.500  -58.691  -27.209 0.6999999881
19768  -35.765  -58.328  -30.305 0.6000000238
20807  -38.973  -57.804  -34.632 0.5000000000
190326  -36.284  -58.971  -31.546 0.6999999881
19800  -37.259  -58.799  -33.045 0.6999999881
20809  -38.743  -58.529  -35.035 0.6000000238
22734  -35.182  -56.418  -29.648 0.6999999881
21781  -36.948  -56.910  -31.095 0.6999999881
21762  -34.737  -56.825  -29.091 0.6999999881
20779  -36.000  -57.476  -30.287 0.6000000238
21789  -37.429  -57.021  -31.620 0.5000000000
20761  -34.794  -57.698  -28.994 0.6999999881
188486  -35.212  -58.274  -29.561 0.6000000238
188397  -37.094  -58.213  -31.967 0.6999999881
21802  -39.254  -57.070  -34.403 0.5000000000
19782  -36.114  -58.686  -30.992 0.6000000238
19793  -37.474  -58.242  -32.585 0.6999999881
20806  -38.217  -58.180  -33.963 0.6000000238
23733  -37.031  -55.712  -31.622 0.6999999881
22759  -37.392  -56.286  -31.651 0.6999999881
23732  -36.521  -55.506  -31.462 0.6999999881
21801  -38.619  -57.330  -33.496 0.6000000238
21790  -37.935  -56.811  -32.084 0.6999999881
18865  -39.910  -59.758  -35.170 0.5000000000
20796  -37.666  -57.584  -32.101 0.6000000238
11693  -27.945  -67.084  -26.019 0.4000000060
14164  -32.701  -64.124  -24.433 0.4000000060
15065  -30.486  -62.967  -24.829 0.4000000060
15047  -31.376  -63.753  -23.630 0.4000000060
16902  -33.637  -61.132  -23.830 0.4000000060
16900  -32.498  -61.457  -23.360 0.4000000060
17917  -36.272  -61.193  -34.623 0.6999999881
18859  -36.949  -59.986  -34.656 0.6999999881
163042  -34.621  -60.189  -27.766 0.6000000238
18805  -34.976  -59.162  -29.286 0.6000000238
19687  -34.052  -58.877  -24.830 0.6999999881
19722  -34.409  -58.637  -26.428 0.6000000238
19753  -34.781  -58.536  -28.847 0.6000000238
21763  -35.222  -57.288  -29.531 0.6999999881
20787  -36.428  -57.748  -30.831 0.6000000238
21780  -36.358  -56.865  -30.551 0.6000000238
21749  -33.857  -56.772  -27.837 0.5000000000
20679  -32.995  -58.161  -24.757 0.4000000060
21700  -33.037  -57.222  -25.817 0.5000000000
22732  -33.889  -55.792  -29.010 0.6000000238
19684  -32.100  -59.130  -24.801 0.4000000060
19708  -31.631  -58.282  -25.722 0.5000000000
20698  -32.175  -57.652  -25.510 0.5000000000
22704  -32.789  -56.406  -27.168 0.5000000000
172182  -32.888  -56.058  -28.025 0.5000000000
23715  -33.128  -55.445  -29.779 0.5000000000
22705  -33.360  -56.363  -27.621 0.5000000000
22733  -34.554  -56.047  -29.317 0.6000000238
164120  -34.942  -55.700  -29.937 0.5000000000
23705  -33.575  -55.452  -29.508 0.5000000000
23730  -35.035  -55.295  -31.420 0.6999999881
23729  -34.142  -55.367  -31.190 0.6000000238
23743  -35.552  -55.064  -32.503 0.6000000238
19707  -31.020  -58.798  -25.977 0.5000000000
20727  -31.382  -57.624  -26.770 0.5000000000
21748  -31.632  -56.786  -28.061 0.5000000000
22730  -32.055  -56.170  -29.595 0.5000000000
22715  -32.218  -56.034  -28.636 0.5000000000
23731  -35.839  -55.333  -31.466 0.6000000238
187214  -33.230  -55.481  -30.796 0.6000000238
177838  -34.720  -55.233  -32.587 0.5000000000
176830  -35.145  -54.830  -33.281 0.6000000238
20726  -30.907  -58.126  -27.493 0.5000000000
21747  -31.010  -57.768  -28.815 0.5000000000
21760  -31.010  -57.909  -29.747 0.5000000000
21772  -31.591  -57.137  -30.063 0.5000000000
22749  -32.547  -55.965  -30.903 0.5000000000
23744  -36.259  -55.066  -32.339 0.6000000238
180628  -32.849  -56.054  -31.840 0.5000000000
23752  -34.532  -55.097  -33.437 0.6000000238
19720  -30.487  -58.786  -26.699 0.5000000000
20743  -30.638  -58.311  -28.437 0.5000000000
172541  -30.582  -58.240  -30.194 0.5000000000
20785  -30.552  -58.024  -31.161 0.5000000000
21787  -30.424  -57.594  -31.593 0.6000000238
21779  -31.248  -57.674  -31.361 0.4000000060
172192  -30.305  -56.659  -32.707 0.4000000060
20793  -30.846  -57.692  -31.759 0.5000000000
21788  -31.536  -57.360  -32.255 0.5000000000
22740  -31.617  -57.271  -30.823 0.4000000060
23749  -29.907  -55.269  -33.350 0.4000000060
23760  -30.466  -55.644  -33.692 0.5000000000
21800  -31.813  -56.801  -33.706 0.5000000000
185788  -29.521  -54.379  -33.356 0.4000000060
22766  -32.293  -56.663  -33.609 0.6000000238
22758  -33.625  -55.791  -33.360 0.6000000238
25946  -34.792  -54.178  -33.130 0.6000000238
25934  -34.236  -53.717  -32.214 0.6000000238
22765  -30.749  -56.859  -33.064 0.5000000000
24810  -30.574  -54.204  -33.644 0.5000000000
24811  -31.490  -54.466  -33.846 0.5000000000
23761  -31.254  -55.883  -33.978 0.5000000000
25959  -29.893  -52.971  -33.382 0.4000000060
190042  -30.369  -53.445  -33.475 0.5000000000
183278  -32.240  -54.374  -33.819 0.6000000238
23763  -32.988  -55.464  -34.158 0.6000000238
25945  -33.247  -54.082  -33.201 0.6000000238
25961  -31.709  -53.785  -33.394 0.5000000000
189857  -30.721  -50.718  -32.775 0.3000000119
28095  -29.770  -51.754  -33.116 0.4000000060
27068  -29.996  -52.339  -33.224 0.4000000060
27069  -30.554  -52.764  -33.299 0.5000000000
25932  -32.649  -53.523  -32.314 0.5000000000
32918  -33.789  -46.868  -30.088 0.3000000119
31878  -33.008  -48.090  -31.579 0.3000000119
30865  -32.603  -48.679  -31.895 0.4000000060
29922  -32.124  -49.263  -32.096 0.4000000060
35338  -33.938  -45.134  -29.150 0.3000000119
37907  -35.734  -43.450  -28.885 0.3000000119
162879  -35.156  -44.087  -28.805 0.3000000119
40286  -35.883  -42.093  -28.664 0.3000000119
40287  -36.386  -42.295  -29.309 0.3000000119
169456  -36.205  -41.503  -29.087 0.3000000119
41559  -36.435  -40.854  -29.604 0.3000000119
43813  -36.210  -39.412  -30.056 0.3000000119
43829  -36.414  -39.050  -30.840 0.3000000119
28085  -31.481  -51.755  -32.720 0.5000000000
34059  -34.087  -45.802  -29.256 0.3000000119
23719  -36.073  -55.716  -30.754 0.5000000000
179513  -31.909  -57.048  -26.595 0.5000000000
22757  -32.347  -56.680  -32.739 0.5000000000
23764  -33.645  -55.108  -33.855 0.6000000238
17921  -39.677  -60.377  -34.971 0.3000000119
17059  -35.925  -61.708  -34.071 0.6000000238
185894  -37.301  -61.025  -35.629 0.6000000238
21775  -40.093  -56.549  -30.291 0.3000000119
191331  -40.693  -56.691  -30.751 0.3000000119
20790  -40.652  -57.669  -31.670 0.3000000119
21785  -42.020  -57.213  -31.432 0.3000000119
20797  -39.757  -58.408  -31.833 0.3000000119
20803  -40.823  -58.581  -32.901 0.3000000119
20799  -41.622  -57.714  -32.038 0.3000000119
17077  -36.729  -62.466  -35.219 0.6000000238
192190  -38.095  -61.513  -35.682 0.5000000000
186849  -39.905  -56.117  -29.861 0.3000000119
22744  -40.837  -56.175  -30.408 0.3000000119
22751  -41.450  -56.621  -30.935 0.3000000119
22752  -42.433  -56.774  -31.090 0.3000000119
19796  -40.056  -58.879  -32.610 0.3000000119
18860  -39.747  -60.374  -34.093 0.3000000119
17070  -38.605  -61.435  -35.222 0.4000000060
19685  -32.855  -58.826  -24.381 0.4000000060
23707  -39.334  -55.635  -29.020 0.3000000119
23709  -40.554  -55.285  -29.700 0.3000000119
24777  -41.281  -54.934  -29.813 0.3000000119
169661  -41.850  -55.224  -30.157 0.3000000119
12496  -32.040  -66.611  -25.387 0.5000000000
12497  -32.793  -66.402  -25.325 0.5000000000
10813  -28.880  -67.799  -26.560 0.4000000060
10788  -30.221  -67.544  -26.047 0.4000000060
11672  -30.690  -67.128  -25.585 0.4000000060
187919  -31.677  -67.622  -26.229 0.5000000000
15130  -35.254  -63.679  -28.841 0.5000000000
14201  -34.822  -63.985  -26.788 0.5000000000
12474  -32.335  -65.921  -25.062 0.5000000000
12475  -33.080  -65.656  -25.201 0.5000000000
12495  -31.170  -66.624  -25.206 0.4000000060
15176  -35.540  -63.309  -31.210 0.6000000238
187169  -35.214  -62.895  -30.829 0.6000000238
15149  -34.956  -63.135  -29.143 0.5000000000
15113  -34.895  -63.645  -27.545 0.5000000000
188224  -31.918  -65.572  -24.741 0.3000000119
13303  -32.478  -65.202  -24.807 0.4000000060
14176  -33.749  -64.445  -25.516 0.5000000000
16117  -35.904  -63.311  -33.137 0.6000000238
16087  -35.295  -62.691  -31.509 0.6000000238
16052  -34.801  -62.575  -29.599 0.6000000238
16013  -34.486  -62.809  -26.588 0.4000000060
16025  -34.638  -62.989  -27.388 0.5000000000
16130  -36.668  -63.031  -34.751 0.6000000238
18853  -39.296  -60.098  -33.079 0.3000000119
17069  -38.108  -62.072  -34.995 0.4000000060
17058  -35.460  -62.153  -32.725 0.6000000238
179325  -34.642  -62.326  -28.713 0.4000000060
19795  -39.247  -58.946  -31.857 0.3000000119
20788  -39.276  -58.238  -31.190 0.3000000119
17911  -38.962  -60.799  -33.648 0.3000000119
17079  -37.984  -61.863  -35.568 0.5000000000
190003  -35.166  -62.181  -31.410 0.6000000238
192790  -35.642  -62.696  -33.176 0.6000000238
16104  -35.457  -62.703  -32.427 0.6000000238
17061  -38.051  -61.997  -33.863 0.3000000119
15191  -36.201  -63.873  -32.710 0.5000000000
14337  -36.873  -64.423  -33.318 0.5000000000
15207  -36.464  -63.641  -33.876 0.5000000000
14338  -37.491  -64.745  -33.602 0.4000000060
15217  -36.940  -63.615  -34.203 0.5000000000
14307  -37.254  -64.954  -32.036 0.5000000000
14306  -36.605  -64.404  -31.440 0.5000000000
13431  -37.945  -65.140  -33.069 0.4000000060
15210  -38.029  -64.364  -33.552 0.4000000060
16118  -37.388  -63.493  -33.880 0.4000000060
15221  -36.923  -63.228  -34.686 0.5000000000
15150  -35.423  -63.616  -29.552 0.5000000000
14305  -35.953  -63.877  -30.887 0.5000000000
17068  -37.591  -62.693  -34.474 0.4000000060
166195  -33.581  -68.978  -32.111 0.3000000119
9359  -34.218  -69.502  -32.511 0.3000000119
9341  -34.402  -70.111  -31.490 0.3000000119
8513  -34.359  -70.492  -29.919 0.3000000119
193137  -35.016  -70.742  -29.472 0.4000000060
175855  -33.793  -69.657  -31.308 0.3000000119
9339  -33.155  -69.466  -30.613 0.3000000119
8496  -36.462  -70.603  -29.046 0.4000000060
8494  -34.338  -70.615  -28.822 0.4000000060
9329  -33.567  -70.162  -29.334 0.3000000119
10082  -32.370  -68.873  -30.229 0.3000000119
9274  -36.682  -69.623  -26.811 0.4000000060
9286  -35.674  -70.100  -26.521 0.4000000060
8477  -34.134  -70.470  -27.894 0.4000000060
9317  -32.894  -69.590  -28.985 0.4000000060
10073  -31.893  -68.574  -29.454 0.4000000060
9301  -33.025  -69.553  -28.098 0.4000000060
12503  -39.005  -65.791  -25.275 0.3000000119
10014  -37.493  -68.621  -26.050 0.4000000060
10000  -36.922  -68.406  -25.263 0.4000000060
9273  -35.912  -69.684  -25.926 0.4000000060
10032  -34.257  -69.407  -26.150 0.4000000060
10051  -32.978  -69.112  -27.269 0.4000000060
10062  -32.546  -69.081  -28.278 0.4000000060
15099  -39.163  -63.424  -26.701 0.3000000119
11656  -37.544  -66.413  -24.880 0.4000000060
12478  -36.672  -66.408  -24.854 0.4000000060
10771  -36.453  -67.986  -24.915 0.4000000060
10770  -35.740  -67.809  -24.927 0.4000000060
11653  -35.400  -66.995  -25.016 0.4000000060
10011  -34.086  -68.684  -25.858 0.4000000060
10792  -34.100  -67.967  -25.570 0.4000000060
10030  -32.958  -68.603  -26.545 0.4000000060
10050  -32.247  -68.611  -27.661 0.4000000060
14230  -38.300  -63.581  -26.931 0.4000000060
14180  -37.204  -64.278  -25.927 0.4000000060
12500  -35.473  -65.710  -25.415 0.4000000060
11676  -34.081  -67.220  -25.392 0.4000000060
176853  -31.838  -68.150  -27.185 0.4000000060
10818  -33.356  -68.237  -25.969 0.4000000060
10848  -31.502  -68.213  -28.760 0.4000000060
14229  -37.407  -63.926  -27.275 0.4000000060
14179  -36.432  -64.558  -25.933 0.4000000060
13323  -35.064  -65.145  -25.823 0.4000000060
166672  -33.948  -66.527  -25.342 0.4000000060
170910  -32.048  -67.967  -26.549 0.4000000060
11675  -33.330  -66.932  -25.476 0.4000000060
14250  -37.204  -64.194  -28.426 0.4000000060
14227  -35.800  -64.211  -27.923 0.4000000060
14248  -35.244  -63.868  -28.153 0.4000000060
13422  -37.804  -65.313  -31.817 0.4000000060
14267  -36.592  -64.312  -29.223 0.4000000060
180620  -36.559  -64.305  -29.984 0.4000000060
14340  -38.797  -64.979  -33.145 0.3000000119
16106  -38.003  -63.334  -32.904 0.3000000119
12498  -33.817  -65.872  -25.388 0.4000000060
14288  -37.207  -64.666  -30.536 0.4000000060
16105  -37.744  -62.703  -32.828 0.3000000119
14249  -35.749  -64.112  -28.746 0.4000000060
8479  -35.678  -70.532  -28.034 0.4000000060
8478  -34.796  -70.510  -27.439 0.4000000060
9285  -34.670  -70.159  -26.612 0.4000000060
9302  -33.550  -69.876  -27.597 0.4000000060
179755  -38.694  -64.336  -25.520 0.4000000060
186616  -38.244  -66.768  -25.205 0.4000000060
14182  -39.353  -64.153  -25.620 0.3000000119
172438  -35.502  -69.108  -25.421 0.4000000060
14231  -38.879  -63.526  -27.560 0.3000000119
14205  -38.666  -63.718  -26.056 0.4000000060
13305  -37.548  -65.449  -25.064 0.4000000060
12501  -36.269  -65.724  -25.197 0.4000000060
14251  -38.103  -63.864  -27.920 0.4000000060
14203  -35.948  -64.467  -26.531 0.4000000060
10791  -32.939  -67.589  -25.811 0.4000000060
14202  -35.306  -64.342  -26.739 0.4000000060
13395  -37.690  -64.901  -30.330 0.4000000060
10034  -38.504  -68.850  -26.903 0.3000000119
7750  -37.914  -70.354  -28.471 0.3000000119
7766  -37.316  -70.845  -29.142 0.3000000119
9319  -37.851  -70.041  -28.619 0.3000000119
10052  -38.102  -69.270  -27.395 0.3000000119
8497  -37.463  -70.385  -28.866 0.3000000119
174210  -37.231  -69.722  -27.925 0.3000000119
10819  -38.885  -68.275  -26.463 0.3000000119
9275  -37.465  -69.037  -26.801 0.3000000119
10796  -38.437  -67.816  -25.917 0.3000000119
14252  -38.862  -63.992  -28.503 0.3000000119
13412  -38.967  -65.237  -30.460 0.3000000119
13411  -38.391  -65.301  -30.801 0.3000000119
13423  -38.412  -65.462  -31.616 0.3000000119
175771  -39.530  -66.416  -25.576 0.3000000119
14269  -38.157  -64.345  -29.007 0.3000000119
7749  -37.625  -71.162  -28.613 0.3000000119
8459  -35.419  -70.402  -27.135 0.4000000060
8460  -36.238  -70.150  -27.431 0.4000000060
8480  -36.897  -70.147  -28.441 0.3000000119
8495  -35.350  -70.704  -28.862 0.4000000060
8498  -37.713  -70.434  -28.814 0.3000000119
8516  -36.862  -70.878  -29.522 0.3000000119
9272  -35.078  -69.734  -25.906 0.4000000060
9284  -33.790  -69.668  -26.826 0.4000000060
9287  -38.430  -69.268  -27.200 0.3000000119
9303  -34.132  -70.255  -27.212 0.4000000060
9304  -37.658  -69.919  -28.548 0.3000000119
9305  -37.878  -69.735  -28.111 0.3000000119
9318  -33.497  -70.125  -28.438 0.4000000060
9328  -32.701  -69.332  -29.791 0.4000000060
9340  -34.002  -70.096  -30.773 0.3000000119
9350  -34.014  -69.567  -31.888 0.3000000119
9999  -36.120  -68.554  -25.077 0.4000000060
10012  -34.710  -69.124  -25.692 0.4000000060
10013  -36.616  -69.110  -25.756 0.4000000060
10015  -38.237  -68.366  -26.375 0.3000000119
10031  -33.532  -68.949  -26.412 0.4000000060
10033  -38.023  -68.769  -26.793 0.3000000119
10074  -32.344  -69.020  -29.210 0.4000000060
10083  -32.756  -68.871  -31.044 0.3000000119
10084  -33.336  -69.156  -31.500 0.3000000119
10096  -33.715  -68.888  -32.599 0.3000000119
10104  -34.028  -69.160  -33.018 0.3000000119
10769  -34.856  -67.648  -25.186 0.4000000060
10772  -37.085  -67.736  -24.969 0.4000000060
10786  -28.538  -67.428  -25.895 0.4000000060
10787  -29.358  -67.563  -25.933 0.4000000060
10790  -32.232  -67.543  -25.961 0.5000000000
10793  -34.744  -68.485  -25.431 0.4000000060
10794  -35.386  -68.348  -25.136 0.4000000060
10795  -37.664  -68.049  -25.573 0.4000000060
10797  -39.175  -67.637  -26.018 0.3000000119
10812  -28.089  -67.558  -26.486 0.4000000060
10817  -32.651  -68.085  -26.282 0.4000000060
10833  -28.287  -67.862  -27.185 0.4000000060
10843  -27.625  -67.732  -27.694 0.4000000060
10887  -31.856  -68.372  -30.281 0.4000000060
11650  -29.437  -66.585  -24.831 0.4000000060
11652  -34.632  -66.792  -25.255 0.4000000060
11654  -36.330  -67.203  -24.807 0.4000000060
11655  -37.116  -67.061  -24.831 0.4000000060
11669  -28.245  -66.745  -25.505 0.4000000060
11671  -29.827  -67.152  -25.411 0.4000000060
11673  -31.572  -67.161  -25.761 0.5000000000
11674  -32.575  -67.031  -25.609 0.5000000000
11677  -37.842  -67.356  -25.144 0.4000000060
11678  -38.968  -66.746  -25.502 0.3000000119
11692  -27.576  -66.979  -26.572 0.4000000060
11712  -27.001  -66.944  -28.472 0.4000000060
12456  -29.272  -65.734  -24.474 0.4000000060
12457  -30.056  -65.579  -24.258 0.4000000060
12458  -30.686  -65.452  -24.256 0.4000000060
12471  -28.708  -65.545  -24.860 0.4000000060
12476  -35.069  -66.258  -25.284 0.4000000060
12477  -35.853  -66.346  -25.022 0.4000000060
12479  -38.281  -66.008  -25.086 0.4000000060
12499  -34.525  -65.603  -25.522 0.4000000060
12502  -36.953  -65.785  -24.997 0.4000000060
13301  -31.314  -65.551  -24.503 0.4000000060
13302  -31.751  -65.070  -24.404 0.4000000060
13304  -33.169  -64.883  -25.152 0.4000000060
13321  -33.714  -65.172  -25.442 0.5000000000
13322  -34.292  -64.859  -25.802 0.4000000060
13324  -35.545  -64.715  -26.136 0.4000000060
13325  -36.782  -65.082  -25.383 0.4000000060
13326  -38.304  -65.007  -25.239 0.4000000060
13327  -39.188  -64.932  -25.326 0.3000000119
13396  -38.285  -64.900  -29.963 0.3000000119
13409  -37.241  -64.868  -31.230 0.4000000060
13410  -37.787  -65.182  -31.060 0.4000000060
13432  -38.304  -65.396  -32.420 0.3000000119
13438  -38.425  -65.188  -33.005 0.3000000119
14146  -29.816  -64.217  -24.531 0.4000000060
14148  -30.726  -64.309  -23.865 0.4000000060
14149  -31.482  -64.449  -23.933 0.4000000060
14150  -32.014  -63.923  -23.873 0.5000000000
14163  -32.199  -64.575  -24.363 0.4000000060
14165  -33.211  -64.289  -24.995 0.5000000000
14177  -34.378  -64.221  -26.044 0.5000000000
14178  -34.805  -64.524  -26.215 0.4000000060
14181  -37.996  -64.237  -25.715 0.4000000060
14204  -37.716  -63.911  -26.409 0.4000000060
14228  -36.720  -64.181  -26.645 0.4000000060
14266  -35.912  -64.088  -29.460 0.4000000060
14268  -37.481  -64.511  -29.520 0.4000000060
14270  -39.120  -64.697  -29.598 0.3000000119
14286  -35.915  -63.967  -30.129 0.5000000000
14287  -36.591  -64.337  -30.667 0.4000000060
14325  -36.035  -63.851  -31.747 0.5000000000
14326  -36.683  -64.447  -32.362 0.5000000000
14327  -37.362  -64.936  -32.913 0.5000000000
14339  -38.147  -64.862  -33.442 0.4000000060
15046  -30.851  -63.501  -23.861 0.4000000060
15048  -32.040  -63.153  -23.542 0.4000000060
15050  -33.268  -63.064  -24.137 0.5000000000
15066  -33.238  -63.696  -24.629 0.4000000060
15068  -34.218  -63.016  -25.791 0.5000000000
15084  -33.990  -63.772  -25.725 0.4000000060
15085  -34.422  -63.620  -26.374 0.5000000000
15086  -39.590  -63.610  -26.036 0.3000000119
15098  -34.667  -63.482  -26.980 0.5000000000
15114  -39.622  -63.329  -27.387 0.3000000119
15129  -34.824  -63.197  -28.241 0.5000000000
15131  -39.386  -63.557  -28.065 0.3000000119
15164  -35.101  -63.111  -29.799 0.5000000000
15165  -35.414  -63.368  -30.367 0.6000000238
15208  -36.984  -64.073  -33.897 0.5000000000
15209  -37.391  -64.344  -33.740 0.4000000060
15211  -38.838  -64.700  -33.323 0.3000000119
15215  -36.132  -63.036  -33.962 0.6000000238
15216  -36.731  -63.523  -34.325 0.5000000000
15947  -32.284  -61.975  -23.182 0.4000000060
15968  -31.882  -62.432  -23.415 0.4000000060
15970  -33.113  -62.443  -23.632 0.5000000000
15987  -30.890  -62.680  -24.227 0.4000000060
15988  -33.667  -62.442  -24.226 0.5000000000
16072  -35.023  -62.750  -30.268 0.5000000000
16086  -35.052  -62.275  -30.850 0.6000000238
16122  -37.097  -63.062  -34.710 0.5000000000
16123  -37.488  -62.498  -35.209 0.5000000000
16131  -37.072  -62.821  -35.094 0.5000000000
16899  -31.902  -61.760  -23.540 0.4000000060
16901  -33.419  -61.811  -23.662 0.4000000060
16981  -34.571  -61.327  -28.654 0.6000000238
17016  -34.941  -61.471  -30.534 0.6999999881
17031  -35.167  -61.589  -31.333 0.6999999881
17066  -35.723  -62.269  -33.598 0.6000000238
17067  -36.193  -62.428  -34.461 0.6000000238
17078  -37.343  -62.240  -35.511 0.5000000000
17080  -38.415  -61.284  -35.589 0.5000000000
17084  -37.729  -61.566  -35.781 0.5000000000
17763  -32.232  -60.342  -24.054 0.4000000060
17765  -33.378  -60.360  -23.636 0.5000000000
17766  -33.848  -60.552  -23.995 0.4000000060
17776  -34.226  -60.373  -24.517 0.6000000238
17783  -34.459  -60.223  -25.308 0.5000000000
17823  -34.586  -60.732  -26.740 0.6000000238
17843  -34.641  -60.456  -28.481 0.6000000238
17863  -34.731  -60.759  -29.308 0.6000000238
17886  -35.426  -60.749  -31.581 0.6999999881
17918  -36.759  -60.721  -35.112 0.6999999881
17919  -38.599  -61.455  -34.345 0.4000000060
17920  -39.196  -60.894  -34.685 0.4000000060
17926  -36.856  -61.682  -35.500 0.6000000238
17927  -38.991  -60.827  -35.357 0.3000000119
17928  -37.960  -60.794  -35.788 0.6000000238
17929  -38.282  -61.134  -35.751 0.5000000000
17930  -38.711  -60.817  -35.652 0.5000000000
18703  -32.431  -59.611  -24.300 0.4000000060
18704  -33.098  -59.331  -23.873 0.4000000060
18705  -33.350  -59.544  -23.749 0.4000000060
18724  -33.685  -59.200  -24.133 0.6999999881
18725  -34.213  -59.618  -24.595 0.5000000000
18767  -34.550  -59.330  -26.248 0.6000000238
18777  -34.610  -59.425  -27.539 0.6000000238
18792  -34.667  -59.660  -28.259 0.6000000238
18806  -35.319  -59.144  -29.969 0.6000000238
18817  -35.006  -59.913  -29.661 0.6000000238
18829  -35.491  -60.021  -31.067 0.6000000238
18844  -38.841  -59.718  -32.168 0.3000000119
18850  -36.293  -59.972  -33.092 0.6999999881
18854  -40.087  -59.618  -33.513 0.3000000119
18858  -36.458  -60.324  -34.139 0.6999999881
18861  -40.165  -59.828  -34.455 0.3000000119
18862  -40.400  -59.267  -34.732 0.5000000000
18864  -38.171  -59.981  -35.660 0.6999999881
18866  -38.633  -60.526  -35.786 0.5000000000
19686  -33.437  -58.531  -24.482 0.5000000000
19710  -34.287  -58.691  -25.625 0.6000000238
19721  -31.079  -58.317  -26.583 0.5000000000
19734  -30.020  -58.673  -27.541 0.5000000000
19735  -30.599  -58.576  -27.314 0.5000000000
19746  -30.399  -58.532  -28.021 0.5000000000
19747  -34.597  -58.805  -28.071 0.6000000238
19792  -36.639  -58.819  -32.009 0.6999999881
19799  -36.700  -59.199  -32.706 0.6999999881
19801  -37.730  -58.383  -33.224 0.6000000238
19802  -40.585  -59.041  -33.430 0.4000000060
19804  -41.705  -58.365  -33.798 0.5000000000
19808  -41.337  -58.544  -34.254 0.5000000000
19809  -38.458  -59.217  -35.411 0.6000000238
19812  -40.700  -58.636  -34.741 0.5000000000
19813  -38.953  -59.816  -35.646 0.5000000000
20678  -32.315  -58.247  -25.011 0.4000000060
20699  -32.826  -57.631  -25.290 0.5000000000
20700  -33.409  -57.640  -25.482 0.6000000238
20701  -33.978  -58.020  -25.908 0.6000000238
20714  -31.747  -57.599  -26.118 0.5000000000
20728  -33.426  -56.756  -27.047 0.6000000238
20744  -34.531  -57.970  -28.306 0.6999999881
20760  -30.561  -58.342  -29.304 0.5000000000
20777  -31.058  -57.850  -30.579 0.5000000000
20778  -35.590  -57.646  -29.930 0.6000000238
20786  -30.670  -58.044  -30.981 0.4000000060
20789  -39.930  -57.871  -31.416 0.3000000119
20794  -36.610  -58.347  -31.440 0.6999999881
20795  -37.072  -57.633  -31.447 0.6000000238
20798  -40.333  -58.192  -32.142 0.3000000119
20801  -43.186  -57.815  -33.116 0.4000000060
20802  -38.026  -57.843  -32.924 0.6999999881
20804  -41.654  -58.284  -33.062 0.5000000000
20811  -40.145  -58.207  -35.132 0.6000000238
20812  -40.694  -58.039  -34.874 0.5000000000
21699  -32.420  -57.107  -25.945 0.5000000000
21718  -32.938  -56.857  -26.431 0.5000000000
21734  -31.070  -57.624  -28.001 0.5000000000
21735  -31.451  -57.223  -27.319 0.5000000000
21750  -34.390  -57.184  -28.445 0.6999999881
21761  -31.569  -56.916  -29.130 0.5000000000
21773  -35.752  -56.829  -30.047 0.6999999881
21782  -39.547  -57.645  -30.840 0.3000000119
21783  -40.170  -57.215  -30.907 0.3000000119
21784  -41.068  -57.138  -31.269 0.3000000119
21786  -43.015  -57.368  -31.627 0.3000000119
21791  -42.520  -57.642  -31.966 0.3000000119
21792  -43.333  -57.748  -32.294 0.4000000060
21793  -30.583  -57.254  -32.358 0.6000000238
21794  -31.126  -57.290  -32.705 0.5000000000
21795  -31.723  -57.039  -33.154 0.5000000000
21796  -38.448  -56.674  -32.769 0.6999999881
21799  -31.321  -56.968  -33.476 0.5000000000
21803  -39.815  -57.047  -34.746 0.5000000000
21805  -43.539  -57.503  -33.474 0.5000000000
21806  -39.645  -57.634  -34.995 0.5000000000
21807  -40.236  -57.503  -34.969 0.5000000000
21809  -41.954  -57.692  -34.377 0.5000000000
22703  -32.045  -56.583  -27.180 0.5000000000
22716  -33.580  -56.139  -28.297 0.6000000238
22717  -34.162  -56.430  -28.646 0.5000000000
22731  -32.602  -55.712  -29.359 0.5000000000
22735  -39.370  -56.132  -29.403 0.3000000119
22736  -40.436  -55.808  -29.971 0.3000000119
22741  -32.588  -55.711  -30.112 0.5000000000
22742  -35.614  -56.035  -30.186 0.6999999881
22743  -36.128  -56.280  -30.449 0.6999999881
22745  -41.808  -56.141  -30.646 0.3000000119
22748  -32.029  -56.835  -31.517 0.4000000060
22750  -36.661  -56.141  -31.004 0.6999999881
22754  -44.074  -56.803  -31.428 0.4000000060
22756  -30.157  -56.769  -32.052 0.4000000060
22760  -38.050  -56.115  -32.357 0.8000000119
22762  -44.440  -57.137  -32.114 0.4000000060
22764  -30.240  -56.034  -33.199 0.4000000060
22767  -32.945  -56.224  -33.515 0.6000000238
22769  -44.313  -57.142  -32.645 0.5000000000
22771  -30.924  -56.443  -33.635 0.5000000000
22772  -32.131  -56.526  -34.005 0.5000000000
22773  -32.710  -56.160  -34.028 0.6000000238
22776  -41.995  -56.686  -34.379 0.5000000000
22777  -42.928  -56.980  -34.076 0.6000000238
23694  -33.095  -55.627  -28.910 0.5000000000
23706  -34.207  -55.470  -29.695 0.5000000000
23716  -33.753  -55.389  -30.178 0.5000000000
23717  -34.529  -55.406  -30.462 0.6999999881
23718  -35.337  -55.492  -30.651 0.5000000000
23720  -41.242  -55.587  -30.165 0.3000000119
23721  -42.082  -55.703  -30.421 0.3000000119
23742  -33.763  -55.605  -32.234 0.5000000000
23745  -36.908  -55.174  -32.202 0.6999999881
23750  -33.368  -55.694  -33.923 0.6000000238
23751  -33.891  -55.251  -33.648 0.6000000238
23754  -36.458  -54.497  -32.784 0.6000000238
23756  -38.161  -55.383  -32.822 0.8000000119
23757  -38.770  -55.317  -33.352 0.8000000119
23758  -44.543  -56.532  -32.803 0.6000000238
23762  -32.145  -55.919  -34.201 0.6000000238
23765  -34.170  -54.893  -33.658 0.6000000238
23770  -43.000  -55.582  -34.003 0.6000000238
24775  -41.391  -54.217  -29.561 0.3000000119
24779  -42.942  -54.455  -30.231 0.3000000119
24780  -43.899  -54.344  -30.384 0.4000000060
24783  -44.613  -55.083  -30.980 0.5000000000
24790  -45.515  -55.222  -32.037 0.5000000000
24797  -29.401  -54.710  -33.243 0.4000000060
24798  -33.079  -54.681  -33.941 0.6000000238
24799  -34.665  -54.702  -33.443 0.6000000238
24800  -35.284  -54.433  -33.134 0.6000000238
24801  -35.932  -54.142  -33.009 0.6999999881
24803  -37.724  -54.068  -32.908 0.6999999881
24805  -45.532  -55.287  -32.368 0.6000000238
24806  -45.806  -54.495  -32.654 0.6000000238
24809  -30.017  -54.776  -33.571 0.4000000060
24813  -39.967  -54.548  -33.812 0.8000000119
24814  -40.693  -54.665  -33.982 0.8000000119
24815  -41.764  -54.055  -33.937 0.8000000119
25917  -34.886  -53.153  -30.472 0.6999999881
25925  -34.536  -53.459  -31.215 0.6999999881
25926  -35.423  -53.374  -31.233 0.6999999881
25927  -37.003  -53.310  -31.877 0.6999999881
25929  -46.151  -53.691  -31.252 0.4000000060
25931  -31.913  -53.257  -32.635 0.6000000238
25933  -33.373  -53.696  -32.157 0.6000000238
25939  -46.448  -54.020  -32.101 0.5000000000
25944  -32.444  -53.920  -33.321 0.6000000238
25949  -37.311  -53.649  -32.640 0.6999999881
25950  -38.080  -53.595  -32.776 0.6999999881
25953  -41.305  -53.042  -33.375 0.6000000238
25955  -46.926  -53.578  -32.433 0.6000000238
25960  -30.975  -53.622  -33.436 0.5000000000
25962  -39.743  -53.995  -33.639 0.6999999881
25965  -41.910  -53.378  -33.684 0.6000000238
25968  -45.348  -54.212  -33.276 0.6000000238
27030  -33.773  -52.637  -30.165 0.6000000238
27031  -34.506  -52.682  -30.055 0.6999999881
27040  -32.794  -52.810  -31.010 0.6000000238
27041  -33.297  -53.104  -30.605 0.6999999881
27043  -37.114  -52.671  -30.693 0.6999999881
27046  -45.817  -52.805  -30.649 0.4000000060
27047  -46.709  -52.966  -31.245 0.4000000060
27048  -47.081  -52.420  -31.361 0.5000000000
27050  -31.875  -52.325  -32.187 0.6000000238
27052  -38.301  -52.772  -31.661 0.6999999881
27054  -40.345  -52.344  -32.375 0.6999999881
27058  -31.028  -52.207  -32.983 0.5000000000
27059  -39.907  -52.948  -32.964 0.6999999881
27062  -44.098  -52.336  -33.747 0.6000000238
27063  -46.677  -53.614  -32.971 0.5000000000
28051  -33.666  -51.862  -30.179 0.6000000238
28054  -35.870  -52.017  -29.904 0.6000000238
28064  -33.712  -50.991  -30.415 0.6000000238
28065  -38.134  -51.619  -30.591 0.6999999881
28068  -40.363  -51.322  -31.521 0.6999999881
28076  -39.329  -52.135  -31.503 0.6999999881
28078  -40.704  -51.761  -31.998 0.6000000238
28079  -41.380  -51.619  -32.167 0.6000000238
28081  -47.547  -52.130  -31.877 0.5000000000
28084  -30.892  -51.423  -32.854 0.6000000238
28088  -42.564  -51.869  -32.921 0.6000000238
28091  -47.707  -52.469  -32.825 0.5000000000
28096  -30.404  -51.927  -33.051 0.4000000060
28980  -35.969  -51.126  -29.831 0.6000000238
28983  -37.973  -50.907  -30.439 0.6000000238
28988  -33.231  -50.640  -31.058 0.5000000000
28990  -39.337  -51.064  -30.947 0.6999999881
28991  -39.973  -50.829  -31.147 0.5000000000
28992  -40.696  -50.707  -31.455 0.5000000000
28999  -42.053  -50.773  -32.102 0.5000000000
29000  -42.862  -51.032  -32.617 0.6000000238
29001  -46.653  -50.522  -31.535 0.4000000060
29009  -47.709  -51.203  -33.682 0.5000000000
29010  -47.468  -50.642  -34.218 0.4000000060
29015  -30.178  -51.137  -32.935 0.3000000119
29016  -46.072  -51.222  -34.771 0.5000000000
29017  -47.165  -51.152  -34.597 0.3000000119
29020  -46.903  -50.536  -35.069 0.3000000119
29021  -47.003  -50.050  -35.121 0.3000000119
29891  -35.948  -50.251  -29.983 0.6000000238
29893  -37.278  -49.643  -30.529 0.5000000000
29894  -37.707  -50.223  -30.417 0.6000000238
29911  -40.645  -49.525  -31.694 0.5000000000
29913  -41.803  -50.087  -31.945 0.5000000000
29915  -45.911  -50.027  -31.193 0.3000000119
29916  -46.598  -49.853  -31.849 0.3000000119
29933  -46.015  -50.378  -35.022 0.4000000060
29934  -47.289  -50.009  -34.550 0.3000000119
29935  -46.605  -50.064  -35.372 0.3000000119
30845  -36.157  -48.683  -30.382 0.5000000000
30853  -33.805  -49.206  -31.065 0.5000000000
30858  -38.949  -48.772  -31.586 0.4000000060
30866  -33.244  -48.899  -31.575 0.5000000000
30869  -41.132  -49.101  -32.100 0.5000000000
30878  -40.892  -48.430  -32.530 0.5000000000
30880  -42.476  -49.231  -32.681 0.5000000000
30883  -47.189  -49.152  -33.055 0.3000000119
30888  -47.329  -49.308  -34.105 0.4000000060
30890  -46.485  -49.200  -35.554 0.3000000119
30891  -46.799  -48.847  -35.453 0.3000000119
30892  -47.153  -49.337  -35.063 0.3000000119
31856  -34.893  -48.509  -30.400 0.5000000000
31857  -35.546  -48.278  -30.267 0.5000000000
31867  -33.565  -47.864  -30.985 0.4000000060
31871  -38.566  -48.281  -31.590 0.4000000060
31879  -38.558  -47.652  -31.748 0.4000000060
31893  -41.531  -48.259  -32.892 0.5000000000
31895  -46.976  -47.768  -33.176 0.3000000119
31899  -42.634  -48.071  -33.692 0.5000000000
31900  -47.116  -48.082  -34.246 0.3000000119
31903  -46.711  -48.018  -35.536 0.3000000119
31905  -45.448  -47.326  -35.944 0.4000000060
32943  -46.605  -47.146  -32.519 0.3000000119
32949  -39.305  -47.054  -32.782 0.4000000060
32951  -40.344  -47.322  -33.242 0.4000000060
32954  -40.507  -46.941  -33.830 0.4000000060
32956  -42.327  -47.421  -34.071 0.4000000060
32960  -42.829  -47.007  -34.784 0.4000000060
32963  -46.978  -47.666  -35.003 0.3000000119
32964  -44.480  -46.526  -36.048 0.4000000060
32966  -45.959  -46.999  -36.152 0.4000000060
32967  -46.316  -47.482  -35.800 0.4000000060
34068  -34.276  -46.435  -29.515 0.4000000060
34069  -35.808  -46.466  -29.703 0.4000000060
34070  -36.607  -46.415  -30.028 0.5000000000
34080  -37.325  -46.287  -30.459 0.4000000060
34081  -37.924  -46.134  -31.001 0.4000000060
34093  -38.643  -46.382  -32.092 0.4000000060
34094  -46.007  -45.970  -31.933 0.3000000119
34107  -46.597  -46.398  -32.978 0.3000000119
34111  -39.267  -45.982  -33.540 0.4000000060
34113  -40.283  -46.500  -34.244 0.4000000060
34118  -40.038  -45.959  -34.591 0.4000000060
34119  -40.711  -46.167  -34.806 0.4000000060
34121  -42.510  -46.410  -35.229 0.4000000060
35339  -34.651  -45.374  -29.076 0.4000000060
35340  -35.391  -45.728  -29.263 0.4000000060
35350  -36.952  -45.650  -30.046 0.4000000060
35372  -38.321  -45.157  -31.871 0.4000000060
35381  -38.862  -45.561  -33.022 0.4000000060
35382  -46.004  -45.230  -32.920 0.3000000119
35401  -40.162  -44.986  -35.462 0.4000000060
35406  -44.358  -44.946  -37.171 0.4000000060
36637  -34.545  -44.640  -28.907 0.3000000119
36652  -44.948  -44.097  -30.562 0.4000000060
36661  -38.085  -44.548  -31.392 0.4000000060
36663  -45.462  -44.367  -31.466 0.3000000119
36675  -45.261  -43.948  -31.692 0.4000000060
36676  -45.613  -44.646  -32.131 0.3000000119
36681  -38.380  -44.399  -32.938 0.4000000060
36683  -44.667  -44.167  -32.601 0.4000000060
36690  -38.654  -44.513  -33.829 0.4000000060
36698  -38.965  -44.288  -34.671 0.4000000060
36704  -40.738  -44.577  -36.064 0.4000000060
36707  -44.584  -44.598  -37.070 0.3000000119
36709  -41.738  -44.205  -36.796 0.4000000060
37919  -36.319  -43.869  -29.362 0.4000000060
37928  -36.764  -44.300  -29.802 0.4000000060
37932  -45.333  -43.350  -30.858 0.3000000119
37951  -38.119  -43.674  -32.408 0.4000000060
37975  -39.359  -43.374  -35.517 0.4000000060
37982  -43.883  -43.535  -37.736 0.4000000060
39089  -36.751  -42.696  -29.837 0.4000000060
39105  -44.946  -42.297  -31.617 0.4000000060
39106  -45.215  -42.685  -31.261 0.4000000060
39120  -37.872  -42.967  -32.201 0.4000000060
39132  -37.615  -42.267  -32.443 0.4000000060
40303  -37.134  -41.636  -30.539 0.4000000060
41575  -45.032  -40.676  -30.144 0.4000000060
41591  -44.755  -41.035  -31.081 0.4000000060
41592  -45.067  -41.008  -30.653 0.4000000060
42672  -36.126  -40.102  -29.458 0.3000000119
42682  -36.539  -40.206  -30.185 0.4000000060
42711  -37.007  -39.832  -31.933 0.4000000060
43819  -44.662  -39.552  -29.763 0.4000000060
43835  -36.608  -38.807  -31.556 0.4000000060
45003  -36.983  -37.913  -32.438 0.4000000060
45007  -37.182  -38.105  -33.871 0.4000000060
45010  -37.243  -38.423  -34.718 0.5000000000
45973  -37.045  -37.225  -32.294 0.4000000060
161554  -31.628  -68.178  -27.937 0.4000000060
161579  -38.096  -58.804  -34.633 0.6000000238
162087  -43.538  -55.106  -33.745 0.6000000238
162165  -32.346  -55.032  -34.134 0.6000000238
163132  -42.512  -54.638  -34.016 0.6999999881
163283  -41.524  -54.788  -34.128 0.6999999881
163571  -34.611  -59.957  -26.966 0.6000000238
163821  -31.608  -66.066  -24.919 0.4000000060
164302  -34.368  -58.050  -27.557 0.6999999881
165379  -44.697  -45.420  -36.949 0.4000000060
165595  -36.345  -64.236  -28.376 0.4000000060
165773  -44.984  -45.398  -36.741 0.3000000119
166352  -35.899  -64.302  -27.166 0.4000000060
166488  -42.818  -49.853  -32.584 0.5000000000
166717  -34.593  -62.335  -27.794 0.4000000060
167190  -38.907  -65.467  -32.077 0.3000000119
167617  -40.408  -47.894  -32.793 0.4000000060
167853  -31.600  -56.587  -33.981 0.5000000000
168162  -39.972  -53.576  -33.445 0.6999999881
168414  -45.238  -44.264  -32.283 0.3000000119
168610  -32.928  -59.941  -23.787 0.4000000060
168842  -37.420  -41.954  -31.664 0.4000000060
169105  -33.103  -61.216  -23.484 0.4000000060
169118  -41.401  -52.530  -32.938 0.6000000238
169421  -35.265  -64.060  -27.433 0.4000000060
169513  -32.257  -56.239  -27.757 0.5000000000
169936  -44.199  -48.440  -34.551 0.4000000060
170085  -36.875  -43.472  -29.934 0.4000000060
170428  -38.310  -54.627  -33.161 0.8000000119
170484  -37.136  -50.226  -30.237 0.6000000238
171292  -36.307  -61.926  -34.891 0.6000000238
171704  -34.902  -47.833  -30.097 0.5000000000
171834  -36.021  -49.424  -30.276 0.5000000000
171880  -35.649  -63.264  -32.119 0.6000000238
172769  -36.609  -53.686  -32.659 0.6999999881
173653  -46.907  -48.485  -32.771 0.3000000119
174224  -32.736  -62.937  -23.659 0.5000000000
174357  -34.713  -51.403  -29.863 0.6000000238
174587  -33.606  -69.996  -30.109 0.3000000119
174669  -38.175  -57.252  -32.610 0.6000000238
174713  -29.797  -53.858  -33.400 0.4000000060
175029  -31.635  -55.278  -34.080 0.5000000000
175213  -39.896  -55.665  -29.549 0.3000000119
175361  -35.940  -65.156  -25.659 0.4000000060
175649  -39.153  -47.573  -32.279 0.4000000060
175733  -36.528  -64.171  -27.615 0.4000000060
175753  -33.557  -67.587  -25.635 0.4000000060
176735  -41.049  -51.221  -31.737 0.5000000000
176934  -37.455  -64.694  -25.431 0.4000000060
176982  -33.391  -66.254  -25.337 0.5000000000
177647  -32.805  -61.879  -23.312 0.4000000060
177795  -33.877  -53.916  -32.909 0.6000000238
177872  -36.141  -52.686  -30.325 0.6999999881
178109  -35.282  -62.150  -31.919 0.6000000238
178349  -41.635  -55.630  -34.331 0.6000000238
178589  -34.772  -61.376  -29.902 0.6000000238
179523  -40.990  -58.072  -32.361 0.3000000119
179657  -30.859  -55.075  -33.893 0.5000000000
180067  -37.787  -54.803  -32.812 0.6999999881
180504  -32.762  -64.626  -24.778 0.3000000119
180822  -34.050  -54.619  -33.612 0.6000000238
181990  -31.922  -59.621  -24.719 0.4000000060
182294  -44.467  -55.614  -33.222 0.6000000238
182585  -41.221  -42.609  -37.122 0.5000000000
182827  -39.522  -59.446  -32.625 0.3000000119
182948  -39.506  -48.008  -32.251 0.4000000060
183138  -34.556  -61.684  -28.072 0.6000000238
183159  -35.981  -42.727  -28.887 0.3000000119
183228  -33.122  -69.714  -29.778 0.4000000060
183464  -37.301  -41.380  -31.602 0.4000000060
183539  -37.157  -52.076  -30.186 0.6999999881
184009  -33.130  -56.091  -32.795 0.5000000000
184320  -32.291  -49.897  -32.057 0.5000000000
184437  -32.400  -56.665  -26.579 0.5000000000
184518  -34.842  -70.638  -28.140 0.4000000060
185225  -37.569  -69.370  -27.538 0.3000000119
185526  -34.413  -60.877  -25.196 0.6000000238
185616  -31.513  -52.501  -32.774 0.6000000238
185916  -32.047  -56.393  -30.472 0.5000000000
186424  -34.138  -55.373  -33.161 0.6000000238
186487  -32.767  -52.132  -30.930 0.6000000238
186508  -37.747  -65.289  -32.485 0.4000000060
186903  -36.865  -39.193  -31.965 0.4000000060
187282  -32.427  -68.479  -26.893 0.4000000060
187681  -42.202  -42.979  -37.421 0.5000000000
187752  -34.400  -66.198  -25.371 0.4000000060
188061  -34.140  -62.240  -25.022 0.5000000000
188173  -36.458  -63.917  -33.486 0.5000000000
189335  -43.576  -55.925  -30.926 0.4000000060
189726  -38.547  -67.274  -25.585 0.3000000119
189978  -37.040  -58.659  -32.428 0.6999999881
190020  -35.561  -63.893  -29.153 0.4000000060
190096  -45.074  -44.466  -32.818 0.4000000060
190235  -30.552  -58.161  -30.704 0.5000000000
190349  -40.297  -56.130  -30.129 0.3000000119
190594  -36.717  -42.222  -29.793 0.3000000119
190695  -36.969  -64.589  -25.651 0.4000000060
190772  -37.113  -64.500  -29.950 0.4000000060
191154  -38.924  -55.873  -33.434 0.8000000119
191567  -37.401  -43.447  -30.496 0.4000000060
191920  -34.566  -61.237  -26.627 0.6000000238
192414  -39.130  -55.164  -33.633 0.8000000119
193300  -32.109  -67.098  -25.679 0.5000000000
