#!ascii label  , from subject sub-v2s2x29080_ses-1 vox2ras=TkReg
2157
4081  31.347  -75.344  -21.135 0.5000000000
11343  16.766  -65.217  -29.843 0.6000000238
11330  16.724  -64.834  -29.044 0.6000000238
12060  15.991  -64.601  -29.099 0.6000000238
12048  16.775  -64.395  -28.414 0.6999999881
12049  16.109  -64.048  -28.555 0.6000000238
12032  18.618  -64.156  -27.398 0.6999999881
12813  17.583  -63.847  -27.252 0.6000000238
7566  22.476  -68.982  -23.132 0.5000000000
8958  24.160  -67.776  -20.557 0.6000000238
177498  23.813  -67.385  -20.978 0.6000000238
8261  22.839  -68.300  -22.732 0.5000000000
8213  25.505  -68.976  -19.294 0.5000000000
178115  24.720  -68.674  -19.987 0.4000000060
8237  24.221  -68.548  -21.226 0.5000000000
160882  23.763  -68.174  -21.906 0.6000000238
8313  16.743  -68.885  -25.538 0.5000000000
5094  27.762  -73.382  -18.946 0.4000000060
8331  16.260  -68.891  -26.083 0.5000000000
8314  16.088  -68.539  -25.354 0.5000000000
8359  16.268  -68.415  -28.253 0.6000000238
9118  15.955  -67.832  -29.956 0.6000000238
11357  17.066  -65.429  -30.512 0.6000000238
12076  18.090  -64.657  -30.057 0.6999999881
11358  16.377  -65.549  -30.247 0.6000000238
12058  18.171  -64.655  -28.972 0.6999999881
13651  20.880  -62.856  -28.978 0.6000000238
12030  19.618  -64.059  -28.095 0.6999999881
13629  21.990  -62.088  -27.684 0.6000000238
12810  20.899  -63.229  -27.414 0.6000000238
12811  20.252  -63.713  -27.644 0.6999999881
168193  21.950  -62.240  -26.923 0.6999999881
12826  16.507  -63.578  -27.998 0.6000000238
7594  21.934  -69.929  -24.327 0.5000000000
8997  22.045  -67.903  -22.808 0.6000000238
8274  21.842  -68.855  -23.374 0.5000000000
9722  24.891  -67.327  -20.213 0.6000000238
10450  24.233  -66.467  -20.999 0.6999999881
8981  22.920  -67.478  -22.005 0.6000000238
7507  25.477  -69.845  -19.205 0.4000000060
7656  17.765  -69.421  -28.447 0.5000000000
167176  17.670  -69.396  -27.230 0.5000000000
4057  29.750  -74.515  -19.654 0.5000000000
170091  17.328  -69.163  -27.765 0.5000000000
180510  17.420  -67.539  -31.143 0.6999999881
8373  16.894  -68.754  -29.509 0.6000000238
10631  17.735  -65.659  -31.551 0.6999999881
189498  16.475  -66.943  -30.997 0.6000000238
9117  16.508  -68.059  -30.400 0.6000000238
11366  17.294  -65.594  -31.100 0.6999999881
178101  16.033  -66.701  -30.701 0.6000000238
12075  18.680  -64.103  -30.887 0.6999999881
13673  20.830  -62.530  -29.943 0.6000000238
181850  19.712  -63.354  -30.210 0.6000000238
160919  21.398  -62.230  -29.319 0.6000000238
12842  19.651  -63.779  -29.139 0.6000000238
14563  22.859  -61.536  -28.465 0.6000000238
162447  23.381  -61.493  -27.333 0.6999999881
12781  19.098  -63.078  -25.876 0.6999999881
13632  16.966  -62.224  -27.618 0.5000000000
12794  20.994  -63.114  -26.764 0.6999999881
185662  20.269  -63.568  -26.753 0.6999999881
13631  17.345  -63.027  -27.150 0.6000000238
10484  21.451  -66.724  -23.359 0.5000000000
9012  21.191  -67.943  -23.813 0.5000000000
160515  21.203  -69.112  -25.180 0.5000000000
182174  23.225  -65.584  -22.393 0.6999999881
9770  21.807  -67.051  -22.843 0.6000000238
9738  26.199  -66.566  -20.790 0.5000000000
10449  25.059  -66.276  -21.081 0.6999999881
11209  24.566  -65.648  -21.955 0.6999999881
10451  23.605  -66.364  -21.322 0.6000000238
10469  22.651  -66.436  -22.057 0.6000000238
8212  26.777  -68.757  -19.137 0.4000000060
8938  26.452  -68.088  -19.421 0.4000000060
8956  25.288  -67.726  -19.837 0.5000000000
6992  18.614  -69.878  -28.390 0.5000000000
8387  18.425  -68.756  -30.120 0.5000000000
7670  18.894  -69.605  -29.134 0.5000000000
8372  17.575  -69.170  -29.195 0.5000000000
9899  18.610  -66.721  -31.760 0.6000000238
8388  17.578  -68.816  -30.016 0.5000000000
11373  18.294  -65.468  -31.826 0.6999999881
13709  20.989  -62.543  -31.519 0.6000000238
12888  19.415  -63.591  -31.597 0.6999999881
12087  18.849  -64.028  -31.363 0.6999999881
13697  21.783  -61.960  -31.062 0.6000000238
13699  20.614  -62.634  -31.186 0.6000000238
12871  19.346  -63.540  -31.210 0.6999999881
175272  24.000  -61.611  -29.934 0.6999999881
14603  21.554  -62.023  -30.743 0.6000000238
163440  20.742  -62.487  -30.610 0.6000000238
14559  25.684  -61.868  -27.994 0.6000000238
14576  24.521  -61.605  -28.746 0.6999999881
175446  23.024  -61.473  -29.134 0.6999999881
14522  27.138  -61.851  -26.431 0.6000000238
14543  26.016  -61.773  -27.310 0.6000000238
14561  24.256  -61.485  -28.070 0.6999999881
14504  18.328  -61.745  -25.678 0.6000000238
14545  24.522  -61.497  -27.387 0.6999999881
13591  20.482  -62.871  -25.426 0.6999999881
14529  17.932  -61.792  -26.425 0.6000000238
14496  28.246  -61.870  -25.470 0.6999999881
14523  26.344  -61.692  -26.634 0.6000000238
170524  25.238  -61.499  -26.200 0.8000000119
14527  23.311  -61.555  -26.482 0.6999999881
13610  22.091  -62.137  -26.213 0.6999999881
13590  21.313  -62.590  -25.665 0.6999999881
9026  20.986  -67.787  -24.539 0.6000000238
11224  24.388  -65.328  -22.669 0.6999999881
172433  23.463  -65.204  -23.782 0.6999999881
10498  22.269  -65.837  -23.210 0.6000000238
10464  26.094  -65.894  -21.758 0.5000000000
11208  25.270  -65.394  -22.571 0.6999999881
8954  26.926  -67.542  -19.815 0.4000000060
9720  26.541  -67.026  -20.260 0.5000000000
7654  19.950  -69.972  -28.544 0.5000000000
6989  20.789  -70.358  -28.001 0.5000000000
7669  19.663  -69.492  -29.116 0.5000000000
9127  18.991  -67.658  -30.991 0.6000000238
9897  20.056  -66.604  -32.034 0.6000000238
9898  19.319  -66.805  -31.840 0.6999999881
9128  18.220  -67.794  -31.031 0.6999999881
11392  20.601  -65.204  -32.704 0.6999999881
10628  19.516  -66.052  -32.295 0.6999999881
174397  22.597  -62.079  -31.711 0.6000000238
12885  21.580  -62.928  -31.979 0.6000000238
12101  19.879  -64.243  -32.236 0.6999999881
13683  25.957  -62.375  -30.313 0.6999999881
14599  24.023  -61.692  -30.609 0.6999999881
14608  23.014  -61.717  -31.425 0.6999999881
14419  18.813  -61.178  -22.924 0.6000000238
160211  27.088  -62.537  -28.948 0.6000000238
13671  25.664  -62.171  -29.487 0.6999999881
14592  23.267  -61.461  -30.339 0.6999999881
14519  30.498  -61.999  -26.261 0.6000000238
13609  29.055  -62.236  -26.664 0.6000000238
13625  29.272  -62.474  -27.481 0.6000000238
166284  27.004  -62.325  -28.148 0.6000000238
13648  25.310  -61.891  -28.729 0.6999999881
14480  18.952  -61.849  -24.375 0.6000000238
14520  29.611  -62.055  -25.936 0.6000000238
14542  26.902  -62.060  -27.271 0.6000000238
14479  22.376  -62.107  -24.273 0.6999999881
13555  21.616  -62.283  -23.882 0.6000000238
13573  20.294  -62.557  -24.748 0.6999999881
13575  18.954  -62.129  -25.036 0.6000000238
14492  31.477  -61.269  -26.038 0.5000000000
186895  29.722  -61.888  -25.152 0.6000000238
14472  28.578  -61.775  -24.751 0.8000000119
171782  26.730  -61.549  -25.115 0.8000000119
14475  25.537  -61.482  -24.333 0.8000000119
14477  23.733  -61.611  -24.936 0.8000000119
165224  22.478  -61.982  -25.099 0.6999999881
175511  21.424  -62.440  -25.055 0.6999999881
181448  26.111  -61.498  -25.567 0.8000000119
14500  24.861  -61.485  -25.674 0.8000000119
10499  21.924  -65.845  -23.919 0.6999999881
10514  21.254  -66.301  -24.957 0.6999999881
9038  20.897  -67.700  -25.434 0.6999999881
8312  21.018  -68.621  -25.766 0.6000000238
11237  25.635  -65.227  -23.385 0.6999999881
8329  21.173  -69.001  -26.682 0.6000000238
11223  25.987  -65.385  -22.877 0.6000000238
7643  21.115  -70.045  -27.683 0.5000000000
7653  20.817  -69.551  -28.158 0.5000000000
172369  21.876  -57.151  -24.449 0.6000000238
8357  20.673  -68.901  -28.534 0.5000000000
17981  21.591  -57.602  -23.670 0.5000000000
9100  20.150  -68.144  -29.734 0.5000000000
17950  21.442  -58.348  -22.099 0.6000000238
182741  20.554  -66.959  -30.725 0.6999999881
9114  19.926  -67.807  -30.309 0.6000000238
10640  21.049  -65.998  -32.615 0.6999999881
190335  19.876  -67.015  -31.524 0.6999999881
16178  19.885  -60.178  -21.243 0.6000000238
180036  22.918  -62.814  -32.065 0.6999999881
12099  21.471  -63.872  -32.475 0.6000000238
13694  26.181  -62.544  -31.144 0.6999999881
13705  24.773  -62.494  -31.689 0.6999999881
13707  23.323  -62.172  -31.792 0.6999999881
14392  20.389  -61.467  -21.795 0.6000000238
15341  19.717  -60.671  -21.451 0.6000000238
158373  27.256  -62.744  -29.758 0.6000000238
13696  24.211  -62.008  -31.236 0.6999999881
14415  21.599  -61.946  -22.354 0.6000000238
15371  18.866  -60.832  -22.326 0.6000000238
13643  29.828  -62.731  -28.120 0.6000000238
13645  28.214  -62.679  -28.387 0.6000000238
14414  22.925  -61.839  -22.487 0.6999999881
13535  21.275  -62.184  -23.089 0.6000000238
13537  19.886  -61.983  -23.287 0.6000000238
13607  30.495  -62.207  -26.954 0.6000000238
14446  26.830  -61.470  -23.569 0.6000000238
189653  25.479  -61.459  -23.132 0.6000000238
14449  24.107  -61.641  -23.515 0.6999999881
14451  22.288  -62.104  -23.175 0.6000000238
13557  20.222  -62.291  -23.919 0.6000000238
14444  28.488  -61.549  -23.482 0.6000000238
14447  25.928  -61.448  -23.525 0.8000000119
14443  28.917  -61.655  -24.053 0.6000000238
171783  27.221  -61.560  -24.273 0.6999999881
14476  24.208  -61.557  -24.324 0.8000000119
11260  23.694  -65.188  -24.749 0.6999999881
11283  22.321  -65.419  -25.231 0.6999999881
10533  21.333  -66.162  -25.685 0.6999999881
160132  25.310  -65.163  -24.058 0.6999999881
11259  24.443  -65.136  -24.181 0.6999999881
172998  20.943  -67.248  -26.217 0.6000000238
159543  21.009  -68.425  -27.306 0.6000000238
19976  23.332  -56.106  -24.485 0.6000000238
20942  23.051  -55.825  -25.164 0.6000000238
180105  22.945  -56.940  -23.888 0.6000000238
19978  22.213  -56.474  -25.421 0.6000000238
159853  20.941  -67.826  -27.922 0.6000000238
17965  22.271  -57.569  -23.065 0.5000000000
10607  20.907  -66.680  -30.096 0.6999999881
9113  20.383  -67.414  -30.071 0.6999999881
17926  22.519  -58.301  -21.372 0.4000000060
169458  21.711  -57.900  -22.810 0.5000000000
10639  21.724  -65.957  -32.780 0.6999999881
10618  21.033  -66.448  -30.981 0.8000000119
17020  22.359  -59.006  -20.832 0.5000000000
11390  21.902  -65.509  -33.110 0.6000000238
10627  20.714  -66.404  -32.169 0.6999999881
16176  21.511  -59.902  -20.800 0.6000000238
12884  23.693  -62.905  -32.107 0.6999999881
12898  23.230  -63.727  -32.543 0.6999999881
15337  22.805  -60.995  -21.010 0.6999999881
15339  21.154  -60.571  -20.957 0.6000000238
13693  26.952  -62.826  -31.424 0.6999999881
13703  26.321  -62.785  -31.758 0.6999999881
14371  24.298  -61.032  -21.271 0.5000000000
14374  21.492  -61.219  -21.233 0.6000000238
12840  29.340  -63.302  -29.598 0.6000000238
12841  28.520  -63.100  -29.592 0.6000000238
12858  27.462  -62.945  -30.567 0.6999999881
14389  22.678  -61.536  -21.683 0.6999999881
13667  29.600  -63.062  -28.814 0.6000000238
157885  28.507  -62.900  -28.878 0.6000000238
14386  26.263  -61.235  -22.126 0.5000000000
14387  24.793  -61.319  -22.027 0.6000000238
13624  30.165  -62.429  -27.467 0.6000000238
181218  28.811  -61.368  -22.952 0.6000000238
14409  27.343  -61.381  -22.854 0.5000000000
14412  24.477  -61.526  -22.746 0.6999999881
15391  30.667  -60.954  -23.489 0.6000000238
169961  23.741  -65.216  -25.643 0.6999999881
11298  22.518  -65.346  -26.158 0.6999999881
10554  21.465  -66.015  -26.287 0.6000000238
183756  21.063  -66.839  -26.807 0.6000000238
20941  23.565  -55.393  -24.697 0.4000000060
20951  23.386  -55.119  -25.431 0.5000000000
177207  21.066  -66.818  -27.655 0.6000000238
19935  23.981  -56.473  -22.979 0.5000000000
20971  22.661  -55.187  -26.611 0.6000000238
10580  21.777  -65.760  -28.284 0.6999999881
11342  22.052  -65.608  -29.726 0.6999999881
9099  20.590  -67.785  -29.274 0.6000000238
17948  23.059  -57.693  -21.924 0.5000000000
10625  22.132  -66.162  -32.449 0.6999999881
17000  23.596  -58.941  -20.353 0.4000000060
188366  25.581  -64.871  -32.765 0.6999999881
12117  24.431  -64.505  -32.847 0.6999999881
11388  23.228  -65.638  -33.496 0.6999999881
17001  22.915  -59.291  -20.436 0.6000000238
12893  27.507  -63.344  -32.567 0.6999999881
176439  26.934  -63.566  -32.681 0.6999999881
12897  24.049  -63.745  -32.452 0.6999999881
12118  23.506  -64.722  -33.176 0.6999999881
16158  24.269  -59.865  -20.199 0.5000000000
15313  23.322  -60.417  -20.539 0.5000000000
170230  28.967  -63.401  -31.011 0.6000000238
189482  27.398  -63.107  -31.968 0.6999999881
12894  26.379  -63.351  -32.354 0.6999999881
12882  25.295  -62.897  -32.094 0.6999999881
15312  24.167  -60.486  -20.581 0.5000000000
174073  31.433  -63.131  -29.043 0.5000000000
12855  29.958  -63.626  -30.072 0.6000000238
12857  28.255  -63.170  -30.555 0.6000000238
11297  23.329  -65.224  -26.328 0.6999999881
162445  22.840  -65.286  -26.990 0.6999999881
21956  23.828  -54.598  -24.937 0.4000000060
181953  23.451  -65.143  -27.510 0.6999999881
176857  21.414  -66.091  -27.760 0.6999999881
21970  23.715  -54.331  -25.730 0.4000000060
161676  22.852  -65.224  -27.818 0.6999999881
21989  23.040  -54.399  -26.975 0.6000000238
11356  22.631  -65.494  -30.492 0.8000000119
11329  22.229  -65.403  -28.885 0.6999999881
10615  23.459  -66.479  -31.827 0.6000000238
164006  22.867  -66.338  -32.252 0.6000000238
23979  21.253  -52.711  -27.248 0.6000000238
171930  24.464  -66.224  -33.583 0.6999999881
9908  23.706  -66.429  -33.443 0.6999999881
173290  22.822  -66.206  -32.872 0.6000000238
11384  27.247  -64.901  -32.845 0.6000000238
12098  29.039  -63.671  -32.434 0.6000000238
162468  19.602  -54.668  -24.185 0.5000000000
12074  30.580  -64.016  -30.629 0.6000000238
12086  29.405  -63.676  -31.758 0.6999999881
185018  31.824  -63.738  -30.105 0.5000000000
11341  23.762  -65.133  -29.184 0.6999999881
22963  24.005  -53.540  -26.045 0.4000000060
11355  23.483  -65.371  -30.195 0.8000000119
22980  23.233  -53.492  -27.247 0.5000000000
10614  24.039  -66.726  -31.288 0.8000000119
25030  22.411  -51.986  -27.199 0.4000000060
22991  23.284  -52.606  -27.369 0.4000000060
10606  23.844  -65.928  -30.734 0.6999999881
22946  21.262  -53.470  -25.381 0.4000000060
23993  21.952  -52.469  -27.603 0.5000000000
185292  27.820  -65.248  -33.062 0.6000000238
169441  25.934  -66.249  -33.184 0.6000000238
10636  25.066  -66.787  -33.533 0.6999999881
22924  21.492  -53.766  -24.636 0.4000000060
173124  29.559  -64.496  -33.162 0.6000000238
12113  28.326  -64.007  -33.128 0.6000000238
20930  20.050  -55.014  -23.454 0.4000000060
22947  20.608  -53.773  -25.663 0.6000000238
12085  30.190  -64.013  -31.592 0.6000000238
12072  32.226  -64.017  -30.798 0.5000000000
12851  33.360  -63.203  -30.410 0.5000000000
23984  24.376  -51.831  -26.429 0.4000000060
11340  24.611  -65.283  -29.056 0.8000000119
25029  23.003  -51.473  -26.816 0.4000000060
10605  24.560  -66.151  -30.373 0.6999999881
166903  22.098  -52.243  -26.089 0.4000000060
9906  24.857  -67.763  -33.348 0.6000000238
169822  24.117  -67.822  -32.666 0.6999999881
10635  27.298  -65.901  -32.913 0.6000000238
175815  26.587  -66.779  -33.132 0.6000000238
22923  21.960  -53.593  -24.174 0.4000000060
21910  20.808  -54.827  -23.335 0.4000000060
12096  30.633  -64.251  -32.358 0.6000000238
20893  19.696  -55.530  -21.936 0.4000000060
12095  31.440  -64.356  -32.369 0.4000000060
25022  24.347  -51.214  -26.317 0.4000000060
9876  24.722  -67.174  -30.850 0.6999999881
25023  22.964  -51.372  -26.144 0.4000000060
9132  25.706  -68.719  -32.590 0.6999999881
9125  24.442  -68.356  -32.378 0.6000000238
23971  22.284  -52.379  -25.281 0.4000000060
10634  27.987  -65.949  -33.091 0.6000000238
170260  27.441  -66.796  -33.065 0.6000000238
20911  20.973  -55.009  -22.608 0.4000000060
11381  30.218  -64.763  -33.258 0.6000000238
161442  20.399  -55.527  -21.536 0.3000000119
12109  31.979  -64.501  -32.987 0.4000000060
12081  33.272  -64.112  -31.773 0.4000000060
12093  33.489  -64.331  -32.773 0.4000000060
23946  22.420  -53.267  -23.683 0.4000000060
21908  22.092  -54.195  -22.579 0.4000000060
10648  29.888  -65.841  -33.576 0.6000000238
11400  30.446  -65.203  -33.483 0.6000000238
10647  30.577  -66.023  -33.657 0.6000000238
11377  33.245  -64.723  -33.490 0.4000000060
190053  33.905  -64.863  -33.732 0.5000000000
12892  35.061  -63.795  -32.990 0.4000000060
19837  17.840  -55.940  -15.982 0.3000000119
12106  34.733  -64.306  -33.510 0.4000000060
24987  23.680  -51.238  -22.609 0.4000000060
21820  19.897  -54.697  -17.038 0.3000000119
159280  15.283  -55.021  -15.679 0.4000000060
28092  24.264  -49.413  -22.802 0.4000000060
23926  23.507  -52.693  -20.780 0.4000000060
21819  20.465  -54.472  -17.507 0.3000000119
181808  22.174  -54.000  -18.720 0.3000000119
184117  17.328  -54.861  -15.627 0.3000000119
21803  18.985  -54.804  -16.310 0.3000000119
160114  15.933  -55.001  -15.632 0.3000000119
25992  23.942  -50.593  -21.264 0.4000000060
176633  23.580  -52.268  -20.198 0.4000000060
22866  22.924  -53.408  -19.642 0.4000000060
21802  19.467  -54.308  -16.540 0.3000000119
22801  18.212  -53.829  -15.713 0.3000000119
25923  11.711  -51.079  -16.829 0.4000000060
27024  11.230  -49.722  -18.455 0.3000000119
27062  11.490  -49.129  -19.837 0.3000000119
166709  16.996  -54.298  -15.588 0.3000000119
22804  15.736  -53.547  -15.622 0.3000000119
23911  23.376  -51.962  -19.458 0.4000000060
22851  22.598  -53.378  -18.897 0.4000000060
22839  21.274  -53.531  -17.963 0.3000000119
189358  20.267  -53.197  -17.271 0.3000000119
22817  18.666  -53.209  -16.000 0.3000000119
24875  13.278  -52.148  -15.903 0.3000000119
23840  17.879  -53.000  -15.781 0.3000000119
25943  11.832  -49.993  -18.162 0.3000000119
23842  16.269  -52.778  -15.763 0.3000000119
181847  13.070  -49.889  -19.357 0.4000000060
27061  12.401  -49.489  -19.698 0.3000000119
27060  13.147  -49.624  -19.913 0.3000000119
189527  12.618  -49.205  -20.350 0.3000000119
23894  22.490  -52.629  -18.648 0.4000000060
23872  20.683  -52.964  -17.684 0.4000000060
22827  19.766  -52.949  -16.842 0.3000000119
25922  12.558  -51.184  -16.648 0.4000000060
23857  18.246  -52.443  -16.316 0.3000000119
24888  14.096  -51.676  -16.275 0.3000000119
27023  13.168  -50.466  -18.231 0.4000000060
158380  13.755  -50.789  -17.787 0.4000000060
28059  13.326  -48.608  -21.129 0.3000000119
23895  21.801  -52.320  -18.369 0.4000000060
23887  20.511  -52.157  -17.852 0.4000000060
24898  18.907  -51.741  -17.660 0.4000000060
24883  17.772  -51.888  -16.864 0.4000000060
23858  17.452  -52.287  -16.207 0.3000000119
184663  15.330  -51.369  -17.256 0.3000000119
24903  14.857  -51.207  -17.310 0.3000000119
25941  14.996  -50.815  -18.400 0.3000000119
27036  15.247  -50.066  -19.445 0.5000000000
25962  14.025  -50.370  -18.992 0.4000000060
27058  14.627  -49.538  -19.959 0.4000000060
29111  13.537  -48.175  -21.923 0.3000000119
24914  20.148  -51.571  -18.368 0.4000000060
24916  18.431  -51.375  -18.296 0.4000000060
171698  17.591  -51.208  -18.241 0.3000000119
157625  16.174  -50.715  -18.799 0.3000000119
27056  17.021  -49.913  -20.087 0.3000000119
27082  17.242  -49.491  -20.904 0.3000000119
24901  16.667  -51.506  -17.363 0.3000000119
167555  16.310  -51.005  -18.265 0.3000000119
179378  15.955  -50.366  -19.221 0.3000000119
28027  16.399  -49.297  -20.313 0.3000000119
28056  16.432  -48.828  -21.040 0.3000000119
25940  15.695  -50.931  -18.304 0.3000000119
28028  15.725  -48.764  -20.610 0.3000000119
28029  14.872  -48.866  -20.490 0.3000000119
29146  14.277  -47.935  -23.504 0.3000000119
25938  22.738  -49.927  -18.598 0.3000000119
27033  22.017  -50.256  -18.590 0.3000000119
25955  20.812  -50.918  -18.893 0.3000000119
25956  19.532  -50.732  -19.968 0.3000000119
27081  18.707  -50.419  -20.963 0.3000000119
27097  18.369  -49.626  -21.816 0.3000000119
24927  19.617  -51.089  -19.151 0.3000000119
175362  18.808  -50.685  -20.379 0.3000000119
25974  17.668  -50.417  -19.949 0.3000000119
183552  18.126  -49.995  -21.138 0.3000000119
27114  17.896  -49.327  -22.543 0.3000000119
28079  17.333  -49.096  -22.663 0.3000000119
181537  15.809  -48.402  -21.217 0.3000000119
28080  16.587  -48.651  -22.656 0.3000000119
29109  15.388  -48.156  -21.841 0.3000000119
29130  14.795  -48.018  -22.798 0.3000000119
29061  23.369  -48.112  -18.617 0.3000000119
27034  21.263  -49.874  -18.810 0.3000000119
27035  20.499  -49.829  -19.503 0.3000000119
27054  19.639  -50.087  -20.604 0.3000000119
27096  19.000  -49.644  -21.476 0.3000000119
28094  18.083  -49.149  -23.189 0.3000000119
28096  16.892  -48.936  -23.579 0.3000000119
183096  16.528  -48.744  -24.296 0.3000000119
29155  14.814  -47.714  -24.153 0.3000000119
29127  19.028  -48.280  -22.170 0.3000000119
28093  18.514  -48.859  -22.765 0.3000000119
28101  17.778  -49.215  -25.358 0.3000000119
28108  17.240  -49.056  -25.568 0.3000000119
181978  15.817  -48.174  -24.376 0.3000000119
29168  16.125  -48.085  -24.941 0.3000000119
30288  19.278  -47.464  -22.595 0.3000000119
29143  18.894  -48.222  -23.195 0.3000000119
159841  17.899  -49.163  -24.270 0.3000000119
30279  19.382  -47.392  -21.745 0.3000000119
31425  19.543  -46.840  -22.937 0.3000000119
188012  19.457  -47.832  -24.169 0.3000000119
30309  19.693  -48.138  -25.124 0.3000000119
29165  18.287  -49.115  -26.065 0.3000000119
29166  17.478  -48.874  -26.148 0.3000000119
30310  17.159  -48.248  -25.961 0.3000000119
4082  30.600  -75.089  -21.023 0.5000000000
181600  29.124  -74.804  -20.922 0.5000000000
4578  28.133  -74.205  -19.936 0.4000000060
12046  18.331  -64.434  -28.042 0.6999999881
12796  18.519  -63.345  -26.457 0.6999999881
7488  26.565  -70.115  -18.676 0.4000000060
4569  29.240  -74.041  -19.062 0.5000000000
14580  21.913  -61.785  -29.574 0.6000000238
8386  19.178  -68.949  -29.754 0.5000000000
170523  22.904  -61.470  -29.864 0.6000000238
172884  21.728  -65.950  -30.642 0.8000000119
10593  21.051  -66.501  -29.234 0.6999999881
10638  22.383  -65.926  -33.056 0.6000000238
12853  31.338  -63.532  -29.560 0.5000000000
12116  25.275  -64.275  -32.566 0.6999999881
21957  20.929  -54.110  -24.775 0.4000000060
13681  33.656  -62.415  -30.119 0.5000000000
174702  29.100  -65.069  -33.421 0.6000000238
12865  33.725  -63.610  -31.155 0.4000000060
9905  26.142  -67.798  -33.326 0.6000000238
172021  28.260  -66.748  -33.235 0.6000000238
20870  21.083  -55.321  -21.047 0.3000000119
11379  31.623  -64.722  -33.329 0.4000000060
11398  32.091  -65.175  -33.609 0.4000000060
24971  23.801  -51.439  -21.667 0.4000000060
24925  21.536  -51.438  -18.537 0.3000000119
28005  22.376  -49.169  -18.421 0.3000000119
8392  27.121  -69.153  -31.713 0.5000000000
9122  26.456  -68.779  -31.221 0.5000000000
9875  25.498  -67.648  -30.399 0.6999999881
9865  25.961  -66.875  -29.570 0.6999999881
11326  24.848  -65.203  -28.282 0.6000000238
8393  26.411  -68.973  -32.187 0.5000000000
9112  25.554  -68.523  -31.258 0.6000000238
10590  25.290  -66.544  -30.011 0.6000000238
168298  25.524  -65.201  -25.872 0.6000000238
11281  24.428  -65.181  -25.119 0.6000000238
9864  26.710  -67.010  -29.270 0.6999999881
11308  26.308  -65.260  -27.078 0.6000000238
177032  25.187  -65.180  -26.937 0.6000000238
10579  26.028  -65.712  -28.571 0.6999999881
11325  25.574  -65.311  -28.079 0.6000000238
168297  24.451  -65.200  -25.807 0.6000000238
8402  27.475  -68.939  -32.769 0.5000000000
9847  27.811  -66.220  -27.950 0.6999999881
10568  26.942  -65.422  -27.192 0.6999999881
11277  27.069  -65.287  -25.658 0.6000000238
162524  26.397  -65.220  -25.060 0.6000000238
9863  27.624  -67.289  -29.050 0.6000000238
10577  27.124  -65.827  -27.905 0.6999999881
10552  26.633  -65.260  -26.452 0.6000000238
9096  28.271  -67.848  -29.100 0.6000000238
8401  28.245  -69.209  -32.986 0.5000000000
9140  27.079  -68.477  -33.073 0.5000000000
182296  28.527  -67.307  -28.502 0.6999999881
10550  28.036  -65.841  -26.626 0.6000000238
11257  26.460  -65.252  -24.296 0.6000000238
187918  29.827  -69.549  -33.411 0.5000000000
9139  27.934  -68.563  -33.259 0.5000000000
9145  32.025  -68.207  -33.615 0.5000000000
9138  28.798  -68.702  -33.410 0.5000000000
9910  34.055  -67.039  -33.761 0.4000000060
12061  15.212  -64.460  -29.169 0.4000000060
11344  16.028  -65.149  -29.632 0.4000000060
11345  15.151  -65.217  -29.575 0.4000000060
10594  14.917  -66.150  -29.743 0.5000000000
9867  15.039  -66.950  -29.645 0.5000000000
9868  14.774  -67.234  -28.920 0.5000000000
9147  30.118  -67.764  -33.679 0.5000000000
9103  15.369  -67.660  -28.860 0.5000000000
9799  16.264  -66.856  -24.711 0.6000000238
184157  32.251  -67.581  -33.757 0.4000000060
9102  15.833  -67.955  -29.260 0.5000000000
9073  15.334  -68.005  -27.760 0.5000000000
9039  15.583  -67.969  -25.699 0.5000000000
10596  13.699  -65.983  -29.042 0.5000000000
10582  13.986  -66.716  -28.704 0.5000000000
10583  13.403  -66.178  -28.437 0.5000000000
9849  13.832  -66.726  -27.919 0.5000000000
10555  14.148  -66.321  -26.930 0.5000000000
9074  14.887  -67.637  -27.758 0.5000000000
9830  14.793  -67.142  -26.750 0.5000000000
10534  15.428  -66.306  -25.648 0.5000000000
9913  30.749  -66.966  -33.720 0.5000000000
9054  15.223  -67.911  -26.615 0.5000000000
10632  35.562  -66.828  -33.075 0.4000000060
10644  33.421  -66.068  -33.935 0.4000000060
10643  34.982  -66.139  -33.851 0.4000000060
14549  17.038  -61.206  -27.536 0.5000000000
10556  13.473  -65.554  -27.236 0.5000000000
9914  29.986  -66.733  -33.644 0.5000000000
11397  32.875  -65.192  -33.714 0.4000000060
15423  17.885  -60.936  -25.445 0.5000000000
159758  17.402  -60.296  -25.631 0.5000000000
16265  16.678  -59.551  -26.505 0.5000000000
179404  17.413  -60.729  -26.596 0.5000000000
11396  34.325  -65.317  -33.997 0.4000000060
15393  17.699  -60.259  -23.778 0.5000000000
16235  17.079  -59.872  -24.882 0.5000000000
16210  17.672  -59.628  -22.974 0.5000000000
17075  17.139  -59.089  -23.216 0.5000000000
186427  16.149  -58.924  -24.994 0.5000000000
17118  15.742  -58.723  -26.673 0.4000000060
16191  18.021  -59.325  -22.380 0.5000000000
17077  16.100  -58.209  -23.925 0.6000000238
18026  15.329  -58.264  -25.616 0.6000000238
16189  19.206  -60.112  -21.639 0.5000000000
17952  18.593  -58.542  -22.326 0.5000000000
17065  17.211  -58.516  -22.952 0.5000000000
18971  16.701  -57.365  -23.480 0.6000000238
17986  15.778  -57.673  -24.068 0.6000000238
18011  14.704  -57.739  -25.656 0.6000000238
18028  14.309  -57.763  -26.649 0.5000000000
19026  13.101  -56.880  -26.697 0.5000000000
19027  12.415  -56.690  -27.173 0.5000000000
17045  19.221  -58.911  -21.990 0.5000000000
17951  19.902  -58.512  -22.255 0.5000000000
17984  19.005  -57.501  -23.303 0.5000000000
18951  17.999  -57.355  -23.215 0.5000000000
188402  18.772  -57.082  -23.814 0.6000000238
18972  16.102  -57.200  -23.860 0.6000000238
19012  14.532  -57.045  -24.973 0.6000000238
18012  14.210  -57.279  -25.681 0.6000000238
19014  13.295  -56.405  -25.693 0.5000000000
167108  13.271  -53.290  -23.655 0.5000000000
20961  10.963  -54.580  -25.946 0.5000000000
17043  20.897  -58.967  -21.576 0.5000000000
17967  20.306  -58.093  -22.916 0.5000000000
18967  20.414  -57.328  -24.434 0.6000000238
18989  19.538  -56.855  -25.027 0.6000000238
19995  19.375  -56.395  -26.231 0.6000000238
19980  17.153  -56.113  -24.919 0.6000000238
19997  17.565  -55.775  -25.901 0.6000000238
19982  15.330  -56.233  -24.553 0.6000000238
19998  16.745  -55.678  -25.598 0.6000000238
18994  14.444  -56.485  -24.758 0.6000000238
19999  13.666  -55.827  -25.026 0.5000000000
20001  12.219  -55.522  -25.933 0.5000000000
20959  12.648  -54.697  -25.304 0.5000000000
21976  12.827  -53.887  -25.204 0.5000000000
180804  11.522  -54.219  -25.514 0.5000000000
21963  12.249  -53.668  -25.015 0.5000000000
18988  20.744  -57.064  -25.153 0.6000000238
19010  20.363  -56.767  -25.831 0.6000000238
20008  19.226  -56.065  -26.968 0.6000000238
161458  18.877  -55.386  -27.653 0.6000000238
185216  18.564  -55.646  -27.055 0.6000000238
20954  16.859  -55.114  -26.601 0.6000000238
20975  17.444  -54.614  -27.360 0.6000000238
20956  15.256  -54.725  -25.835 0.5000000000
20976  16.057  -54.396  -26.624 0.5000000000
20957  14.093  -54.309  -25.479 0.5000000000
21994  15.229  -53.643  -25.958 0.5000000000
22951  15.283  -53.361  -25.438 0.6000000238
22972  13.552  -53.613  -25.125 0.5000000000
22952  14.196  -53.406  -24.904 0.5000000000
22928  14.798  -53.340  -24.189 0.5000000000
22887  14.177  -53.589  -22.557 0.5000000000
20022  20.476  -55.916  -27.586 0.6000000238
22003  19.491  -54.341  -28.285 0.6000000238
20992  17.646  -54.114  -27.523 0.6000000238
21992  16.300  -53.778  -26.835 0.6000000238
22949  16.345  -53.288  -25.477 0.6000000238
22898  15.151  -53.480  -23.707 0.5000000000
20998  20.433  -54.746  -28.468 0.6000000238
172853  17.073  -53.347  -26.470 0.6000000238
22925  16.796  -53.494  -24.809 0.6000000238
185633  15.563  -53.865  -23.113 0.5000000000
23988  21.217  -52.806  -27.757 0.6000000238
22994  20.988  -53.266  -28.366 0.6000000238
22982  20.040  -53.369  -27.521 0.6000000238
22968  18.494  -53.438  -26.886 0.6000000238
22948  16.956  -53.319  -25.709 0.6000000238
21943  17.271  -53.998  -24.093 0.5000000000
22966  20.295  -53.434  -26.629 0.6000000238
21973  18.876  -53.647  -26.049 0.6000000238
21959  19.358  -54.227  -25.113 0.6000000238
21961  17.576  -53.650  -24.954 0.6000000238
21911  18.471  -54.750  -23.373 0.6000000238
20896  16.825  -55.050  -22.041 0.5000000000
20913  18.830  -55.141  -22.771 0.4000000060
169438  24.521  -65.168  -26.968 0.6000000238
11339  25.340  -65.471  -28.822 0.6999999881
9903  27.679  -67.710  -33.230 0.5000000000
9902  28.643  -67.687  -33.433 0.5000000000
8404  31.996  -68.972  -33.408 0.5000000000
8406  30.570  -68.572  -33.656 0.5000000000
10535  14.901  -65.619  -25.994 0.6000000238
18970  17.333  -57.049  -23.595 0.6000000238
181510  18.434  -56.521  -24.650 0.6000000238
20944  14.854  -55.523  -25.012 0.6000000238
21975  14.804  -54.051  -25.960 0.5000000000
22995  19.865  -53.695  -28.113 0.6000000238
22984  18.285  -53.646  -27.428 0.6000000238
21942  18.164  -54.257  -24.149 0.6000000238
21912  17.694  -54.499  -23.387 0.6000000238
3627  32.278  -75.551  -19.940 0.4000000060
4018  32.739  -75.318  -16.600 0.5000000000
4523  32.335  -74.239  -16.372 0.5000000000
4026  32.604  -75.479  -17.580 0.4000000060
4037  31.836  -75.080  -18.580 0.4000000060
4038  31.126  -74.711  -18.717 0.4000000060
163950  31.566  -75.211  -19.952 0.4000000060
5049  32.799  -72.968  -16.229 0.5000000000
4516  32.885  -74.683  -15.820 0.5000000000
4536  31.213  -73.899  -17.461 0.5000000000
4537  30.754  -74.118  -18.097 0.5000000000
161376  30.436  -74.745  -19.731 0.4000000060
6231  32.699  -72.347  -16.692 0.5000000000
6232  32.310  -72.012  -17.130 0.5000000000
5070  31.075  -73.080  -17.425 0.5000000000
5071  30.307  -72.927  -17.888 0.5000000000
4553  30.232  -74.310  -18.870 0.4000000060
4555  29.494  -73.665  -18.484 0.4000000060
6241  33.358  -71.275  -17.333 0.5000000000
6243  31.856  -71.536  -17.677 0.5000000000
6252  32.221  -70.806  -18.174 0.5000000000
6244  31.119  -71.796  -17.849 0.5000000000
5645  29.832  -72.543  -18.126 0.5000000000
4556  28.724  -73.539  -18.749 0.4000000060
10463  26.640  -65.793  -22.161 0.5000000000
10447  26.676  -66.158  -21.469 0.4000000060
9737  27.074  -66.622  -20.871 0.4000000060
184881  28.196  -67.207  -20.464 0.4000000060
8953  27.886  -67.723  -20.006 0.4000000060
7505  27.130  -69.497  -18.911 0.4000000060
6254  30.766  -71.449  -18.309 0.5000000000
167450  28.194  -69.691  -19.113 0.4000000060
6825  27.805  -70.924  -18.630 0.4000000060
5647  27.572  -72.163  -18.586 0.4000000060
6821  31.317  -70.565  -19.056 0.4000000060
168167  30.200  -71.396  -18.512 0.5000000000
174195  28.341  -72.341  -18.489 0.4000000060
5646  29.133  -72.590  -18.322 0.4000000060
164678  27.985  -65.915  -22.317 0.4000000060
9718  28.779  -67.600  -20.309 0.4000000060
171564  28.665  -68.218  -19.931 0.4000000060
6859  32.543  -69.687  -19.814 0.4000000060
6844  28.924  -70.304  -19.095 0.4000000060
6824  28.719  -71.030  -18.761 0.4000000060
7501  31.973  -69.675  -19.881 0.4000000060
171394  30.159  -70.770  -19.088 0.4000000060
183948  29.420  -70.746  -19.023 0.4000000060
6823  29.504  -71.293  -18.679 0.4000000060
11235  27.048  -65.383  -23.908 0.5000000000
190065  27.874  -65.748  -22.986 0.4000000060
10480  28.498  -65.905  -22.967 0.4000000060
10462  29.453  -66.166  -22.024 0.4000000060
9734  29.774  -66.828  -20.874 0.4000000060
8952  29.402  -68.128  -20.141 0.4000000060
8951  30.192  -68.053  -20.228 0.4000000060
8209  29.360  -69.152  -19.737 0.4000000060
157990  31.645  -69.296  -20.111 0.4000000060
8225  30.913  -68.874  -20.107 0.4000000060
7503  29.885  -69.621  -19.665 0.4000000060
11256  27.098  -65.325  -24.732 0.5000000000
10497  27.779  -65.549  -24.256 0.5000000000
10531  27.757  -65.509  -25.147 0.6000000238
10496  28.438  -65.865  -24.168 0.5000000000
179826  30.232  -66.182  -22.012 0.4000000060
10443  30.973  -66.319  -21.541 0.4000000060
9754  31.778  -66.401  -21.840 0.4000000060
180537  32.865  -67.388  -21.114 0.4000000060
9797  29.502  -66.720  -24.891 0.4000000060
9828  28.688  -66.255  -26.579 0.5000000000
9796  30.015  -67.074  -24.740 0.4000000060
10461  30.691  -66.168  -22.494 0.4000000060
9810  29.927  -67.298  -25.220 0.5000000000
9025  30.460  -67.654  -24.916 0.4000000060
162436  30.800  -67.405  -24.488 0.4000000060
9011  31.360  -67.450  -24.251 0.4000000060
9072  29.454  -67.437  -27.032 0.6000000238
9855  29.046  -67.252  -27.777 0.6000000238
8328  30.193  -68.636  -26.117 0.5000000000
8327  30.745  -69.478  -26.054 0.4000000060
9098  26.214  -67.504  -29.798 0.5000000000
19009  21.008  -56.746  -25.731 0.5000000000
20973  21.250  -55.619  -27.492 0.5000000000
21999  22.590  -53.810  -27.674 0.5000000000
19992  21.918  -56.253  -25.930 0.5000000000
20987  21.785  -55.014  -27.670 0.5000000000
20007  20.909  -56.216  -26.925 0.5000000000
5050  32.161  -73.388  -16.527 0.5000000000
183679  31.641  -74.493  -17.445 0.5000000000
172304  28.612  -66.168  -21.756 0.4000000060
10445  29.231  -66.428  -21.289 0.4000000060
177297  30.464  -70.164  -19.543 0.4000000060
10495  28.962  -66.065  -23.687 0.4000000060
9783  30.198  -66.619  -23.887 0.4000000060
9716  30.360  -67.247  -20.515 0.4000000060
8968  31.848  -67.571  -20.491 0.4000000060
10529  28.919  -66.255  -25.182 0.5000000000
9767  31.920  -66.384  -22.584 0.4000000060
9052  29.299  -66.954  -26.309 0.5000000000
9071  29.785  -68.268  -26.886 0.6000000238
9024  31.072  -67.973  -24.818 0.5000000000
8341  29.717  -68.770  -27.538 0.5000000000
10586  32.931  -65.807  -29.498 0.3000000119
9873  32.203  -67.223  -30.302 0.3000000119
9881  32.525  -67.827  -31.158 0.3000000119
10613  32.810  -67.046  -30.772 0.3000000119
11352  34.568  -65.219  -30.032 0.3000000119
12056  34.658  -64.170  -28.890 0.3000000119
12071  34.977  -64.615  -29.615 0.3000000119
9108  31.950  -68.484  -30.277 0.3000000119
8381  32.046  -69.620  -30.577 0.4000000060
7682  31.899  -70.407  -31.523 0.4000000060
10604  32.119  -66.862  -29.537 0.3000000119
7686  31.703  -70.234  -32.369 0.4000000060
163795  31.997  -69.571  -31.836 0.4000000060
7694  29.145  -70.174  -32.771 0.4000000060
7690  28.201  -69.782  -32.250 0.4000000060
11338  33.155  -65.241  -29.013 0.3000000119
9120  32.764  -68.660  -32.041 0.3000000119
8397  32.133  -69.242  -33.156 0.4000000060
12080  36.212  -64.972  -30.730 0.3000000119
9879  34.508  -67.208  -31.594 0.3000000119
6414  31.454  -72.666  -30.473 0.4000000060
7001  30.384  -71.824  -29.397 0.4000000060
7667  29.215  -70.095  -29.456 0.4000000060
8382  28.681  -69.493  -29.846 0.4000000060
8365  32.134  -69.063  -29.714 0.4000000060
7005  31.761  -71.707  -31.240 0.4000000060
6415  30.732  -72.382  -30.833 0.4000000060
7680  28.942  -70.542  -30.406 0.4000000060
7681  28.361  -69.839  -30.808 0.4000000060
9094  32.001  -68.097  -29.372 0.3000000119
7006  31.179  -71.790  -31.652 0.4000000060
7012  29.340  -71.082  -31.948 0.4000000060
8384  27.365  -68.836  -30.742 0.4000000060
10588  32.131  -66.554  -28.822 0.3000000119
7688  29.600  -70.756  -32.572 0.4000000060
8391  27.788  -69.411  -31.230 0.4000000060
11323  32.757  -65.332  -28.036 0.3000000119
7693  29.930  -70.164  -33.143 0.4000000060
9135  33.345  -68.442  -33.191 0.4000000060
6985  31.241  -72.026  -28.389 0.4000000060
7652  30.050  -70.400  -28.246 0.4000000060
6407  32.487  -72.767  -29.217 0.4000000060
6408  31.706  -72.777  -29.722 0.4000000060
6986  30.461  -71.425  -28.688 0.4000000060
8366  29.525  -69.919  -28.783 0.4000000060
9084  32.906  -68.303  -28.428 0.3000000119
7665  32.585  -70.211  -30.082 0.4000000060
10549  33.062  -65.899  -26.786 0.3000000119
9844  32.369  -66.402  -27.887 0.3000000119
8383  28.089  -69.022  -30.298 0.4000000060
12029  33.112  -64.708  -27.026 0.3000000119
7642  30.051  -69.714  -27.480 0.4000000060
7641  30.569  -70.619  -27.446 0.4000000060
9901  34.500  -67.683  -33.227 0.3000000119
9891  35.441  -67.174  -32.398 0.3000000119
9134  34.042  -68.175  -32.794 0.3000000119
9109  27.696  -68.221  -29.782 0.4000000060
8367  29.119  -69.087  -28.958 0.4000000060
9086  29.069  -67.764  -28.195 0.4000000060
164604  30.578  -70.062  -26.721 0.4000000060
175582  31.993  -69.270  -31.026 0.3000000119
10601  34.196  -65.858  -30.467 0.3000000119
12070  35.727  -64.459  -30.006 0.3000000119
7678  32.356  -71.002  -30.800 0.4000000060
163561  32.051  -69.453  -32.685 0.4000000060
7011  30.118  -71.378  -32.191 0.4000000060
7013  30.427  -70.838  -32.697 0.4000000060
7689  28.754  -70.375  -32.226 0.4000000060
9131  33.360  -68.509  -32.701 0.4000000060
6413  32.107  -72.647  -30.068 0.4000000060
7666  29.810  -70.884  -29.178 0.4000000060
7679  29.444  -70.924  -29.891 0.4000000060
8354  32.355  -68.680  -29.018 0.3000000119
173567  29.847  -71.646  -31.708 0.4000000060
9854  32.232  -66.936  -28.301 0.3000000119
6999  33.524  -71.825  -29.395 0.4000000060
8353  32.845  -69.646  -29.435 0.3000000119
9843  32.634  -66.839  -27.664 0.3000000119
2575  33.132  -77.721  -13.624 0.3000000119
171920  32.312  -77.825  -14.689 0.3000000119
2557  34.126  -77.204  -12.915 0.3000000119
183151  32.669  -77.701  -13.243 0.3000000119
2574  33.626  -77.605  -14.134 0.3000000119
187657  32.695  -77.834  -15.337 0.3000000119
3545  35.189  -76.321  -12.018 0.3000000119
171008  34.608  -76.612  -11.641 0.3000000119
2545  33.486  -77.417  -12.408 0.3000000119
170282  35.112  -76.339  -13.448 0.3000000119
3092  34.636  -76.762  -13.797 0.3000000119
2609  33.292  -77.745  -15.547 0.3000000119
3614  33.059  -76.037  -18.188 0.3000000119
4440  35.599  -74.768  -10.948 0.3000000119
3044  34.485  -75.852  -10.484 0.3000000119
3947  36.045  -75.491  -11.927 0.3000000119
3538  35.551  -75.757  -11.410 0.3000000119
3061  33.809  -76.796  -10.752 0.3000000119
3102  34.191  -76.785  -14.779 0.3000000119
4011  33.419  -75.158  -15.271 0.3000000119
3597  33.438  -76.148  -16.467 0.3000000119
3986  36.596  -74.860  -12.938 0.3000000119
165566  34.568  -76.574  -14.196 0.3000000119
3988  35.248  -75.146  -13.770 0.3000000119
4507  35.427  -74.389  -14.299 0.3000000119
4509  33.968  -74.814  -14.765 0.3000000119
4001  33.976  -75.719  -14.805 0.3000000119
181362  34.093  -74.157  -14.910 0.3000000119
6811  33.852  -70.789  -17.809 0.4000000060
5618  33.997  -72.190  -16.288 0.4000000060
2124  29.528  -78.884  -10.082 0.3000000119
2146  28.086  -79.462  -11.564 0.3000000119
188843  33.128  -77.449  -11.831 0.3000000119
2559  32.254  -77.712  -12.437 0.3000000119
3929  32.876  -75.249  -9.687 0.3000000119
3524  32.389  -76.438  -9.023 0.3000000119
3030  31.438  -77.402  -9.029 0.3000000119
2116  30.838  -78.738  -9.603 0.3000000119
2133  29.115  -79.465  -10.669 0.3000000119
4974  34.147  -73.908  -11.171 0.3000000119
3531  33.384  -75.763  -9.649 0.3000000119
2510  31.781  -77.854  -9.279 0.3000000119
1787  30.528  -79.657  -11.101 0.3000000119
1788  30.076  -80.034  -11.066 0.3000000119
3530  33.906  -75.818  -9.981 0.3000000119
3062  33.197  -77.180  -10.601 0.3000000119
2535  32.055  -78.025  -10.636 0.3000000119
2144  30.950  -78.878  -11.256 0.3000000119
2546  32.112  -77.834  -11.494 0.3000000119
2547  31.482  -78.051  -11.704 0.3000000119
2591  34.071  -77.104  -14.990 0.3000000119
2625  33.778  -77.327  -16.367 0.3000000119
4419  34.781  -74.924  -10.704 0.3000000119
4000  34.447  -75.389  -14.244 0.3000000119
3049  29.188  -77.179  -10.180 0.3000000119
2154  30.880  -78.403  -12.002 0.3000000119
3928  33.666  -75.308  -9.994 0.3000000119
3532  31.664  -76.430  -9.210 0.3000000119
2509  32.421  -77.517  -9.442 0.3000000119
2115  31.453  -78.569  -9.616 0.3000000119
2145  30.485  -79.389  -11.739 0.3000000119
5601  34.427  -72.727  -15.828 0.3000000119
6926  36.682  -71.039  -24.532 0.3000000119
6337  36.410  -71.840  -24.205 0.3000000119
6320  35.754  -71.472  -22.781 0.3000000119
6306  35.014  -70.574  -21.917 0.4000000060
6875  34.474  -70.230  -21.437 0.4000000060
171112  33.291  -69.758  -20.048 0.3000000119
173973  31.906  -70.373  -18.946 0.3000000119
7573  36.316  -70.026  -24.004 0.3000000119
7559  35.286  -70.134  -22.869 0.4000000060
7547  34.378  -69.824  -21.872 0.4000000060
164776  33.934  -68.585  -21.790 0.4000000060
7521  32.690  -69.548  -20.093 0.3000000119
9752  33.255  -67.068  -22.275 0.4000000060
8979  33.565  -67.774  -21.699 0.4000000060
8967  32.531  -68.181  -20.586 0.3000000119
9766  32.626  -66.755  -22.823 0.3000000119
8270  39.301  -69.546  -24.289 0.3000000119
6911  38.892  -70.849  -25.041 0.3000000119
5713  36.975  -72.259  -23.883 0.4000000060
5684  35.982  -71.828  -22.394 0.4000000060
6292  35.058  -70.725  -21.478 0.3000000119
6838  34.467  -70.328  -20.195 0.3000000119
6837  34.859  -70.445  -19.154 0.3000000119
8283  39.844  -69.488  -25.713 0.3000000119
6936  38.297  -70.515  -25.515 0.3000000119
7589  37.619  -69.836  -25.271 0.3000000119
8271  36.305  -69.186  -24.238 0.3000000119
8257  35.323  -69.145  -23.086 0.3000000119
8258  34.846  -68.799  -22.793 0.4000000060
8285  36.023  -68.909  -24.724 0.3000000119
161196  35.080  -68.840  -25.002 0.3000000119
161679  35.226  -68.608  -24.232 0.3000000119
8273  34.973  -68.457  -23.521 0.4000000060
8978  34.084  -68.114  -22.217 0.4000000060
8306  34.282  -69.150  -25.591 0.3000000119
9021  33.404  -67.986  -24.310 0.4000000060
9009  32.997  -67.480  -23.891 0.4000000060
7626  32.065  -70.511  -26.298 0.3000000119
7609  32.312  -69.897  -25.873 0.4000000060
9022  32.552  -67.995  -24.523 0.4000000060
9010  32.158  -67.443  -24.094 0.4000000060
6952  31.867  -71.075  -26.796 0.3000000119
7610  31.631  -69.847  -25.904 0.4000000060
7627  31.336  -70.243  -26.259 0.3000000119
161107  41.604  -67.937  -21.335 0.3000000119
161746  40.881  -68.390  -21.536 0.3000000119
6872  40.238  -70.016  -20.435 0.3000000119
6873  39.260  -70.710  -20.737 0.3000000119
9005  39.733  -67.652  -24.020 0.3000000119
8991  39.547  -67.839  -23.164 0.3000000119
7545  38.943  -69.756  -22.037 0.3000000119
6289  38.652  -71.457  -20.769 0.3000000119
9808  40.760  -67.495  -25.916 0.3000000119
163233  40.063  -68.075  -24.981 0.3000000119
164463  39.064  -69.087  -23.336 0.3000000119
7546  38.538  -70.425  -22.754 0.3000000119
5681  37.573  -72.197  -22.300 0.3000000119
172301  36.901  -72.414  -21.168 0.3000000119
6277  36.090  -71.439  -20.643 0.3000000119
6250  35.751  -70.764  -18.881 0.3000000119
6239  35.870  -71.161  -17.874 0.3000000119
6228  35.297  -71.562  -16.982 0.3000000119
8301  40.207  -68.872  -26.080 0.3000000119
7607  34.426  -69.853  -26.329 0.3000000119
8307  33.425  -68.965  -25.317 0.3000000119
7624  33.990  -70.561  -26.663 0.3000000119
7625  32.909  -70.589  -26.391 0.3000000119
6968  33.352  -71.920  -27.641 0.3000000119
6399  32.300  -72.498  -28.285 0.3000000119
6970  31.414  -71.551  -27.501 0.3000000119
10459  42.685  -66.687  -21.093 0.3000000119
9751  41.737  -67.358  -21.596 0.3000000119
8977  40.765  -67.530  -21.954 0.3000000119
8233  40.264  -69.178  -21.319 0.3000000119
181795  40.112  -66.888  -23.524 0.3000000119
8245  39.216  -69.036  -22.267 0.3000000119
5617  34.886  -72.153  -16.327 0.3000000119
10442  42.870  -66.514  -20.533 0.3000000119
177279  42.704  -66.256  -21.632 0.3000000119
10476  42.160  -65.893  -22.307 0.3000000119
10477  41.283  -66.052  -22.765 0.3000000119
9765  40.015  -67.294  -22.827 0.3000000119
9779  40.310  -67.137  -24.789 0.3000000119
11205  43.577  -65.338  -21.673 0.3000000119
11951  43.778  -64.874  -22.046 0.3000000119
174540  42.494  -64.881  -23.451 0.3000000119
10492  41.178  -65.821  -23.771 0.3000000119
159978  34.097  -71.270  -17.183 0.3000000119
6812  33.028  -70.733  -17.996 0.3000000119
6839  33.238  -69.971  -19.483 0.3000000119
6877  33.648  -69.713  -20.800 0.3000000119
8235  33.103  -68.976  -20.843 0.4000000060
9023  31.738  -68.046  -24.675 0.4000000060
6398  33.059  -72.548  -28.658 0.3000000119
6924  38.191  -71.208  -25.165 0.3000000119
6913  36.173  -71.113  -23.929 0.3000000119
6352  37.839  -71.613  -24.696 0.3000000119
6898  34.922  -70.399  -22.201 0.4000000060
6889  34.518  -70.207  -21.716 0.4000000060
7534  33.647  -69.615  -21.068 0.4000000060
9008  33.824  -67.657  -23.557 0.4000000060
9018  40.125  -68.829  -25.402 0.3000000119
7558  38.788  -70.612  -23.998 0.3000000119
5683  36.569  -72.291  -22.505 0.3000000119
5712  37.485  -72.043  -23.618 0.3000000119
6291  35.616  -71.278  -21.348 0.4000000060
6278  35.317  -70.815  -20.687 0.3000000119
8302  39.738  -69.379  -26.222 0.3000000119
7606  37.945  -69.293  -25.733 0.3000000119
8284  37.002  -69.090  -25.137 0.3000000119
8286  34.592  -68.332  -24.224 0.4000000060
6950  33.589  -71.318  -27.095 0.3000000119
6888  38.643  -70.447  -21.702 0.3000000119
6874  38.361  -71.255  -21.493 0.3000000119
172424  38.097  -71.918  -21.368 0.3000000119
6966  34.531  -71.366  -28.334 0.3000000119
9053  15.709  -68.498  -26.256 0.4000000060
1779  30.543  -79.604  -10.501 0.3000000119
1780  29.931  -79.688  -10.504 0.3000000119
1789  29.548  -80.204  -11.050 0.3000000119
1790  28.813  -79.931  -11.220 0.3000000119
2122  30.998  -79.123  -10.036 0.3000000119
2123  30.407  -79.287  -9.941 0.3000000119
2131  31.488  -78.650  -10.229 0.3000000119
2132  30.975  -79.139  -10.625 0.3000000119
2134  28.319  -79.016  -10.991 0.3000000119
2143  31.500  -78.441  -10.926 0.3000000119
2155  30.303  -78.681  -12.589 0.3000000119
2511  31.188  -78.133  -9.263 0.3000000119
2521  32.587  -77.623  -10.218 0.3000000119
2522  32.002  -78.128  -9.825 0.3000000119
2523  29.673  -78.010  -9.797 0.3000000119
2524  28.915  -77.925  -10.235 0.3000000119
2533  33.515  -77.194  -11.485 0.3000000119
2534  32.756  -77.560  -11.211 0.3000000119
2556  34.214  -77.244  -13.741 0.3000000119
2558  33.017  -77.633  -12.894 0.3000000119
2561  30.754  -78.000  -12.680 0.3000000119
2573  34.143  -77.265  -14.413 0.3000000119
2592  33.748  -77.515  -14.937 0.3000000119
2593  33.082  -77.780  -14.676 0.3000000119
2608  33.792  -77.399  -15.688 0.3000000119
3027  33.411  -76.399  -9.631 0.3000000119
3028  32.731  -76.790  -9.274 0.3000000119
3029  32.110  -77.113  -9.060 0.3000000119
3031  30.815  -77.582  -9.321 0.3000000119
3045  33.945  -76.316  -10.244 0.3000000119
3046  33.013  -77.078  -9.821 0.3000000119
3075  34.619  -76.823  -12.498 0.3000000119
3076  34.097  -77.026  -12.080 0.3000000119
3086  34.436  -77.039  -13.136 0.3000000119
3115  33.908  -77.024  -15.719 0.3000000119
3523  32.863  -76.058  -9.324 0.3000000119
3539  34.967  -76.072  -11.109 0.3000000119
3552  35.520  -76.015  -12.609 0.3000000119
3553  34.968  -76.577  -12.989 0.3000000119
3565  35.479  -75.731  -13.207 0.3000000119
3566  34.848  -75.902  -13.863 0.3000000119
3576  34.380  -76.161  -14.507 0.3000000119
3586  34.001  -76.610  -15.230 0.3000000119
3587  33.653  -76.080  -15.617 0.3000000119
3588  33.122  -75.514  -15.883 0.3000000119
3606  33.664  -76.774  -17.086 0.3000000119
3607  33.241  -76.129  -17.338 0.3000000119
3642  32.449  -75.857  -20.748 0.4000000060
3922  32.255  -75.764  -9.316 0.3000000119
3927  34.361  -75.365  -10.336 0.3000000119
3937  35.192  -75.404  -10.712 0.3000000119
3966  36.058  -75.386  -12.664 0.3000000119
3987  35.922  -75.190  -13.185 0.3000000119
4019  32.098  -74.809  -17.096 0.5000000000
4027  31.973  -75.003  -17.838 0.5000000000
4028  31.347  -74.612  -17.973 0.4000000060
4036  32.482  -75.469  -18.388 0.4000000060
4054  32.373  -75.474  -19.119 0.4000000060
4055  31.706  -75.151  -19.321 0.4000000060
4056  31.002  -74.887  -19.492 0.4000000060
4070  31.787  -75.443  -20.588 0.5000000000
4071  30.996  -75.069  -20.333 0.5000000000
4072  30.184  -74.850  -20.338 0.5000000000
4073  29.421  -74.696  -20.348 0.5000000000
4074  28.649  -74.568  -20.495 0.5000000000
4420  34.013  -74.939  -10.461 0.3000000119
4421  33.278  -74.766  -10.267 0.3000000119
4441  34.340  -74.472  -10.801 0.3000000119
4508  34.589  -74.626  -14.434 0.3000000119
4515  33.447  -74.137  -15.319 0.3000000119
4524  31.768  -74.045  -16.933 0.5000000000
4554  30.139  -73.659  -18.089 0.5000000000
4570  28.390  -73.918  -19.245 0.4000000060
4571  27.711  -73.862  -19.475 0.4000000060
4577  28.932  -74.359  -19.758 0.5000000000
4988  34.638  -73.503  -11.445 0.3000000119
5037  34.011  -73.432  -15.349 0.3000000119
5038  33.301  -73.379  -15.708 0.5000000000
5069  31.606  -73.215  -17.006 0.5000000000
5084  29.669  -73.129  -18.212 0.4000000060
5085  29.091  -73.213  -18.454 0.4000000060
5086  28.470  -73.013  -18.552 0.4000000060
5602  33.594  -72.798  -15.940 0.3000000119
5619  32.186  -72.673  -16.784 0.5000000000
5634  31.578  -72.377  -17.347 0.5000000000
5635  30.860  -72.517  -17.676 0.5000000000
5644  30.381  -72.065  -18.053 0.5000000000
5670  37.853  -72.527  -20.933 0.3000000119
5671  35.848  -71.605  -21.814 0.4000000060
5682  37.088  -72.388  -22.453 0.3000000119
5695  37.613  -72.045  -22.908 0.3000000119
5696  37.213  -72.262  -23.088 0.3000000119
5697  36.766  -72.361  -23.205 0.4000000060
5698  36.269  -72.064  -23.052 0.4000000060
5714  36.560  -72.156  -23.820 0.4000000060
5715  36.135  -71.858  -23.510 0.3000000119
5732  36.836  -72.051  -24.471 0.3000000119
6229  34.412  -71.685  -16.736 0.3000000119
6230  33.657  -71.758  -16.803 0.3000000119
6240  34.762  -70.962  -17.608 0.3000000119
6242  32.615  -71.350  -17.502 0.5000000000
6251  35.155  -70.667  -18.344 0.3000000119
6253  31.401  -71.070  -18.399 0.5000000000
6255  29.654  -71.946  -18.277 0.4000000060
6256  28.904  -71.807  -18.443 0.4000000060
6257  28.107  -71.632  -18.538 0.4000000060
6258  27.267  -71.468  -18.550 0.4000000060
6264  36.191  -71.210  -19.714 0.3000000119
6290  36.387  -72.015  -21.086 0.3000000119
6304  37.931  -71.811  -22.295 0.3000000119
6305  35.466  -71.174  -22.212 0.4000000060
6319  37.913  -71.677  -23.162 0.3000000119
6321  35.251  -70.843  -22.273 0.4000000060
6335  37.909  -71.687  -23.975 0.3000000119
6336  37.356  -71.990  -24.368 0.3000000119
6338  35.922  -71.440  -23.437 0.3000000119
6353  37.383  -71.667  -24.802 0.3000000119
6354  36.906  -71.747  -24.700 0.3000000119
6388  33.086  -72.326  -28.141 0.3000000119
6400  31.817  -72.642  -28.974 0.4000000060
6406  33.170  -72.392  -29.066 0.3000000119
6409  30.914  -72.464  -30.012 0.4000000060
6412  32.821  -72.348  -29.732 0.4000000060
6416  31.789  -72.392  -30.695 0.4000000060
6417  31.258  -72.299  -31.132 0.4000000060
6418  30.568  -71.983  -31.632 0.4000000060
6818  34.366  -70.483  -18.448 0.4000000060
6819  33.513  -70.311  -18.627 0.3000000119
6820  32.695  -70.245  -18.791 0.3000000119
6822  30.790  -70.976  -18.806 0.4000000060
6827  26.172  -70.677  -18.623 0.4000000060
6840  32.504  -69.885  -19.515 0.3000000119
6841  31.762  -70.021  -19.492 0.4000000060
6842  30.961  -70.428  -19.323 0.4000000060
6843  29.689  -70.232  -19.334 0.4000000060
6845  28.245  -70.429  -18.856 0.4000000060
6856  34.554  -70.380  -20.891 0.3000000119
6857  33.893  -69.945  -20.761 0.4000000060
6858  33.263  -69.599  -20.332 0.3000000119
6876  34.055  -69.901  -21.242 0.4000000060
6896  38.292  -71.146  -23.500 0.3000000119
6897  35.437  -70.881  -22.820 0.4000000060
6912  38.345  -71.271  -24.563 0.3000000119
6914  35.730  -70.643  -23.421 0.3000000119
6925  37.476  -71.010  -25.048 0.3000000119
6949  34.516  -71.160  -27.600 0.3000000119
6951  32.668  -71.296  -26.887 0.3000000119
6953  31.126  -70.750  -26.865 0.3000000119
6967  34.073  -71.729  -27.849 0.3000000119
6969  32.483  -71.919  -27.467 0.3000000119
6974  20.655  -70.921  -27.834 0.5000000000
6975  20.045  -70.993  -27.635 0.5000000000
6990  20.273  -70.483  -28.123 0.5000000000
7000  31.068  -72.284  -29.187 0.4000000060
7002  32.357  -72.080  -30.501 0.4000000060
7003  30.036  -71.792  -30.134 0.4000000060
7004  29.463  -71.373  -30.547 0.4000000060
7007  29.953  -71.885  -31.083 0.4000000060
7008  29.311  -71.261  -31.218 0.4000000060
7009  31.448  -71.128  -32.014 0.4000000060
7010  30.832  -71.371  -32.158 0.4000000060
7489  25.925  -70.132  -18.756 0.4000000060
7502  31.216  -69.960  -19.667 0.4000000060
7504  29.127  -69.653  -19.426 0.4000000060
7506  26.122  -69.410  -18.892 0.4000000060
7508  24.995  -69.207  -19.652 0.5000000000
7522  31.302  -69.579  -19.940 0.4000000060
7523  30.626  -69.569  -19.857 0.4000000060
7533  39.560  -69.853  -21.152 0.3000000119
7535  33.018  -69.273  -20.628 0.3000000119
7548  34.064  -69.920  -21.434 0.4000000060
7557  38.857  -69.741  -23.023 0.3000000119
7560  34.828  -69.616  -22.458 0.4000000060
7572  39.152  -70.326  -24.580 0.3000000119
7574  35.772  -69.539  -23.535 0.3000000119
7578  22.538  -69.670  -23.521 0.5000000000
7580  21.538  -69.220  -23.929 0.5000000000
7587  39.432  -70.164  -25.286 0.3000000119
7588  38.883  -70.565  -25.579 0.3000000119
7590  36.954  -69.755  -24.671 0.3000000119
7595  21.437  -69.423  -24.599 0.5000000000
7604  39.399  -70.007  -25.942 0.3000000119
7605  38.834  -69.971  -25.984 0.3000000119
7608  33.369  -69.730  -25.889 0.3000000119
7615  21.360  -69.585  -26.057 0.6000000238
7617  17.519  -69.139  -25.772 0.5000000000
7628  30.111  -69.171  -26.749 0.4000000060
7644  18.056  -69.684  -27.770 0.5000000000
7651  30.676  -71.186  -28.022 0.4000000060
7655  19.320  -69.916  -28.673 0.5000000000
7664  33.450  -70.860  -29.645 0.3000000119
7668  20.277  -69.347  -28.750 0.5000000000
7671  18.205  -69.492  -28.933 0.5000000000
7677  32.900  -71.474  -30.074 0.4000000060
7683  28.684  -70.632  -31.420 0.4000000060
7684  28.218  -69.949  -31.719 0.4000000060
7685  27.717  -69.460  -32.040 0.4000000060
7687  31.164  -70.638  -32.593 0.4000000060
7691  31.605  -69.885  -32.938 0.4000000060
7692  30.905  -70.153  -33.138 0.4000000060
7695  28.512  -69.782  -32.638 0.4000000060
8210  28.623  -68.928  -19.567 0.4000000060
8211  27.683  -68.874  -19.277 0.4000000060
8214  25.058  -68.471  -19.648 0.4000000060
8224  31.730  -68.541  -20.268 0.3000000119
8226  29.209  -68.659  -19.890 0.4000000060
8234  33.542  -68.876  -21.305 0.4000000060
8236  32.307  -69.146  -20.300 0.4000000060
8238  23.941  -68.009  -21.073 0.5000000000
8244  39.802  -68.489  -22.034 0.3000000119
8246  34.413  -68.895  -22.176 0.4000000060
8247  33.920  -69.443  -21.581 0.4000000060
8249  23.171  -67.882  -22.223 0.5000000000
8260  23.373  -68.164  -22.542 0.5000000000
8262  22.193  -68.392  -22.937 0.6000000238
8272  35.621  -68.886  -23.821 0.3000000119
8275  21.389  -68.590  -23.703 0.5000000000
8287  33.970  -68.508  -24.738 0.3000000119
8288  32.987  -68.523  -24.909 0.4000000060
8289  32.132  -68.646  -25.039 0.4000000060
8290  31.424  -68.652  -25.163 0.4000000060
8291  21.150  -68.648  -24.379 0.5000000000
8304  37.588  -68.883  -26.021 0.3000000119
8308  32.618  -69.165  -25.444 0.4000000060
8309  31.841  -69.250  -25.561 0.4000000060
8310  31.210  -69.203  -25.672 0.4000000060
8311  30.656  -68.811  -25.682 0.4000000060
8321  39.857  -68.767  -26.568 0.3000000119
8330  16.932  -69.030  -26.892 0.5000000000
8332  15.505  -68.300  -27.066 0.5000000000
8342  29.441  -67.941  -27.630 0.6000000238
8343  20.907  -68.731  -28.040 0.5000000000
8344  16.539  -68.755  -27.656 0.6000000238
8345  15.859  -68.320  -27.639 0.6000000238
8355  29.601  -69.360  -28.207 0.4000000060
8356  29.337  -68.438  -28.224 0.4000000060
8358  16.930  -68.909  -28.575 0.5000000000
8368  28.488  -68.582  -29.448 0.6000000238
8369  20.420  -68.558  -29.074 0.5000000000
8370  19.914  -68.835  -29.457 0.5000000000
8371  18.299  -69.188  -29.542 0.5000000000
8374  16.330  -68.358  -28.994 0.5000000000
8385  19.629  -68.297  -30.090 0.5000000000
8389  16.868  -68.478  -30.121 0.5000000000
8394  32.709  -68.877  -32.901 0.4000000060
8395  27.855  -69.401  -32.501 0.4000000060
8396  27.173  -69.145  -32.358 0.5000000000
8398  31.489  -69.487  -33.350 0.4000000060
8399  30.564  -69.448  -33.523 0.5000000000
8400  29.123  -69.558  -33.200 0.5000000000
8403  26.643  -68.779  -32.647 0.5000000000
8405  31.331  -68.824  -33.575 0.5000000000
8936  28.023  -68.346  -19.638 0.4000000060
8937  27.284  -68.170  -19.505 0.4000000060
8939  25.689  -68.204  -19.444 0.5000000000
8950  31.025  -67.854  -20.312 0.4000000060
8955  26.070  -67.527  -19.743 0.5000000000
8957  24.632  -67.952  -20.130 0.4000000060
8965  41.764  -68.344  -20.785 0.3000000119
8966  33.164  -68.248  -21.044 0.4000000060
8969  23.308  -67.117  -21.473 0.6000000238
8980  23.498  -67.670  -21.553 0.6000000238
8982  22.264  -67.415  -22.446 0.6000000238
8992  39.324  -68.372  -22.790 0.3000000119
8993  34.432  -68.120  -22.901 0.4000000060
8994  33.822  -67.546  -22.607 0.4000000060
8995  33.271  -67.131  -23.130 0.4000000060
8996  22.550  -67.902  -22.529 0.6000000238
8998  21.583  -68.123  -23.207 0.5000000000
9006  39.348  -68.510  -23.875 0.3000000119
9007  34.382  -68.055  -23.693 0.4000000060
9019  39.763  -69.251  -24.927 0.3000000119
9020  34.043  -68.052  -24.113 0.4000000060
9029  16.031  -67.797  -24.941 0.5000000000
9034  40.535  -68.194  -26.274 0.3000000119
9035  30.853  -68.425  -25.302 0.5000000000
9036  30.235  -68.046  -25.550 0.4000000060
9037  29.762  -67.387  -25.759 0.5000000000
9051  29.788  -67.802  -26.252 0.6000000238
9055  14.910  -67.594  -27.214 0.5000000000
9070  32.697  -67.549  -28.029 0.3000000119
9085  32.239  -67.889  -28.602 0.3000000119
9087  20.770  -68.191  -28.600 0.6000000238
9088  15.691  -68.024  -28.440 0.5000000000
9089  15.088  -67.611  -28.311 0.5000000000
9095  28.848  -68.102  -28.747 0.4000000060
9097  26.892  -67.727  -29.727 0.5000000000
9101  16.373  -68.272  -29.757 0.6000000238
9110  26.941  -68.350  -30.326 0.4000000060
9111  26.235  -68.110  -30.394 0.5000000000
9115  18.086  -68.399  -30.525 0.5000000000
9116  17.287  -68.189  -30.673 0.5000000000
9121  32.096  -68.670  -31.190 0.3000000119
9123  25.752  -68.857  -31.968 0.5000000000
9124  25.064  -68.740  -32.125 0.6000000238
9126  19.493  -67.753  -30.674 0.6000000238
9129  16.776  -67.553  -30.892 0.6000000238
9130  34.616  -67.769  -32.614 0.3000000119
9133  24.896  -68.381  -32.765 0.6000000238
9136  32.614  -68.693  -33.324 0.4000000060
9137  29.747  -68.831  -33.561 0.5000000000
9141  26.235  -68.401  -33.029 0.6000000238
9142  25.518  -68.208  -33.176 0.6000000238
9143  33.785  -67.847  -33.456 0.3000000119
9144  32.900  -67.922  -33.605 0.5000000000
9146  31.072  -67.912  -33.699 0.5000000000
9148  29.437  -67.340  -33.588 0.5000000000
9717  29.578  -67.428  -20.444 0.4000000060
9719  27.423  -67.109  -20.357 0.4000000060
9721  25.616  -67.035  -20.265 0.5000000000
9723  24.303  -67.197  -20.594 0.6000000238
9732  31.989  -66.868  -21.095 0.4000000060
9733  31.119  -66.990  -20.721 0.4000000060
9735  28.881  -66.928  -20.768 0.4000000060
9736  27.953  -66.742  -20.867 0.4000000060
9739  25.513  -66.550  -20.775 0.5000000000
9740  24.903  -66.791  -20.604 0.6000000238
9741  23.731  -66.815  -21.144 0.6000000238
9750  42.382  -67.192  -21.160 0.3000000119
9753  32.590  -66.733  -21.851 0.3000000119
9755  22.777  -66.951  -21.962 0.6000000238
9756  22.295  -66.844  -22.371 0.6000000238
9764  40.564  -66.333  -23.610 0.3000000119
9768  31.172  -66.382  -23.050 0.4000000060
9769  30.435  -66.335  -23.290 0.4000000060
9771  21.361  -67.402  -23.289 0.6000000238
9780  32.621  -67.031  -23.509 0.4000000060
9781  31.821  -66.811  -23.502 0.4000000060
9782  30.857  -66.851  -23.863 0.4000000060
9784  29.685  -66.583  -24.234 0.4000000060
9785  21.144  -67.155  -23.929 0.5000000000
9794  40.415  -68.224  -25.667 0.3000000119
9795  30.330  -67.056  -24.384 0.4000000060
9798  21.045  -66.985  -24.719 0.6999999881
9800  15.754  -67.037  -25.320 0.5000000000
9811  29.386  -66.834  -25.523 0.5000000000
9812  28.864  -66.301  -25.872 0.5000000000
9813  21.051  -66.800  -25.523 0.6999999881
9814  15.233  -67.185  -26.018 0.5000000000
9815  14.904  -66.504  -26.254 0.5000000000
9829  21.135  -66.497  -26.233 0.6000000238
9845  28.947  -66.727  -27.177 0.6000000238
9846  28.292  -66.205  -27.278 0.6000000238
9848  14.422  -67.181  -27.464 0.5000000000
9856  27.945  -66.748  -28.429 0.6999999881
9857  27.209  -66.413  -28.615 0.6999999881
9858  20.934  -67.201  -28.663 0.6000000238
9859  14.423  -67.247  -28.220 0.5000000000
9862  32.015  -67.271  -29.054 0.3000000119
9866  20.802  -67.117  -29.470 0.6999999881
9874  31.965  -67.577  -29.825 0.3000000119
9877  20.002  -67.306  -30.879 0.6999999881
9878  15.655  -67.213  -30.115 0.6000000238
9882  32.021  -67.882  -30.503 0.3000000119
9883  24.827  -68.212  -31.474 0.6999999881
9884  24.228  -67.700  -31.843 0.8000000119
9885  23.738  -67.205  -32.402 0.6000000238
9886  20.463  -66.791  -31.485 0.6999999881
9887  19.430  -67.314  -31.238 0.6999999881
9888  18.786  -67.259  -31.431 0.6999999881
9889  17.930  -66.992  -31.535 0.6000000238
9890  17.040  -66.906  -31.284 0.6000000238
9892  34.940  -67.470  -32.194 0.3000000119
9893  34.311  -67.815  -32.088 0.3000000119
9894  33.525  -68.174  -32.069 0.3000000119
9895  24.344  -67.909  -33.047 0.6999999881
9896  23.924  -67.265  -33.154 0.6999999881
9900  35.044  -67.405  -32.824 0.3000000119
9904  26.846  -67.732  -33.213 0.6000000238
9907  24.314  -67.167  -33.451 0.6999999881
9909  34.812  -66.980  -33.536 0.4000000060
9911  33.226  -67.010  -33.835 0.4000000060
9912  31.636  -67.136  -33.776 0.4000000060
9915  29.174  -66.539  -33.501 0.6000000238
10441  43.151  -65.966  -21.091 0.3000000119
10444  30.037  -66.370  -21.399 0.4000000060
10446  28.491  -66.462  -21.220 0.4000000060
10448  25.811  -66.190  -21.248 0.5000000000
10460  42.023  -66.632  -21.821 0.3000000119
10465  25.350  -65.818  -21.719 0.6999999881
10466  24.619  -66.023  -21.408 0.6999999881
10467  23.979  -66.002  -21.539 0.6999999881
10468  23.243  -66.042  -21.821 0.6000000238
10478  29.974  -66.158  -22.703 0.4000000060
10479  29.239  -66.087  -22.865 0.4000000060
10481  27.517  -65.573  -23.430 0.4000000060
10482  22.697  -65.921  -22.484 0.6000000238
10483  22.047  -66.397  -22.772 0.6000000238
10493  40.785  -66.309  -24.549 0.3000000119
10494  29.740  -66.302  -23.456 0.4000000060
10500  21.320  -66.379  -24.088 0.6999999881
10511  28.976  -66.192  -24.495 0.4000000060
10512  28.361  -65.849  -24.796 0.5000000000
10513  21.724  -65.853  -24.639 0.6999999881
10530  28.347  -65.881  -25.501 0.6000000238
10532  21.866  -65.721  -25.898 0.6999999881
10551  27.384  -65.453  -26.518 0.6000000238
10553  21.978  -65.641  -26.652 0.6999999881
10566  32.673  -66.168  -27.410 0.3000000119
10567  27.611  -65.800  -27.263 0.6999999881
10569  21.360  -66.151  -26.981 0.6999999881
10570  13.458  -66.144  -27.708 0.5000000000
10575  32.503  -65.900  -27.904 0.3000000119
10576  32.283  -66.309  -28.285 0.3000000119
10578  26.649  -65.912  -28.401 0.6999999881
10581  21.206  -66.329  -28.421 0.6999999881
10587  32.540  -65.797  -28.661 0.3000000119
10589  26.399  -66.305  -28.965 0.6999999881
10591  25.002  -65.757  -29.575 0.6000000238
10592  21.555  -65.908  -29.039 0.6999999881
10595  14.394  -66.518  -29.253 0.5000000000
10602  33.415  -65.966  -30.151 0.3000000119
10603  32.699  -66.461  -30.087 0.3000000119
10608  16.134  -66.025  -30.554 0.6000000238
10609  15.500  -66.468  -30.213 0.5000000000
10616  22.324  -65.977  -31.495 0.6000000238
10617  21.555  -66.199  -31.667 0.8000000119
10619  17.375  -66.219  -31.495 0.6999999881
10620  16.655  -66.236  -31.067 0.6000000238
10622  35.987  -66.713  -32.258 0.3000000119
10624  23.350  -66.639  -32.970 0.6000000238
10626  21.359  -66.265  -32.333 0.6999999881
10629  18.792  -66.109  -32.035 0.6000000238
10630  18.101  -66.189  -31.765 0.6000000238
10633  28.708  -65.839  -33.378 0.6000000238
10637  23.000  -66.096  -33.333 0.6000000238
10641  20.285  -66.008  -32.488 0.6000000238
10645  32.630  -66.010  -33.860 0.4000000060
10646  31.855  -66.075  -33.779 0.5000000000
10649  29.340  -65.647  -33.498 0.6000000238
11206  42.919  -65.660  -21.967 0.3000000119
11207  25.996  -65.598  -22.284 0.6000000238
11210  23.812  -65.593  -22.137 0.6999999881
11221  42.317  -65.299  -22.847 0.3000000119
11222  26.554  -65.522  -22.774 0.6000000238
11225  23.642  -65.327  -22.869 0.6999999881
11226  22.945  -65.464  -23.052 0.6999999881
11234  41.837  -65.282  -23.925 0.3000000119
11236  26.389  -65.313  -23.474 0.6000000238
11238  24.874  -65.185  -23.365 0.6999999881
11239  24.158  -65.181  -23.363 0.6999999881
11240  22.594  -65.438  -23.806 0.6999999881
11258  25.823  -65.189  -24.587 0.6999999881
11261  22.878  -65.286  -24.534 0.6999999881
11262  22.255  -65.507  -24.424 0.6999999881
11278  26.185  -65.212  -25.796 0.6000000238
11279  25.686  -65.186  -25.271 0.6000000238
11280  25.032  -65.183  -25.522 0.6000000238
11282  23.126  -65.258  -25.207 0.6999999881
11293  33.168  -65.201  -26.561 0.3000000119
11294  25.781  -65.199  -26.537 0.6000000238
11295  24.936  -65.195  -26.290 0.6000000238
11296  24.115  -65.196  -26.354 0.6000000238
11307  32.805  -65.429  -27.296 0.3000000119
11309  25.716  -65.221  -27.340 0.6000000238
11310  25.009  -65.170  -27.552 0.6000000238
11311  24.207  -65.130  -27.694 0.6000000238
11312  22.042  -65.582  -27.516 0.6999999881
11324  26.371  -65.439  -27.817 0.6000000238
11327  23.586  -65.091  -28.200 0.6999999881
11328  22.932  -65.158  -28.622 0.6999999881
11351  35.423  -65.100  -30.374 0.3000000119
11353  33.703  -65.432  -29.733 0.3000000119
11354  24.269  -65.459  -29.890 0.6999999881
11359  15.640  -65.716  -30.005 0.6000000238
11363  35.093  -65.755  -30.775 0.3000000119
11364  23.130  -65.897  -31.149 0.6000000238
11365  17.974  -65.119  -31.330 0.6999999881
11367  16.726  -65.764  -30.700 0.6000000238
11371  19.687  -65.200  -32.453 0.6999999881
11372  18.940  -65.292  -32.156 0.6999999881
11378  32.382  -64.720  -33.368 0.4000000060
11380  30.875  -64.758  -33.290 0.6000000238
11382  28.741  -64.450  -33.291 0.6000000238
11383  28.053  -64.483  -33.210 0.6000000238
11385  26.270  -65.100  -32.738 0.6000000238
11386  25.336  -65.755  -33.248 0.6999999881
11387  23.981  -65.507  -33.480 0.6999999881
11389  22.611  -65.463  -33.339 0.6000000238
11391  21.331  -65.603  -32.940 0.6999999881
11399  31.238  -65.332  -33.577 0.6000000238
11401  29.775  -65.089  -33.430 0.6000000238
12016  18.830  -63.907  -26.861 0.6999999881
12031  19.433  -64.017  -27.237 0.6999999881
12033  17.914  -64.254  -27.601 0.6999999881
12034  17.261  -64.199  -27.814 0.6999999881
12044  33.022  -64.893  -27.647 0.3000000119
12045  18.948  -64.298  -28.598 0.6999999881
12047  17.497  -64.589  -28.373 0.6000000238
12055  35.371  -64.024  -29.305 0.3000000119
12057  18.908  -64.069  -29.868 0.6999999881
12059  17.413  -64.950  -29.369 0.6000000238
12073  31.444  -64.152  -30.726 0.5000000000
12077  17.520  -65.052  -30.328 0.6000000238
12082  32.540  -64.217  -31.588 0.4000000060
12083  31.815  -64.287  -31.516 0.4000000060
12084  31.006  -64.228  -31.515 0.6000000238
12088  18.320  -64.541  -31.132 0.6999999881
12089  17.745  -65.053  -30.854 0.6999999881
12092  34.373  -64.122  -32.834 0.4000000060
12094  32.685  -64.352  -32.491 0.4000000060
12097  29.737  -64.017  -32.506 0.6000000238
12100  20.686  -64.087  -32.420 0.6999999881
12102  19.114  -64.395  -31.955 0.6999999881
12103  18.508  -64.698  -31.652 0.6999999881
12105  35.436  -64.043  -33.578 0.4000000060
12107  34.004  -64.517  -33.435 0.4000000060
12108  32.693  -64.532  -33.125 0.4000000060
12110  31.164  -64.515  -32.967 0.4000000060
12111  30.363  -64.462  -32.953 0.6000000238
12112  28.963  -63.967  -32.947 0.6000000238
12114  27.623  -63.843  -33.064 0.6000000238
12115  26.172  -64.049  -32.522 0.6999999881
12119  22.779  -64.581  -33.079 0.6999999881
12120  22.061  -64.694  -32.978 0.6000000238
12121  21.346  -64.879  -32.835 0.6000000238
12779  20.763  -63.112  -26.126 0.6999999881
12780  19.932  -63.280  -25.927 0.6999999881
12795  19.345  -63.634  -26.456 0.6999999881
12797  17.900  -63.390  -26.837 0.6000000238
12812  18.229  -63.903  -27.023 0.6000000238
12814  17.000  -63.744  -27.554 0.6000000238
12823  30.347  -63.037  -28.627 0.6000000238
12824  20.786  -63.244  -28.124 0.6000000238
12825  20.282  -63.511  -28.567 0.6999999881
12827  15.974  -63.377  -28.393 0.6000000238
12836  35.104  -63.617  -28.677 0.3000000119
12839  30.117  -63.356  -29.309 0.6000000238
12852  32.583  -63.462  -30.193 0.5000000000
12854  30.647  -63.687  -29.774 0.5000000000
12856  28.885  -63.307  -30.202 0.6000000238
12859  19.905  -63.169  -30.965 0.6999999881
12860  19.270  -63.569  -30.812 0.6000000238
12866  32.976  -63.840  -30.934 0.4000000060
12867  29.738  -63.732  -30.890 0.6000000238
12868  28.353  -63.225  -31.391 0.6000000238
12869  27.747  -63.081  -31.336 0.6999999881
12870  20.036  -63.082  -31.277 0.6000000238
12878  28.312  -63.561  -32.735 0.6999999881
12879  28.017  -63.229  -32.051 0.6999999881
12880  26.793  -63.115  -32.185 0.6999999881
12881  26.051  -62.989  -32.069 0.6999999881
12883  24.482  -62.930  -32.086 0.6999999881
12886  20.812  -63.157  -31.949 0.6000000238
12887  20.124  -63.368  -31.812 0.6999999881
12895  25.724  -63.422  -32.287 0.6999999881
12896  24.887  -63.608  -32.319 0.6999999881
12899  22.333  -63.592  -32.461 0.6999999881
13536  20.494  -62.127  -23.130 0.6000000238
13556  20.917  -62.308  -23.677 0.6000000238
13571  21.833  -62.284  -24.704 0.6999999881
13572  21.028  -62.424  -24.422 0.6000000238
13574  19.576  -62.306  -24.500 0.6000000238
13589  21.962  -62.233  -25.419 0.6999999881
13592  19.601  -62.735  -25.247 0.6999999881
13593  18.861  -62.468  -25.517 0.6999999881
13608  29.851  -62.247  -26.787 0.6000000238
13611  21.450  -62.638  -26.465 0.6999999881
13612  18.424  -62.491  -26.041 0.6999999881
13613  17.923  -62.649  -26.605 0.6000000238
13623  30.882  -62.254  -27.464 0.6000000238
13626  28.470  -62.345  -27.193 0.6000000238
13627  27.782  -62.413  -27.731 0.6000000238
13628  26.363  -62.071  -27.856 0.6000000238
13630  21.474  -62.641  -27.218 0.6000000238
13642  30.623  -62.629  -28.035 0.6000000238
13644  28.991  -62.778  -28.351 0.6000000238
13646  27.596  -62.565  -28.460 0.6000000238
13647  26.240  -62.224  -28.663 0.6999999881
13649  21.938  -61.930  -28.649 0.6000000238
13650  21.377  -62.565  -28.191 0.6000000238
13652  16.347  -62.678  -28.098 0.5000000000
13668  28.984  -63.041  -29.029 0.6000000238
13669  27.861  -62.812  -29.116 0.6000000238
13670  26.498  -62.477  -29.596 0.6000000238
13672  21.335  -62.135  -30.266 0.6000000238
13682  27.871  -62.966  -29.902 0.6000000238
13684  25.176  -62.125  -30.195 0.6999999881
13685  24.710  -62.060  -30.755 0.6999999881
13686  20.961  -62.400  -30.850 0.6000000238
13687  20.427  -62.755  -30.971 0.6000000238
13695  25.430  -62.344  -30.902 0.6999999881
13698  21.248  -62.289  -31.125 0.6000000238
13704  25.593  -62.577  -31.631 0.6999999881
13706  24.030  -62.351  -31.734 0.6999999881
13708  21.790  -62.192  -31.528 0.6000000238
13710  20.413  -62.800  -31.480 0.6000000238
14370  25.162  -60.987  -21.403 0.5000000000
14372  23.448  -61.268  -21.442 0.6999999881
14373  22.153  -61.267  -21.257 0.6000000238
14375  20.738  -61.156  -21.290 0.6000000238
14376  20.138  -61.074  -21.425 0.6000000238
14388  24.018  -61.429  -22.007 0.6000000238
14390  21.875  -61.606  -21.690 0.6000000238
14391  21.130  -61.590  -21.737 0.6000000238
14393  19.728  -61.210  -21.787 0.6000000238
14406  29.962  -61.213  -23.262 0.6000000238
14407  29.365  -61.169  -22.794 0.6000000238
14408  28.164  -61.381  -22.870 0.6000000238
14410  26.525  -61.382  -22.842 0.6000000238
14411  25.186  -61.442  -22.709 0.6999999881
14413  23.696  -61.678  -22.672 0.6999999881
14416  20.788  -61.900  -22.400 0.6000000238
14417  19.964  -61.698  -22.519 0.6000000238
14418  19.275  -61.269  -22.363 0.6000000238
14445  27.688  -61.540  -23.525 0.6000000238
14448  25.011  -61.503  -23.542 0.6999999881
14450  23.251  -61.860  -23.301 0.6000000238
14452  19.452  -61.983  -23.798 0.6000000238
14453  18.865  -61.527  -23.662 0.6000000238
14473  27.716  -61.702  -24.906 0.8000000119
14474  26.341  -61.478  -24.331 0.6999999881
14478  23.023  -61.829  -24.685 0.6999999881
14481  18.447  -61.488  -24.922 0.6000000238
14493  30.949  -61.593  -25.717 0.5000000000
14494  30.315  -61.802  -25.416 0.6000000238
14495  29.052  -61.916  -25.318 0.6000000238
14497  27.395  -61.743  -25.674 0.6999999881
14498  26.582  -61.608  -25.931 0.8000000119
14499  25.532  -61.485  -25.608 0.8000000119
14501  24.035  -61.512  -25.836 0.6999999881
14502  23.102  -61.691  -25.587 0.8000000119
14503  22.470  -61.898  -25.720 0.6999999881
14505  17.767  -61.150  -26.215 0.6000000238
14517  31.565  -61.386  -26.824 0.6000000238
14518  31.013  -61.918  -26.876 0.6000000238
14521  27.946  -61.996  -26.172 0.6000000238
14524  25.602  -61.566  -26.745 0.6000000238
14525  24.890  -61.494  -26.799 0.6999999881
14526  24.099  -61.471  -26.807 0.6999999881
14528  22.605  -61.761  -27.094 0.6999999881
14530  17.486  -61.176  -26.853 0.5000000000
14541  27.770  -62.158  -26.890 0.6000000238
14544  25.207  -61.603  -27.424 0.6000000238
14546  23.936  -61.472  -27.560 0.6999999881
14547  22.949  -61.571  -27.844 0.6000000238
14548  22.454  -61.691  -28.111 0.6000000238
14560  24.953  -61.660  -28.095 0.6999999881
14562  23.446  -61.455  -28.196 0.6000000238
14564  22.426  -61.588  -28.961 0.6999999881
14577  24.078  -61.567  -29.319 0.6999999881
14578  23.457  -61.455  -29.593 0.6000000238
14579  22.441  -61.520  -29.738 0.6000000238
14591  24.758  -61.818  -29.508 0.6999999881
14593  22.545  -61.503  -30.326 0.6000000238
14594  21.974  -61.728  -30.272 0.6000000238
14600  23.465  -61.614  -31.021 0.6999999881
14601  22.763  -61.550  -30.869 0.6999999881
14602  22.122  -61.694  -30.767 0.6000000238
14609  22.320  -61.773  -31.266 0.6000000238
15311  25.024  -60.151  -20.301 0.5000000000
15314  22.502  -60.432  -20.629 0.5000000000
15315  21.861  -60.336  -20.700 0.6000000238
15335  24.838  -60.665  -20.827 0.5000000000
15336  23.608  -60.849  -20.958 0.6999999881
15338  21.990  -60.825  -20.946 0.6000000238
15340  20.334  -60.654  -21.209 0.6000000238
15354  19.227  -60.736  -21.869 0.6000000238
15355  18.740  -60.302  -22.087 0.6000000238
15372  18.471  -60.581  -22.710 0.6000000238
15373  18.052  -60.265  -23.078 0.5000000000
15390  31.277  -60.544  -23.819 0.6000000238
15392  18.328  -60.892  -23.553 0.5000000000
15407  18.078  -60.881  -24.478 0.5000000000
15408  17.563  -60.376  -24.751 0.5000000000
15424  17.535  -60.655  -26.121 0.5000000000
15436  17.132  -60.555  -27.120 0.5000000000
16159  23.547  -59.659  -20.264 0.6000000238
16160  22.885  -59.929  -20.439 0.5000000000
16161  22.244  -59.762  -20.615 0.6000000238
16177  20.497  -60.218  -21.021 0.6000000238
16190  18.624  -59.700  -22.067 0.5000000000
16209  18.245  -59.939  -22.479 0.5000000000
16222  17.286  -59.643  -23.593 0.5000000000
16223  16.811  -59.343  -23.998 0.5000000000
16236  16.574  -59.358  -24.909 0.5000000000
16250  17.193  -60.168  -26.494 0.5000000000
16251  16.911  -59.762  -25.725 0.5000000000
17019  23.050  -58.631  -20.740 0.4000000060
17021  21.198  -59.445  -21.084 0.6000000238
17022  20.410  -59.647  -21.265 0.6000000238
17023  19.571  -59.605  -21.555 0.5000000000
17042  21.739  -58.818  -21.328 0.5000000000
17044  20.073  -59.024  -21.755 0.5000000000
17046  18.504  -59.118  -22.151 0.5000000000
17063  17.902  -58.659  -22.551 0.5000000000
17064  17.568  -59.009  -22.771 0.5000000000
17076  16.595  -58.511  -23.466 0.6000000238
17089  16.269  -58.790  -24.246 0.6000000238
17090  15.737  -58.329  -24.638 0.6000000238
17103  16.432  -59.248  -25.710 0.5000000000
17104  15.901  -58.806  -25.655 0.6000000238
17117  16.244  -59.101  -26.367 0.4000000060
17130  15.812  -58.887  -27.589 0.4000000060
17949  22.244  -57.932  -22.208 0.5000000000
17964  22.807  -57.485  -22.599 0.5000000000
17966  21.068  -58.025  -22.938 0.5000000000
17968  19.327  -58.115  -22.645 0.5000000000
17969  18.343  -57.987  -22.729 0.5000000000
17970  17.521  -57.988  -22.897 0.5000000000
17971  16.878  -57.933  -23.187 0.6000000238
17982  20.765  -57.722  -23.740 0.5000000000
17983  19.967  -57.629  -23.567 0.6000000238
17985  16.347  -57.800  -23.617 0.6000000238
17998  15.133  -57.541  -24.674 0.6000000238
18043  14.166  -57.921  -27.635 0.5000000000
18948  23.449  -56.790  -23.530 0.6000000238
18949  22.917  -57.189  -23.254 0.5000000000
18950  22.372  -57.228  -23.819 0.5000000000
18952  17.213  -57.496  -23.145 0.6000000238
18965  22.588  -56.897  -24.434 0.6000000238
18966  21.130  -57.321  -24.467 0.5000000000
18968  19.579  -57.141  -24.255 0.6000000238
18969  18.185  -56.841  -23.949 0.6000000238
18986  22.114  -56.807  -25.020 0.6000000238
18987  21.434  -57.001  -25.105 0.6000000238
18990  19.025  -56.482  -25.370 0.6000000238
18991  17.642  -56.503  -24.311 0.6000000238
18992  15.506  -56.997  -24.235 0.6000000238
18993  14.905  -56.720  -24.541 0.6000000238
19008  21.676  -56.652  -25.588 0.5000000000
19011  19.767  -56.736  -25.757 0.6000000238
19013  13.949  -56.620  -25.150 0.6000000238
19024  20.615  -56.518  -26.424 0.5000000000
19025  13.719  -57.101  -26.173 0.6000000238
19039  13.640  -57.462  -27.147 0.5000000000
19040  12.929  -57.277  -27.702 0.5000000000
19836  18.474  -55.451  -16.248 0.3000000119
19963  23.606  -56.332  -23.805 0.6000000238
19964  23.171  -56.623  -24.222 0.6000000238
19965  16.660  -56.682  -24.038 0.6000000238
19966  15.914  -56.621  -24.176 0.6000000238
19977  22.742  -56.452  -24.931 0.6000000238
19979  18.118  -56.200  -25.214 0.6000000238
19981  16.151  -56.032  -24.776 0.6000000238
19983  14.659  -56.084  -24.747 0.6000000238
19984  14.190  -56.058  -24.833 0.6000000238
19991  22.504  -56.100  -25.591 0.6000000238
19993  21.269  -56.402  -26.195 0.5000000000
19994  19.939  -56.446  -26.606 0.6000000238
19996  18.566  -56.031  -26.240 0.6000000238
20000  12.968  -55.616  -25.418 0.5000000000
20006  21.604  -56.023  -26.635 0.5000000000
20009  17.856  -55.437  -26.820 0.6000000238
20010  12.649  -56.230  -26.261 0.5000000000
20011  11.966  -56.091  -26.790 0.5000000000
20023  19.762  -55.954  -27.564 0.6000000238
20797  17.870  -55.140  -15.802 0.3000000119
20798  16.694  -54.934  -15.602 0.3000000119
20809  19.403  -54.934  -16.744 0.3000000119
20818  20.157  -55.118  -17.627 0.3000000119
20872  19.719  -55.793  -21.178 0.3000000119
20891  21.049  -55.184  -21.849 0.3000000119
20892  20.368  -55.314  -22.272 0.4000000060
20895  17.633  -55.227  -22.123 0.5000000000
20912  19.676  -55.282  -22.729 0.4000000060
20914  18.047  -54.990  -22.766 0.5000000000
20929  23.744  -55.648  -23.996 0.4000000060
20931  19.266  -54.979  -23.399 0.4000000060
20943  15.486  -55.574  -25.142 0.6000000238
20945  14.176  -55.405  -24.996 0.6000000238
20952  22.837  -55.512  -25.862 0.6000000238
20953  22.247  -55.798  -26.251 0.6000000238
20955  16.056  -55.260  -25.811 0.6000000238
20958  13.484  -54.950  -25.109 0.5000000000
20960  11.805  -54.813  -25.724 0.5000000000
20972  22.017  -55.474  -27.008 0.6000000238
20974  18.187  -55.140  -27.393 0.6000000238
20988  21.166  -54.665  -28.253 0.6000000238
20989  20.089  -55.407  -28.124 0.6000000238
20990  19.457  -55.151  -28.137 0.6000000238
20991  18.170  -54.601  -27.685 0.6000000238
20999  19.886  -54.811  -28.446 0.6000000238
21786  18.396  -54.624  -15.893 0.3000000119
21787  17.725  -54.419  -15.652 0.3000000119
21788  16.232  -54.289  -15.586 0.3000000119
21789  15.490  -54.381  -15.619 0.3000000119
21790  14.723  -54.558  -15.712 0.4000000060
21801  20.045  -53.838  -16.958 0.3000000119
21818  20.674  -53.743  -17.548 0.3000000119
21831  21.632  -54.494  -18.626 0.3000000119
21832  21.123  -54.350  -18.026 0.3000000119
21884  21.611  -54.766  -22.211 0.4000000060
21885  17.275  -54.788  -22.726 0.6000000238
21886  16.532  -54.532  -22.651 0.6000000238
21889  13.856  -53.874  -21.740 0.5000000000
21909  21.490  -54.548  -23.012 0.4000000060
21913  16.922  -54.278  -23.347 0.5000000000
21914  16.222  -54.051  -23.272 0.5000000000
21915  14.889  -53.728  -22.847 0.5000000000
21938  23.967  -54.824  -24.130 0.4000000060
21939  22.008  -53.960  -23.391 0.4000000060
21940  21.353  -54.276  -23.924 0.4000000060
21941  20.514  -54.614  -24.103 0.4000000060
21944  16.528  -53.749  -24.006 0.6000000238
21945  15.827  -53.570  -23.905 0.6000000238
21958  20.184  -54.301  -24.956 0.6000000238
21960  18.436  -53.923  -25.121 0.6000000238
21962  12.770  -53.461  -24.721 0.5000000000
21964  11.645  -53.665  -25.112 0.5000000000
21971  23.229  -54.803  -26.194 0.5000000000
21972  19.875  -53.930  -25.900 0.6000000238
21974  17.809  -53.382  -26.075 0.6000000238
21977  12.110  -54.156  -25.322 0.5000000000
21978  10.986  -53.765  -25.358 0.5000000000
21988  23.573  -53.986  -26.537 0.4000000060
21990  22.386  -54.734  -27.347 0.5000000000
21991  17.033  -53.919  -27.311 0.6000000238
21993  15.522  -53.891  -26.443 0.5000000000
22000  21.892  -54.163  -28.049 0.5000000000
22001  21.271  -53.704  -28.451 0.6000000238
22002  20.144  -54.158  -28.522 0.6000000238
22004  18.196  -54.017  -27.676 0.6000000238
22013  20.746  -53.930  -28.633 0.6000000238
22802  17.420  -53.664  -15.623 0.3000000119
22803  16.608  -53.576  -15.608 0.3000000119
22816  19.366  -53.492  -16.413 0.3000000119
22838  21.712  -53.979  -18.291 0.3000000119
22850  22.940  -52.705  -19.182 0.4000000060
22867  22.518  -54.024  -19.380 0.4000000060
22888  13.459  -53.476  -22.315 0.5000000000
22899  14.492  -53.416  -23.435 0.5000000000
22926  16.092  -53.352  -24.753 0.6000000238
22927  15.373  -53.314  -24.669 0.5000000000
22929  14.137  -53.328  -24.107 0.5000000000
22945  21.857  -53.148  -24.966 0.4000000060
22950  15.802  -53.325  -25.514 0.6000000238
22953  11.853  -53.255  -24.424 0.5000000000
22964  21.706  -52.813  -25.847 0.4000000060
22965  21.083  -53.096  -26.481 0.6000000238
22967  19.499  -53.487  -26.828 0.6000000238
22969  17.620  -53.420  -26.958 0.6000000238
22970  15.690  -53.415  -25.966 0.6000000238
22971  14.483  -53.799  -25.684 0.5000000000
22979  23.767  -53.099  -26.804 0.4000000060
22981  20.781  -53.032  -27.428 0.6000000238
22983  19.216  -53.530  -27.526 0.6000000238
22985  16.907  -53.584  -26.988 0.6000000238
22986  15.801  -53.597  -26.352 0.5000000000
22992  22.678  -52.941  -27.715 0.5000000000
22993  21.823  -53.060  -28.100 0.5000000000
22996  18.966  -53.900  -27.872 0.6000000238
22997  17.553  -53.763  -27.356 0.6000000238
23841  17.061  -52.875  -15.749 0.3000000119
23846  12.807  -52.747  -15.996 0.3000000119
23856  19.034  -52.654  -16.521 0.3000000119
23859  16.700  -52.138  -16.133 0.3000000119
23862  12.591  -51.963  -16.093 0.3000000119
23873  20.073  -52.503  -17.375 0.3000000119
23874  19.368  -52.218  -17.114 0.3000000119
23875  18.578  -52.003  -16.943 0.4000000060
23885  21.972  -53.272  -18.373 0.3000000119
23886  21.229  -52.676  -18.058 0.4000000060
23910  23.708  -51.788  -20.173 0.4000000060
23925  23.755  -52.006  -20.844 0.4000000060
23961  22.365  -52.846  -24.430 0.4000000060
23977  24.273  -52.716  -26.310 0.4000000060
23978  21.692  -52.541  -26.671 0.4000000060
23985  23.862  -52.189  -26.968 0.4000000060
23986  23.189  -51.852  -27.273 0.4000000060
23987  21.736  -52.463  -27.191 0.4000000060
23992  22.626  -52.332  -27.548 0.5000000000
24884  17.018  -51.810  -16.827 0.3000000119
24885  16.331  -51.720  -16.813 0.3000000119
24886  15.631  -51.650  -16.759 0.3000000119
24889  13.380  -51.518  -16.364 0.3000000119
24897  19.737  -51.869  -17.731 0.4000000060
24899  18.075  -51.619  -17.584 0.4000000060
24900  17.287  -51.537  -17.493 0.3000000119
24902  15.997  -51.310  -17.588 0.3000000119
24904  14.152  -51.167  -16.999 0.3000000119
24913  20.986  -51.884  -18.296 0.4000000060
24915  19.267  -51.467  -18.403 0.4000000060
24917  16.785  -51.222  -17.941 0.3000000119
24926  20.531  -51.256  -18.778 0.3000000119
24960  23.929  -51.329  -20.666 0.4000000060
25016  22.546  -51.872  -25.787 0.4000000060
25021  24.786  -51.517  -25.844 0.4000000060
25024  22.324  -51.954  -26.590 0.4000000060
25028  23.789  -51.395  -26.759 0.4000000060
25921  13.372  -51.004  -17.006 0.4000000060
25928  15.253  -51.091  -17.793 0.3000000119
25929  14.566  -50.937  -17.793 0.3000000119
25930  12.947  -50.734  -17.457 0.4000000060
25931  11.734  -50.504  -17.456 0.4000000060
25942  14.297  -50.687  -18.441 0.3000000119
25954  21.456  -50.683  -18.665 0.3000000119
25957  18.989  -50.887  -19.669 0.3000000119
25959  16.770  -50.418  -19.382 0.3000000119
25960  15.447  -50.622  -18.901 0.3000000119
25961  14.719  -50.493  -18.987 0.3000000119
25963  13.392  -50.245  -18.905 0.4000000060
25972  20.030  -50.344  -20.056 0.3000000119
25973  19.407  -50.456  -20.571 0.3000000119
26015  23.670  -50.706  -23.311 0.4000000060
26039  24.033  -50.944  -26.191 0.4000000060
26044  23.482  -51.089  -26.437 0.4000000060
27022  21.997  -49.675  -18.501 0.3000000119
27037  14.345  -50.053  -19.478 0.4000000060
27038  13.647  -50.015  -19.465 0.4000000060
27039  12.617  -49.972  -18.726 0.4000000060
27040  11.782  -49.591  -19.001 0.3000000119
27055  18.235  -50.403  -20.555 0.3000000119
27057  15.522  -49.369  -20.015 0.3000000119
27059  13.828  -49.640  -19.978 0.4000000060
27080  19.195  -50.170  -21.035 0.3000000119
27098  17.720  -49.460  -21.799 0.3000000119
28004  23.029  -49.263  -18.554 0.3000000119
28006  21.617  -49.063  -18.557 0.3000000119
28013  23.417  -48.881  -18.718 0.3000000119
28030  14.010  -49.056  -20.499 0.3000000119
28031  13.217  -49.176  -20.483 0.3000000119
28054  19.205  -48.863  -21.476 0.3000000119
28055  16.979  -49.016  -21.795 0.3000000119
28057  15.105  -48.347  -21.121 0.3000000119
28058  14.230  -48.434  -21.112 0.3000000119
28077  18.732  -49.144  -22.003 0.3000000119
28078  18.271  -49.240  -22.395 0.3000000119
28081  16.208  -48.383  -21.789 0.3000000119
28095  17.575  -49.138  -23.476 0.3000000119
28102  17.196  -49.112  -24.577 0.3000000119
28103  16.587  -48.720  -24.983 0.3000000119
28107  17.785  -49.167  -26.054 0.3000000119
29062  22.847  -48.599  -18.490 0.3000000119
29110  14.481  -48.109  -21.902 0.3000000119
29128  16.164  -48.412  -23.570 0.3000000119
29129  15.751  -48.201  -22.663 0.3000000119
29144  18.387  -48.856  -23.815 0.3000000119
29145  15.232  -48.043  -23.627 0.3000000119
29153  18.965  -48.366  -24.365 0.3000000119
29154  18.337  -48.986  -25.036 0.3000000119
29164  18.989  -48.810  -25.806 0.3000000119
29167  16.774  -48.577  -25.613 0.3000000119
29177  18.113  -48.978  -26.545 0.3000000119
30293  19.334  -47.625  -23.474 0.3000000119
30300  19.811  -47.234  -23.924 0.3000000119
30301  15.236  -47.749  -24.544 0.3000000119
30311  16.458  -47.812  -25.336 0.3000000119
31405  19.573  -46.653  -21.393 0.3000000119
157567  17.670  -50.063  -20.531 0.3000000119
158021  27.857  -65.548  -25.928 0.6000000238
158762  23.813  -50.426  -22.371 0.4000000060
158766  18.201  -50.803  -19.543 0.3000000119
159185  31.316  -66.235  -22.294 0.4000000060
159358  36.990  -72.420  -21.839 0.3000000119
159886  34.386  -76.429  -10.862 0.3000000119
160007  12.467  -50.356  -17.856 0.3000000119
160131  25.129  -65.158  -24.794 0.6999999881
160200  20.953  -67.536  -27.054 0.6000000238
160272  28.724  -62.063  -26.018 0.6000000238
160663  22.713  -61.757  -26.223 0.6999999881
160690  21.112  -69.327  -27.520 0.5000000000
160706  27.253  -65.697  -22.699 0.5000000000
160789  25.929  -65.212  -23.971 0.6000000238
160987  40.773  -66.715  -22.471 0.3000000119
161133  13.444  -53.352  -24.418 0.5000000000
161291  22.842  -52.114  -18.911 0.4000000060
161585  27.842  -72.765  -18.627 0.4000000060
161667  30.459  -66.696  -20.968 0.4000000060
161845  16.184  -49.851  -19.664 0.3000000119
162126  38.235  -71.143  -22.489 0.3000000119
162203  18.725  -50.071  -21.365 0.3000000119
162510  36.881  -68.920  -25.660 0.3000000119
162643  34.198  -66.135  -33.981 0.4000000060
162655  22.271  -61.853  -22.249 0.6999999881
162675  29.943  -68.877  -19.971 0.4000000060
162914  24.224  -65.122  -28.484 0.6000000238
163004  16.805  -63.099  -27.634 0.6000000238
163241  21.367  -66.096  -29.830 0.6999999881
163391  16.774  -64.039  -28.020 0.6000000238
163565  26.718  -62.660  -30.478 0.6999999881
163615  16.076  -68.639  -26.876 0.5000000000
163992  18.831  -54.516  -27.976 0.6000000238
164382  35.327  -71.015  -21.872 0.3000000119
164594  33.260  -72.292  -16.448 0.5000000000
164605  12.259  -53.144  -23.259 0.5000000000
164755  20.916  -62.601  -25.049 0.6999999881
164903  18.978  -59.524  -21.829 0.5000000000
165238  17.496  -61.931  -27.045 0.6000000238
165382  13.730  -50.543  -18.501 0.4000000060
165425  24.836  -65.200  -33.135 0.6999999881
165427  23.348  -61.572  -22.034 0.6999999881
165443  22.341  -65.361  -28.207 0.6999999881
165659  20.624  -53.235  -28.047 0.6000000238
165886  14.534  -54.778  -25.437 0.5000000000
165923  17.264  -59.913  -24.179 0.5000000000
166402  22.270  -52.646  -27.787 0.5000000000
166450  33.633  -77.529  -13.321 0.3000000119
166490  36.433  -72.175  -21.846 0.3000000119
166767  13.610  -53.951  -25.420 0.5000000000
166919  23.016  -65.146  -33.375 0.6999999881
166932  20.926  -68.077  -26.385 0.6000000238
167053  28.546  -62.548  -27.823 0.6000000238
167069  15.164  -67.953  -27.312 0.5000000000
167365  28.703  -63.400  -31.937 0.6999999881
167398  15.407  -67.550  -29.447 0.5000000000
167445  22.695  -52.655  -23.912 0.4000000060
167480  18.912  -54.049  -16.035 0.3000000119
167569  23.747  -65.176  -26.965 0.6999999881
167599  18.889  -54.351  -24.450 0.6000000238
167766  18.967  -56.791  -24.506 0.6000000238
167768  24.014  -49.673  -22.525 0.4000000060
168098  18.867  -54.598  -23.871 0.6000000238
168217  20.314  -62.793  -30.520 0.6000000238
168295  24.630  -61.486  -26.263 0.8000000119
168299  26.675  -65.774  -32.861 0.6000000238
168630  29.325  -68.059  -33.592 0.5000000000
168762  33.433  -77.648  -16.346 0.3000000119
168947  28.762  -66.014  -22.371 0.4000000060
169002  32.792  -77.594  -12.085 0.3000000119
169107  20.950  -68.370  -25.040 0.6000000238
169157  23.768  -61.475  -28.844 0.6999999881
169503  32.408  -66.960  -33.842 0.4000000060
169635  14.269  -65.726  -29.409 0.4000000060
169859  39.934  -67.888  -22.332 0.3000000119
169922  18.884  -68.204  -30.459 0.6000000238
169997  20.616  -58.507  -22.244 0.6000000238
170397  20.669  -50.464  -19.237 0.3000000119
170548  23.297  -52.760  -19.919 0.4000000060
170643  31.192  -66.279  -33.727 0.5000000000
171130  20.102  -57.008  -25.118 0.6000000238
171288  28.410  -65.144  -33.288 0.6000000238
171336  32.822  -73.753  -15.858 0.5000000000
171423  17.796  -48.608  -26.514 0.3000000119
171445  17.241  -55.501  -15.718 0.3000000119
171779  24.490  -61.501  -25.049 0.8000000119
171780  25.200  -61.467  -25.034 0.8000000119
171781  25.899  -61.460  -25.019 0.8000000119
171784  28.106  -61.664  -24.157 0.6000000238
171785  32.634  -77.764  -13.930 0.3000000119
171977  21.707  -66.226  -23.438 0.5000000000
171988  32.392  -66.271  -29.297 0.3000000119
172159  29.220  -61.460  -23.397 0.6000000238
172456  14.729  -53.454  -25.403 0.5000000000
172557  33.919  -70.091  -19.958 0.3000000119
172558  34.969  -70.499  -22.036 0.4000000060
172765  18.997  -64.275  -27.813 0.6999999881
173334  37.517  -72.402  -21.699 0.3000000119
173358  20.323  -56.269  -27.045 0.5000000000
173925  30.677  -73.470  -17.733 0.5000000000
174591  25.896  -61.533  -26.117 0.6000000238
174615  33.999  -70.175  -19.377 0.3000000119
174756  25.531  -61.270  -22.074 0.5000000000
175170  20.678  -55.367  -28.070 0.6000000238
175312  19.352  -61.630  -23.091 0.6000000238
175385  25.668  -67.322  -33.449 0.6000000238
175420  34.337  -76.879  -14.386 0.3000000119
175470  23.253  -68.523  -22.960 0.5000000000
175531  16.697  -54.273  -27.109 0.5000000000
175589  33.626  -65.286  -33.879 0.4000000060
175830  30.827  -63.295  -29.121 0.5000000000
175927  31.107  -61.662  -26.341 0.6000000238
175960  32.974  -71.844  -16.964 0.5000000000
176044  21.793  -59.362  -20.862 0.5000000000
176088  21.756  -67.585  -22.910 0.6000000238
176453  23.540  -61.733  -24.114 0.8000000119
176483  28.466  -66.690  -27.887 0.6000000238
176851  30.207  -78.692  -9.681 0.3000000119
177383  16.173  -67.439  -30.587 0.6000000238
177563  20.180  -50.770  -19.409 0.3000000119
177590  14.442  -64.990  -29.412 0.4000000060
177713  28.176  -65.763  -23.583 0.4000000060
177769  20.931  -59.955  -20.956 0.6000000238
177946  14.791  -53.349  -24.810 0.5000000000
178125  26.063  -68.657  -19.178 0.4000000060
179922  20.437  -69.958  -28.303 0.5000000000
180242  26.966  -65.471  -23.240 0.5000000000
180269  20.495  -53.575  -28.440 0.6000000238
180427  24.730  -61.561  -27.724 0.6999999881
180876  39.229  -69.561  -26.226 0.3000000119
181123  32.315  -69.122  -32.186 0.4000000060
181142  32.568  -68.458  -28.689 0.3000000119
181151  20.991  -66.429  -31.791 0.8000000119
181178  34.807  -76.486  -13.843 0.3000000119
181213  34.103  -76.807  -11.364 0.3000000119
181255  13.658  -51.838  -16.037 0.3000000119
181926  25.690  -66.085  -29.245 0.6999999881
181986  12.758  -53.228  -23.424 0.5000000000
182121  26.926  -64.110  -32.791 0.6999999881
182210  20.299  -63.103  -29.598 0.6000000238
182247  27.245  -65.950  -22.031 0.4000000060
182300  25.811  -61.396  -22.741 0.6000000238
182346  28.395  -62.174  -26.585 0.6000000238
183081  12.287  -50.752  -17.233 0.4000000060
183758  39.030  -69.841  -23.837 0.3000000119
183901  31.561  -75.580  -9.595 0.3000000119
183917  35.350  -70.644  -19.757 0.3000000119
184030  16.280  -53.388  -26.307 0.6000000238
184653  24.842  -61.509  -24.392 0.8000000119
184731  33.121  -77.758  -14.100 0.3000000119
184813  20.381  -55.127  -22.887 0.4000000060
184987  18.106  -64.701  -30.774 0.6999999881
185038  39.711  -68.408  -24.623 0.3000000119
185193  23.002  -65.266  -25.737 0.6999999881
185303  27.711  -66.251  -21.497 0.4000000060
185305  22.907  -61.950  -23.920 0.6999999881
185395  23.157  -66.579  -21.533 0.6000000238
185645  33.501  -76.755  -10.151 0.3000000119
185750  21.644  -65.853  -25.275 0.6999999881
185971  22.877  -65.224  -29.542 0.6999999881
186191  32.489  -73.520  -16.182 0.5000000000
186211  18.247  -50.595  -20.148 0.3000000119
186434  34.287  -77.144  -14.008 0.3000000119
186449  19.029  -50.502  -20.811 0.3000000119
186468  23.813  -60.149  -20.349 0.5000000000
186601  40.389  -69.674  -20.820 0.3000000119
186604  37.409  -72.489  -21.258 0.3000000119
186620  14.188  -53.634  -25.387 0.5000000000
186679  32.382  -67.404  -20.695 0.4000000060
186695  17.026  -69.043  -26.162 0.5000000000
186786  32.893  -65.272  -28.517 0.3000000119
186868  33.144  -67.153  -21.681 0.4000000060
186915  24.543  -61.547  -23.942 0.8000000119
186941  21.231  -66.240  -30.368 0.6999999881
186974  22.242  -62.656  -31.927 0.6000000238
187136  24.533  -61.840  -30.211 0.6999999881
187213  28.354  -65.946  -26.100 0.6000000238
187786  24.414  -53.170  -25.653 0.4000000060
188466  39.390  -69.412  -21.677 0.3000000119
188660  35.603  -75.929  -11.978 0.3000000119
188667  22.638  -51.936  -25.202 0.4000000060
188734  21.977  -58.339  -21.728 0.4000000060
189692  18.523  -61.346  -24.221 0.5000000000
189791  32.096  -64.335  -32.248 0.4000000060
189803  31.260  -69.724  -25.919 0.4000000060
190061  31.162  -63.896  -30.125 0.5000000000
190304  24.939  -62.323  -31.254 0.6999999881
190327  34.627  -71.363  -17.102 0.3000000119
190397  23.618  -61.853  -31.485 0.6999999881
190428  29.365  -63.490  -30.338 0.6000000238
190573  41.679  -65.588  -23.072 0.3000000119
190639  30.727  -72.993  -17.666 0.5000000000
