#!ascii label  , from subject sub-v2s2x29089_ses-1 vox2ras=TkReg
2059
65718  -46.330  -13.947  25.571 0.0000000000
163344  -31.864  -14.405  40.363 0.0000000000
77751  -46.875  -4.731  11.266 0.0000000000
69594  -36.792  -11.549  15.498 0.0000000000
69575  -48.085  -11.117  17.825 0.0000000000
62316  -41.189  -16.412  33.994 0.0000000000
62440  -30.193  -16.909  24.685 0.0000000000
64691  -32.304  -15.159  20.756 0.0000000000
155879  -25.395  -12.823  39.446 0.0000000000
87655  -55.556  3.200  13.553 0.0000000000
64590  -22.827  -14.875  28.964 0.0000000000
65778  -41.738  -14.090  19.968 0.0000000000
145399  -42.642  -9.918  17.886 0.0000000000
70783  -46.513  -10.225  22.938 0.0000000000
63508  -44.172  -15.072  30.121 0.0000000000
61276  -37.309  -17.062  26.774 0.0000000000
64666  -39.691  -14.782  22.758 0.0000000000
66973  -34.381  -12.705  18.417 0.0000000000
90066  -56.819  5.279  10.107 0.0000000000
70511  -29.289  -10.355  40.426 0.0000000000
65599  -24.393  -13.309  34.299 0.0000000000
65600  -28.721  -14.127  34.288 0.0000000000
74426  -47.535  -8.183  14.445 0.0000000000
63400  -36.906  -15.812  37.374 0.0000000000
62341  -31.779  -16.615  32.843 0.0000000000
58979  -35.419  -19.245  30.262 0.0000000000
59105  -31.461  -19.379  22.331 0.0000000000
61096  -22.633  -17.174  39.711 0.0000000000
73289  -53.854  -8.646  17.419 0.0000000000
77688  -52.492  -4.807  14.336 0.0000000000
83089  -55.320  0.346  16.228 0.0000000000
82106  -51.467  -1.048  11.415 0.0000000000
84285  -52.269  0.270  6.988 0.0000000000
61175  -21.002  -18.063  34.441 0.0000000000
64612  -27.379  -14.745  27.530 0.0000000000
64686  -44.144  -14.489  22.278 0.0000000000
68208  -43.998  -12.363  21.527 0.0000000000
68197  -46.770  -12.201  24.185 0.0000000000
64607  -45.544  -14.664  28.161 0.0000000000
163048  -41.950  -15.735  26.104 0.0000000000
149895  -43.031  -15.191  23.958 0.0000000000
64697  -41.078  -14.699  21.124 0.0000000000
76722  -45.245  -5.733  7.574 0.0000000000
78858  -46.771  -3.686  8.388 0.0000000000
67960  -30.274  -12.182  40.454 0.0000000000
67992  -29.376  -11.782  37.281 0.0000000000
146401  -30.962  -14.293  37.979 0.0000000000
70916  -37.771  -9.700  14.150 0.0000000000
70856  -45.609  -10.650  17.471 0.0000000000
70885  -43.633  -10.299  15.651 0.0000000000
69599  -45.672  -11.095  15.551 0.0000000000
72174  -45.627  -10.173  13.524 0.0000000000
70907  -47.770  -10.293  15.204 0.0000000000
170045  -38.856  -16.738  35.193 0.0000000000
60052  -36.522  -17.487  33.937 0.0000000000
147073  -38.014  -17.733  32.432 0.0000000000
62458  -35.296  -16.344  23.451 0.0000000000
61294  -34.442  -18.042  24.440 0.0000000000
61323  -31.996  -17.377  21.645 0.0000000000
68251  -35.931  -12.320  17.019 0.0000000000
74421  -53.502  -7.203  16.034 0.0000000000
83110  -53.921  -0.541  13.628 0.0000000000
85333  -53.235  1.230  11.974 0.0000000000
83183  -50.853  -0.104  9.243 0.0000000000
86508  -53.302  2.392  10.116 0.0000000000
85389  -55.598  1.587  8.648 0.0000000000
63355  -24.309  -15.507  40.047 0.0000000000
61130  -22.039  -17.641  36.959 0.0000000000
63396  -23.250  -15.717  37.289 0.0000000000
65646  -23.818  -13.670  31.529 0.0000000000
63468  -22.060  -15.699  31.663 0.0000000000
62382  -21.652  -16.686  29.413 0.0000000000
62385  -32.091  -16.785  28.796 0.0000000000
63504  -29.871  -15.669  30.112 0.0000000000
63548  -29.405  -15.113  26.607 0.0000000000
66994  -39.517  -12.766  17.878 0.0000000000
69583  -39.720  -10.798  16.845 0.0000000000
68232  -42.080  -11.671  19.456 0.0000000000
147819  -44.539  -10.135  19.845 0.0000000000
70811  -47.631  -10.312  19.891 0.0000000000
63473  -42.923  -15.794  32.077 0.0000000000
61236  -39.737  -17.182  30.521 0.0000000000
62396  -40.781  -16.258  28.787 0.0000000000
154180  -38.651  -15.594  24.959 0.0000000000
64676  -35.595  -14.719  22.195 0.0000000000
65770  -33.678  -13.551  20.235 0.0000000000
65774  -37.218  -13.496  20.730 0.0000000000
66961  -38.141  -13.226  18.706 0.0000000000
90049  -55.878  5.026  11.761 0.0000000000
92400  -57.003  7.043  11.945 0.0000000000
70508  -26.604  -10.002  39.430 0.0000000000
66677  -25.182  -12.520  37.470 0.0000000000
69311  -27.395  -10.661  36.956 0.0000000000
68041  -27.217  -12.116  34.458 0.0000000000
66803  -26.244  -13.286  31.255 0.0000000000
72156  -40.555  -9.294  14.839 0.0000000000
74461  -45.172  -7.599  11.955 0.0000000000
76656  -47.250  -5.978  12.907 0.0000000000
63372  -34.191  -16.008  38.812 0.0000000000
168697  -31.616  -16.351  36.916 0.0000000000
60018  -34.341  -17.526  35.366 0.0000000000
60088  -34.012  -18.509  31.610 0.0000000000
60127  -32.586  -18.681  27.464 0.0000000000
60130  -36.420  -18.341  28.520 0.0000000000
156075  -33.508  -19.457  26.322 0.0000000000
60180  -30.697  -19.329  24.179 0.0000000000
68173  -48.943  -11.738  26.828 0.0000000000
160609  -34.435  -12.641  40.105 0.0000000000
65564  -38.495  -13.393  37.008 0.0000000000
65576  -40.529  -13.177  36.025 0.0000000000
70763  -50.015  -10.119  25.419 0.0000000000
72070  -50.265  -9.484  23.255 0.0000000000
70815  -50.360  -10.150  20.406 0.0000000000
72101  -53.512  -9.468  20.168 0.0000000000
70859  -50.649  -10.276  17.885 0.0000000000
73302  -50.864  -8.694  16.304 0.0000000000
75543  -49.844  -6.481  15.134 0.0000000000
77713  -49.308  -4.654  12.727 0.0000000000
80947  -54.971  -2.094  14.959 0.0000000000
79855  -51.727  -3.057  12.663 0.0000000000
79881  -49.120  -2.928  11.069 0.0000000000
81046  -48.644  -1.893  8.330 0.0000000000
86532  -54.493  2.792  8.106 0.0000000000
58916  -20.555  -18.787  37.768 0.0000000000
57950  -19.160  -19.953  32.102 0.0000000000
63433  -22.611  -15.874  34.514 0.0000000000
60085  -20.197  -18.218  31.917 0.0000000000
62325  -29.822  -16.171  34.201 0.0000000000
64565  -27.682  -14.833  30.862 0.0000000000
64603  -25.116  -14.164  27.894 0.0000000000
62426  -24.685  -16.351  25.402 0.0000000000
64659  -44.973  -14.593  23.918 0.0000000000
66916  -45.819  -13.368  23.486 0.0000000000
66909  -46.530  -13.271  24.622 0.0000000000
64625  -45.873  -14.417  26.528 0.0000000000
63570  -44.298  -15.056  25.603 0.0000000000
142531  -44.926  -14.738  24.629 0.0000000000
142624  -43.938  -14.920  23.370 0.0000000000
77749  -45.681  -5.176  10.592 0.0000000000
77777  -45.400  -4.950  8.876 0.0000000000
77785  -45.922  -4.566  8.468 0.0000000000
78851  -46.380  -4.098  9.697 0.0000000000
65511  -30.918  -13.421  40.185 0.0000000000
65534  -30.905  -13.558  39.274 0.0000000000
168803  -31.091  -14.181  38.948 0.0000000000
69624  -36.043  -11.112  14.468 0.0000000000
70900  -37.300  -10.413  14.635 0.0000000000
69559  -46.994  -11.089  18.057 0.0000000000
70873  -45.448  -10.765  16.758 0.0000000000
69586  -47.283  -11.170  16.796 0.0000000000
69616  -46.777  -10.976  15.309 0.0000000000
70874  -48.409  -10.947  16.535 0.0000000000
62302  -40.212  -16.390  34.701 0.0000000000
61182  -38.565  -16.860  34.113 0.0000000000
153131  -39.778  -17.049  33.082 0.0000000000
63615  -33.810  -15.783  22.150 0.0000000000
62464  -33.541  -16.565  22.420 0.0000000000
62471  -31.560  -16.130  20.699 0.0000000000
169140  -31.048  -16.432  20.448 0.0000000000
144189  -36.703  -12.046  16.113 0.0000000000
68280  -34.656  -12.119  15.943 0.0000000000
69608  -35.567  -11.739  14.921 0.0000000000
85304  -54.346  1.117  13.662 0.0000000000
165402  -54.582  2.249  13.019 0.0000000000
85347  -52.944  1.381  11.294 0.0000000000
87666  -54.455  3.034  11.956 0.0000000000
64443  -24.980  -14.309  39.977 0.0000000000
63382  -23.806  -15.302  38.270 0.0000000000
65546  -24.764  -13.948  38.660 0.0000000000
64578  -23.345  -14.048  30.204 0.0000000000
63501  -22.278  -15.392  30.132 0.0000000000
63512  -22.371  -15.430  29.350 0.0000000000
61241  -22.293  -17.671  28.770 0.0000000000
62392  -22.330  -16.292  28.422 0.0000000000
61263  -31.398  -16.821  26.754 0.0000000000
63525  -30.874  -15.886  27.970 0.0000000000
63564  -30.001  -15.888  25.506 0.0000000000
166937  -40.961  -13.322  19.073 0.0000000000
68239  -40.724  -11.985  18.348 0.0000000000
68225  -41.966  -12.738  19.588 0.0000000000
68210  -44.935  -11.353  22.231 0.0000000000
70795  -43.916  -10.919  21.027 0.0000000000
70796  -45.664  -10.114  21.578 0.0000000000
70809  -45.954  -10.096  19.961 0.0000000000
144991  -46.891  -9.674  21.593 0.0000000000
63490  -43.530  -15.381  31.216 0.0000000000
62379  -42.395  -15.930  30.506 0.0000000000
62390  -42.556  -15.837  29.181 0.0000000000
63585  -41.133  -15.489  24.690 0.0000000000
63565  -39.936  -15.722  25.627 0.0000000000
165582  -39.185  -15.155  24.222 0.0000000000
170538  -36.806  -15.345  23.363 0.0000000000
157989  -37.711  -14.592  22.701 0.0000000000
65741  -36.889  -14.195  21.922 0.0000000000
65743  -38.750  -14.250  21.759 0.0000000000
64710  -41.355  -14.499  20.420 0.0000000000
65776  -39.202  -13.968  20.319 0.0000000000
146626  -40.435  -13.926  19.514 0.0000000000
165987  -38.586  -13.169  18.322 0.0000000000
71744  -27.960  -9.592  39.472 0.0000000000
70519  -26.879  -9.940  38.614 0.0000000000
70531  -28.353  -10.056  38.369 0.0000000000
66718  -29.149  -13.265  35.637 0.0000000000
68024  -28.143  -11.857  35.366 0.0000000000
66735  -28.342  -13.028  34.433 0.0000000000
66769  -26.422  -12.790  32.578 0.0000000000
65615  -27.917  -13.712  33.015 0.0000000000
70851  -41.049  -10.089  17.382 0.0000000000
72128  -40.348  -9.600  16.049 0.0000000000
72130  -41.681  -9.482  16.409 0.0000000000
158516  -43.613  -10.686  14.029 0.0000000000
72158  -42.140  -9.740  14.427 0.0000000000
70931  -42.894  -10.603  12.850 0.0000000000
73329  -46.463  -8.888  13.637 0.0000000000
165466  -45.505  -8.817  12.793 0.0000000000
74432  -46.581  -8.073  13.515 0.0000000000
75554  -46.409  -6.938  12.783 0.0000000000
75548  -47.287  -6.972  13.793 0.0000000000
63386  -35.300  -15.955  38.311 0.0000000000
61121  -33.608  -16.920  36.952 0.0000000000
144033  -35.035  -17.332  36.292 0.0000000000
58961  -35.894  -18.822  32.398 0.0000000000
142505  -35.080  -18.616  33.259 0.0000000000
58977  -34.335  -19.034  30.505 0.0000000000
60116  -33.509  -18.657  29.376 0.0000000000
58992  -33.901  -19.231  29.033 0.0000000000
166425  -38.745  -17.084  29.216 0.0000000000
61245  -37.878  -17.488  29.420 0.0000000000
150871  -36.763  -17.786  28.028 0.0000000000
60181  -33.015  -18.870  23.697 0.0000000000
59059  -34.034  -19.097  25.431 0.0000000000
59057  -32.805  -19.375  24.747 0.0000000000
59046  -32.468  -19.388  25.522 0.0000000000
66956  -33.831  -12.950  19.022 0.0000000000
65574  -39.081  -13.570  36.673 0.0000000000
66759  -43.731  -12.739  33.578 0.0000000000
69496  -49.351  -11.062  25.950 0.0000000000
142808  -51.703  -9.282  24.685 0.0000000000
72071  -51.591  -9.466  23.092 0.0000000000
72087  -50.731  -9.629  21.906 0.0000000000
70792  -51.961  -9.590  21.984 0.0000000000
72106  -53.758  -9.342  19.415 0.0000000000
70846  -52.173  -9.774  19.038 0.0000000000
72121  -52.573  -9.420  17.885 0.0000000000
72133  -50.732  -9.699  16.908 0.0000000000
73304  -52.694  -8.549  16.688 0.0000000000
76614  -53.216  -6.056  15.316 0.0000000000
75535  -51.789  -6.540  15.330 0.0000000000
77686  -51.276  -5.328  14.392 0.0000000000
76644  -49.710  -5.480  14.152 0.0000000000
77701  -50.976  -4.845  13.823 0.0000000000
82044  -55.088  -1.132  15.249 0.0000000000
82092  -52.318  -1.123  12.188 0.0000000000
80984  -52.678  -2.143  12.835 0.0000000000
80997  -51.546  -2.301  12.170 0.0000000000
79867  -50.205  -3.027  11.832 0.0000000000
81008  -50.013  -2.158  11.014 0.0000000000
81022  -48.728  -2.265  9.963 0.0000000000
82123  -50.027  -1.281  10.103 0.0000000000
84257  -51.479  0.570  8.429 0.0000000000
83194  -50.132  -0.547  7.933 0.0000000000
82175  -50.834  -1.051  6.851 0.0000000000
90056  -55.787  5.130  10.788 0.0000000000
88858  -54.812  4.072  9.761 0.0000000000
88866  -55.264  4.040  9.137 0.0000000000
60029  -21.486  -17.969  35.801 0.0000000000
60016  -21.118  -18.489  36.102 0.0000000000
58956  -20.522  -18.600  34.454 0.0000000000
57945  -19.609  -19.596  33.750 0.0000000000
58959  -19.839  -19.193  33.061 0.0000000000
66703  -25.204  -12.451  35.873 0.0000000000
64505  -23.478  -14.732  35.468 0.0000000000
64517  -23.483  -14.617  34.479 0.0000000000
61216  -20.973  -17.015  31.694 0.0000000000
149595  -20.206  -20.689  27.823 0.0000000000
61179  -31.814  -17.095  34.927 0.0000000000
62298  -30.727  -16.497  35.329 0.0000000000
62340  -31.011  -16.497  33.359 0.0000000000
64595  -28.585  -15.159  29.266 0.0000000000
63502  -28.548  -15.420  30.897 0.0000000000
64593  -27.435  -14.759  29.335 0.0000000000
64579  -26.993  -14.369  29.749 0.0000000000
156173  -25.933  -14.345  27.734 0.0000000000
61271  -23.864  -17.000  26.389 0.0000000000
65760  -42.767  -14.228  20.704 0.0000000000
66938  -42.878  -13.429  20.476 0.0000000000
66935  -44.346  -13.144  21.830 0.0000000000
68200  -45.182  -12.125  22.616 0.0000000000
69525  -46.192  -11.154  23.278 0.0000000000
63520  -44.834  -14.943  29.057 0.0000000000
143590  -43.091  -15.767  28.194 0.0000000000
63553  -43.834  -15.582  26.922 0.0000000000
63586  -42.167  -15.537  24.758 0.0000000000
64655  -41.077  -15.057  23.309 0.0000000000
64681  -40.044  -14.663  21.959 0.0000000000
64668  -42.293  -15.005  22.748 0.0000000000
64684  -42.596  -14.808  21.620 0.0000000000
77793  -47.140  -4.455  7.218 0.0000000000
69282  -29.779  -11.213  40.163 0.0000000000
69292  -29.700  -11.034  39.193 0.0000000000
66666  -30.368  -12.442  39.031 0.0000000000
65562  -30.698  -13.629  37.817 0.0000000000
64492  -29.863  -14.841  35.939 0.0000000000
70855  -44.215  -10.156  17.671 0.0000000000
70870  -42.976  -9.830  16.192 0.0000000000
70872  -44.263  -10.325  16.870 0.0000000000
70904  -44.273  -10.750  15.095 0.0000000000
69613  -44.797  -11.046  14.563 0.0000000000
70919  -45.102  -10.772  13.573 0.0000000000
69628  -45.869  -10.970  14.366 0.0000000000
70921  -46.712  -10.132  14.363 0.0000000000
72160  -47.993  -9.478  14.966 0.0000000000
62288  -37.912  -16.613  36.123 0.0000000000
61151  -36.471  -17.371  35.888 0.0000000000
61166  -37.583  -17.108  34.792 0.0000000000
60068  -36.952  -17.926  33.075 0.0000000000
60098  -36.555  -18.721  31.411 0.0000000000
62430  -36.776  -16.818  25.569 0.0000000000
60164  -35.638  -17.697  25.701 0.0000000000
61304  -35.041  -17.364  24.345 0.0000000000
61312  -33.105  -17.429  22.643 0.0000000000
147731  -31.697  -18.570  21.881 0.0000000000
60225  -30.219  -18.984  20.779 0.0000000000
61347  -30.174  -18.043  20.354 0.0000000000
66990  -34.926  -12.482  17.839 0.0000000000
68264  -33.944  -12.132  16.210 0.0000000000
73298  -55.300  -7.941  17.771 0.0000000000
75527  -54.017  -7.648  16.505 0.0000000000
75529  -55.355  -6.782  16.554 0.0000000000
76615  -54.702  -6.086  15.738 0.0000000000
77690  -54.271  -4.364  15.027 0.0000000000
84166  -55.417  1.070  15.991 0.0000000000
83099  -54.909  -0.272  15.082 0.0000000000
84185  -54.537  0.624  14.168 0.0000000000
83124  -53.430  -0.075  12.971 0.0000000000
168329  -52.438  0.193  11.667 0.0000000000
83169  -50.944  -0.353  10.102 0.0000000000
84224  -52.353  0.670  11.125 0.0000000000
151559  -52.407  1.448  9.984 0.0000000000
85388  -52.597  1.563  8.247 0.0000000000
88868  -57.553  4.694  9.992 0.0000000000
87702  -56.360  3.511  8.984 0.0000000000
86534  -56.944  2.966  9.524 0.0000000000
62232  -23.522  -16.393  39.915 0.0000000000
60001  -22.466  -17.535  38.650 0.0000000000
62253  -23.275  -16.336  38.337 0.0000000000
62268  -22.740  -16.717  37.158 0.0000000000
62296  -22.470  -16.464  35.658 0.0000000000
65614  -24.421  -13.275  33.481 0.0000000000
64527  -23.015  -15.026  33.227 0.0000000000
64551  -22.881  -14.794  31.645 0.0000000000
160011  -21.453  -16.311  30.551 0.0000000000
60103  -20.776  -17.881  29.436 0.0000000000
59004  -20.780  -19.337  28.214 0.0000000000
60113  -21.812  -18.097  28.866 0.0000000000
62368  -31.917  -16.497  30.810 0.0000000000
62353  -31.018  -16.140  31.890 0.0000000000
63505  -30.710  -15.825  29.703 0.0000000000
63534  -29.538  -15.138  27.949 0.0000000000
64621  -28.102  -14.819  26.398 0.0000000000
68269  -38.101  -12.158  16.744 0.0000000000
69596  -38.100  -11.063  15.850 0.0000000000
69569  -39.543  -11.688  17.214 0.0000000000
69571  -40.629  -10.955  17.836 0.0000000000
70836  -41.880  -10.435  18.514 0.0000000000
69532  -43.139  -11.870  20.709 0.0000000000
70806  -43.079  -10.713  20.074 0.0000000000
147587  -43.352  -10.122  18.936 0.0000000000
164326  -45.027  -10.215  18.605 0.0000000000
70826  -46.620  -10.509  19.206 0.0000000000
69550  -47.832  -10.921  18.815 0.0000000000
62329  -42.072  -16.284  32.840 0.0000000000
61221  -40.596  -16.870  32.234 0.0000000000
144479  -41.292  -16.513  31.079 0.0000000000
62388  -40.563  -16.568  29.432 0.0000000000
62406  -39.057  -16.566  27.670 0.0000000000
63537  -41.258  -15.834  27.334 0.0000000000
62420  -40.088  -16.041  26.900 0.0000000000
162589  -38.339  -16.345  26.046 0.0000000000
63581  -37.113  -15.999  24.483 0.0000000000
63617  -35.229  -15.289  22.559 0.0000000000
64692  -33.688  -14.513  21.342 0.0000000000
64708  -32.584  -14.459  20.502 0.0000000000
65751  -34.179  -13.796  20.836 0.0000000000
65771  -34.902  -13.370  20.404 0.0000000000
66945  -36.205  -13.173  19.997 0.0000000000
65757  -39.087  -14.107  21.035 0.0000000000
65790  -37.748  -13.414  20.040 0.0000000000
146581  -36.722  -13.005  18.840 0.0000000000
66991  -36.740  -12.844  17.987 0.0000000000
66992  -37.920  -12.843  17.527 0.0000000000
88834  -55.927  3.945  13.207 0.0000000000
153681  -56.608  4.989  13.184 0.0000000000
91196  -56.921  6.205  11.980 0.0000000000
91203  -57.000  6.149  11.066 0.0000000000
91217  -57.702  5.766  10.163 0.0000000000
90068  -58.006  5.315  9.846 0.0000000000
156943  -25.752  -11.156  39.313 0.0000000000
169226  -25.238  -12.843  38.527 0.0000000000
69290  -25.826  -11.137  38.587 0.0000000000
69309  -26.009  -11.319  37.089 0.0000000000
68005  -26.169  -11.597  35.919 0.0000000000
69313  -29.019  -11.082  37.539 0.0000000000
69342  -27.665  -11.333  35.807 0.0000000000
66733  -25.472  -12.364  34.287 0.0000000000
66751  -25.463  -12.510  33.488 0.0000000000
66801  -25.006  -13.060  31.430 0.0000000000
65675  -23.932  -13.784  29.509 0.0000000000
70883  -39.018  -10.124  15.710 0.0000000000
161831  -39.125  -9.351  14.492 0.0000000000
146803  -42.121  -9.542  15.184 0.0000000000
76667  -45.740  -6.167  11.652 0.0000000000
77729  -46.638  -5.273  11.631 0.0000000000
64447  -33.431  -15.180  39.576 0.0000000000
63370  -31.737  -15.641  38.651 0.0000000000
62258  -32.952  -16.674  37.534 0.0000000000
61146  -32.875  -16.943  36.221 0.0000000000
61180  -33.041  -17.664  34.413 0.0000000000
145297  -35.481  -17.740  34.489 0.0000000000
60065  -34.104  -18.293  33.728 0.0000000000
165979  -33.006  -17.490  32.322 0.0000000000
61226  -33.159  -17.590  30.682 0.0000000000
61252  -32.594  -17.530  28.464 0.0000000000
61274  -31.505  -17.649  26.363 0.0000000000
61219  -39.168  -17.376  32.225 0.0000000000
60107  -37.165  -18.355  30.393 0.0000000000
161583  -35.962  -19.051  29.480 0.0000000000
60151  -35.359  -18.607  26.897 0.0000000000
59028  -35.163  -18.976  27.320 0.0000000000
59012  -34.590  -19.410  28.282 0.0000000000
58001  -33.439  -19.389  27.198 0.0000000000
60160  -31.367  -18.832  25.533 0.0000000000
65786  -31.161  -14.032  19.166 0.0000000000
65710  -47.125  -13.662  27.462 0.0000000000
66896  -48.089  -12.773  26.815 0.0000000000
63348  -24.386  -15.508  40.898 0.0000000000
69271  -25.790  -11.272  40.983 0.0000000000
70497  -26.355  -9.769  41.176 0.0000000000
71719  -27.526  -9.268  40.812 0.0000000000
69274  -30.184  -11.134  41.051 0.0000000000
67936  -31.263  -11.698  41.397 0.0000000000
66645  -31.625  -13.226  41.028 0.0000000000
65524  -33.504  -13.927  40.228 0.0000000000
65525  -34.350  -13.950  39.844 0.0000000000
166662  -35.426  -14.577  39.016 0.0000000000
64468  -36.642  -14.719  38.165 0.0000000000
64470  -37.709  -13.541  37.619 0.0000000000
64482  -37.806  -14.189  37.450 0.0000000000
64494  -38.529  -14.774  36.690 0.0000000000
64496  -39.937  -14.589  36.021 0.0000000000
64509  -41.283  -14.787  35.090 0.0000000000
64519  -41.972  -14.842  34.487 0.0000000000
64531  -43.208  -14.944  33.450 0.0000000000
157013  -43.964  -14.745  32.539 0.0000000000
65703  -46.566  -14.001  27.848 0.0000000000
68184  -48.370  -12.120  25.846 0.0000000000
69510  -47.689  -11.463  24.649 0.0000000000
70776  -48.385  -9.948  24.084 0.0000000000
72007  -51.350  -9.364  25.473 0.0000000000
161920  -49.861  -9.669  24.374 0.0000000000
72068  -48.665  -9.444  22.772 0.0000000000
72094  -48.583  -9.799  21.000 0.0000000000
70813  -49.052  -10.413  19.898 0.0000000000
69552  -49.021  -10.697  18.945 0.0000000000
70817  -52.182  -9.767  20.854 0.0000000000
70844  -50.721  -10.304  19.021 0.0000000000
70858  -49.203  -10.785  17.579 0.0000000000
70876  -49.692  -10.417  17.076 0.0000000000
165724  -49.631  -9.561  16.154 0.0000000000
73312  -49.163  -8.343  15.687 0.0000000000
74411  -52.280  -7.974  16.179 0.0000000000
75533  -50.290  -7.093  15.700 0.0000000000
147865  -48.373  -7.369  14.983 0.0000000000
76642  -48.214  -6.105  13.948 0.0000000000
77712  -48.223  -5.178  12.850 0.0000000000
77731  -48.034  -4.815  12.278 0.0000000000
79819  -55.135  -3.232  15.323 0.0000000000
78772  -53.739  -3.970  14.516 0.0000000000
80967  -54.467  -1.666  14.307 0.0000000000
79843  -53.615  -2.872  13.798 0.0000000000
79841  -52.207  -3.611  13.210 0.0000000000
78787  -50.954  -3.939  12.880 0.0000000000
171466  -49.160  -3.682  11.800 0.0000000000
78812  -48.075  -3.727  11.155 0.0000000000
79899  -47.355  -3.225  9.794 0.0000000000
79932  -47.706  -2.792  8.289 0.0000000000
79939  -47.906  -3.080  7.504 0.0000000000
83182  -50.197  -0.542  8.816 0.0000000000
81061  -49.217  -1.647  7.371 0.0000000000
157927  -49.285  -3.503  6.852 0.0000000000
87678  -54.241  3.256  11.100 0.0000000000
86519  -53.388  2.538  9.179 0.0000000000
86530  -53.278  1.946  7.977 0.0000000000
86545  -55.155  2.079  8.101 0.0000000000
148015  -54.021  1.093  7.630 0.0000000000
83208  -52.829  -0.593  7.023 0.0000000000
59999  -21.082  -18.545  37.570 0.0000000000
64491  -23.850  -14.450  36.831 0.0000000000
63422  -23.041  -15.468  35.792 0.0000000000
62308  -21.839  -17.004  34.457 0.0000000000
62338  -22.175  -15.993  33.313 0.0000000000
61206  -21.490  -16.870  33.317 0.0000000000
60077  -20.653  -17.955  33.191 0.0000000000
58969  -19.398  -19.483  31.453 0.0000000000
62254  -31.100  -15.622  37.162 0.0000000000
63411  -30.173  -15.584  35.958 0.0000000000
64518  -29.149  -15.403  34.337 0.0000000000
63472  -29.669  -15.840  31.846 0.0000000000
63470  -28.668  -15.463  32.442 0.0000000000
64541  -27.973  -14.711  32.202 0.0000000000
65663  -27.304  -14.370  31.171 0.0000000000
65692  -25.380  -13.800  29.189 0.0000000000
64601  -23.618  -14.430  28.068 0.0000000000
64642  -27.318  -15.049  24.735 0.0000000000
64630  -27.017  -14.940  25.506 0.0000000000
64628  -25.215  -15.090  25.916 0.0000000000
64617  -24.637  -14.971  26.487 0.0000000000
63546  -23.388  -15.596  26.916 0.0000000000
63533  -22.936  -15.641  27.558 0.0000000000
65723  -45.614  -14.322  24.475 0.0000000000
65732  -46.043  -13.686  24.136 0.0000000000
65724  -46.202  -13.865  24.851 0.0000000000
64634  -45.878  -14.350  25.792 0.0000000000
64633  -45.371  -14.680  25.958 0.0000000000
64645  -45.439  -14.574  25.232 0.0000000000
77750  -46.316  -4.922  10.949 0.0000000000
77768  -45.440  -4.958  9.771 0.0000000000
77769  -46.030  -4.614  10.171 0.0000000000
77778  -45.892  -4.526  9.301 0.0000000000
78835  -46.712  -4.272  10.580 0.0000000000
65512  -31.153  -13.862  40.369 0.0000000000
65522  -31.019  -14.094  39.651 0.0000000000
64444  -31.142  -14.403  39.134 0.0000000000
69609  -36.676  -11.021  14.849 0.0000000000
69610  -37.192  -11.009  15.194 0.0000000000
69560  -47.630  -11.108  18.273 0.0000000000
69573  -46.802  -11.126  17.336 0.0000000000
69574  -47.461  -11.185  17.603 0.0000000000
69587  -47.954  -11.168  17.068 0.0000000000
149094  -40.813  -16.229  34.459 0.0000000000
61184  -39.810  -16.912  33.819 0.0000000000
61197  -40.169  -16.953  33.490 0.0000000000
63626  -33.365  -15.315  21.634 0.0000000000
63625  -32.632  -15.739  21.311 0.0000000000
68283  -37.209  -11.829  16.022 0.0000000000
68282  -36.116  -11.852  15.592 0.0000000000
68294  -36.223  -11.481  15.069 0.0000000000
171393  -55.096  2.607  13.410 0.0000000000
86464  -55.012  2.245  13.690 0.0000000000
87665  -54.195  2.376  12.267 0.0000000000
86478  -54.790  2.820  12.770 0.0000000000
65520  -25.260  -13.483  39.710 0.0000000000
65532  -24.972  -13.928  39.304 0.0000000000
65533  -25.164  -13.252  38.947 0.0000000000
64591  -23.248  -14.239  29.282 0.0000000000
64577  -22.777  -14.777  29.774 0.0000000000
63522  -22.492  -15.555  28.654 0.0000000000
62429  -30.997  -16.955  25.952 0.0000000000
169197  -30.914  -16.306  26.484 0.0000000000
62428  -30.428  -16.558  25.334 0.0000000000
65795  -41.388  -13.705  19.482 0.0000000000
66963  -41.494  -13.125  19.297 0.0000000000
66947  -41.920  -13.524  19.693 0.0000000000
70782  -45.919  -10.567  22.728 0.0000000000
70787  -45.457  -10.592  22.258 0.0000000000
70788  -46.204  -10.030  22.172 0.0000000000
70797  -46.322  -9.833  21.401 0.0000000000
70789  -47.019  -9.656  22.382 0.0000000000
63491  -44.044  -15.032  30.893 0.0000000000
63517  -42.945  -15.732  29.921 0.0000000000
63518  -43.701  -15.451  29.512 0.0000000000
64654  -40.088  -14.993  23.546 0.0000000000
159351  -39.979  -15.219  24.393 0.0000000000
160117  -39.259  -14.901  23.430 0.0000000000
64653  -38.559  -14.986  23.636 0.0000000000
64665  -38.861  -14.728  22.945 0.0000000000
65742  -37.792  -14.226  22.019 0.0000000000
64680  -39.230  -14.547  22.221 0.0000000000
65777  -41.089  -14.086  19.797 0.0000000000
66962  -40.309  -13.511  18.914 0.0000000000
70510  -28.650  -9.739  39.860 0.0000000000
70521  -28.565  -9.852  39.075 0.0000000000
70522  -29.252  -10.355  39.584 0.0000000000
66736  -28.896  -13.614  34.967 0.0000000000
66717  -28.571  -12.635  35.104 0.0000000000
66754  -28.149  -13.399  33.718 0.0000000000
70852  -41.789  -10.025  17.743 0.0000000000
72116  -41.196  -9.639  16.794 0.0000000000
72118  -42.295  -9.733  17.315 0.0000000000
165365  -43.289  -10.663  13.478 0.0000000000
73330  -47.009  -8.532  14.019 0.0000000000
74433  -47.125  -7.716  13.940 0.0000000000
74442  -46.751  -7.315  13.365 0.0000000000
63399  -35.922  -16.762  37.300 0.0000000000
62273  -35.067  -17.298  37.020 0.0000000000
61136  -35.739  -17.326  36.529 0.0000000000
58972  -35.378  -19.174  31.035 0.0000000000
58966  -35.339  -19.047  31.823 0.0000000000
58978  -34.801  -19.225  30.392 0.0000000000
144747  -34.299  -19.235  29.717 0.0000000000
62395  -38.370  -16.848  27.862 0.0000000000
61254  -38.115  -17.134  28.619 0.0000000000
61265  -37.078  -17.410  27.437 0.0000000000
60196  -32.103  -18.904  22.652 0.0000000000
59072  -33.209  -19.156  24.357 0.0000000000
59087  -32.397  -19.193  23.386 0.0000000000
59070  -31.926  -19.436  23.940 0.0000000000
59086  -31.699  -19.434  23.117 0.0000000000
66957  -34.612  -12.948  19.073 0.0000000000
66972  -33.513  -12.642  18.312 0.0000000000
163321  -52.006  -9.470  22.640 0.0000000000
167587  -54.748  -8.729  18.593 0.0000000000
73284  -54.937  -8.642  19.264 0.0000000000
156094  -54.127  -8.972  18.265 0.0000000000
72110  -52.773  -9.512  18.544 0.0000000000
72122  -53.293  -9.195  17.989 0.0000000000
73296  -52.815  -9.060  17.306 0.0000000000
162468  -53.227  -8.674  17.017 0.0000000000
76629  -52.694  -5.477  14.869 0.0000000000
157890  -52.191  -5.735  14.875 0.0000000000
77687  -51.999  -5.336  14.555 0.0000000000
77702  -51.740  -4.791  14.039 0.0000000000
83082  -55.158  0.187  16.340 0.0000000000
165932  -55.237  -0.346  16.530 0.0000000000
82034  -55.505  -1.278  16.353 0.0000000000
82033  -55.412  -0.407  15.774 0.0000000000
83141  -51.946  -0.857  11.752 0.0000000000
82091  -51.770  -1.494  11.937 0.0000000000
82090  -51.162  -1.766  11.636 0.0000000000
80996  -50.788  -2.437  11.774 0.0000000000
81009  -50.572  -1.976  11.301 0.0000000000
170335  -49.807  -1.810  10.493 0.0000000000
82105  -50.883  -1.327  11.077 0.0000000000
83207  -51.697  0.309  7.270 0.0000000000
83206  -51.092  -0.251  7.091 0.0000000000
83224  -51.777  -0.122  6.902 0.0000000000
83225  -52.307  -0.370  6.875 0.0000000000
90065  -55.949  4.989  10.076 0.0000000000
157608  -55.429  4.510  9.632 0.0000000000
88867  -56.176  4.645  9.499 0.0000000000
59982  -22.018  -17.552  39.723 0.0000000000
60046  -21.346  -17.861  35.069 0.0000000000
60045  -20.908  -18.350  34.902 0.0000000000
60063  -20.156  -18.944  33.811 0.0000000000
60064  -20.602  -18.298  33.841 0.0000000000
66715  -24.789  -12.889  35.474 0.0000000000
146937  -24.371  -13.372  35.105 0.0000000000
65613  -23.977  -13.921  33.947 0.0000000000
57988  -20.033  -19.966  28.218 0.0000000000
62327  -31.905  -16.922  33.710 0.0000000000
62326  -31.034  -16.668  34.135 0.0000000000
153046  -27.866  -14.852  28.078 0.0000000000
64605  -27.923  -14.959  28.892 0.0000000000
167006  -27.235  -14.667  28.415 0.0000000000
64611  -26.687  -14.588  27.639 0.0000000000
64685  -43.598  -14.659  21.963 0.0000000000
65744  -43.926  -14.057  21.646 0.0000000000
65745  -44.520  -13.820  22.186 0.0000000000
66928  -45.966  -12.680  23.446 0.0000000000
66927  -45.496  -12.849  22.989 0.0000000000
68196  -46.291  -12.082  23.660 0.0000000000
68201  -45.760  -12.027  23.131 0.0000000000
69518  -46.745  -11.462  23.874 0.0000000000
63529  -44.929  -15.059  28.293 0.0000000000
63541  -44.451  -15.392  27.815 0.0000000000
146010  -44.427  -15.364  27.118 0.0000000000
63588  -43.467  -15.191  24.662 0.0000000000
63568  -43.267  -15.455  25.435 0.0000000000
63587  -42.774  -15.420  24.675 0.0000000000
144562  -42.309  -15.353  24.057 0.0000000000
63602  -42.132  -15.162  23.410 0.0000000000
64656  -41.757  -15.078  23.181 0.0000000000
63603  -42.688  -15.110  23.327 0.0000000000
64670  -43.610  -14.864  22.618 0.0000000000
145119  -43.097  -14.854  22.052 0.0000000000
64700  -43.168  -14.575  21.368 0.0000000000
76716  -44.945  -5.450  8.443 0.0000000000
78864  -46.389  -4.175  8.095 0.0000000000
78865  -46.882  -3.902  7.698 0.0000000000
67946  -30.063  -11.581  40.589 0.0000000000
67971  -30.102  -11.842  39.602 0.0000000000
66654  -30.415  -12.522  39.724 0.0000000000
65548  -30.952  -13.664  38.768 0.0000000000
151674  -29.748  -13.865  36.188 0.0000000000
163177  -30.426  -14.328  36.936 0.0000000000
70915  -37.100  -10.012  13.868 0.0000000000
145738  -44.958  -10.314  17.933 0.0000000000
159324  -44.901  -10.461  17.191 0.0000000000
69584  -45.906  -11.059  16.275 0.0000000000
70887  -45.213  -10.872  16.073 0.0000000000
69598  -44.969  -10.992  15.353 0.0000000000
69614  -45.462  -11.083  14.819 0.0000000000
69627  -45.267  -10.983  14.127 0.0000000000
69615  -46.120  -11.058  15.049 0.0000000000
70888  -47.450  -10.860  15.577 0.0000000000
70906  -47.103  -10.533  14.931 0.0000000000
72159  -47.348  -9.811  14.647 0.0000000000
62289  -38.615  -16.313  35.866 0.0000000000
62299  -38.148  -16.955  35.406 0.0000000000
60070  -38.268  -17.186  33.235 0.0000000000
60054  -38.027  -17.045  33.601 0.0000000000
163790  -37.507  -17.792  32.776 0.0000000000
60083  -36.999  -18.214  32.563 0.0000000000
170776  -37.479  -18.074  32.340 0.0000000000
62441  -36.160  -16.519  24.414 0.0000000000
142683  -35.639  -17.016  24.606 0.0000000000
62450  -34.981  -16.903  23.742 0.0000000000
62463  -33.009  -16.779  22.151 0.0000000000
147186  -33.915  -17.071  23.006 0.0000000000
145767  -32.624  -17.227  22.092 0.0000000000
61324  -32.361  -17.967  22.348 0.0000000000
61335  -31.316  -17.959  21.267 0.0000000000
170296  -30.867  -17.691  20.775 0.0000000000
68250  -35.316  -12.337  17.297 0.0000000000
68249  -34.652  -12.275  17.178 0.0000000000
68266  -35.209  -12.211  16.564 0.0000000000
74407  -55.754  -6.905  17.687 0.0000000000
74414  -55.308  -7.323  16.951 0.0000000000
77666  -55.848  -4.827  16.762 0.0000000000
77665  -55.808  -5.534  16.401 0.0000000000
145793  -55.296  -5.526  15.838 0.0000000000
150797  -54.583  -5.486  15.485 0.0000000000
77676  -54.891  -4.857  15.467 0.0000000000
86447  -55.670  2.433  15.384 0.0000000000
86446  -55.389  2.337  15.761 0.0000000000
85294  -55.563  1.814  15.360 0.0000000000
84173  -55.151  0.962  15.194 0.0000000000
85305  -54.964  1.386  14.430 0.0000000000
85319  -53.926  1.234  12.989 0.0000000000
84184  -53.901  0.634  13.299 0.0000000000
84196  -53.359  0.760  12.514 0.0000000000
84195  -52.869  0.095  12.215 0.0000000000
86500  -53.363  2.131  11.002 0.0000000000
147627  -52.512  1.245  10.680 0.0000000000
86499  -52.861  1.786  10.478 0.0000000000
85376  -52.413  1.564  9.116 0.0000000000
86507  -52.829  2.019  9.602 0.0000000000
88879  -58.062  4.172  9.815 0.0000000000
87703  -57.860  3.606  9.921 0.0000000000
63354  -23.870  -15.943  39.550 0.0000000000
62240  -23.444  -16.373  39.086 0.0000000000
63397  -23.572  -15.360  37.617 0.0000000000
62269  -23.091  -16.277  37.611 0.0000000000
62284  -22.906  -16.162  36.872 0.0000000000
62283  -22.589  -16.599  36.402 0.0000000000
63408  -22.797  -16.060  36.112 0.0000000000
152276  -23.900  -13.728  32.320 0.0000000000
64552  -23.409  -14.290  31.972 0.0000000000
63511  -21.917  -15.981  29.675 0.0000000000
63500  -21.822  -15.920  30.377 0.0000000000
62375  -21.514  -16.415  30.001 0.0000000000
62381  -21.254  -16.914  29.835 0.0000000000
61239  -21.220  -17.322  29.498 0.0000000000
145188  -21.268  -17.741  29.162 0.0000000000
61240  -21.679  -17.357  29.075 0.0000000000
60114  -22.659  -18.446  28.775 0.0000000000
62377  -32.059  -16.672  29.510 0.0000000000
62376  -31.510  -16.233  30.156 0.0000000000
62384  -31.455  -16.225  29.236 0.0000000000
158601  -29.977  -15.405  26.849 0.0000000000
63524  -30.110  -15.513  28.379 0.0000000000
161053  -29.676  -15.157  27.260 0.0000000000
64613  -29.047  -14.964  27.368 0.0000000000
159047  -28.724  -14.864  26.742 0.0000000000
68252  -38.472  -12.582  17.312 0.0000000000
68270  -38.805  -11.945  16.960 0.0000000000
165449  -39.691  -12.267  17.669 0.0000000000
68240  -41.437  -11.836  18.845 0.0000000000
69558  -41.240  -11.078  18.466 0.0000000000
170973  -41.732  -11.128  18.937 0.0000000000
68218  -43.384  -12.663  20.950 0.0000000000
68217  -42.806  -12.484  20.384 0.0000000000
69533  -43.604  -11.676  21.165 0.0000000000
70808  -44.460  -10.367  20.631 0.0000000000
69542  -43.327  -11.184  20.639 0.0000000000
70807  -43.783  -10.529  20.356 0.0000000000
70822  -42.915  -10.453  19.407 0.0000000000
70823  -43.746  -10.209  19.518 0.0000000000
70824  -44.631  -10.099  19.139 0.0000000000
70810  -46.810  -10.221  19.926 0.0000000000
70842  -47.202  -10.912  18.678 0.0000000000
70827  -47.403  -10.651  19.257 0.0000000000
63460  -42.729  -15.921  32.625 0.0000000000
62355  -41.676  -16.455  32.429 0.0000000000
150306  -41.970  -16.234  31.716 0.0000000000
62389  -41.378  -16.280  29.415 0.0000000000
163383  -41.712  -16.289  30.280 0.0000000000
170905  -39.765  -16.538  28.492 0.0000000000
143693  -40.293  -16.291  28.266 0.0000000000
63552  -43.092  -15.718  26.903 0.0000000000
63539  -42.647  -15.778  27.653 0.0000000000
143201  -42.150  -15.766  26.973 0.0000000000
142513  -40.387  -15.817  26.219 0.0000000000
62433  -39.008  -15.938  25.725 0.0000000000
62418  -38.852  -16.291  26.508 0.0000000000
62432  -38.138  -16.139  25.443 0.0000000000
62443  -37.372  -16.352  25.167 0.0000000000
63582  -37.856  -15.838  24.763 0.0000000000
150002  -36.466  -15.145  22.981 0.0000000000
64662  -35.843  -15.095  22.654 0.0000000000
147732  -34.856  -14.815  22.064 0.0000000000
64693  -34.494  -14.271  21.550 0.0000000000
64694  -35.302  -14.210  21.687 0.0000000000
65754  -36.654  -13.809  21.301 0.0000000000
65753  -35.853  -13.782  21.204 0.0000000000
65773  -36.421  -13.384  20.675 0.0000000000
66944  -35.490  -13.135  19.869 0.0000000000
167050  -40.706  -14.739  21.707 0.0000000000
64695  -39.607  -14.364  21.479 0.0000000000
64696  -40.358  -14.579  21.232 0.0000000000
65792  -39.118  -13.769  19.555 0.0000000000
156120  -38.510  -13.710  20.122 0.0000000000
65791  -38.333  -13.474  19.389 0.0000000000
66960  -37.433  -13.190  19.273 0.0000000000
66976  -37.424  -13.041  18.440 0.0000000000
66977  -39.175  -13.128  18.220 0.0000000000
67005  -37.812  -12.625  17.031 0.0000000000
91197  -56.940  6.479  12.361 0.0000000000
91204  -57.058  6.561  11.374 0.0000000000
91211  -57.588  6.304  10.355 0.0000000000
91218  -57.836  5.995  9.968 0.0000000000
90067  -57.749  5.244  10.045 0.0000000000
69281  -26.063  -10.509  39.736 0.0000000000
69291  -26.181  -10.501  38.953 0.0000000000
70545  -27.505  -10.308  37.544 0.0000000000
151377  -26.309  -10.874  37.485 0.0000000000
69310  -26.665  -10.888  36.932 0.0000000000
166888  -25.938  -11.581  36.499 0.0000000000
69325  -26.464  -11.242  36.399 0.0000000000
145128  -29.570  -11.559  37.932 0.0000000000
69303  -29.382  -11.009  38.300 0.0000000000
68006  -28.410  -11.519  36.056 0.0000000000
68023  -27.268  -11.742  35.117 0.0000000000
68022  -26.428  -11.744  35.281 0.0000000000
158915  -26.094  -12.098  34.265 0.0000000000
68057  -25.944  -12.270  33.814 0.0000000000
66785  -26.485  -13.110  31.936 0.0000000000
66784  -25.705  -12.957  31.842 0.0000000000
66802  -25.592  -13.181  31.121 0.0000000000
144508  -24.171  -13.489  30.263 0.0000000000
66823  -25.061  -13.303  30.549 0.0000000000
69597  -38.744  -10.773  16.044 0.0000000000
70882  -38.431  -10.353  15.476 0.0000000000
70867  -39.355  -10.393  16.246 0.0000000000
72141  -40.170  -9.424  15.453 0.0000000000
70884  -39.619  -9.712  15.733 0.0000000000
72140  -39.697  -9.338  14.889 0.0000000000
72144  -42.264  -9.514  15.919 0.0000000000
160711  -42.859  -9.955  15.268 0.0000000000
70917  -41.815  -9.689  13.786 0.0000000000
72190  -45.291  -9.616  12.985 0.0000000000
74440  -45.660  -8.035  12.567 0.0000000000
76655  -46.651  -6.262  12.568 0.0000000000
75562  -46.078  -6.562  12.216 0.0000000000
76668  -46.349  -5.913  11.953 0.0000000000
76669  -46.960  -5.621  12.267 0.0000000000
64456  -33.870  -15.564  39.148 0.0000000000
62244  -33.034  -16.536  38.407 0.0000000000
62245  -33.698  -16.576  38.442 0.0000000000
61148  -34.178  -17.332  36.033 0.0000000000
61134  -33.421  -16.992  36.426 0.0000000000
61147  -33.684  -17.289  35.851 0.0000000000
148560  -33.222  -17.327  35.628 0.0000000000
60030  -33.859  -17.549  35.279 0.0000000000
170548  -36.437  -17.352  34.458 0.0000000000
61164  -35.960  -17.411  35.048 0.0000000000
60051  -35.814  -17.861  34.058 0.0000000000
60089  -34.337  -18.675  32.127 0.0000000000
164974  -34.565  -18.527  33.303 0.0000000000
60079  -34.142  -18.504  32.888 0.0000000000
60078  -33.599  -18.117  33.281 0.0000000000
60087  -33.567  -18.040  32.063 0.0000000000
61218  -33.110  -17.484  31.589 0.0000000000
60096  -33.653  -18.131  31.145 0.0000000000
150148  -33.293  -18.888  28.670 0.0000000000
61243  -33.063  -18.121  28.941 0.0000000000
61253  -32.858  -18.432  28.209 0.0000000000
149177  -32.412  -17.812  27.696 0.0000000000
61264  -32.005  -18.108  26.926 0.0000000000
61227  -39.992  -17.113  31.275 0.0000000000
61220  -39.910  -17.151  32.053 0.0000000000
144050  -39.245  -17.433  31.434 0.0000000000
60118  -37.151  -18.041  29.643 0.0000000000
60108  -37.773  -17.874  30.166 0.0000000000
154104  -36.647  -18.317  29.164 0.0000000000
60117  -36.509  -18.644  29.781 0.0000000000
60129  -36.149  -18.795  29.035 0.0000000000
60152  -35.936  -17.841  26.480 0.0000000000
60163  -35.186  -18.382  26.160 0.0000000000
59048  -33.680  -19.399  25.902 0.0000000000
59039  -34.641  -19.058  26.544 0.0000000000
59038  -34.354  -19.357  27.024 0.0000000000
59027  -34.515  -19.373  27.574 0.0000000000
58003  -34.158  -19.449  27.289 0.0000000000
57992  -33.704  -19.370  27.775 0.0000000000
59036  -33.159  -19.450  26.543 0.0000000000
59045  -31.776  -19.275  25.190 0.0000000000
60161  -32.115  -19.157  25.970 0.0000000000
60170  -31.012  -19.103  24.858 0.0000000000
60169  -30.363  -18.757  24.498 0.0000000000
65769  -32.921  -13.793  20.143 0.0000000000
65768  -32.201  -14.088  19.957 0.0000000000
65787  -31.842  -13.765  19.374 0.0000000000
62225  -23.938  -15.840  41.320 0.0000000000
70500  -29.993  -10.446  41.428 0.0000000000
66656  -34.044  -13.224  40.188 0.0000000000
152746  -33.691  -14.507  39.877 0.0000000000
64467  -35.938  -14.916  38.554 0.0000000000
65549  -36.737  -13.874  38.412 0.0000000000
66692  -38.252  -13.169  37.129 0.0000000000
149315  -37.823  -13.176  37.497 0.0000000000
65563  -38.065  -13.378  37.296 0.0000000000
151309  -38.141  -13.683  37.265 0.0000000000
162229  -38.205  -14.240  37.119 0.0000000000
64483  -38.605  -13.974  36.876 0.0000000000
65575  -39.762  -13.138  36.379 0.0000000000
143282  -39.624  -13.872  36.371 0.0000000000
65587  -40.278  -13.877  36.058 0.0000000000
64508  -40.595  -14.660  35.599 0.0000000000
65588  -41.053  -13.772  35.600 0.0000000000
65603  -41.797  -13.961  34.995 0.0000000000
65604  -42.582  -13.908  34.426 0.0000000000
64520  -42.652  -14.877  33.960 0.0000000000
65618  -43.228  -14.205  33.822 0.0000000000
64533  -44.060  -14.151  32.939 0.0000000000
65635  -44.527  -13.631  32.608 0.0000000000
64544  -44.251  -14.544  32.030 0.0000000000
65704  -47.146  -13.531  28.204 0.0000000000
66897  -48.497  -12.253  27.135 0.0000000000
66905  -47.980  -12.707  26.124 0.0000000000
66906  -48.504  -12.223  26.520 0.0000000000
165825  -49.762  -10.527  25.808 0.0000000000
158122  -48.777  -11.476  25.598 0.0000000000
69511  -49.274  -10.711  25.356 0.0000000000
69520  -47.999  -10.698  24.440 0.0000000000
70761  -48.810  -10.369  24.693 0.0000000000
148775  -51.031  -9.487  23.572 0.0000000000
156395  -51.092  -9.451  24.358 0.0000000000
72047  -49.661  -9.519  23.764 0.0000000000
72046  -48.868  -9.535  23.576 0.0000000000
72069  -49.461  -9.432  22.995 0.0000000000
72085  -48.567  -9.508  21.884 0.0000000000
72086  -49.334  -9.512  22.136 0.0000000000
70790  -50.577  -9.858  21.122 0.0000000000
70801  -49.862  -10.018  20.795 0.0000000000
70814  -49.698  -10.308  20.093 0.0000000000
70829  -48.744  -10.613  19.363 0.0000000000
143511  -49.459  -10.524  19.456 0.0000000000
72102  -54.400  -9.002  20.709 0.0000000000
72097  -52.971  -9.546  21.303 0.0000000000
161256  -52.940  -9.645  20.694 0.0000000000
70845  -51.416  -10.026  18.687 0.0000000000
70831  -51.454  -10.043  19.424 0.0000000000
166085  -50.844  -10.246  18.425 0.0000000000
70843  -50.130  -10.503  18.559 0.0000000000
155110  -49.901  -10.526  17.802 0.0000000000
70877  -50.399  -10.136  17.253 0.0000000000
150432  -50.633  -9.343  16.550 0.0000000000
72132  -50.106  -9.797  16.617 0.0000000000
73301  -50.098  -9.068  16.176 0.0000000000
72147  -49.412  -9.057  15.858 0.0000000000
73313  -49.724  -8.529  15.949 0.0000000000
74412  -53.125  -7.852  16.327 0.0000000000
74420  -52.710  -7.302  15.925 0.0000000000
75544  -50.576  -6.458  15.188 0.0000000000
75534  -51.108  -6.852  15.480 0.0000000000
75532  -49.536  -7.088  15.552 0.0000000000
75542  -48.982  -6.761  15.049 0.0000000000
75541  -48.261  -6.732  14.545 0.0000000000
76627  -49.354  -6.068  14.632 0.0000000000
77699  -49.334  -5.102  13.453 0.0000000000
77698  -48.529  -5.443  13.457 0.0000000000
168203  -48.792  -5.011  13.001 0.0000000000
77732  -48.658  -4.709  12.510 0.0000000000
80927  -55.323  -2.593  15.591 0.0000000000
79832  -54.782  -2.867  14.836 0.0000000000
78763  -54.538  -3.588  14.910 0.0000000000
79831  -54.052  -3.224  14.363 0.0000000000
83111  -54.452  -0.106  14.253 0.0000000000
82055  -54.487  -0.850  14.312 0.0000000000
82054  -53.863  -1.322  13.692 0.0000000000
80983  -52.135  -2.444  12.599 0.0000000000
80965  -53.157  -2.512  13.277 0.0000000000
79856  -52.494  -2.850  12.970 0.0000000000
79842  -52.975  -3.241  13.407 0.0000000000
78788  -51.521  -3.669  12.924 0.0000000000
79854  -51.147  -3.470  12.596 0.0000000000
79866  -49.470  -3.237  11.588 0.0000000000
78799  -49.713  -3.652  12.052 0.0000000000
78813  -48.830  -3.439  11.382 0.0000000000
142687  -48.622  -3.949  11.729 0.0000000000
79880  -48.473  -3.140  10.813 0.0000000000
78837  -47.862  -3.300  10.501 0.0000000000
81029  -48.668  -1.946  9.188 0.0000000000
81028  -48.266  -2.372  9.435 0.0000000000
81045  -48.173  -2.318  8.698 0.0000000000
81059  -48.232  -2.399  7.873 0.0000000000
84237  -51.256  0.135  9.827 0.0000000000
82135  -50.373  -0.678  9.690 0.0000000000
162883  -50.201  -1.262  6.940 0.0000000000
82161  -49.700  -1.134  7.466 0.0000000000
81069  -49.735  -1.833  6.901 0.0000000000
81068  -49.129  -2.143  7.102 0.0000000000
88844  -55.457  4.231  12.187 0.0000000000
88843  -54.770  3.741  11.615 0.0000000000
88851  -55.206  4.440  11.208 0.0000000000
87692  -54.478  3.559  9.250 0.0000000000
87685  -54.236  3.449  10.172 0.0000000000
87699  -54.078  3.018  8.785 0.0000000000
168167  -53.909  2.270  7.883 0.0000000000
157551  -55.960  2.326  8.638 0.0000000000
86533  -55.811  2.772  8.391 0.0000000000
84273  -54.254  0.460  7.940 0.0000000000
144922  -53.485  0.409  7.387 0.0000000000
61116  -22.526  -17.397  38.063 0.0000000000
148994  -22.134  -17.761  38.283 0.0000000000
60008  -21.634  -18.170  37.288 0.0000000000
58951  -20.123  -19.293  35.341 0.0000000000
58934  -20.668  -18.961  36.400 0.0000000000
57944  -19.146  -20.066  34.014 0.0000000000
57948  -19.368  -19.783  32.916 0.0000000000
56805  -18.750  -20.367  32.782 0.0000000000
56812  -18.623  -20.515  31.846 0.0000000000
159051  -25.317  -12.446  38.168 0.0000000000
65547  -24.984  -13.185  38.135 0.0000000000
65560  -24.763  -13.223  37.273 0.0000000000
63434  -23.016  -15.320  34.955 0.0000000000
64506  -23.696  -14.566  36.237 0.0000000000
63421  -22.722  -15.952  35.341 0.0000000000
160119  -22.410  -16.312  35.036 0.0000000000
62309  -22.191  -16.447  34.501 0.0000000000
63469  -22.456  -15.298  32.112 0.0000000000
63457  -22.525  -15.444  32.892 0.0000000000
63456  -22.092  -15.863  32.487 0.0000000000
61223  -20.466  -17.632  31.408 0.0000000000
62336  -21.249  -16.917  32.587 0.0000000000
60086  -20.706  -17.618  32.381 0.0000000000
61205  -21.104  -17.365  33.234 0.0000000000
158175  -20.343  -18.226  32.616 0.0000000000
145301  -19.984  -18.740  32.444 0.0000000000
152616  -19.759  -18.825  31.630 0.0000000000
59006  -21.616  -19.468  28.288 0.0000000000
159393  -21.054  -20.228  27.925 0.0000000000
62272  -31.711  -16.171  37.351 0.0000000000
62255  -31.362  -15.671  37.623 0.0000000000
62271  -31.290  -16.111  36.949 0.0000000000
62311  -30.060  -16.185  34.933 0.0000000000
62297  -30.326  -16.094  35.613 0.0000000000
63424  -29.846  -15.781  35.232 0.0000000000
63423  -29.395  -15.413  34.914 0.0000000000
171770  -29.272  -15.654  34.120 0.0000000000
62366  -30.403  -15.915  31.474 0.0000000000
62352  -30.271  -16.032  32.277 0.0000000000
152417  -29.763  -15.746  30.978 0.0000000000
64581  -28.079  -15.135  30.487 0.0000000000
63486  -28.597  -15.461  31.708 0.0000000000
64554  -28.266  -15.138  31.982 0.0000000000
64542  -28.397  -15.104  32.656 0.0000000000
64553  -27.807  -14.791  31.557 0.0000000000
65649  -27.465  -14.259  31.797 0.0000000000
65679  -27.156  -14.408  30.500 0.0000000000
64604  -25.890  -14.055  28.564 0.0000000000
65693  -26.231  -13.976  29.410 0.0000000000
65702  -25.053  -13.926  28.563 0.0000000000
65691  -24.530  -13.796  28.976 0.0000000000
65701  -24.354  -14.060  28.240 0.0000000000
63577  -26.221  -15.681  24.474 0.0000000000
64641  -26.540  -15.195  24.910 0.0000000000
63561  -25.384  -15.351  25.406 0.0000000000
63560  -24.662  -15.566  25.742 0.0000000000
64618  -25.516  -14.850  26.423 0.0000000000
62414  -23.526  -16.325  26.553 0.0000000000
62403  -23.040  -16.365  27.199 0.0000000000
64672  -44.886  -14.392  23.231 0.0000000000
65737  -44.655  -14.174  22.666 0.0000000000
65731  -45.459  -14.048  23.669 0.0000000000
66918  -46.801  -12.714  24.515 0.0000000000
64614  -45.852  -14.487  27.408 0.0000000000
63554  -44.771  -15.076  26.753 0.0000000000
64623  -44.802  -14.933  26.123 0.0000000000
63589  -44.198  -14.983  24.781 0.0000000000
63604  -43.698  -15.006  23.988 0.0000000000
64657  -43.312  -15.029  23.275 0.0000000000
64658  -44.342  -14.841  24.038 0.0000000000
171710  -44.470  -14.731  23.505 0.0000000000
76685  -45.426  -5.816  10.979 0.0000000000
76696  -45.112  -5.529  10.219 0.0000000000
76708  -44.927  -5.393  9.355 0.0000000000
77784  -45.522  -5.039  8.045 0.0000000000
78857  -46.329  -4.096  8.836 0.0000000000
66643  -30.566  -12.849  40.169 0.0000000000
66655  -30.640  -12.992  39.676 0.0000000000
65521  -30.796  -13.420  39.580 0.0000000000
166111  -31.003  -13.952  39.197 0.0000000000
171224  -31.120  -14.267  38.815 0.0000000000
70857  -46.305  -10.907  17.786 0.0000000000
69572  -46.122  -10.978  17.039 0.0000000000
69585  -46.599  -11.142  16.531 0.0000000000
69600  -46.365  -11.111  15.774 0.0000000000
69601  -47.063  -11.112  16.012 0.0000000000
69602  -47.747  -11.070  16.270 0.0000000000
70889  -48.125  -10.683  15.840 0.0000000000
62301  -39.573  -16.609  35.002 0.0000000000
61168  -39.085  -16.846  34.541 0.0000000000
61183  -39.224  -16.911  33.914 0.0000000000
61196  -39.412  -16.972  33.436 0.0000000000
60071  -38.920  -17.183  33.084 0.0000000000
63609  -34.938  -15.962  22.895 0.0000000000
62457  -34.636  -16.671  23.232 0.0000000000
63614  -33.143  -16.111  21.912 0.0000000000
62462  -32.572  -16.597  21.728 0.0000000000
62472  -32.025  -16.424  21.214 0.0000000000
143370  -31.341  -16.990  20.950 0.0000000000
62482  -30.468  -16.230  19.999 0.0000000000
144008  -36.022  -12.126  16.289 0.0000000000
68281  -35.405  -12.049  15.730 0.0000000000
143420  -34.810  -12.018  15.194 0.0000000000
85306  -55.328  2.088  14.439 0.0000000000
85320  -54.570  1.721  13.538 0.0000000000
151298  -53.599  1.377  12.384 0.0000000000
85348  -53.583  1.840  11.863 0.0000000000
87677  -53.896  2.574  11.476 0.0000000000
163036  -24.591  -14.979  39.779 0.0000000000
63367  -24.159  -15.291  39.161 0.0000000000
64454  -24.639  -14.550  39.224 0.0000000000
64465  -24.272  -14.634  38.481 0.0000000000
64479  -23.917  -14.686  37.594 0.0000000000
65659  -23.772  -13.690  30.821 0.0000000000
64564  -23.318  -14.210  31.148 0.0000000000
61249  -22.053  -16.863  28.827 0.0000000000
61250  -22.561  -17.201  28.297 0.0000000000
62404  -31.471  -16.487  27.560 0.0000000000
62393  -31.485  -16.308  28.398 0.0000000000
168067  -30.940  -16.062  27.134 0.0000000000
63536  -30.464  -15.791  26.686 0.0000000000
63549  -29.985  -15.599  26.232 0.0000000000
66978  -39.867  -13.102  18.378 0.0000000000
68238  -40.069  -12.498  18.102 0.0000000000
66979  -40.503  -12.883  18.609 0.0000000000
145803  -41.091  -12.625  18.917 0.0000000000
68231  -41.601  -12.417  19.213 0.0000000000
69528  -44.281  -11.371  21.648 0.0000000000
70786  -44.921  -10.635  21.726 0.0000000000
69534  -44.489  -10.631  21.253 0.0000000000
149554  -45.215  -10.151  20.884 0.0000000000
166121  -45.136  -10.096  20.106 0.0000000000
147213  -46.144  -9.934  20.722 0.0000000000
70798  -47.004  -9.874  20.708 0.0000000000
63474  -43.439  -15.463  31.851 0.0000000000
62371  -42.521  -15.899  31.254 0.0000000000
63506  -43.021  -15.647  30.831 0.0000000000
158018  -42.149  -16.033  29.711 0.0000000000
162303  -41.944  -15.964  29.078 0.0000000000
63567  -41.615  -15.643  25.270 0.0000000000
142955  -41.160  -15.754  26.082 0.0000000000
63584  -40.336  -15.470  24.890 0.0000000000
63583  -39.513  -15.505  25.001 0.0000000000
171775  -38.264  -15.350  24.278 0.0000000000
142784  -37.616  -15.570  24.214 0.0000000000
64652  -37.802  -15.191  23.715 0.0000000000
64663  -37.276  -15.034  23.181 0.0000000000
64678  -37.054  -14.600  22.555 0.0000000000
65740  -36.090  -14.218  21.804 0.0000000000
65755  -37.471  -13.875  21.345 0.0000000000
165523  -40.688  -14.529  20.676 0.0000000000
65758  -39.948  -14.288  20.663 0.0000000000
64709  -40.598  -14.269  20.148 0.0000000000
147897  -39.864  -14.009  19.854 0.0000000000
65805  -38.981  -13.495  18.799 0.0000000000
65806  -39.635  -13.482  18.636 0.0000000000
71731  -27.198  -9.563  39.952 0.0000000000
70509  -27.262  -9.703  39.228 0.0000000000
70520  -27.777  -9.727  38.775 0.0000000000
70530  -27.596  -9.980  38.141 0.0000000000
70546  -28.106  -10.247  37.800 0.0000000000
66691  -29.709  -12.580  37.115 0.0000000000
68007  -29.095  -12.019  36.526 0.0000000000
68025  -28.822  -12.305  35.797 0.0000000000
66734  -27.652  -12.544  34.024 0.0000000000
68058  -26.701  -12.293  33.844 0.0000000000
66753  -27.435  -12.884  33.346 0.0000000000
143013  -27.216  -13.168  32.629 0.0000000000
66786  -27.158  -13.500  32.021 0.0000000000
70850  -40.337  -10.453  17.109 0.0000000000
70868  -40.002  -10.077  16.448 0.0000000000
70869  -40.649  -9.844  16.692 0.0000000000
72129  -41.016  -9.489  16.228 0.0000000000
72142  -40.824  -9.377  15.541 0.0000000000
70903  -43.574  -10.487  14.755 0.0000000000
168491  -42.524  -9.850  14.806 0.0000000000
70902  -42.930  -10.256  14.337 0.0000000000
70918  -42.528  -10.209  13.644 0.0000000000
72175  -46.289  -9.716  13.830 0.0000000000
72191  -45.894  -9.271  13.290 0.0000000000
73339  -46.058  -8.443  13.117 0.0000000000
74441  -46.215  -7.666  12.953 0.0000000000
74450  -45.841  -7.263  12.394 0.0000000000
75555  -46.979  -6.626  13.162 0.0000000000
63385  -34.403  -16.550  38.272 0.0000000000
62259  -33.509  -16.889  37.746 0.0000000000
61122  -34.133  -17.160  37.472 0.0000000000
170995  -34.334  -17.260  36.630 0.0000000000
61149  -34.830  -17.338  35.840 0.0000000000
60067  -36.274  -18.059  33.485 0.0000000000
166481  -35.410  -18.250  33.779 0.0000000000
58960  -35.257  -18.830  32.570 0.0000000000
58965  -34.787  -18.921  31.968 0.0000000000
58964  -34.389  -18.834  31.344 0.0000000000
60104  -33.637  -18.352  30.228 0.0000000000
60097  -34.017  -18.699  30.750 0.0000000000
58991  -33.642  -19.068  29.025 0.0000000000
60128  -33.004  -18.880  28.078 0.0000000000
61246  -39.315  -17.124  29.835 0.0000000000
143989  -38.495  -17.477  29.961 0.0000000000
61244  -37.156  -17.702  28.794 0.0000000000
60182  -33.512  -18.646  24.007 0.0000000000
60172  -34.486  -18.498  25.096 0.0000000000
60171  -33.862  -18.765  24.628 0.0000000000
59058  -33.355  -19.375  25.147 0.0000000000
159964  -32.760  -19.430  25.245 0.0000000000
59047  -33.089  -19.484  25.831 0.0000000000
59056  -32.240  -19.435  24.784 0.0000000000
59055  -31.490  -19.393  24.437 0.0000000000
65789  -33.336  -13.269  19.644 0.0000000000
66657  -34.778  -13.142  39.852 0.0000000000
67962  -35.076  -12.370  39.697 0.0000000000
166637  -38.620  -13.182  36.855 0.0000000000
65565  -39.008  -12.961  36.692 0.0000000000
65605  -43.286  -13.302  34.056 0.0000000000
69464  -49.477  -10.811  27.275 0.0000000000
68186  -49.321  -11.156  26.514 0.0000000000
69481  -49.652  -10.710  26.676 0.0000000000
69482  -50.138  -10.170  26.306 0.0000000000
69498  -50.193  -10.119  25.901 0.0000000000
72049  -51.684  -9.368  23.876 0.0000000000
164080  -50.893  -9.527  22.751 0.0000000000
148443  -50.108  -9.499  22.413 0.0000000000
72088  -51.443  -9.576  22.307 0.0000000000
70791  -51.295  -9.736  21.547 0.0000000000
154176  -51.194  -9.946  20.775 0.0000000000
73280  -55.004  -8.518  20.101 0.0000000000
72107  -54.359  -9.071  19.781 0.0000000000
72105  -53.026  -9.556  19.334 0.0000000000
72109  -52.031  -9.709  18.238 0.0000000000
70860  -51.359  -9.975  17.974 0.0000000000
72119  -51.159  -9.806  17.332 0.0000000000
172226  -51.620  -9.465  17.138 0.0000000000
72134  -51.280  -9.286  16.788 0.0000000000
73303  -51.776  -8.631  16.474 0.0000000000
158329  -52.382  -6.783  15.581 0.0000000000
76613  -52.430  -6.177  15.202 0.0000000000
157228  -51.671  -5.904  14.871 0.0000000000
76628  -50.794  -5.901  14.761 0.0000000000
160215  -50.064  -5.881  14.664 0.0000000000
77685  -50.486  -5.336  14.288 0.0000000000
77700  -50.186  -4.950  13.672 0.0000000000
77714  -49.973  -4.602  13.021 0.0000000000
82025  -55.369  -1.093  16.927 0.0000000000
80948  -55.374  -1.804  15.945 0.0000000000
154361  -53.329  -0.967  13.099 0.0000000000
82074  -52.766  -1.419  12.692 0.0000000000
82073  -52.212  -1.834  12.386 0.0000000000
79868  -50.988  -2.998  12.231 0.0000000000
167260  -50.262  -2.472  11.460 0.0000000000
79882  -49.744  -2.701  11.288 0.0000000000
79901  -48.769  -2.691  10.528 0.0000000000
81023  -49.354  -2.317  10.636 0.0000000000
82122  -49.311  -1.681  9.822 0.0000000000
84256  -51.092  0.254  8.621 0.0000000000
83195  -50.662  -0.133  8.348 0.0000000000
159793  -50.656  -0.253  7.640 0.0000000000
82162  -50.360  -0.670  7.221 0.0000000000
81070  -50.578  -1.795  6.771 0.0000000000
88859  -55.242  4.542  10.279 0.0000000000
87700  -54.919  3.445  8.604 0.0000000000
84246  -55.333  0.292  9.250 0.0000000000
84259  -55.294  0.900  8.753 0.0000000000
150950  -20.998  -18.493  38.148 0.0000000000
61142  -21.943  -17.532  36.222 0.0000000000
60017  -21.598  -18.082  36.522 0.0000000000
58952  -20.540  -18.797  35.071 0.0000000000
58955  -20.037  -19.266  34.548 0.0000000000
172239  -19.520  -19.757  34.409 0.0000000000
66690  -25.121  -12.520  36.676 0.0000000000
147228  -24.107  -13.930  36.313 0.0000000000
149853  -24.378  -13.460  35.774 0.0000000000
65584  -24.007  -14.037  35.620 0.0000000000
63443  -23.019  -15.181  34.075 0.0000000000
62364  -21.245  -16.575  31.058 0.0000000000
62351  -21.572  -16.340  31.934 0.0000000000
58970  -19.608  -18.967  30.643 0.0000000000
57974  -19.450  -20.185  28.778 0.0000000000
57987  -19.567  -20.766  28.281 0.0000000000
56871  -20.874  -21.272  27.663 0.0000000000
61145  -32.084  -16.814  36.144 0.0000000000
61144  -31.319  -16.655  35.916 0.0000000000
61178  -31.378  -16.817  35.332 0.0000000000
146720  -30.450  -16.479  34.553 0.0000000000
160927  -30.292  -16.396  33.777 0.0000000000
63514  -29.201  -15.450  29.683 0.0000000000
63503  -29.119  -15.577  30.517 0.0000000000
63513  -28.541  -15.315  30.104 0.0000000000
64594  -28.001  -15.073  29.728 0.0000000000
64580  -27.574  -14.835  30.115 0.0000000000
162490  -26.529  -14.360  28.265 0.0000000000
61272  -24.519  -17.268  25.895 0.0000000000
62415  -24.054  -16.309  25.892 0.0000000000
65761  -43.379  -13.775  21.019 0.0000000000
66934  -43.858  -13.219  21.352 0.0000000000
169456  -44.864  -13.728  22.519 0.0000000000
66926  -44.928  -13.100  22.413 0.0000000000
68209  -44.586  -12.222  22.075 0.0000000000
69524  -45.526  -11.273  22.744 0.0000000000
63519  -44.336  -15.106  29.431 0.0000000000
63527  -43.477  -15.647  28.739 0.0000000000
63528  -44.249  -15.361  28.667 0.0000000000
63540  -43.444  -15.711  27.512 0.0000000000
143200  -42.765  -15.671  26.171 0.0000000000
143344  -44.235  -15.256  26.365 0.0000000000
143395  -43.537  -15.518  26.252 0.0000000000
144727  -42.428  -15.614  25.376 0.0000000000
158130  -41.756  -15.484  24.525 0.0000000000
63601  -41.566  -15.273  23.883 0.0000000000
154139  -40.660  -14.871  22.515 0.0000000000
64667  -41.569  -14.946  22.587 0.0000000000
64682  -41.359  -14.844  21.826 0.0000000000
64669  -42.963  -14.982  22.677 0.0000000000
142668  -42.636  -14.905  22.206 0.0000000000
64698  -41.918  -14.741  21.170 0.0000000000
65759  -42.156  -14.476  20.494 0.0000000000
76723  -45.931  -5.233  7.418 0.0000000000
66678  -30.039  -12.295  38.017 0.0000000000
66667  -30.661  -12.950  39.145 0.0000000000
66679  -30.634  -13.022  38.481 0.0000000000
164312  -30.292  -12.998  37.672 0.0000000000
65561  -30.114  -13.399  36.978 0.0000000000
65601  -29.124  -14.391  34.891 0.0000000000
70838  -43.428  -9.991  18.204 0.0000000000
70853  -42.930  -9.801  17.012 0.0000000000
70854  -43.545  -9.999  17.346 0.0000000000
70871  -43.639  -10.143  16.518 0.0000000000
167887  -44.857  -10.590  16.559 0.0000000000
70886  -44.417  -10.572  16.011 0.0000000000
69612  -44.159  -10.908  14.247 0.0000000000
69626  -44.621  -10.950  13.828 0.0000000000
70932  -44.416  -10.759  13.108 0.0000000000
160618  -45.597  -10.775  13.912 0.0000000000
70920  -46.100  -10.503  14.084 0.0000000000
70905  -46.465  -10.784  14.644 0.0000000000
165737  -46.895  -9.344  14.147 0.0000000000
73321  -47.489  -9.006  14.480 0.0000000000
73322  -48.051  -8.642  14.861 0.0000000000
62275  -37.536  -16.063  36.793 0.0000000000
62274  -36.663  -16.882  36.796 0.0000000000
62287  -37.209  -16.929  36.296 0.0000000000
61165  -36.796  -17.302  34.958 0.0000000000
60035  -37.045  -17.121  34.248 0.0000000000
61181  -37.788  -16.931  34.124 0.0000000000
60053  -37.297  -17.209  33.708 0.0000000000
147004  -36.917  -17.596  33.458 0.0000000000
60082  -36.407  -18.371  32.824 0.0000000000
60090  -36.492  -18.592  32.157 0.0000000000
58973  -36.007  -19.086  30.850 0.0000000000
61287  -36.724  -17.186  26.295 0.0000000000
61286  -36.249  -17.328  25.842 0.0000000000
61295  -35.391  -17.522  25.027 0.0000000000
165650  -34.877  -17.908  24.880 0.0000000000
61303  -34.369  -17.468  23.719 0.0000000000
143854  -33.950  -18.194  24.015 0.0000000000
144570  -33.527  -18.026  23.424 0.0000000000
60197  -32.762  -18.428  23.018 0.0000000000
60226  -30.718  -19.177  21.265 0.0000000000
60227  -31.168  -18.748  21.385 0.0000000000
61346  -29.384  -18.423  19.992 0.0000000000
62483  -30.668  -17.069  20.400 0.0000000000
66989  -34.145  -12.398  17.754 0.0000000000
68248  -33.859  -12.224  17.012 0.0000000000
164545  -33.343  -12.177  16.518 0.0000000000
68279  -33.247  -12.128  15.793 0.0000000000
73291  -55.322  -8.202  18.584 0.0000000000
73297  -54.746  -8.120  17.382 0.0000000000
73306  -54.189  -8.098  16.973 0.0000000000
74413  -54.753  -7.698  16.927 0.0000000000
75528  -54.777  -7.237  16.494 0.0000000000
162694  -54.209  -7.090  16.157 0.0000000000
76601  -55.772  -6.206  16.704 0.0000000000
76616  -55.415  -6.193  16.148 0.0000000000
75537  -53.915  -6.549  15.755 0.0000000000
161201  -53.958  -5.804  15.405 0.0000000000
76630  -53.411  -5.445  15.092 0.0000000000
77689  -53.341  -4.770  14.728 0.0000000000
84165  -55.252  0.402  15.727 0.0000000000
153657  -54.024  0.110  13.635 0.0000000000
83123  -52.829  -0.651  12.508 0.0000000000
83142  -52.371  -0.422  11.921 0.0000000000
83154  -51.201  -0.643  10.803 0.0000000000
83155  -51.876  -0.207  11.237 0.0000000000
83170  -51.467  -0.025  10.467 0.0000000000
84238  -51.665  0.507  10.043 0.0000000000
85361  -52.092  0.904  10.379 0.0000000000
84245  -51.462  0.499  9.203 0.0000000000
85375  -51.951  1.039  9.564 0.0000000000
85387  -51.947  1.067  8.594 0.0000000000
85398  -52.271  1.139  7.867 0.0000000000
88878  -56.989  4.196  9.590 0.0000000000
85390  -56.542  2.028  9.453 0.0000000000
59991  -22.356  -17.494  39.213 0.0000000000
61106  -23.095  -16.793  39.435 0.0000000000
167799  -22.810  -17.183  38.452 0.0000000000
61131  -22.479  -17.252  37.411 0.0000000000
63366  -23.667  -15.877  38.730 0.0000000000
61143  -22.347  -17.111  36.680 0.0000000000
61159  -21.829  -17.432  35.503 0.0000000000
61176  -21.736  -17.348  34.920 0.0000000000
65630  -23.962  -13.824  33.119 0.0000000000
64539  -22.957  -14.891  32.436 0.0000000000
64563  -22.732  -14.846  30.756 0.0000000000
63485  -22.166  -15.508  30.906 0.0000000000
62365  -21.716  -16.043  31.076 0.0000000000
62374  -21.147  -16.773  30.351 0.0000000000
60112  -21.020  -18.233  28.912 0.0000000000
59005  -21.341  -18.768  28.527 0.0000000000
58985  -22.172  -18.882  28.696 0.0000000000
61217  -32.431  -16.832  32.111 0.0000000000
170832  -31.611  -16.414  32.215 0.0000000000
62354  -31.802  -16.428  31.535 0.0000000000
63488  -30.575  -15.841  30.584 0.0000000000
63516  -30.782  -15.841  28.831 0.0000000000
63515  -29.986  -15.587  29.261 0.0000000000
63523  -29.332  -15.262  28.815 0.0000000000
64606  -28.635  -14.995  28.258 0.0000000000
64620  -27.468  -14.772  26.758 0.0000000000
68284  -37.778  -11.726  16.204 0.0000000000
69595  -37.464  -11.324  15.682 0.0000000000
69581  -38.434  -11.487  16.407 0.0000000000
69582  -39.106  -11.201  16.617 0.0000000000
69570  -40.064  -11.140  17.354 0.0000000000
68254  -40.123  -11.795  17.738 0.0000000000
70835  -41.276  -10.443  18.055 0.0000000000
66948  -42.404  -13.123  19.992 0.0000000000
68226  -42.396  -12.311  19.916 0.0000000000
69541  -42.739  -11.547  20.169 0.0000000000
69549  -42.582  -10.951  19.705 0.0000000000
70821  -42.249  -10.707  19.204 0.0000000000
70837  -42.705  -10.220  18.733 0.0000000000
70839  -44.192  -10.058  18.570 0.0000000000
70825  -45.565  -10.232  19.162 0.0000000000
70840  -45.689  -10.501  18.225 0.0000000000
70841  -46.460  -10.732  18.496 0.0000000000
171049  -41.700  -16.343  33.484 0.0000000000
61210  -40.580  -16.915  33.070 0.0000000000
62342  -41.341  -16.649  32.985 0.0000000000
62369  -41.204  -16.591  31.995 0.0000000000
61228  -40.464  -16.853  30.735 0.0000000000
62370  -41.998  -16.161  30.983 0.0000000000
62378  -40.951  -16.588  30.132 0.0000000000
61237  -40.233  -16.821  30.028 0.0000000000
62386  -39.507  -16.772  29.068 0.0000000000
61255  -39.055  -16.728  28.396 0.0000000000
144067  -38.605  -16.571  27.179 0.0000000000
63526  -42.894  -15.763  28.758 0.0000000000
62398  -42.326  -15.823  28.474 0.0000000000
62409  -40.988  -15.991  28.076 0.0000000000
63551  -40.780  -15.851  26.796 0.0000000000
62408  -40.414  -16.056  27.510 0.0000000000
62419  -39.433  -16.300  27.113 0.0000000000
62417  -38.092  -16.642  26.619 0.0000000000
62431  -37.549  -16.665  25.978 0.0000000000
62442  -36.697  -16.497  24.879 0.0000000000
63597  -35.941  -16.143  23.764 0.0000000000
63599  -37.077  -15.534  23.797 0.0000000000
63611  -36.416  -15.644  23.516 0.0000000000
63616  -34.520  -15.517  22.370 0.0000000000
64675  -34.095  -14.997  21.890 0.0000000000
158905  -32.954  -14.867  21.070 0.0000000000
65750  -33.288  -14.109  20.753 0.0000000000
65752  -35.046  -13.756  21.071 0.0000000000
157019  -34.323  -13.369  20.194 0.0000000000
66943  -34.794  -13.143  19.730 0.0000000000
66958  -35.357  -12.964  19.169 0.0000000000
65756  -38.287  -13.983  21.272 0.0000000000
65775  -37.984  -13.691  20.720 0.0000000000
149614  -38.619  -13.877  20.703 0.0000000000
66946  -36.949  -13.262  20.033 0.0000000000
66959  -36.072  -13.016  19.321 0.0000000000
66974  -35.186  -12.758  18.479 0.0000000000
66975  -35.989  -12.840  18.596 0.0000000000
153299  -35.815  -12.550  17.809 0.0000000000
67003  -36.499  -12.604  17.330 0.0000000000
148763  -38.020  -13.034  18.093 0.0000000000
67004  -37.219  -12.730  17.235 0.0000000000
68267  -36.650  -12.403  16.732 0.0000000000
68268  -37.352  -12.286  16.571 0.0000000000
90035  -56.522  4.372  13.727 0.0000000000
90042  -56.217  4.740  12.830 0.0000000000
91189  -56.809  5.935  12.862 0.0000000000
90043  -56.525  5.590  12.417 0.0000000000
90050  -56.397  5.744  11.362 0.0000000000
90057  -56.463  5.610  10.598 0.0000000000
92405  -57.107  7.084  11.228 0.0000000000
151079  -57.251  6.568  10.755 0.0000000000
91210  -57.358  6.206  10.569 0.0000000000
90058  -57.359  5.762  10.391 0.0000000000
88869  -58.017  4.664  9.819 0.0000000000
90074  -58.181  4.722  9.502 0.0000000000
88880  -58.183  4.201  9.701 0.0000000000
67958  -25.553  -12.032  39.608 0.0000000000
164621  -25.567  -11.704  38.942 0.0000000000
67970  -25.546  -11.787  38.343 0.0000000000
67981  -25.533  -11.845  37.641 0.0000000000
69301  -26.349  -10.576  38.119 0.0000000000
69300  -25.881  -11.220  37.868 0.0000000000
67991  -25.528  -11.924  36.923 0.0000000000
66716  -25.331  -12.371  35.094 0.0000000000
70532  -29.053  -10.415  38.706 0.0000000000
69302  -28.712  -10.524  37.949 0.0000000000
69312  -28.220  -10.645  37.232 0.0000000000
69328  -28.683  -11.246  36.781 0.0000000000
69327  -27.957  -10.985  36.465 0.0000000000
69326  -27.193  -11.004  36.339 0.0000000000
69341  -26.880  -11.338  35.750 0.0000000000
68039  -25.927  -12.026  34.830 0.0000000000
66750  -24.889  -12.796  33.877 0.0000000000
66767  -24.928  -12.854  33.076 0.0000000000
65647  -24.397  -13.267  31.874 0.0000000000
66768  -25.629  -12.703  32.676 0.0000000000
66783  -24.976  -12.936  32.261 0.0000000000
65660  -24.350  -13.314  31.048 0.0000000000
62439  -29.723  -16.411  24.214 0.0000000000
69611  -37.755  -10.684  15.289 0.0000000000
70901  -38.108  -10.011  14.837 0.0000000000
72155  -38.914  -9.691  15.097 0.0000000000
72154  -38.510  -9.476  14.366 0.0000000000
72170  -38.273  -9.265  13.598 0.0000000000
72131  -42.325  -9.581  16.664 0.0000000000
72143  -41.549  -9.400  15.700 0.0000000000
72157  -41.407  -9.362  14.881 0.0000000000
143557  -45.001  -9.192  12.552 0.0000000000
75561  -45.504  -6.833  11.863 0.0000000000
75575  -45.196  -6.455  11.300 0.0000000000
76684  -44.837  -6.154  10.623 0.0000000000
76686  -46.028  -5.542  11.307 0.0000000000
64445  -32.064  -14.980  39.817 0.0000000000
63357  -31.903  -15.312  39.395 0.0000000000
63371  -32.417  -16.040  38.925 0.0000000000
62243  -32.295  -16.339  38.169 0.0000000000
61118  -32.198  -16.481  37.264 0.0000000000
155924  -33.252  -16.792  37.139 0.0000000000
61119  -32.764  -16.662  36.815 0.0000000000
61133  -32.099  -16.568  36.772 0.0000000000
159913  -32.630  -17.113  35.803 0.0000000000
150420  -32.535  -17.413  34.972 0.0000000000
61194  -32.887  -17.599  33.652 0.0000000000
61150  -35.503  -17.387  35.757 0.0000000000
60020  -35.268  -17.443  35.314 0.0000000000
60032  -34.955  -17.677  34.775 0.0000000000
60049  -34.883  -18.042  34.313 0.0000000000
60031  -34.423  -17.739  34.811 0.0000000000
60048  -33.731  -17.907  34.371 0.0000000000
61207  -32.571  -17.194  32.930 0.0000000000
61225  -32.553  -16.915  31.161 0.0000000000
61232  -32.503  -16.931  30.172 0.0000000000
61233  -33.153  -17.820  29.755 0.0000000000
61242  -32.643  -17.270  29.253 0.0000000000
62405  -31.893  -17.242  27.270 0.0000000000
168451  -31.707  -17.443  26.786 0.0000000000
61284  -30.679  -17.429  25.203 0.0000000000
143331  -40.224  -17.027  32.670 0.0000000000
61209  -39.452  -17.220  32.691 0.0000000000
60093  -38.540  -17.611  31.990 0.0000000000
61234  -38.288  -17.802  30.572 0.0000000000
60100  -38.418  -17.770  31.213 0.0000000000
60092  -37.793  -18.068  31.745 0.0000000000
60099  -37.166  -18.433  31.189 0.0000000000
60106  -36.581  -18.769  30.622 0.0000000000
58994  -35.475  -19.263  29.566 0.0000000000
61275  -36.582  -17.585  26.976 0.0000000000
167751  -36.493  -17.856  27.521 0.0000000000
60140  -36.159  -18.372  27.868 0.0000000000
60162  -34.578  -18.788  25.795 0.0000000000
59029  -35.553  -18.794  27.587 0.0000000000
59014  -35.751  -18.926  28.328 0.0000000000
59013  -35.209  -19.298  28.480 0.0000000000
149975  -35.008  -19.400  28.991 0.0000000000
148548  -34.866  -19.352  29.654 0.0000000000
59011  -33.994  -19.389  28.372 0.0000000000
59026  -33.348  -19.295  27.712 0.0000000000
59025  -32.947  -19.245  27.160 0.0000000000
165614  -32.737  -19.385  26.046 0.0000000000
59035  -32.700  -19.272  26.459 0.0000000000
60150  -32.308  -18.910  26.703 0.0000000000
60149  -31.717  -18.507  26.202 0.0000000000
61285  -31.164  -18.027  25.731 0.0000000000
168171  -33.009  -12.473  17.864 0.0000000000
65715  -47.058  -13.670  26.736 0.0000000000
65719  -46.932  -13.598  26.009 0.0000000000
65716  -47.632  -13.247  27.133 0.0000000000
66882  -48.055  -12.745  27.450 0.0000000000
68157  -48.842  -11.796  27.417 0.0000000000
62224  -23.521  -16.305  40.814 0.0000000000
62233  -23.959  -15.960  40.418 0.0000000000
64434  -24.822  -15.032  41.333 0.0000000000
153798  -24.735  -15.006  40.485 0.0000000000
146702  -25.322  -13.618  40.504 0.0000000000
158791  -25.484  -12.839  40.121 0.0000000000
67945  -25.648  -12.071  40.525 0.0000000000
69272  -26.029  -10.488  40.559 0.0000000000
147230  -26.467  -9.969  40.221 0.0000000000
71718  -26.846  -9.495  40.685 0.0000000000
71732  -28.046  -9.470  40.263 0.0000000000
70498  -28.749  -9.648  40.712 0.0000000000
71721  -29.066  -9.415  41.554 0.0000000000
70499  -29.407  -10.135  41.161 0.0000000000
69273  -29.775  -10.864  40.815 0.0000000000
67947  -30.319  -11.713  40.780 0.0000000000
150807  -30.701  -12.232  40.862 0.0000000000
66644  -30.955  -13.043  40.650 0.0000000000
65513  -31.912  -13.783  40.747 0.0000000000
66646  -32.508  -13.192  40.952 0.0000000000
65514  -32.668  -13.880  40.576 0.0000000000
64446  -32.852  -14.654  40.044 0.0000000000
64457  -34.634  -15.127  39.150 0.0000000000
65526  -35.121  -13.585  39.618 0.0000000000
65535  -34.949  -14.299  39.436 0.0000000000
63373  -35.015  -15.557  38.771 0.0000000000
63387  -36.108  -15.760  37.965 0.0000000000
63388  -36.921  -15.069  37.844 0.0000000000
64469  -37.269  -14.207  37.909 0.0000000000
64481  -37.411  -14.919  37.506 0.0000000000
168228  -37.478  -15.442  37.188 0.0000000000
150109  -37.921  -15.028  37.050 0.0000000000
63412  -38.258  -15.686  36.445 0.0000000000
63413  -38.941  -15.448  36.184 0.0000000000
64495  -39.199  -14.492  36.424 0.0000000000
164972  -39.618  -15.311  35.907 0.0000000000
63425  -39.936  -15.880  35.320 0.0000000000
63426  -40.677  -15.577  35.079 0.0000000000
63435  -41.409  -15.707  34.451 0.0000000000
170001  -41.617  -16.113  33.956 0.0000000000
63436  -42.100  -15.695  33.871 0.0000000000
156826  -42.736  -15.475  33.501 0.0000000000
63448  -43.132  -15.518  32.948 0.0000000000
154896  -43.650  -14.423  33.376 0.0000000000
64532  -43.645  -14.893  32.977 0.0000000000
64543  -43.585  -15.240  32.592 0.0000000000
63462  -43.755  -15.162  32.166 0.0000000000
63475  -43.913  -15.041  31.621 0.0000000000
64555  -44.441  -14.615  31.290 0.0000000000
65650  -45.253  -13.386  31.859 0.0000000000
64568  -44.998  -14.228  30.901 0.0000000000
64567  -44.594  -14.689  30.536 0.0000000000
156189  -45.276  -14.519  29.378 0.0000000000
169836  -45.323  -14.731  28.750 0.0000000000
160897  -46.090  -14.265  28.196 0.0000000000
65709  -46.474  -14.050  27.048 0.0000000000
66904  -47.359  -13.091  25.729 0.0000000000
66910  -47.086  -12.899  25.048 0.0000000000
68192  -47.329  -12.221  24.755 0.0000000000
68185  -48.936  -11.663  26.236 0.0000000000
68193  -48.092  -11.885  25.184 0.0000000000
161035  -47.146  -11.690  24.326 0.0000000000
69519  -47.323  -11.047  24.120 0.0000000000
70774  -46.899  -10.577  23.568 0.0000000000
161451  -47.281  -9.828  23.144 0.0000000000
70750  -50.707  -9.722  25.942 0.0000000000
70764  -50.650  -9.712  25.476 0.0000000000
72026  -51.071  -9.471  25.011 0.0000000000
72025  -50.411  -9.672  24.834 0.0000000000
70762  -49.603  -10.044  24.861 0.0000000000
70777  -49.175  -9.770  24.268 0.0000000000
70784  -48.066  -9.627  23.372 0.0000000000
72067  -47.846  -9.467  22.560 0.0000000000
72084  -47.730  -9.557  21.590 0.0000000000
70799  -47.926  -9.942  20.592 0.0000000000
72095  -49.270  -9.757  21.281 0.0000000000
70800  -49.210  -10.122  20.538 0.0000000000
70812  -48.387  -10.410  19.854 0.0000000000
70828  -48.095  -10.668  19.295 0.0000000000
69551  -48.414  -10.816  18.923 0.0000000000
69562  -48.709  -10.848  18.570 0.0000000000
70803  -52.459  -9.587  21.653 0.0000000000
70802  -51.830  -9.725  21.352 0.0000000000
163291  -50.715  -10.166  20.136 0.0000000000
70832  -52.387  -9.764  19.965 0.0000000000
70816  -51.428  -10.018  20.133 0.0000000000
70830  -50.696  -10.264  19.642 0.0000000000
143295  -50.077  -10.465  19.255 0.0000000000
69563  -49.305  -10.734  18.374 0.0000000000
69576  -48.681  -10.966  18.039 0.0000000000
69588  -48.588  -11.042  17.315 0.0000000000
70875  -49.036  -10.700  16.815 0.0000000000
70890  -48.796  -10.432  16.104 0.0000000000
70891  -49.417  -10.146  16.402 0.0000000000
72146  -49.105  -9.726  15.841 0.0000000000
72161  -48.719  -9.068  15.362 0.0000000000
74427  -48.019  -7.917  14.813 0.0000000000
73305  -53.515  -8.274  16.788 0.0000000000
74410  -51.403  -8.008  16.092 0.0000000000
74419  -51.832  -7.261  15.796 0.0000000000
154217  -51.014  -7.426  15.830 0.0000000000
74418  -50.555  -7.885  16.031 0.0000000000
74417  -49.753  -7.802  15.861 0.0000000000
74428  -49.020  -7.550  15.472 0.0000000000
74434  -47.716  -7.331  14.438 0.0000000000
75549  -47.791  -6.678  14.077 0.0000000000
76641  -47.545  -6.326  13.546 0.0000000000
76643  -48.954  -5.721  14.053 0.0000000000
76657  -47.873  -5.726  13.229 0.0000000000
77711  -47.593  -5.370  12.581 0.0000000000
77730  -47.338  -4.910  11.877 0.0000000000
78764  -55.202  -3.955  15.543 0.0000000000
78779  -53.005  -4.225  14.112 0.0000000000
80985  -53.269  -1.758  13.189 0.0000000000
80966  -53.772  -2.104  13.739 0.0000000000
80946  -54.306  -2.470  14.279 0.0000000000
78780  -53.376  -3.592  13.937 0.0000000000
158926  -52.784  -3.804  13.648 0.0000000000
150849  -52.278  -4.239  13.788 0.0000000000
78778  -51.479  -4.217  13.411 0.0000000000
77715  -50.669  -4.458  13.249 0.0000000000
151618  -50.389  -4.176  12.783 0.0000000000
78800  -50.461  -3.634  12.403 0.0000000000
78786  -49.848  -4.177  12.480 0.0000000000
158249  -49.133  -4.185  12.172 0.0000000000
149844  -48.487  -4.390  12.088 0.0000000000
78798  -47.990  -4.333  11.727 0.0000000000
78811  -47.383  -4.273  11.213 0.0000000000
158149  -46.873  -3.758  9.989 0.0000000000
78852  -46.791  -3.651  9.244 0.0000000000
79900  -48.144  -2.785  10.061 0.0000000000
79918  -47.768  -2.736  9.193 0.0000000000
79917  -47.220  -3.186  8.782 0.0000000000
79931  -47.263  -3.331  7.923 0.0000000000
78866  -47.500  -3.741  7.295 0.0000000000
82124  -50.626  -0.969  10.435 0.0000000000
82134  -49.756  -1.073  9.290 0.0000000000
82133  -49.126  -1.440  8.817 0.0000000000
82148  -49.618  -0.973  8.367 0.0000000000
82147  -49.122  -1.464  7.948 0.0000000000
148210  -48.665  -2.739  7.100 0.0000000000
87667  -55.123  3.478  12.532 0.0000000000
87684  -53.746  2.825  10.609 0.0000000000
88850  -54.653  3.947  10.680 0.0000000000
87691  -53.804  3.014  9.655 0.0000000000
86518  -52.966  2.080  8.701 0.0000000000
85399  -52.898  1.312  7.546 0.0000000000
88877  -55.785  3.911  8.828 0.0000000000
87701  -55.411  3.136  8.369 0.0000000000
86544  -54.486  2.184  7.870 0.0000000000
84274  -54.792  1.180  8.128 0.0000000000
85401  -54.437  1.681  7.792 0.0000000000
164429  -53.376  1.067  7.390 0.0000000000
84272  -52.827  0.714  7.149 0.0000000000
83226  -52.836  0.024  7.016 0.0000000000
59990  -21.913  -17.875  38.888 0.0000000000
60000  -21.624  -18.191  38.098 0.0000000000
60007  -21.128  -18.544  36.833 0.0000000000
56804  -18.166  -20.834  33.065 0.0000000000
56801  -18.641  -20.384  33.563 0.0000000000
65559  -24.477  -13.940  37.887 0.0000000000
64490  -23.529  -15.088  36.920 0.0000000000
158730  -23.344  -15.082  36.224 0.0000000000
63409  -23.120  -15.597  36.558 0.0000000000
61177  -22.103  -16.852  35.144 0.0000000000
165450  -21.424  -17.524  34.456 0.0000000000
64528  -23.503  -14.498  33.587 0.0000000000
63442  -22.605  -15.626  33.680 0.0000000000
62337  -21.765  -16.426  32.916 0.0000000000
62324  -22.280  -16.093  33.983 0.0000000000
62323  -21.907  -16.580  33.791 0.0000000000
61192  -21.485  -17.177  33.881 0.0000000000
61191  -21.063  -17.730  33.861 0.0000000000
60076  -20.255  -18.571  33.159 0.0000000000
58958  -19.557  -19.325  32.277 0.0000000000
57952  -19.023  -20.078  31.268 0.0000000000
63356  -31.470  -15.015  39.083 0.0000000000
63368  -31.226  -14.824  38.495 0.0000000000
164318  -30.921  -15.121  37.222 0.0000000000
62270  -30.957  -15.918  36.643 0.0000000000
63398  -30.757  -15.494  36.683 0.0000000000
64493  -30.411  -15.088  36.529 0.0000000000
64507  -29.382  -14.928  35.209 0.0000000000
153229  -29.090  -14.935  34.605 0.0000000000
167912  -30.944  -16.307  32.613 0.0000000000
62339  -30.224  -16.234  33.019 0.0000000000
63446  -29.607  -16.055  33.406 0.0000000000
63487  -29.073  -15.662  31.379 0.0000000000
63471  -29.096  -15.685  32.175 0.0000000000
170518  -29.166  -15.703  33.417 0.0000000000
63444  -28.784  -15.443  33.100 0.0000000000
64529  -28.571  -15.046  33.314 0.0000000000
65616  -28.419  -14.374  33.508 0.0000000000
65632  -27.666  -14.032  32.393 0.0000000000
65662  -26.694  -13.845  30.827 0.0000000000
65678  -26.483  -13.934  30.150 0.0000000000
65661  -25.973  -13.475  30.592 0.0000000000
65676  -24.785  -13.585  29.710 0.0000000000
65690  -23.773  -14.056  28.763 0.0000000000
152073  -23.237  -14.450  28.628 0.0000000000
153120  -29.458  -15.607  25.022 0.0000000000
64632  -28.832  -15.075  25.187 0.0000000000
64643  -28.173  -15.051  24.564 0.0000000000
64622  -28.771  -14.916  26.015 0.0000000000
64631  -27.967  -14.882  25.484 0.0000000000
166583  -27.478  -14.827  26.077 0.0000000000
144750  -26.835  -14.817  26.232 0.0000000000
63562  -25.920  -15.338  25.060 0.0000000000
64629  -26.027  -15.028  25.696 0.0000000000
64619  -26.249  -14.797  26.450 0.0000000000
148412  -26.085  -14.635  27.032 0.0000000000
64610  -25.234  -14.567  27.132 0.0000000000
63547  -23.963  -15.584  26.331 0.0000000000
64616  -23.893  -15.062  26.850 0.0000000000
64602  -24.277  -14.529  27.386 0.0000000000
64609  -23.425  -14.951  27.420 0.0000000000
64600  -22.954  -15.018  28.167 0.0000000000
62402  -22.656  -16.387  27.835 0.0000000000
57993  -34.107  -19.477  27.745 0.0000000000
58002  -33.778  -19.490  27.053 0.0000000000
58011  -34.007  -19.431  26.955 0.0000000000
58943  -20.628  -18.930  35.736 0.0000000000
58967  -35.964  -18.998  31.640 0.0000000000
58971  -34.801  -19.089  31.185 0.0000000000
58980  -36.010  -19.088  30.090 0.0000000000
58993  -34.395  -19.380  29.007 0.0000000000
58995  -35.598  -19.167  28.964 0.0000000000
59037  -33.656  -19.433  26.785 0.0000000000
59049  -34.183  -19.242  26.030 0.0000000000
59071  -32.597  -19.346  24.142 0.0000000000
59989  -21.243  -18.276  38.717 0.0000000000
60019  -34.827  -17.474  35.346 0.0000000000
60028  -21.026  -18.408  35.439 0.0000000000
60033  -35.392  -17.543  34.883 0.0000000000
60034  -35.930  -17.559  34.445 0.0000000000
60047  -33.485  -17.952  33.894 0.0000000000
60050  -35.288  -17.979  34.268 0.0000000000
60066  -34.746  -18.333  33.806 0.0000000000
60069  -37.562  -17.396  33.212 0.0000000000
60080  -34.697  -18.702  32.699 0.0000000000
60081  -35.732  -18.514  33.080 0.0000000000
60091  -37.086  -18.371  31.935 0.0000000000
60105  -33.898  -18.985  29.773 0.0000000000
60173  -35.024  -18.142  25.448 0.0000000000
60212  -31.109  -19.258  21.746 0.0000000000
61105  -22.778  -17.199  39.017 0.0000000000
61115  -22.091  -17.743  37.685 0.0000000000
61117  -23.084  -16.799  38.691 0.0000000000
61120  -33.187  -16.739  36.902 0.0000000000
61132  -31.524  -16.501  36.537 0.0000000000
61135  -33.707  -17.044  36.563 0.0000000000
61152  -37.385  -17.236  35.615 0.0000000000
61160  -22.224  -16.992  35.929 0.0000000000
61161  -32.064  -17.067  35.520 0.0000000000
61162  -32.770  -17.333  35.408 0.0000000000
61163  -33.319  -17.593  35.016 0.0000000000
61167  -38.342  -16.950  34.677 0.0000000000
61193  -32.282  -17.317  34.377 0.0000000000
61195  -38.730  -17.006  33.521 0.0000000000
61208  -33.250  -17.805  32.824 0.0000000000
61211  -40.954  -16.749  32.601 0.0000000000
61235  -38.934  -17.535  30.590 0.0000000000
61266  -37.828  -16.949  27.311 0.0000000000
61292  -30.291  -17.834  24.604 0.0000000000
61296  -36.068  -17.028  25.173 0.0000000000
61334  -30.771  -18.441  20.942 0.0000000000
62241  -31.718  -15.854  37.899 0.0000000000
62242  -31.761  -15.815  38.233 0.0000000000
62252  -22.895  -16.858  37.952 0.0000000000
62256  -31.987  -16.177  37.762 0.0000000000
62257  -32.545  -16.558  37.395 0.0000000000
62260  -35.034  -16.876  37.760 0.0000000000
62285  -30.647  -15.979  36.191 0.0000000000
62286  -31.044  -16.281  36.367 0.0000000000
62300  -39.269  -16.073  35.580 0.0000000000
62310  -29.550  -15.810  34.520 0.0000000000
62312  -31.136  -16.753  34.815 0.0000000000
62313  -31.626  -16.937  34.422 0.0000000000
62314  -39.752  -16.811  34.335 0.0000000000
62315  -40.471  -16.780  34.082 0.0000000000
62328  -40.920  -16.728  33.518 0.0000000000
62356  -42.339  -16.113  32.269 0.0000000000
62367  -31.202  -16.092  31.080 0.0000000000
62383  -22.089  -16.103  29.030 0.0000000000
62387  -39.928  -16.791  29.524 0.0000000000
62394  -32.057  -16.968  28.008 0.0000000000
62397  -41.497  -15.971  28.626 0.0000000000
62407  -39.720  -16.380  27.820 0.0000000000
62416  -30.549  -16.114  25.994 0.0000000000
62451  -35.521  -16.711  24.039 0.0000000000
63358  -32.617  -15.482  39.562 0.0000000000
63369  -31.439  -15.325  38.496 0.0000000000
63381  -23.435  -15.839  37.984 0.0000000000
63383  -31.196  -15.220  37.857 0.0000000000
63384  -31.246  -15.200  38.092 0.0000000000
63410  -29.675  -15.365  35.454 0.0000000000
63445  -29.384  -15.825  33.905 0.0000000000
63447  -42.476  -16.009  33.218 0.0000000000
63458  -29.140  -15.709  32.881 0.0000000000
63459  -29.627  -15.940  32.629 0.0000000000
63461  -43.318  -15.593  32.383 0.0000000000
63489  -43.024  -15.673  31.521 0.0000000000
63507  -43.584  -15.384  30.440 0.0000000000
63532  -22.632  -15.761  28.112 0.0000000000
63535  -30.234  -15.541  27.464 0.0000000000
63538  -41.788  -15.825  27.869 0.0000000000
63542  -45.053  -15.008  27.450 0.0000000000
63550  -39.618  -16.004  26.364 0.0000000000
63563  -29.430  -15.338  25.766 0.0000000000
63566  -40.762  -15.654  25.461 0.0000000000
63569  -43.856  -15.279  25.765 0.0000000000
63598  -36.551  -16.007  24.075 0.0000000000
63600  -40.714  -15.214  24.131 0.0000000000
63608  -34.221  -16.249  22.689 0.0000000000
63610  -35.718  -15.663  23.120 0.0000000000
64448  -34.196  -14.781  39.544 0.0000000000
64455  -31.246  -14.705  38.774 0.0000000000
64466  -31.056  -14.756  37.803 0.0000000000
64480  -30.835  -14.890  37.226 0.0000000000
64530  -28.808  -14.948  33.979 0.0000000000
64540  -23.474  -14.389  32.767 0.0000000000
64566  -28.162  -15.146  31.258 0.0000000000
64582  -44.731  -14.770  29.783 0.0000000000
64583  -45.159  -14.340  30.135 0.0000000000
64592  -26.760  -14.328  28.958 0.0000000000
64624  -45.303  -14.796  26.698 0.0000000000
64644  -44.842  -14.846  25.384 0.0000000000
64646  -45.891  -14.264  25.182 0.0000000000
64664  -38.088  -14.825  23.121 0.0000000000
64671  -44.285  -14.664  22.920 0.0000000000
64677  -36.310  -14.666  22.358 0.0000000000
64679  -38.403  -14.491  22.480 0.0000000000
64683  -42.107  -14.897  21.999 0.0000000000
64699  -42.532  -14.618  21.041 0.0000000000
65523  -31.207  -14.480  39.705 0.0000000000
65573  -24.223  -13.881  37.065 0.0000000000
65585  -29.369  -14.188  35.456 0.0000000000
65598  -23.967  -14.029  34.822 0.0000000000
65619  -43.752  -13.691  33.491 0.0000000000
65631  -24.425  -13.271  32.681 0.0000000000
65633  -28.170  -14.561  32.840 0.0000000000
65648  -26.919  -13.690  31.459 0.0000000000
65677  -25.673  -13.649  29.914 0.0000000000
65714  -46.406  -14.011  26.286 0.0000000000
65725  -46.750  -13.465  25.280 0.0000000000
65738  -45.212  -13.702  22.946 0.0000000000
65772  -35.648  -13.363  20.566 0.0000000000
65779  -42.341  -13.887  20.162 0.0000000000
65793  -39.747  -13.744  19.152 0.0000000000
65794  -40.863  -13.732  19.348 0.0000000000
66665  -25.415  -12.431  38.855 0.0000000000
66681  -37.835  -12.845  37.538 0.0000000000
66702  -24.642  -13.176  36.355 0.0000000000
66704  -29.435  -12.924  36.361 0.0000000000
66732  -24.851  -12.796  34.679 0.0000000000
66752  -26.759  -12.656  33.115 0.0000000000
66895  -47.540  -13.212  26.432 0.0000000000
66911  -47.739  -12.527  25.442 0.0000000000
66917  -46.338  -12.892  23.989 0.0000000000
66942  -34.095  -13.181  19.662 0.0000000000
66988  -33.501  -12.367  17.642 0.0000000000
66993  -38.983  -12.778  17.745 0.0000000000
67949  -32.280  -12.531  41.269 0.0000000000
67959  -30.159  -12.010  40.201 0.0000000000
67982  -29.969  -11.664  38.672 0.0000000000
68004  -25.605  -11.975  36.216 0.0000000000
68021  -25.764  -11.977  35.517 0.0000000000
68040  -26.595  -11.972  34.627 0.0000000000
68042  -27.891  -12.214  34.698 0.0000000000
68070  -26.126  -12.450  33.244 0.0000000000
68158  -49.229  -11.255  27.061 0.0000000000
68253  -39.170  -12.372  17.464 0.0000000000
68265  -34.463  -12.181  16.573 0.0000000000
69497  -49.763  -10.627  26.216 0.0000000000
69553  -49.575  -10.608  18.936 0.0000000000
69561  -48.216  -10.983  18.436 0.0000000000
70544  -26.815  -10.527  37.472 0.0000000000
70775  -47.611  -10.260  23.832 0.0000000000
72048  -50.419  -9.533  24.046 0.0000000000
72096  -49.989  -9.678  21.560 0.0000000000
72111  -53.557  -9.323  18.756 0.0000000000
72112  -54.279  -9.066  19.004 0.0000000000
72117  -41.711  -9.667  17.094 0.0000000000
72120  -51.944  -9.533  17.519 0.0000000000
72145  -48.447  -9.988  15.506 0.0000000000
73290  -54.789  -8.512  17.948 0.0000000000
73295  -52.033  -9.122  16.962 0.0000000000
73314  -50.196  -8.380  16.091 0.0000000000
73323  -48.534  -8.125  15.256 0.0000000000
74405  -55.211  -7.707  17.306 0.0000000000
74406  -55.545  -7.409  17.464 0.0000000000
75536  -53.033  -6.693  15.620 0.0000000000
75538  -54.783  -6.708  16.083 0.0000000000
75545  -51.195  -6.334  15.088 0.0000000000
76626  -48.741  -6.273  14.491 0.0000000000
77675  -54.038  -5.106  15.177 0.0000000000
77792  -46.120  -4.685  7.804 0.0000000000
78836  -47.352  -3.733  10.561 0.0000000000
81060  -48.802  -2.019  7.604 0.0000000000
82104  -50.327  -1.590  10.754 0.0000000000
83209  -53.329  -0.425  7.342 0.0000000000
84208  -52.828  0.743  11.812 0.0000000000
84223  -51.865  0.386  10.682 0.0000000000
84269  -51.161  0.240  7.819 0.0000000000
84270  -51.788  0.719  7.843 0.0000000000
84271  -52.276  0.788  7.379 0.0000000000
85400  -53.773  1.687  7.620 0.0000000000
86488  -54.053  1.790  12.644 0.0000000000
86531  -53.642  2.474  8.386 0.0000000000
87711  -55.113  2.577  8.050 0.0000000000
143202  -40.145  -16.539  28.919 0.0000000000
143911  -37.540  -17.280  28.005 0.0000000000
143938  -43.116  -15.710  29.225 0.0000000000
144127  -38.696  -17.406  32.611 0.0000000000
144207  -50.136  -10.358  19.812 0.0000000000
144506  -40.586  -16.839  31.592 0.0000000000
145526  -33.993  -19.382  26.511 0.0000000000
145627  -26.800  -14.734  26.946 0.0000000000
146228  -42.570  -15.922  31.792 0.0000000000
146317  -36.675  -13.115  19.486 0.0000000000
146545  -43.822  -15.624  28.044 0.0000000000
146560  -38.533  -12.935  17.860 0.0000000000
146608  -38.125  -17.480  32.832 0.0000000000
146846  -35.994  -18.208  27.246 0.0000000000
147507  -37.772  -18.109  30.908 0.0000000000
147932  -28.178  -14.824  27.312 0.0000000000
153525  -45.980  -5.901  7.154 0.0000000000
155839  -30.776  -16.324  35.905 0.0000000000
156541  -33.963  -18.445  32.272 0.0000000000
158937  -54.860  0.323  14.892 0.0000000000
159424  -19.128  -20.085  33.431 0.0000000000
159470  -33.183  -15.923  39.093 0.0000000000
159498  -33.715  -18.222  32.664 0.0000000000
159586  -40.185  -15.221  35.606 0.0000000000
160076  -35.106  -19.248  27.899 0.0000000000
160205  -31.357  -14.837  39.310 0.0000000000
160339  -43.834  -15.192  25.236 0.0000000000
162407  -39.799  -16.960  29.943 0.0000000000
162479  -48.665  -10.169  20.339 0.0000000000
162600  -44.309  -14.207  32.487 0.0000000000
162741  -44.031  -15.576  27.463 0.0000000000
163181  -37.468  -12.930  17.825 0.0000000000
163263  -33.577  -16.228  38.796 0.0000000000
163388  -48.433  -11.144  25.004 0.0000000000
163796  -26.965  -10.188  37.951 0.0000000000
164379  -33.563  -19.217  28.375 0.0000000000
164451  -33.967  -17.757  34.774 0.0000000000
166311  -34.339  -18.069  34.328 0.0000000000
167225  -30.399  -12.527  40.074 0.0000000000
167306  -41.471  -15.773  26.677 0.0000000000
167947  -22.434  -15.211  31.426 0.0000000000
168220  -28.993  -15.456  33.752 0.0000000000
168955  -39.921  -16.201  27.332 0.0000000000
169308  -34.556  -17.231  37.220 0.0000000000
169492  -50.307  -6.166  14.936 0.0000000000
169499  -47.378  -9.712  21.128 0.0000000000
170290  -26.824  -13.115  32.279 0.0000000000
171612  -36.633  -16.250  24.461 0.0000000000
171625  -26.045  -12.818  32.249 0.0000000000
172216  -25.075  -15.832  25.254 0.0000000000
