#!ascii label  , from subject sub-v2s2x29089_ses-1 vox2ras=TkReg
1439
67810  -21.944  -13.017  -37.630 0.5555555820
67832  -22.910  -12.865  -38.508 0.6666666865
67857  -23.654  -12.544  -39.165 0.7777777910
154612  -24.351  -11.459  -40.223 0.8888888955
70385  -26.011  -11.070  -39.754 0.8888888955
67791  -20.980  -12.888  -36.698 0.5555555820
69116  -21.562  -12.374  -37.522 0.5555555820
69152  -22.499  -11.865  -38.743 0.6666666865
69153  -23.114  -11.914  -39.228 0.8888888955
149754  -24.645  -12.261  -39.527 0.8888888955
163485  -24.733  -11.528  -40.122 0.8888888955
71601  -25.955  -10.220  -40.387 1.0000000000
71582  -27.230  -10.386  -39.900 0.8888888955
146327  -27.964  -9.524  -40.584 1.0000000000
70353  -21.767  -10.996  -38.529 0.7777777910
71577  -22.998  -10.216  -39.966 1.0000000000
72792  -23.024  -9.579  -40.242 1.0000000000
71598  -24.148  -10.115  -40.772 1.0000000000
72823  -24.927  -9.162  -41.423 1.0000000000
72803  -23.527  -9.305  -40.697 1.0000000000
72825  -26.149  -9.124  -41.324 1.0000000000
72824  -25.526  -8.992  -41.536 1.0000000000
72826  -27.024  -9.026  -41.268 1.0000000000
73949  -28.809  -8.768  -41.171 1.0000000000
73961  -26.672  -8.589  -41.816 1.0000000000
73962  -27.480  -8.515  -41.656 1.0000000000
75058  -29.896  -8.131  -41.418 1.0000000000
75070  -29.391  -7.570  -41.671 1.0000000000
75072  -30.984  -7.448  -41.660 0.7777777910
73945  -22.396  -8.135  -40.535 0.8888888955
73959  -25.259  -8.525  -41.961 1.0000000000
75066  -23.864  -7.871  -41.723 1.0000000000
73971  -25.280  -7.989  -42.421 1.0000000000
75085  -27.425  -7.480  -42.538 1.0000000000
159567  -28.690  -7.535  -41.996 1.0000000000
152972  -29.852  -6.825  -41.818 1.0000000000
76141  -30.582  -6.754  -41.676 1.0000000000
76143  -32.011  -6.717  -41.847 0.8888888955
77299  -31.678  -6.139  -41.868 1.0000000000
76145  -33.445  -6.985  -42.376 0.7777777910
76157  -33.905  -6.998  -42.954 0.7777777910
76131  -22.535  -6.914  -41.272 0.5555555820
77308  -23.970  -5.834  -43.034 0.7777777910
76152  -24.180  -6.700  -42.681 0.8888888955
76154  -26.111  -7.106  -43.338 1.0000000000
155060  -26.230  -7.665  -42.840 1.0000000000
76165  -25.980  -6.451  -43.639 0.8888888955
169775  -27.218  -6.530  -43.180 1.0000000000
76156  -28.311  -6.509  -42.725 1.0000000000
153263  -30.668  -5.470  -42.041 1.0000000000
150184  -32.028  -5.634  -41.940 0.8888888955
145806  -31.418  -5.501  -41.957 1.0000000000
78346  -32.667  -5.497  -42.014 0.8888888955
77325  -34.491  -6.110  -43.871 0.7777777910
76172  -35.165  -7.362  -45.115 0.6666666865
77332  -35.006  -6.428  -45.221 0.6666666865
78353  -22.616  -4.974  -42.525 0.4444444478
77307  -23.104  -5.677  -42.528 0.7777777910
151685  -23.544  -4.574  -43.466 0.6666666865
78368  -26.698  -5.088  -44.021 0.7777777910
77322  -26.546  -5.799  -43.745 0.8888888955
77324  -27.707  -5.532  -43.291 0.8888888955
77312  -28.986  -6.054  -42.540 1.0000000000
78355  -28.239  -5.064  -43.071 1.0000000000
78357  -29.568  -4.713  -42.623 1.0000000000
78344  -31.198  -4.836  -42.189 1.0000000000
79398  -32.386  -4.185  -42.092 0.8888888955
153811  -33.626  -4.828  -42.585 0.7777777910
78371  -34.636  -5.309  -44.012 0.7777777910
76184  -35.663  -6.983  -45.732 0.5555555820
78380  -34.900  -5.156  -44.836 0.7777777910
77352  -35.795  -5.429  -46.109 0.6666666865
79430  -24.054  -3.615  -44.189 0.6666666865
79418  -23.312  -3.890  -43.626 0.6666666865
78378  -25.332  -4.477  -44.355 0.7777777910
79432  -25.270  -3.922  -44.581 0.7777777910
79420  -26.811  -4.486  -44.285 0.8888888955
79406  -28.256  -4.446  -43.215 0.8888888955
79422  -27.978  -4.025  -43.577 1.0000000000
79423  -28.760  -3.812  -43.220 1.0000000000
79409  -30.759  -3.581  -42.556 1.0000000000
79396  -30.929  -4.158  -42.402 0.8888888955
167079  -33.309  -3.530  -42.563 0.8888888955
79425  -34.335  -3.873  -43.667 0.8888888955
154415  -34.371  -4.739  -43.508 0.7777777910
81575  -32.412  -2.581  -42.378 0.8888888955
80485  -33.972  -3.059  -43.438 0.7777777910
79435  -34.695  -3.826  -44.607 0.7777777910
78390  -35.306  -5.076  -45.596 0.7777777910
77353  -36.274  -5.686  -46.762 0.6666666865
80481  -23.382  -3.074  -43.988 0.6666666865
80480  -22.648  -3.260  -43.516 0.5555555820
80492  -24.858  -3.311  -44.619 0.7777777910
80493  -25.772  -3.454  -44.770 0.8888888955
80482  -27.597  -3.555  -43.958 0.8888888955
80496  -27.931  -2.930  -44.293 1.0000000000
80483  -28.328  -3.302  -43.751 1.0000000000
81574  -31.767  -2.746  -42.377 1.0000000000
80472  -31.048  -2.950  -42.536 0.8888888955
80486  -34.445  -3.102  -44.138 0.7777777910
80505  -34.704  -3.272  -45.840 0.7777777910
79459  -35.705  -4.195  -46.914 0.6666666865
79460  -36.215  -4.546  -47.517 0.5555555820
78404  -36.646  -5.334  -47.500 0.5555555820
144121  -24.102  -2.829  -44.407 0.7777777910
153556  -23.122  -1.767  -44.164 0.6666666865
81599  -25.458  -2.626  -44.968 0.8888888955
163571  -27.544  -2.627  -44.689 1.0000000000
81593  -29.268  -2.222  -43.691 1.0000000000
82711  -31.706  -1.406  -42.597 0.8888888955
81584  -32.041  -2.030  -42.465 0.8888888955
82724  -32.615  -1.094  -43.061 0.8888888955
81585  -33.553  -2.390  -43.241 0.8888888955
81616  -34.462  -2.644  -45.422 0.7777777910
81615  -34.148  -2.143  -45.762 0.7777777910
81623  -34.370  -2.786  -46.255 0.7777777910
79467  -35.808  -3.796  -47.592 0.5555555820
82746  -34.026  -1.272  -44.792 0.7777777910
81629  -34.231  -2.850  -47.154 0.5555555820
80527  -35.991  -3.409  -48.419 0.5555555820
81628  -33.734  -2.259  -47.398 0.6666666865
155305  -21.124  -0.596  -43.584 0.4444444478
82731  -22.980  -1.185  -44.479 0.5555555820
82743  -25.550  -1.516  -45.974 0.7777777910
81602  -27.435  -2.031  -45.013 1.0000000000
81613  -25.910  -2.135  -45.584 0.8888888955
82733  -28.101  -1.580  -44.657 1.0000000000
82710  -30.524  -1.171  -43.047 0.8888888955
83801  -31.247  -0.697  -42.808 0.8888888955
83803  -32.061  -0.771  -42.864 0.8888888955
82725  -33.143  -1.083  -43.523 0.8888888955
155073  -33.866  -1.545  -45.987 0.6666666865
81636  -34.173  -2.716  -48.842 0.5555555820
84917  -23.658  0.425  -46.244 0.6666666865
83837  -23.231  -0.351  -45.590 0.6666666865
166731  -27.101  -0.016  -45.477 0.7777777910
83816  -29.306  -0.387  -44.062 0.8888888955
84896  -28.848  0.025  -44.483 0.7777777910
84868  -30.351  0.428  -43.576 0.7777777910
83800  -30.465  -0.352  -43.237 0.8888888955
86006  -30.846  1.044  -43.595 0.7777777910
83802  -31.678  -0.190  -42.938 0.8888888955
145930  -32.102  0.924  -43.612 0.7777777910
84882  -32.405  0.282  -43.491 0.7777777910
83831  -33.758  -0.430  -44.738 0.6666666865
86022  -32.974  1.743  -44.372 0.6666666865
84908  -33.702  0.479  -45.069 0.6666666865
83842  -33.800  -0.202  -45.586 0.6666666865
150534  -33.763  -0.852  -46.200 0.5555555820
148182  -33.678  1.286  -46.096 0.6666666865
84929  -33.497  0.576  -46.746 0.5555555820
83863  -33.206  -0.866  -48.058 0.5555555820
81635  -33.739  -2.303  -48.413 0.4444444478
84936  -33.061  0.059  -47.645 0.5555555820
87178  -23.442  2.856  -45.528 0.3333333433
86030  -23.146  2.003  -45.841 0.3333333433
150358  -24.685  1.345  -46.233 0.5555555820
84920  -26.007  0.749  -46.085 0.6666666865
86045  -26.381  1.728  -45.988 0.5555555820
86018  -27.979  0.969  -45.080 0.7777777910
86019  -28.541  1.149  -44.872 0.7777777910
87167  -29.405  2.186  -44.724 0.6666666865
86005  -30.124  1.149  -44.034 0.6666666865
86021  -30.000  1.877  -44.377 0.6666666865
87158  -31.901  2.064  -43.969 0.6666666865
87159  -32.554  2.247  -44.198 0.6666666865
87170  -33.439  2.552  -44.904 0.6666666865
86046  -33.649  2.018  -46.196 0.6666666865
86067  -33.017  0.888  -47.418 0.5555555820
166601  -32.495  1.136  -47.930 0.5555555820
86056  -33.457  1.461  -46.775 0.6666666865
87188  -24.012  2.832  -45.908 0.4444444478
88320  -23.100  3.432  -45.765 0.4444444478
87189  -24.693  2.721  -46.112 0.4444444478
88334  -25.043  3.317  -46.287 0.5555555820
87190  -25.556  2.440  -46.161 0.5555555820
87180  -27.709  2.338  -45.521 0.6666666865
87166  -28.763  1.861  -44.992 0.6666666865
88308  -28.880  2.623  -45.077 0.6666666865
87157  -31.215  2.210  -44.080 0.6666666865
88298  -32.161  2.624  -44.152 0.6666666865
88313  -33.119  3.147  -44.695 0.6666666865
88344  -33.454  2.993  -46.996 0.6666666865
87197  -33.010  2.487  -47.478 0.5555555820
86055  -33.035  1.691  -47.398 0.6666666865
89529  -24.644  3.961  -46.486 0.4444444478
142680  -27.768  3.543  -45.772 0.6666666865
88323  -28.208  3.021  -45.445 0.6666666865
154596  -29.789  3.537  -44.869 0.6666666865
166125  -29.970  2.489  -44.580 0.6666666865
152606  -30.358  3.120  -44.553 0.6666666865
88336  -33.645  3.301  -45.727 0.6666666865
69177  -23.976  -11.822  -39.869 0.8888888955
70364  -22.739  -11.265  -39.274 1.0000000000
71578  -23.738  -10.653  -40.271 1.0000000000
71599  -24.765  -10.349  -40.760 1.0000000000
71602  -26.714  -9.908  -40.381 1.0000000000
79405  -22.888  -4.460  -43.145 0.5555555820
80462  -32.230  -3.422  -42.200 0.8888888955
81591  -22.720  -2.391  -43.808 0.5555555820
83826  -21.084  0.128  -44.225 0.5555555820
165579  -24.700  -2.432  -44.813 0.7777777910
82722  -28.717  -1.794  -44.182 1.0000000000
151372  -33.655  -1.749  -43.672 0.8888888955
83814  -20.426  -0.029  -43.480 0.2222222239
82755  -33.579  -1.600  -46.793 0.6666666865
84881  -29.550  0.442  -44.145 0.7777777910
82762  -33.422  -1.636  -47.732 0.4444444478
88322  -27.420  3.022  -45.736 0.6666666865
89518  -28.322  3.848  -45.606 0.6666666865
79417  -22.558  -3.872  -43.213 0.4444444478
80479  -21.949  -2.799  -43.346 0.4444444478
86075  -31.365  0.782  -48.825 0.5555555820
159102  -31.489  0.047  -49.151 0.5555555820
89514  -22.985  3.958  -45.615 0.2222222239
88332  -23.673  3.461  -46.146 0.3333333433
87209  -31.376  1.527  -48.757 0.5555555820
66518  -21.716  -13.990  -36.875 0.5555555820
66519  -22.412  -14.399  -37.259 0.5555555820
67811  -22.538  -13.235  -38.095 0.6666666865
66562  -23.228  -13.333  -38.367 0.5555555820
67833  -23.792  -13.022  -38.814 0.5555555820
69157  -26.183  -12.005  -38.962 0.7777777910
70367  -26.509  -11.458  -39.244 0.8888888955
66517  -20.925  -13.470  -36.380 0.5555555820
67858  -24.239  -12.695  -39.227 0.6666666865
69156  -25.384  -12.194  -39.267 0.8888888955
70386  -26.861  -10.919  -39.537 0.7777777910
164555  -28.141  -10.447  -39.844 0.7777777910
72796  -29.074  -9.942  -40.431 0.8888888955
67790  -20.302  -12.497  -36.071 0.4444444478
70339  -20.540  -10.952  -36.735 0.5555555820
72807  -28.574  -9.420  -40.702 1.0000000000
71555  -20.999  -10.304  -37.834 0.2222222239
71565  -22.098  -10.448  -39.175 0.6666666865
161430  -30.952  -8.670  -41.423 0.8888888955
73964  -32.108  -8.466  -41.660 0.6666666865
76144  -32.740  -7.052  -41.966 0.7777777910
75087  -33.648  -7.672  -42.762 0.6666666865
73938  -21.963  -8.576  -40.002 0.5555555820
75094  -34.650  -8.228  -44.074 0.6666666865
75054  -21.753  -7.509  -40.467 0.4444444478
155544  -34.862  -7.704  -44.521 0.5555555820
153015  -36.488  -7.285  -46.323 0.5555555820
77294  -21.749  -5.590  -41.317 0.2222222239
154241  -36.739  -6.763  -46.887 0.5555555820
78352  -22.047  -4.193  -42.632 0.4444444478
77360  -37.035  -6.325  -47.582 0.5555555820
80467  -20.951  -2.913  -42.307 0.3333333433
153019  -37.900  -5.376  -49.296 0.5555555820
82720  -21.785  -1.116  -43.734 0.4444444478
79478  -37.768  -4.452  -49.960 0.4444444478
161853  -19.982  -0.198  -42.810 0.3333333433
80535  -35.450  -3.093  -49.174 0.5555555820
81641  -33.841  -2.676  -49.703 0.4444444478
87165  -21.383  2.644  -44.932 0.3333333433
87176  -21.872  2.022  -45.334 0.3333333433
86028  -22.074  1.272  -45.439 0.4444444478
83870  -32.869  -1.809  -49.201 0.4444444478
84944  -32.032  -0.301  -48.926 0.4444444478
84943  -30.693  -0.073  -49.644 0.2222222239
89528  -24.035  3.947  -46.391 0.3333333433
88335  -26.329  3.855  -46.182 0.6666666865
89502  -29.601  4.158  -45.088 0.6666666865
146964  -31.125  3.636  -44.346 0.6666666865
160935  -31.819  4.092  -44.324 0.6666666865
89520  -32.869  4.643  -44.801 0.6666666865
89532  -33.584  4.175  -46.616 0.6666666865
151144  -33.629  3.486  -46.420 0.6666666865
88354  -33.064  3.365  -47.667 0.6666666865
88353  -32.491  2.677  -48.059 0.4444444478
86074  -30.780  0.900  -49.129 0.3333333433
89531  -26.877  4.378  -46.206 0.5555555820
171111  -21.365  -12.809  -37.171 0.5555555820
67831  -22.342  -12.542  -38.255 0.6666666865
66541  -21.512  -13.341  -37.094 0.5555555820
66542  -22.152  -13.660  -37.527 0.6666666865
67856  -23.075  -12.411  -38.914 0.7777777910
171596  -23.307  -12.834  -38.802 0.7777777910
69155  -24.063  -12.228  -39.581 0.8888888955
71579  -24.846  -10.996  -40.419 1.0000000000
70405  -24.285  -10.862  -40.538 1.0000000000
69178  -24.442  -11.886  -39.929 0.8888888955
70383  -23.893  -11.318  -40.094 1.0000000000
71581  -26.372  -10.516  -40.014 1.0000000000
70384  -25.270  -11.344  -40.055 0.8888888955
70366  -25.709  -11.652  -39.515 0.8888888955
69115  -20.828  -12.187  -36.717 0.5555555820
69132  -21.023  -11.663  -37.199 0.5555555820
69133  -21.723  -11.787  -38.026 0.6666666865
70365  -23.453  -11.654  -39.672 0.8888888955
69179  -25.020  -11.868  -39.769 0.8888888955
71580  -25.583  -10.752  -40.241 1.0000000000
71600  -25.343  -10.326  -40.650 1.0000000000
72805  -25.983  -9.742  -40.756 1.0000000000
72794  -27.628  -9.898  -40.245 1.0000000000
73948  -27.914  -9.009  -41.082 1.0000000000
71564  -21.350  -10.016  -38.657 0.6666666865
70352  -21.100  -11.056  -37.620 0.6666666865
70382  -23.279  -11.019  -39.834 1.0000000000
71576  -22.347  -10.078  -39.594 0.8888888955
72791  -22.290  -9.423  -39.862 0.8888888955
71566  -22.710  -10.619  -39.576 1.0000000000
72793  -23.520  -9.996  -40.383 1.0000000000
73939  -22.734  -8.919  -40.334 0.8888888955
72804  -24.702  -9.760  -41.045 1.0000000000
72822  -24.263  -9.299  -41.171 1.0000000000
158143  -25.323  -9.665  -41.099 1.0000000000
165715  -26.634  -9.439  -40.893 1.0000000000
73958  -24.461  -8.602  -41.630 1.0000000000
73950  -29.615  -8.785  -41.161 0.8888888955
73963  -28.187  -8.463  -41.518 1.0000000000
75068  -27.094  -8.066  -42.172 1.0000000000
73973  -26.399  -8.146  -42.347 1.0000000000
75069  -28.746  -8.101  -41.649 1.0000000000
75059  -30.609  -8.103  -41.543 0.8888888955
75073  -31.899  -7.496  -41.759 0.7777777910
75056  -23.100  -7.997  -41.123 1.0000000000
75055  -22.449  -7.451  -40.949 0.5555555820
73947  -23.735  -8.609  -41.191 1.0000000000
157258  -21.701  -7.968  -40.107 0.5555555820
75067  -24.710  -8.014  -42.114 1.0000000000
75083  -25.535  -7.541  -42.929 1.0000000000
76155  -26.851  -7.124  -42.987 1.0000000000
75086  -28.194  -7.210  -42.447 1.0000000000
77296  -29.607  -6.289  -42.191 1.0000000000
77297  -30.258  -6.153  -41.945 1.0000000000
77301  -33.105  -6.214  -42.125 0.8888888955
77313  -33.684  -6.205  -42.564 0.7777777910
76158  -34.313  -7.121  -43.811 0.6666666865
76130  -21.842  -6.820  -40.806 0.5555555820
76137  -22.312  -6.264  -41.397 0.6666666865
76138  -22.964  -6.696  -41.777 0.6666666865
75065  -23.082  -7.341  -41.493 0.7777777910
76139  -23.642  -7.068  -42.064 0.7777777910
76151  -23.421  -6.373  -42.409 0.7777777910
78365  -24.092  -5.036  -43.523 0.6666666865
77320  -24.855  -5.603  -43.656 0.8888888955
77309  -24.768  -6.405  -43.250 0.8888888955
76164  -25.340  -6.247  -43.621 0.8888888955
75081  -24.374  -7.405  -42.372 0.8888888955
153162  -24.863  -7.142  -42.946 1.0000000000
77323  -27.196  -5.991  -43.418 0.8888888955
77311  -28.283  -5.780  -42.922 1.0000000000
78342  -29.796  -5.548  -42.372 1.0000000000
78345  -32.051  -4.914  -42.030 0.8888888955
78358  -33.925  -5.501  -42.757 0.8888888955
77314  -34.136  -6.208  -43.162 0.7777777910
76167  -34.667  -6.761  -44.562 0.7777777910
163838  -35.050  -5.705  -45.230 0.6666666865
75118  -36.064  -8.073  -45.453 0.5555555820
76192  -35.897  -6.321  -46.310 0.6666666865
78354  -23.376  -5.092  -43.061 0.5555555820
78341  -21.745  -4.858  -41.830 0.3333333433
77295  -22.417  -5.584  -41.908 0.4444444478
149473  -22.840  -6.137  -42.008 0.6666666865
79419  -24.082  -4.332  -43.844 0.6666666865
78366  -24.749  -4.783  -43.982 0.7777777910
78370  -27.699  -4.805  -43.551 0.8888888955
78356  -28.925  -5.292  -42.712 1.0000000000
150313  -29.355  -4.089  -42.849 1.0000000000
79411  -33.425  -4.128  -42.541 0.7777777910
78389  -34.980  -4.445  -45.127 0.7777777910
79433  -26.337  -3.980  -44.513 0.8888888955
80471  -30.324  -3.197  -42.760 1.0000000000
79445  -34.895  -3.803  -45.454 0.7777777910
79446  -35.261  -4.253  -45.839 0.7777777910
78403  -36.076  -4.887  -46.838 0.6666666865
80469  -21.984  -3.475  -43.038 0.4444444478
80495  -27.272  -3.147  -44.476 0.8888888955
81581  -29.919  -2.602  -43.172 1.0000000000
81583  -31.277  -2.134  -42.536 0.8888888955
81595  -34.104  -2.405  -43.857 0.7777777910
160580  -34.805  -3.329  -46.612 0.6666666865
79468  -36.422  -4.154  -48.272 0.5555555820
79469  -37.115  -4.541  -48.977 0.5555555820
82721  -22.492  -1.523  -43.955 0.5555555820
81611  -24.394  -1.773  -45.047 0.6666666865
81601  -26.979  -2.693  -44.953 0.8888888955
81594  -29.907  -1.751  -43.393 1.0000000000
82713  -32.967  -1.724  -43.026 0.8888888955
170339  -34.743  -3.204  -47.319 0.6666666865
83819  -32.642  -0.448  -43.384 0.8888888955
80526  -34.666  -2.997  -49.044 0.5555555820
82730  -22.314  -0.785  -44.271 0.5555555820
82741  -23.997  -1.286  -45.272 0.5555555820
82745  -26.994  -1.518  -45.454 1.0000000000
150004  -26.654  -1.083  -45.691 0.7777777910
82742  -24.627  -1.288  -45.788 0.7777777910
83817  -29.764  -0.911  -43.572 0.8888888955
144035  -28.190  -0.954  -44.731 0.7777777910
80534  -34.944  -3.091  -50.418 0.5555555820
84906  -22.542  0.830  -45.652 0.5555555820
166988  -23.058  0.216  -45.992 0.5555555820
84916  -23.122  1.069  -45.962 0.4444444478
83849  -24.760  -0.110  -46.323 0.6666666865
83851  -26.413  -0.007  -45.913 0.6666666865
83839  -26.064  -0.885  -46.077 0.7777777910
83828  -22.755  -0.543  -44.912 0.7777777910
83827  -21.918  -0.122  -44.790 0.6666666865
84895  -28.273  0.411  -44.871 0.7777777910
83841  -27.248  -0.760  -45.371 0.7777777910
84869  -31.125  0.254  -43.153 0.7777777910
164392  -31.848  1.451  -43.723 0.6666666865
84897  -33.384  0.322  -44.437 0.6666666865
86009  -32.812  0.883  -44.065 0.6666666865
157064  -33.352  1.988  -44.733 0.6666666865
86034  -33.689  1.231  -45.363 0.6666666865
151705  -33.646  -0.137  -46.429 0.5555555820
83858  -33.505  -0.839  -47.058 0.5555555820
83862  -32.700  -0.563  -48.578 0.4444444478
82768  -33.359  -2.035  -48.882 0.4444444478
84935  -32.532  0.341  -48.131 0.5555555820
86042  -23.831  1.380  -46.151 0.4444444478
163643  -24.958  2.014  -46.137 0.5555555820
86032  -27.530  1.123  -45.318 0.6666666865
86033  -28.034  1.619  -45.277 0.7777777910
88325  -33.470  3.202  -45.131 0.6666666865
87198  -33.447  2.243  -46.867 0.6666666865
88321  -26.696  3.129  -45.997 0.6666666865
88311  -31.910  3.241  -44.211 0.6666666865
89505  -32.617  3.813  -44.431 0.6666666865
89506  -33.218  3.841  -44.891 0.6666666865
81590  -21.860  -1.984  -43.513 0.4444444478
84880  -20.350  0.678  -43.885 0.3333333433
79404  -21.390  -3.561  -42.521 0.4444444478
81580  -21.275  -2.422  -42.979 0.4444444478
83868  -31.128  -1.241  -49.786 0.3333333433
87208  -30.647  1.666  -49.283 0.3333333433
162648  -26.895  -11.851  -38.831 0.6666666865
65397  -21.313  -14.414  -36.204 0.5555555820
72809  -30.088  -9.402  -40.966 0.7777777910
66516  -20.335  -13.123  -35.725 0.3333333433
156558  -20.492  -11.423  -36.540 0.4444444478
75075  -33.217  -7.952  -42.273 0.6666666865
157001  -21.644  -6.117  -40.899 0.3333333433
77288  -21.124  -5.596  -40.743 0.1111111119
78335  -21.230  -5.076  -41.161 0.1111111119
80468  -21.466  -3.060  -42.876 0.4444444478
82719  -21.052  -1.495  -43.130 0.3333333433
86004  -20.596  1.542  -44.048 0.3333333433
146615  -33.484  3.636  -47.064 0.6666666865
88366  -32.419  3.388  -48.368 0.4444444478
64329  -25.501  -15.902  -37.286 0.4444444478
146617  -27.947  -17.411  -38.397 0.2222222239
145193  -22.496  -15.037  -36.686 0.4444444478
144648  -23.248  -15.500  -36.502 0.4444444478
65416  -23.072  -14.386  -37.531 0.4444444478
65417  -23.793  -14.675  -37.377 0.4444444478
149401  -25.519  -14.930  -37.453 0.4444444478
66545  -26.537  -14.855  -37.925 0.4444444478
65421  -28.036  -16.254  -39.633 0.2222222239
66563  -24.000  -13.594  -38.327 0.4444444478
66564  -24.767  -13.679  -38.191 0.4444444478
66565  -26.161  -13.848  -37.993 0.4444444478
66568  -28.996  -15.203  -39.767 0.1111111119
65434  -29.365  -15.627  -39.827 0.1111111119
66567  -28.093  -14.721  -38.970 0.3333333433
67834  -24.506  -13.179  -38.700 0.4444444478
67835  -25.416  -13.291  -38.355 0.4444444478
66566  -27.073  -14.190  -38.202 0.3333333433
67838  -28.465  -13.874  -38.758 0.3333333433
66569  -29.628  -14.750  -39.577 0.2222222239
67836  -26.412  -13.210  -38.185 0.4444444478
67837  -27.476  -13.472  -38.290 0.3333333433
67859  -24.979  -12.720  -38.998 0.5555555820
69134  -25.840  -12.598  -38.648 0.4444444478
69160  -29.355  -12.411  -38.742 0.2222222239
67860  -30.081  -12.709  -38.743 0.1111111119
69163  -31.837  -11.908  -39.183 0.1111111119
69159  -28.364  -11.954  -38.702 0.3333333433
70370  -29.228  -11.515  -39.144 0.3333333433
70369  -28.299  -11.122  -39.290 0.4444444478
71568  -28.945  -10.841  -39.725 0.5555555820
71584  -29.549  -10.539  -40.152 0.6666666865
70390  -31.827  -11.093  -40.374 0.4444444478
72797  -29.803  -9.983  -40.598 0.6666666865
71607  -33.478  -10.762  -41.371 0.3333333433
71603  -30.542  -10.047  -40.771 0.6666666865
72813  -33.163  -10.039  -41.649 0.5555555820
72810  -30.917  -9.389  -41.138 0.6666666865
72827  -32.905  -9.333  -41.943 0.5555555820
72828  -33.602  -9.559  -42.063 0.5555555820
71620  -33.940  -10.352  -41.785 0.4444444478
72840  -34.825  -9.472  -42.861 0.3333333433
73953  -32.010  -9.194  -41.562 0.5555555820
73984  -35.574  -9.112  -44.096 0.4444444478
75095  -35.446  -8.541  -44.445 0.5555555820
73974  -34.533  -8.902  -43.674 0.4444444478
75105  -35.799  -8.357  -44.883 0.4444444478
89503  -30.401  4.034  -44.659 0.5555555820
90693  -30.209  4.800  -44.966 0.5555555820
90695  -31.687  4.781  -44.530 0.5555555820
91879  -32.264  5.204  -44.694 0.5555555820
90709  -33.238  4.962  -45.328 0.5555555820
91911  -33.467  5.545  -46.260 0.5555555820
64317  -24.752  -16.011  -36.892 0.4444444478
64331  -27.235  -17.204  -38.241 0.2222222239
66543  -22.769  -13.839  -37.844 0.4444444478
67839  -29.638  -13.605  -38.849 0.2222222239
67840  -30.138  -13.412  -38.556 0.1111111119
70371  -30.093  -11.494  -39.393 0.4444444478
70372  -30.770  -11.445  -39.575 0.3333333433
70387  -29.625  -11.081  -39.702 0.4444444478
71604  -31.289  -10.176  -40.942 0.6666666865
71587  -31.642  -10.734  -40.739 0.4444444478
73975  -35.753  -9.638  -43.589 0.3333333433
73995  -36.732  -9.573  -44.650 0.4444444478
76201  -37.773  -7.357  -47.541 0.4444444478
90708  -29.908  5.512  -45.357 0.5555555820
91892  -29.607  6.133  -45.604 0.5555555820
70391  -33.143  -11.295  -40.493 0.2222222239
89537  -33.421  4.174  -47.412 0.5555555820
63226  -23.678  -17.008  -35.758 0.4444444478
63237  -24.075  -16.726  -36.160 0.4444444478
63238  -24.917  -17.068  -36.642 0.4444444478
63250  -26.635  -17.769  -37.617 0.2222222239
62145  -27.176  -18.137  -37.278 0.2222222239
63252  -27.765  -17.782  -37.758 0.1111111119
64314  -21.906  -15.107  -36.236 0.4444444478
64298  -23.311  -16.182  -35.984 0.4444444478
63262  -28.474  -16.780  -39.094 0.1111111119
64344  -29.127  -16.265  -39.723 0.1111111119
65435  -29.871  -14.925  -39.231 0.1111111119
150579  -29.818  -14.285  -38.975 0.1111111119
67842  -31.457  -12.929  -38.175 0.1111111119
67863  -32.311  -12.223  -38.578 0.1111111119
69164  -32.467  -11.895  -39.154 0.1111111119
70392  -33.961  -11.672  -40.648 0.2222222239
71621  -34.901  -10.656  -41.942 0.1111111119
70408  -33.774  -11.308  -41.059 0.2222222239
72841  -36.196  -10.305  -43.127 0.2222222239
72852  -36.902  -10.480  -43.689 0.2222222239
73985  -36.863  -10.129  -44.108 0.3333333433
75126  -37.274  -8.339  -46.285 0.4444444478
75134  -38.622  -8.316  -47.392 0.3333333433
75135  -38.894  -7.801  -47.791 0.3333333433
76208  -38.690  -7.209  -48.688 0.3333333433
84893  -21.466  0.514  -44.815 0.4444444478
170543  -36.115  -3.234  -49.031 0.4444444478
82774  -32.417  -2.931  -50.530 0.3333333433
157970  -25.954  4.675  -46.473 0.4444444478
89544  -32.931  4.199  -48.149 0.5555555820
90706  -28.324  4.702  -45.790 0.5555555820
142681  -28.690  5.381  -45.710 0.5555555820
91895  -32.078  6.037  -45.053 0.5555555820
148908  -32.701  6.191  -45.431 0.5555555820
91910  -33.271  6.253  -46.416 0.5555555820
91891  -28.748  6.118  -45.847 0.5555555820
170679  -21.962  -14.597  -36.670 0.4444444478
65398  -23.136  -14.901  -37.048 0.4444444478
70368  -27.442  -11.411  -39.044 0.6666666865
71583  -28.826  -10.337  -40.081 0.6666666865
73965  -32.760  -8.613  -41.975 0.5555555820
153645  -33.777  -8.658  -42.966 0.5555555820
77369  -38.497  -6.492  -49.140 0.4444444478
83869  -32.181  -1.526  -49.525 0.3333333433
66544  -23.508  -14.032  -37.906 0.4444444478
69158  -27.487  -12.048  -38.630 0.3333333433
69135  -26.845  -12.472  -38.441 0.3333333433
65419  -26.371  -15.932  -37.788 0.4444444478
64330  -26.241  -16.822  -37.654 0.3333333433
64318  -25.648  -16.961  -37.216 0.4444444478
63251  -27.358  -17.912  -37.774 0.3333333433
64315  -22.566  -15.602  -36.151 0.4444444478
65399  -23.929  -15.334  -36.868 0.4444444478
64316  -24.031  -16.072  -36.454 0.4444444478
155621  -24.514  -14.269  -37.717 0.4444444478
65418  -24.653  -15.113  -37.186 0.4444444478
65420  -27.324  -16.197  -38.751 0.4444444478
66546  -27.589  -15.377  -38.896 0.4444444478
64332  -28.034  -16.766  -39.131 0.2222222239
170024  -28.891  -16.002  -40.049 0.1111111119
65433  -28.461  -15.866  -39.879 0.2222222239
64334  -29.444  -15.714  -38.622 0.1111111119
69137  -28.822  -13.053  -38.624 0.3333333433
69136  -27.887  -12.731  -38.429 0.3333333433
143707  -29.227  -14.185  -39.086 0.2222222239
69161  -29.894  -12.014  -39.021 0.2222222239
69162  -30.650  -12.006  -39.125 0.1111111119
67861  -30.675  -12.674  -38.713 0.1111111119
69181  -32.186  -11.581  -39.607 0.1111111119
67862  -31.758  -12.288  -38.709 0.1111111119
70388  -30.343  -11.000  -39.999 0.4444444478
71586  -30.944  -10.699  -40.534 0.4444444478
70407  -33.116  -10.935  -40.971 0.3333333433
70389  -31.235  -11.179  -40.052 0.4444444478
170149  -31.841  -11.362  -39.929 0.3333333433
71608  -34.268  -11.178  -41.548 0.1111111119
71606  -32.734  -10.501  -41.269 0.4444444478
72811  -31.674  -9.680  -41.335 0.5555555820
71605  -32.004  -10.352  -41.163 0.5555555820
73966  -33.906  -9.248  -42.552 0.5555555820
72829  -34.496  -9.783  -42.144 0.3333333433
74005  -38.149  -9.811  -45.673 0.4444444478
90694  -30.974  4.912  -44.719 0.5555555820
90707  -29.268  4.902  -45.418 0.5555555820
91896  -32.852  5.517  -45.187 0.5555555820
67841  -30.738  -13.156  -38.362 0.1111111119
93016  -29.309  6.654  -45.831 0.5555555820
69182  -32.865  -11.550  -39.813 0.2222222239
63227  -24.508  -17.540  -36.137 0.4444444478
63239  -26.038  -18.039  -37.123 0.4444444478
63240  -26.775  -18.302  -37.264 0.2222222239
143798  -22.595  -16.045  -35.696 0.4444444478
64297  -21.950  -15.686  -35.737 0.4444444478
64333  -28.882  -16.653  -38.589 0.1111111119
63253  -28.254  -17.257  -38.227 0.1111111119
66547  -30.249  -13.854  -38.361 0.1111111119
55525  -24.919  -23.139  -31.294 0.1111111119
59808  -21.524  -19.599  -32.732 0.3333333433
57755  -23.823  -22.148  -32.877 0.2222222239
55537  -24.612  -23.046  -31.906 0.2222222239
55538  -25.242  -22.998  -31.783 0.1111111119
56642  -24.982  -22.759  -32.477 0.1111111119
62078  -20.555  -17.832  -33.184 0.3333333433
59822  -21.053  -19.080  -32.679 0.3333333433
59823  -22.768  -19.888  -33.599 0.3333333433
58776  -23.702  -20.554  -33.967 0.3333333433
57770  -24.227  -21.846  -33.435 0.2222222239
58777  -24.635  -20.907  -34.101 0.2222222239
56652  -24.734  -22.195  -33.057 0.2222222239
56653  -25.217  -22.248  -32.758 0.1111111119
57781  -24.771  -21.492  -33.629 0.2222222239
63187  -19.791  -16.311  -33.728 0.2222222239
62089  -20.148  -17.148  -33.507 0.2222222239
60945  -21.263  -18.190  -33.451 0.3333333433
60932  -21.535  -18.919  -33.184 0.3333333433
163728  -22.026  -19.538  -33.204 0.3333333433
164195  -25.154  -20.886  -34.011 0.1111111119
64275  -20.479  -15.679  -34.697 0.2222222239
63188  -20.533  -16.829  -34.081 0.3333333433
63189  -21.311  -17.145  -34.341 0.3333333433
64276  -21.297  -15.873  -35.199 0.3333333433
63203  -21.700  -16.686  -34.865 0.3333333433
62091  -21.767  -17.899  -34.049 0.3333333433
62111  -22.076  -17.408  -34.608 0.3333333433
60963  -23.099  -18.362  -34.633 0.3333333433
62112  -22.827  -17.679  -34.833 0.3333333433
60964  -23.951  -18.923  -34.982 0.3333333433
60978  -24.478  -18.669  -35.478 0.3333333433
59849  -25.193  -19.957  -35.005 0.3333333433
58788  -25.275  -20.230  -34.528 0.1111111119
59850  -25.466  -19.721  -34.914 0.2222222239
149533  -20.084  -14.002  -34.635 0.2222222239
65367  -20.719  -15.072  -35.172 0.2222222239
63224  -22.170  -16.293  -35.311 0.3333333433
63204  -22.468  -17.024  -35.092 0.3333333433
62130  -23.258  -17.348  -35.294 0.3333333433
62113  -23.634  -18.070  -35.069 0.3333333433
62131  -24.085  -17.812  -35.594 0.3333333433
60965  -24.889  -19.438  -35.293 0.3333333433
59865  -25.461  -19.441  -35.340 0.1111111119
66503  -20.177  -13.417  -35.135 0.3333333433
65379  -20.379  -14.291  -35.143 0.3333333433
63225  -22.909  -16.637  -35.509 0.3333333433
62132  -24.978  -18.504  -36.048 0.3333333433
62142  -25.501  -18.253  -36.574 0.3333333433
73996  -38.289  -10.411  -45.099 0.2222222239
74012  -38.683  -9.485  -46.311 0.2222222239
165305  -38.673  -9.877  -45.983 0.2222222239
78418  -38.608  -5.188  -50.204 0.3333333433
77376  -38.776  -5.824  -49.760 0.2222222239
57768  -22.589  -21.128  -32.803 0.3333333433
57769  -23.424  -21.491  -33.128 0.3333333433
57771  -25.267  -21.605  -33.258 0.1111111119
64266  -19.894  -15.567  -34.097 0.3333333433
62090  -20.943  -17.520  -33.765 0.3333333433
60947  -22.469  -18.605  -34.147 0.3333333433
60948  -23.343  -19.119  -34.468 0.3333333433
59835  -23.557  -19.795  -34.160 0.3333333433
58787  -24.995  -20.425  -34.504 0.3333333433
63202  -20.901  -16.419  -34.610 0.3333333433
64296  -21.324  -15.141  -35.725 0.3333333433
55524  -24.236  -23.044  -31.092 0.1111111119
55510  -24.785  -23.071  -30.385 0.1111111119
59806  -20.052  -19.199  -31.922 0.3333333433
59807  -20.844  -19.616  -32.198 0.3333333433
57752  -21.509  -21.056  -32.022 0.3333333433
57753  -22.170  -21.484  -32.267 0.3333333433
57754  -22.946  -21.798  -32.539 0.3333333433
56640  -23.354  -22.407  -32.191 0.3333333433
55511  -25.630  -23.039  -30.103 0.1111111119
60930  -20.167  -18.153  -32.640 0.3333333433
56624  -25.740  -22.569  -31.347 0.1111111119
148999  -25.564  -21.081  -32.601 0.1111111119
58768  -25.491  -20.563  -33.176 0.1111111119
59836  -25.598  -19.765  -34.209 0.1111111119
65366  -20.069  -14.804  -34.517 0.2222222239
165296  -25.693  -19.293  -35.264 0.1111111119
60980  -25.861  -19.176  -35.780 0.1111111119
62143  -26.391  -18.667  -36.751 0.1111111119
67774  -20.068  -13.004  -34.995 0.1111111119
75129  -38.874  -8.209  -47.250 0.2222222239
79486  -38.109  -3.913  -50.572 0.2222222239
78427  -39.094  -4.845  -50.419 0.2222222239
69114  -20.045  -11.542  -36.304 0.2222222239
72787  -21.738  -9.655  -39.290 0.5555555820
66504  -20.646  -13.878  -35.707 0.3333333433
65380  -20.880  -14.563  -35.591 0.4444444478
76210  -39.259  -7.056  -48.406 0.2222222239
55526  -25.427  -23.007  -30.977 0.1111111119
56623  -23.777  -22.858  -31.726 0.1111111119
58753  -21.487  -20.307  -32.344 0.3333333433
171306  -21.962  -20.848  -32.469 0.3333333433
60931  -20.861  -18.492  -32.909 0.3333333433
62077  -19.782  -17.456  -32.923 0.2222222239
60922  -20.484  -18.825  -32.389 0.3333333433
58767  -23.055  -20.820  -33.421 0.3333333433
59834  -22.210  -19.117  -33.652 0.3333333433
156739  -22.837  -19.276  -33.997 0.3333333433
142775  -23.998  -21.269  -33.719 0.2222222239
157782  -24.332  -20.392  -34.386 0.2222222239
60946  -21.836  -18.534  -33.699 0.3333333433
63201  -20.250  -16.200  -34.313 0.3333333433
65356  -19.621  -14.835  -33.740 0.2222222239
62092  -22.438  -17.977  -34.440 0.3333333433
59848  -24.385  -19.802  -34.763 0.3333333433
58778  -25.423  -20.320  -33.958 0.1111111119
60979  -25.373  -19.135  -35.728 0.3333333433
60991  -26.026  -19.017  -36.289 0.1111111119
55509  -23.875  -22.929  -30.245 0.1111111119
58752  -20.900  -20.496  -31.843 0.3333333433
58751  -20.236  -19.957  -31.694 0.2222222239
57733  -20.905  -21.360  -31.480 0.3333333433
57734  -21.687  -21.792  -31.737 0.3333333433
56639  -22.488  -22.108  -31.918 0.3333333433
62072  -19.382  -17.766  -32.368 0.2222222239
75120  -38.984  -8.914  -46.270 0.1111111119
75108  -38.915  -9.414  -45.557 0.1111111119
77333  -38.232  -6.960  -44.753 0.1111111119
76174  -38.821  -8.125  -45.554 0.1111111119
77362  -39.174  -6.546  -47.423 0.1111111119
157646  -38.653  -5.804  -46.490 0.1111111119
77377  -39.180  -6.119  -49.467 0.1111111119
78406  -38.799  -5.261  -47.009 0.1111111119
78413  -39.537  -5.728  -49.171 0.1111111119
79461  -38.919  -4.579  -47.556 0.1111111119
80543  -35.044  -3.522  -51.282 0.2222222239
78420  -39.457  -5.650  -49.722 0.1111111119
79471  -39.294  -4.833  -48.661 0.1111111119
82783  -34.150  -3.991  -51.808 0.1111111119
81649  -33.833  -3.703  -51.221 0.2222222239
83879  -31.394  -2.699  -50.524 0.1111111119
81658  -34.685  -3.779  -51.708 0.1111111119
154151  -32.677  -3.328  -52.132 0.1111111119
89519  -28.903  4.216  -45.405 0.4444444478
90720  -26.171  5.435  -46.527 0.4444444478
91890  -27.902  5.594  -46.034 0.4444444478
83877  -29.395  -2.105  -51.070 0.1111111119
91894  -31.128  6.149  -45.078 0.4444444478
156397  -31.641  3.299  -48.859 0.3333333433
154764  -31.441  2.379  -48.829 0.2222222239
162376  -29.766  1.283  -49.694 0.1111111119
84950  -29.613  -0.743  -50.403 0.1111111119
152131  -29.012  -0.575  -50.632 0.1111111119
93018  -30.740  6.782  -45.374 0.4444444478
93017  -29.986  6.731  -45.622 0.4444444478
151556  -30.346  7.374  -45.734 0.4444444478
93019  -31.548  6.779  -45.266 0.4444444478
94111  -32.516  7.245  -45.931 0.4444444478
93032  -32.867  6.590  -45.908 0.4444444478
91917  -33.269  6.485  -47.039 0.4444444478
156450  -33.098  5.780  -48.314 0.4444444478
90736  -33.074  5.023  -48.268 0.2222222239
90742  -31.863  4.742  -49.075 0.2222222239
89553  -30.945  3.626  -49.290 0.2222222239
88376  -30.247  3.139  -49.696 0.2222222239
88375  -29.339  2.504  -50.155 0.2222222239
95139  -31.231  8.866  -51.457 0.1111111119
93066  -29.808  6.497  -50.949 0.1111111119
88385  -27.330  2.353  -51.082 0.1111111119
93029  -25.992  6.688  -46.312 0.4444444478
165773  -27.755  7.120  -46.219 0.4444444478
93030  -26.978  6.790  -46.309 0.4444444478
94107  -29.521  7.277  -45.946 0.4444444478
95090  -30.766  8.002  -45.823 0.4444444478
95109  -31.974  8.455  -46.187 0.4444444478
94124  -32.561  7.810  -46.414 0.4444444478
93039  -32.951  7.044  -46.610 0.4444444478
91926  -33.054  6.555  -48.272 0.4444444478
97018  -31.760  9.824  -46.760 0.3333333433
150347  -32.950  7.293  -48.473 0.3333333433
93061  -32.593  6.929  -49.194 0.1111111119
91933  -31.965  5.636  -49.298 0.1111111119
163316  -30.588  5.461  -50.012 0.1111111119
89565  -30.352  3.986  -49.735 0.2222222239
90751  -30.456  4.766  -49.879 0.1111111119
90760  -29.714  5.192  -50.373 0.1111111119
94119  -26.354  7.419  -46.182 0.2222222239
94122  -28.937  7.836  -46.196 0.3333333433
95106  -29.095  8.554  -46.358 0.3333333433
95108  -31.153  8.594  -45.969 0.3333333433
95110  -32.557  8.457  -46.822 0.4444444478
96034  -32.364  9.593  -47.226 0.2222222239
95117  -32.774  8.510  -47.468 0.2222222239
146396  -32.741  7.641  -49.121 0.2222222239
94144  -32.313  7.537  -49.827 0.1111111119
97043  -32.491  9.990  -47.912 0.1111111119
96038  -32.744  9.386  -48.368 0.1111111119
95125  -32.736  9.002  -49.464 0.1111111119
93068  -31.459  7.095  -50.241 0.1111111119
97046  -32.629  10.037  -48.697 0.1111111119
95124  -32.482  8.888  -50.020 0.1111111119
94156  -31.685  7.892  -50.496 0.1111111119
94121  -28.081  7.713  -46.242 0.3333333433
95105  -28.318  8.411  -46.322 0.3333333433
95089  -27.091  8.984  -45.930 0.3333333433
96017  -28.508  9.154  -46.420 0.3333333433
149660  -29.775  8.933  -46.402 0.3333333433
157244  -30.663  9.167  -46.258 0.3333333433
97017  -30.894  9.941  -46.578 0.2222222239
97033  -31.992  10.272  -47.317 0.2222222239
167853  -32.086  10.599  -47.820 0.1111111119
97045  -32.411  10.573  -49.173 0.1111111119
96044  -32.145  9.496  -50.499 0.1111111119
167926  -31.245  11.268  -51.394 0.1111111119
97006  -25.390  10.295  -44.479 0.1111111119
97010  -26.746  10.007  -45.215 0.1111111119
97012  -27.828  10.313  -45.661 0.2222222239
98044  -28.620  10.696  -45.897 0.2222222239
96018  -29.191  9.596  -46.524 0.3333333433
98045  -29.215  10.749  -46.212 0.2222222239
96019  -30.034  9.681  -46.551 0.3333333433
171591  -29.000  10.237  -46.325 0.3333333433
98046  -29.824  10.962  -46.591 0.2222222239
98056  -30.324  11.459  -47.012 0.1111111119
98986  -30.175  12.186  -47.166 0.1111111119
98987  -30.762  11.856  -47.474 0.1111111119
98998  -31.093  12.142  -48.071 0.1111111119
97042  -32.338  10.616  -48.403 0.1111111119
98073  -32.046  11.213  -48.821 0.1111111119
99020  -31.647  11.908  -49.938 0.1111111119
157424  -32.288  10.274  -50.054 0.1111111119
96052  -30.826  9.362  -52.100 0.1111111119
95138  -30.592  8.640  -51.968 0.1111111119
97007  -26.693  10.587  -44.871 0.1111111119
98035  -27.034  11.226  -44.632 0.1111111119
98039  -27.447  10.864  -45.064 0.1111111119
98036  -27.744  11.712  -44.748 0.1111111119
98974  -29.012  12.436  -45.358 0.1111111119
98975  -29.282  12.061  -46.032 0.1111111119
166371  -29.264  11.373  -46.197 0.2222222239
162042  -29.598  12.463  -46.259 0.1111111119
98978  -29.743  11.858  -46.580 0.1111111119
99902  -29.483  13.259  -47.007 0.1111111119
98997  -30.473  12.472  -47.769 0.1111111119
99912  -30.163  13.082  -48.065 0.1111111119
99006  -31.270  12.317  -48.795 0.1111111119
98970  -26.927  11.845  -44.136 0.1111111119
98960  -27.188  12.573  -43.581 0.1111111119
98971  -27.792  12.491  -44.144 0.1111111119
98972  -28.549  12.490  -44.661 0.1111111119
99894  -28.945  13.141  -44.780 0.1111111119
99895  -29.145  13.119  -45.517 0.1111111119
100881  -29.060  13.557  -45.868 0.1111111119
100892  -29.068  13.836  -47.314 0.1111111119
100870  -28.657  13.682  -44.385 0.1111111119
100869  -28.383  13.830  -43.744 0.1111111119
76173  -38.545  -8.358  -44.758 0.1111111119
76194  -39.091  -7.726  -47.243 0.1111111119
150091  -38.859  -6.788  -46.453 0.1111111119
77345  -38.320  -5.766  -45.700 0.1111111119
80546  -38.845  -3.671  -50.483 0.1111111119
80537  -39.128  -3.925  -49.851 0.1111111119
80551  -37.934  -2.954  -50.892 0.1111111119
82794  -31.822  -3.069  -52.100 0.1111111119
154358  -26.983  5.519  -46.373 0.4444444478
90737  -33.418  4.827  -47.705 0.4444444478
89554  -32.173  4.044  -48.718 0.3333333433
88364  -30.852  2.762  -49.229 0.2222222239
87215  -30.089  2.174  -49.745 0.1111111119
87214  -29.085  1.459  -50.054 0.1111111119
83876  -29.098  -1.455  -51.156 0.1111111119
94109  -31.139  7.403  -45.524 0.4444444478
90750  -29.663  4.337  -50.160 0.2222222239
91941  -31.280  6.143  -49.923 0.1111111119
91950  -30.271  5.985  -50.414 0.1111111119
90759  -28.707  5.288  -51.161 0.1111111119
95107  -30.449  8.556  -46.072 0.3333333433
95130  -31.822  8.719  -50.734 0.1111111119
172461  -28.942  11.072  -46.008 0.2222222239
154714  -29.350  13.030  -46.273 0.1111111119
99911  -29.654  13.500  -47.693 0.1111111119
101902  -28.129  14.562  -45.334 0.1111111119
100879  -28.130  14.410  -44.510 0.1111111119
78372  -37.632  -5.214  -43.486 0.1111111119
151941  -37.861  -5.971  -44.077 0.1111111119
79485  -37.200  -3.538  -50.201 0.2222222239
81650  -34.549  -3.869  -51.540 0.2222222239
82781  -31.069  -2.835  -51.561 0.1111111119
93031  -27.870  6.457  -46.117 0.4444444478
95091  -31.529  7.979  -45.726 0.4444444478
94108  -29.856  8.075  -46.050 0.4444444478
94127  -32.842  7.804  -47.110 0.4444444478
94132  -32.932  7.914  -47.890 0.2222222239
98959  -26.466  12.103  -43.397 0.1111111119
99885  -27.856  13.084  -43.622 0.1111111119
100880  -28.766  13.772  -45.125 0.1111111119
146397  -37.734  -6.115  -43.302 0.1111111119
73997  -38.803  -10.158  -45.466 0.1111111119
75107  -38.828  -9.938  -44.911 0.1111111119
77326  -38.020  -7.072  -43.966 0.1111111119
79447  -37.714  -4.076  -44.435 0.1111111119
149751  -38.417  -4.284  -46.648 0.1111111119
158549  -38.236  -3.614  -46.433 0.1111111119
79470  -38.889  -3.892  -48.082 0.1111111119
81653  -38.375  -2.836  -50.568 0.1111111119
80536  -38.760  -3.038  -49.866 0.1111111119
80528  -38.824  -3.227  -48.789 0.1111111119
81652  -37.733  -2.294  -50.877 0.1111111119
83891  -36.086  -1.158  -51.127 0.1111111119
83888  -33.341  -2.243  -52.066 0.1111111119
171769  -26.678  4.995  -46.375 0.4444444478
82803  -32.194  -2.824  -52.259 0.1111111119
83899  -31.415  -2.341  -52.292 0.1111111119
166294  -28.626  0.137  -50.530 0.1111111119
83898  -29.383  -1.815  -52.094 0.1111111119
91907  -25.673  5.983  -46.381 0.4444444478
91908  -26.479  6.086  -46.398 0.4444444478
86099  -27.217  1.276  -52.003 0.1111111119
89577  -27.001  2.892  -51.787 0.1111111119
94106  -25.846  7.989  -45.889 0.2222222239
94120  -27.235  7.590  -46.197 0.3333333433
95103  -26.705  8.160  -45.971 0.2222222239
91958  -28.121  5.774  -51.956 0.1111111119
96003  -25.387  9.701  -44.845 0.1111111119
156649  -27.202  9.757  -45.593 0.2222222239
94166  -29.545  7.616  -52.017 0.1111111119
95137  -29.783  8.332  -52.466 0.1111111119
97003  -24.745  10.603  -43.905 0.1111111119
163211  -26.107  11.481  -43.813 0.1111111119
164328  -25.666  11.624  -43.168 0.1111111119
98947  -26.085  12.358  -42.694 0.1111111119
99867  -26.429  13.015  -42.304 0.1111111119
100902  -29.754  13.637  -48.413 0.1111111119
99926  -30.297  13.246  -49.564 0.1111111119
99946  -30.481  12.872  -50.924 0.1111111119
152602  -30.624  12.439  -51.462 0.1111111119
99872  -26.779  12.766  -42.963 0.1111111119
99873  -27.421  13.118  -43.139 0.1111111119
100891  -28.512  14.247  -46.875 0.1111111119
101926  -28.063  14.919  -48.264 0.1111111119
149643  -36.607  -2.842  -50.512 0.1111111119
155261  -29.876  0.491  -49.659 0.1111111119
91927  -33.422  5.468  -47.769 0.4444444478
76195  -39.231  -7.311  -47.948 0.1111111119
153213  -33.187  -3.540  -51.771 0.2222222239
93015  -28.616  7.020  -46.088 0.4444444478
78407  -39.309  -5.734  -48.180 0.1111111119
78397  -38.267  -4.804  -46.013 0.1111111119
154794  -38.465  -3.726  -47.124 0.1111111119
81651  -35.657  -2.677  -50.685 0.1111111119
82795  -34.656  -3.157  -51.827 0.1111111119
82796  -35.729  -2.046  -51.452 0.1111111119
83886  -29.362  -1.951  -51.838 0.1111111119
86081  -29.012  0.585  -49.998 0.1111111119
84967  -29.225  -0.564  -51.276 0.1111111119
91934  -32.670  6.183  -48.884 0.2222222239
90743  -32.588  5.317  -48.784 0.2222222239
90752  -31.206  5.184  -49.601 0.1111111119
88386  -28.544  2.925  -50.600 0.2222222239
87223  -28.061  1.638  -50.607 0.1111111119
94167  -30.349  7.929  -51.581 0.1111111119
96048  -31.551  9.428  -51.324 0.1111111119
91949  -29.512  5.844  -50.783 0.1111111119
94155  -30.873  7.533  -50.830 0.1111111119
93078  -30.063  7.236  -51.184 0.1111111119
91959  -29.011  6.149  -51.414 0.1111111119
88384  -26.821  1.985  -51.554 0.1111111119
87222  -27.113  1.495  -51.177 0.1111111119
89578  -28.963  3.798  -50.563 0.2222222239
96021  -32.160  9.107  -46.685 0.3333333433
146138  -28.849  4.481  -50.744 0.2222222239
167776  -29.140  9.043  -46.499 0.3333333433
148244  -32.894  8.111  -48.652 0.2222222239
94145  -32.697  8.313  -49.471 0.1111111119
96045  -32.578  9.528  -49.746 0.1111111119
95104  -27.525  8.303  -46.174 0.3333333433
96016  -27.817  8.903  -46.251 0.3333333433
96008  -27.796  9.519  -46.088 0.3333333433
97016  -30.182  10.300  -46.680 0.2222222239
97032  -31.450  10.567  -46.919 0.1111111119
98068  -31.484  11.603  -47.712 0.1111111119
98069  -31.892  11.149  -48.061 0.1111111119
98081  -32.000  11.204  -49.809 0.1111111119
97057  -31.756  10.134  -51.069 0.1111111119
98092  -31.559  11.612  -50.684 0.1111111119
97068  -31.042  10.032  -51.975 0.1111111119
98091  -30.939  11.841  -51.471 0.1111111119
96004  -26.048  9.993  -44.971 0.1111111119
164822  -26.004  10.591  -44.560 0.1111111119
97011  -27.196  10.294  -45.263 0.1111111119
97014  -28.450  9.939  -46.251 0.3333333433
98040  -28.127  11.143  -45.361 0.1111111119
97015  -29.559  10.242  -46.535 0.3333333433
98047  -30.649  10.753  -46.879 0.1111111119
99007  -31.766  11.861  -49.205 0.1111111119
99027  -31.110  12.296  -50.578 0.1111111119
99019  -31.291  12.386  -49.606 0.1111111119
98034  -26.384  11.116  -44.355 0.1111111119
155356  -28.412  11.854  -45.204 0.1111111119
158150  -29.367  12.638  -45.853 0.1111111119
98041  -28.754  11.526  -45.762 0.1111111119
98985  -29.782  12.633  -46.761 0.1111111119
99903  -29.990  12.884  -47.396 0.1111111119
100901  -29.123  13.952  -48.068 0.1111111119
99913  -30.713  12.709  -48.423 0.1111111119
145210  -30.273  13.202  -48.774 0.1111111119
99927  -30.813  12.831  -49.170 0.1111111119
99886  -28.522  13.152  -44.131 0.1111111119
100883  -28.550  14.087  -46.017 0.1111111119
100884  -29.052  13.684  -46.556 0.1111111119
100900  -28.526  14.345  -47.718 0.1111111119
76168  -38.224  -8.475  -43.890 0.1111111119
78381  -37.790  -5.038  -44.259 0.1111111119
80550  -37.353  -2.740  -50.946 0.1111111119
86090  -28.320  0.783  -50.336 0.1111111119
162632  -28.059  4.480  -51.339 0.1111111119
90769  -27.743  4.922  -51.932 0.1111111119
100914  -29.137  13.996  -48.849 0.1111111119
79436  -37.583  -4.504  -43.730 0.1111111119
163078  -36.295  -1.986  -51.389 0.1111111119
83889  -34.407  -2.012  -51.694 0.1111111119
86100  -27.915  0.872  -51.638 0.1111111119
89596  -27.248  3.604  -52.476 0.1111111119
93076  -28.390  6.567  -52.149 0.1111111119
96007  -26.513  9.446  -45.434 0.1111111119
96002  -24.745  9.748  -44.300 0.1111111119
98033  -25.572  10.948  -44.089 0.1111111119
100915  -29.770  13.669  -49.185 0.1111111119
99941  -30.775  12.866  -50.008 0.1111111119
101917  -28.142  14.888  -47.321 0.1111111119
100913  -28.528  14.380  -48.545 0.1111111119
73937  -21.349  -8.118  -39.648 0.2222222239
76123  -21.322  -7.011  -40.225 0.2222222239
71542  -20.646  -10.439  -37.049 0.3333333433
73932  -21.507  -8.872  -39.489 0.3333333433
75048  -21.263  -7.484  -39.883 0.3333333433
157971  -25.043  4.570  -46.599 0.2222222239
93027  -24.680  6.423  -45.986 0.1111111119
93014  -24.850  7.093  -45.967 0.1111111119
93028  -25.244  6.549  -46.189 0.2222222239
87154  -20.145  2.242  -43.677 0.2222222239
86003  -19.831  1.286  -43.320 0.1111111119
72786  -21.104  -9.060  -38.775 0.2222222239
87143  -19.450  1.946  -42.954 0.1111111119
88307  -22.500  3.533  -45.221 0.1111111119
89499  -22.041  4.305  -44.768 0.1111111119
90705  -24.094  5.255  -45.903 0.1111111119
158151  -24.126  6.395  -45.666 0.1111111119
168182  -24.414  6.893  -45.747 0.1111111119
94105  -25.059  7.829  -45.823 0.1111111119
157600  -24.460  4.407  -46.442 0.2222222239
72772  -20.849  -9.499  -37.920 0.2222222239
79395  -21.308  -4.056  -41.971 0.2222222239
90717  -23.911  4.593  -46.107 0.1111111119
78340  -21.003  -4.471  -41.297 0.1111111119
79403  -21.032  -3.490  -41.976 0.3333333433
90719  -25.391  5.267  -46.486 0.3333333433
91906  -24.994  5.846  -46.239 0.3333333433
90718  -24.627  5.089  -46.295 0.1111111119
161863  -22.390  4.652  -44.644 0.1111111119
91889  -24.428  5.775  -45.956 0.1111111119
148828  -22.972  4.786  -44.875 0.1111111119
90704  -23.512  5.180  -45.420 0.1111111119
91888  -23.852  5.808  -45.519 0.1111111119
89501  -23.263  4.458  -45.574 0.1111111119
69183  -34.077  -11.974  -40.213 0.1111111119
57713  -20.540  -21.795  -30.842 0.1111111119
56621  -22.061  -22.324  -31.293 0.1111111119
55508  -22.505  -22.690  -30.627 0.1111111119
58720  -19.207  -20.533  -30.736 0.1111111119
58736  -19.703  -20.216  -31.260 0.1111111119
59795  -19.550  -19.520  -31.498 0.1111111119
60920  -18.896  -18.109  -31.888 0.1111111119
60921  -19.751  -18.491  -32.136 0.1111111119
71520  -19.458  -10.610  -36.075 0.1111111119
76122  -20.904  -6.809  -39.643 0.1111111119
75047  -21.023  -7.456  -39.273 0.1111111119
163543  -21.198  -8.327  -39.164 0.1111111119
82705  -20.337  -1.386  -42.386 0.2222222239
83794  -20.504  -0.730  -42.954 0.2222222239
83793  -19.911  -0.716  -42.313 0.2222222239
84861  -19.247  0.000  -42.232 0.2222222239
56599  -19.095  -21.204  -30.124 0.1111111119
55506  -21.035  -22.383  -30.272 0.1111111119
58719  -18.469  -20.426  -30.204 0.1111111119
163302  -19.012  -19.745  -31.083 0.1111111119
60914  -18.478  -18.509  -31.406 0.1111111119
59805  -19.300  -18.835  -31.688 0.1111111119
62071  -18.776  -17.433  -32.236 0.1111111119
62076  -19.081  -17.005  -32.550 0.1111111119
63180  -19.480  -16.698  -33.099 0.1111111119
64265  -19.479  -15.515  -33.421 0.1111111119
144114  -19.531  -11.236  -35.812 0.1111111119
143942  -19.612  -9.851  -36.108 0.1111111119
73917  -20.783  -8.911  -38.064 0.1111111119
75033  -20.961  -7.298  -39.170 0.1111111119
82704  -19.988  -1.197  -41.887 0.2222222239
84844  -18.478  0.454  -41.786 0.2222222239
85992  -18.415  0.978  -42.010 0.1111111119
55523  -23.396  -22.836  -30.901 0.1111111119
56600  -20.126  -22.020  -30.115 0.1111111119
84860  -18.916  0.966  -42.496 0.1111111119
72754  -20.354  -9.752  -37.109 0.1111111119
81568  -20.648  -2.111  -42.362 0.2222222239
76129  -21.134  -6.272  -40.225 0.1111111119
70338  -19.628  -11.022  -36.349 0.1111111119
63186  -19.327  -16.049  -33.129 0.1111111119
142772  -19.358  -14.897  -33.123 0.1111111119
65365  -19.796  -14.144  -34.059 0.1111111119
69101  -19.650  -11.954  -35.614 0.1111111119
70320  -19.496  -11.416  -35.993 0.1111111119
57732  -20.334  -20.687  -31.400 0.1111111119
143623  -21.295  -22.058  -31.108 0.1111111119
71541  -19.781  -10.190  -36.476 0.1111111119
146361  -21.061  -8.296  -38.703 0.1111111119
154573  -19.877  -20.819  -31.036 0.1111111119
57712  -19.830  -21.334  -30.594 0.1111111119
168743  -19.623  -21.634  -30.139 0.1111111119
58735  -18.538  -19.877  -30.632 0.1111111119
169538  -18.894  -19.152  -31.335 0.1111111119
71502  -19.557  -10.146  -35.910 0.1111111119
83773  -19.412  -0.565  -41.790 0.1111111119
60919  -18.171  -18.012  -31.562 0.1111111119
70301  -19.708  -11.792  -35.382 0.1111111119
148520  -19.859  -9.415  -36.444 0.1111111119
85954  -18.041  0.546  -39.336 0.1111111119
87100  -17.888  1.944  -39.797 0.1111111119
87155  -20.798  2.454  -44.349 0.1111111119
165672  -20.592  -2.475  -41.629 0.1111111119
162111  -19.273  2.555  -42.748 0.1111111119
88291  -20.511  3.196  -43.933 0.1111111119
88306  -21.824  3.468  -44.560 0.1111111119
56622  -22.894  -22.618  -31.471 0.1111111119
56641  -24.242  -22.771  -32.523 0.2222222239
56643  -25.432  -22.455  -32.123 0.1111111119
58766  -22.167  -20.299  -32.940 0.3333333433
60966  -25.784  -19.133  -34.503 0.1111111119
60992  -26.306  -18.843  -36.558 0.1111111119
63241  -27.552  -17.578  -36.771 0.1111111119
64343  -28.566  -16.373  -39.892 0.1111111119
64345  -29.700  -15.678  -39.483 0.1111111119
65422  -29.825  -15.119  -38.782 0.1111111119
69154  -23.578  -12.112  -39.419 0.8888888955
69180  -31.435  -11.655  -39.472 0.1111111119
70406  -32.393  -10.943  -40.796 0.3333333433
71567  -27.612  -10.814  -39.498 0.7777777910
71585  -30.229  -10.490  -40.433 0.6666666865
72795  -28.372  -9.916  -40.291 0.8888888955
72806  -27.316  -9.460  -40.739 1.0000000000
72808  -29.327  -9.386  -40.822 1.0000000000
72812  -32.371  -9.801  -41.621 0.5555555820
73946  -23.101  -8.586  -40.782 1.0000000000
73951  -30.340  -8.749  -41.299 0.8888888955
73952  -31.523  -8.915  -41.401 0.5555555820
73960  -25.968  -8.598  -41.945 1.0000000000
73972  -25.789  -8.106  -42.448 1.0000000000
73987  -38.711  -10.602  -44.893 0.1111111119
73998  -38.771  -9.654  -46.049 0.2222222239
74006  -38.098  -9.335  -46.152 0.2222222239
75057  -29.298  -8.278  -41.430 1.0000000000
75060  -31.341  -8.181  -41.619 0.8888888955
75071  -30.202  -7.443  -41.585 0.7777777910
75074  -32.621  -7.904  -41.858 0.6666666865
75082  -24.955  -7.637  -42.603 1.0000000000
75084  -26.776  -7.705  -42.594 1.0000000000
75088  -34.004  -7.987  -43.469 0.6666666865
75106  -36.978  -9.240  -45.283 0.4444444478
75119  -37.077  -8.800  -45.800 0.4444444478
75127  -38.384  -8.963  -46.746 0.2222222239
75128  -38.810  -8.999  -46.681 0.1111111119
75136  -39.108  -7.481  -48.000 0.3333333433
76140  -29.017  -6.852  -42.185 1.0000000000
76142  -31.345  -6.768  -41.780 1.0000000000
76153  -25.442  -6.868  -43.368 0.8888888955
76166  -26.661  -6.516  -43.412 1.0000000000
76185  -39.007  -7.921  -46.361 0.1111111119
76193  -37.526  -7.880  -46.885 0.5555555820
76202  -38.616  -7.645  -48.135 0.3333333433
76209  -38.972  -7.418  -48.331 0.2222222239
77298  -30.973  -6.109  -41.842 1.0000000000
77300  -32.375  -6.194  -41.936 0.8888888955
77310  -27.618  -6.835  -42.866 1.0000000000
77321  -25.711  -5.777  -43.866 0.8888888955
77331  -34.767  -5.909  -44.621 0.6666666865
77334  -38.058  -5.840  -44.867 0.1111111119
77344  -35.393  -5.974  -45.720 0.6666666865
77361  -38.026  -6.885  -48.298 0.3333333433
77370  -39.061  -6.832  -48.815 0.1111111119
77371  -39.403  -6.349  -48.992 0.1111111119
78343  -30.391  -4.790  -42.372 1.0000000000
78347  -33.386  -5.467  -42.290 0.8888888955
78359  -34.343  -5.455  -43.312 0.7777777910
78367  -25.479  -5.124  -44.100 0.7777777910
78369  -27.181  -4.818  -43.925 0.8888888955
78379  -26.097  -4.690  -44.363 0.7777777910
78391  -38.000  -4.872  -45.074 0.1111111119
78396  -35.656  -4.665  -46.272 0.6666666865
78405  -37.467  -5.922  -48.394 0.5555555820
78412  -36.951  -4.944  -48.263 0.5555555820
78419  -39.217  -5.441  -50.010 0.1111111119
78426  -38.539  -4.573  -50.529 0.2222222239
78428  -39.378  -5.088  -50.156 0.1111111119
79397  -31.719  -4.163  -42.229 0.8888888955
79399  -32.930  -4.677  -42.193 0.8888888955
79407  -28.769  -4.539  -42.836 1.0000000000
79408  -30.125  -3.998  -42.638 1.0000000000
79410  -32.862  -3.834  -42.293 0.7777777910
79412  -33.952  -4.345  -43.008 0.7777777910
79421  -27.377  -4.270  -43.945 0.8888888955
79424  -33.758  -3.646  -42.976 0.8888888955
79431  -24.715  -4.089  -44.297 0.7777777910
79434  -26.999  -3.784  -44.276 0.8888888955
79453  -35.041  -3.711  -46.071 0.7777777910
79454  -35.317  -3.910  -46.447 0.6666666865
79477  -36.669  -3.765  -49.216 0.4444444478
79479  -39.453  -4.923  -49.777 0.1111111119
79487  -38.770  -4.074  -50.587 0.1111111119
79488  -39.248  -4.503  -50.384 0.1111111119
79494  -38.284  -3.507  -50.738 0.1111111119
80461  -31.427  -3.493  -42.351 0.8888888955
80470  -29.596  -3.440  -43.011 1.0000000000
80473  -32.860  -3.101  -42.450 0.8888888955
80474  -33.442  -3.013  -42.853 0.7777777910
80484  -29.107  -2.998  -43.508 1.0000000000
80494  -26.589  -3.289  -44.655 0.8888888955
80497  -34.651  -3.185  -44.999 0.7777777910
80512  -35.272  -3.548  -47.082 0.6666666865
80518  -34.428  -3.002  -47.972 0.5555555820
80529  -39.186  -4.136  -49.043 0.1111111119
80544  -35.611  -2.907  -50.297 0.1111111119
80545  -38.479  -3.436  -50.699 0.1111111119
81582  -30.551  -1.955  -42.919 0.8888888955
81592  -28.605  -2.612  -44.056 1.0000000000
81598  -24.090  -2.173  -44.605 0.6666666865
81600  -26.236  -2.707  -45.023 0.8888888955
81603  -28.062  -2.265  -44.508 1.0000000000
81604  -34.093  -1.807  -44.319 0.8888888955
81605  -34.413  -2.485  -44.588 0.7777777910
81612  -25.128  -2.010  -45.482 0.8888888955
81614  -26.645  -2.141  -45.384 0.8888888955
81622  -33.902  -2.242  -46.552 0.7777777910
81642  -34.335  -2.952  -50.192 0.4444444478
81659  -35.337  -2.658  -51.115 0.1111111119
81660  -36.576  -2.294  -51.032 0.1111111119
81661  -37.384  -2.432  -51.011 0.1111111119
82712  -32.354  -1.469  -42.657 0.8888888955
82723  -29.343  -1.557  -43.788 0.8888888955
82732  -27.642  -1.261  -45.063 0.7777777910
82734  -33.732  -1.117  -44.159 0.8888888955
82740  -23.430  -0.949  -45.104 0.5555555820
82744  -26.309  -1.625  -45.842 0.7777777910
82747  -34.291  -1.942  -45.002 0.7777777910
82754  -25.145  -0.825  -46.259 0.7777777910
82775  -33.246  -2.962  -50.285 0.2222222239
82782  -32.089  -3.232  -51.635 0.1111111119
82793  -30.984  -2.691  -52.112 0.1111111119
82797  -36.994  -1.960  -51.237 0.1111111119
83815  -21.665  -0.483  -44.096 0.5555555820
83818  -31.808  0.354  -43.233 0.7777777910
83820  -33.297  -0.425  -43.973 0.8888888955
83829  -27.831  -0.695  -45.025 0.7777777910
83830  -28.273  -0.336  -44.778 0.7777777910
83836  -22.494  0.020  -45.527 0.5555555820
83838  -24.347  -0.585  -46.202 0.6666666865
83840  -26.701  -0.553  -45.698 0.7777777910
83848  -24.125  -0.043  -46.339 0.6666666865
83850  -25.598  -0.100  -46.212 0.6666666865
83878  -30.303  -2.370  -50.814 0.1111111119
83885  -29.203  -1.469  -51.585 0.1111111119
83887  -30.067  -2.358  -51.669 0.1111111119
83890  -35.318  -1.554  -51.461 0.1111111119
84879  -19.756  0.495  -43.037 0.2222222239
84883  -32.906  0.125  -43.871 0.7777777910
84894  -27.583  0.531  -45.227 0.7777777910
84905  -21.974  0.571  -45.258 0.4444444478
84907  -23.709  -0.197  -46.108 0.5555555820
84918  -24.344  0.558  -46.334 0.4444444478
84919  -25.159  0.631  -46.292 0.6666666865
84921  -33.751  0.558  -45.862 0.6666666865
84951  -30.078  -1.457  -50.321 0.1111111119
84958  -29.066  -0.660  -50.957 0.1111111119
84966  -28.623  0.221  -51.069 0.1111111119
84968  -29.594  -0.756  -51.673 0.1111111119
85972  -18.279  0.737  -41.686 0.1111111119
86007  -31.502  0.967  -43.404 0.7777777910
86008  -32.402  1.586  -43.937 0.6666666865
86016  -20.932  0.900  -44.594 0.4444444478
86017  -21.538  1.143  -45.090 0.5555555820
86020  -29.331  1.334  -44.541 0.7777777910
86029  -22.524  1.674  -45.700 0.4444444478
86031  -26.879  0.828  -45.604 0.7777777910
86043  -24.314  2.098  -46.088 0.5555555820
86044  -25.479  1.475  -46.166 0.5555555820
86065  -31.949  1.345  -48.353 0.5555555820
86066  -31.963  0.591  -48.480 0.5555555820
86088  -27.282  1.256  -51.487 0.1111111119
86089  -27.838  0.867  -50.920 0.1111111119
87122  -18.579  1.460  -41.978 0.1111111119
87156  -30.675  1.712  -44.034 0.6666666865
87168  -30.558  2.374  -44.341 0.6666666865
87169  -33.055  2.445  -44.548 0.6666666865
87177  -22.603  2.636  -45.578 0.3333333433
87179  -26.966  2.414  -45.791 0.6666666865
87181  -28.322  2.291  -45.268 0.6666666865
87182  -33.640  2.522  -45.503 0.6666666865
87191  -26.326  2.579  -46.062 0.5555555820
87192  -33.639  2.766  -46.278 0.6666666865
87203  -31.980  2.107  -48.413 0.4444444478
87204  -32.509  1.911  -47.943 0.5555555820
87221  -26.857  1.532  -51.806 0.1111111119
87239  -26.956  1.615  -52.332 0.1111111119
87240  -27.683  1.555  -52.490 0.1111111119
88290  -19.724  2.914  -43.344 0.1111111119
88297  -31.677  2.595  -44.155 0.6666666865
88305  -21.147  3.087  -44.411 0.1111111119
88309  -29.561  2.906  -44.826 0.6666666865
88310  -31.146  2.858  -44.293 0.6666666865
88312  -32.610  2.935  -44.331 0.6666666865
88324  -29.044  3.467  -45.212 0.6666666865
88333  -24.255  3.402  -46.419 0.3333333433
88365  -32.011  2.779  -48.520 0.4444444478
88394  -26.815  2.088  -52.151 0.1111111119
89500  -22.598  4.352  -45.210 0.1111111119
89504  -31.114  4.352  -44.480 0.5555555820
89515  -23.467  3.949  -46.041 0.3333333433
89516  -27.146  3.680  -45.989 0.6666666865
89517  -27.671  4.162  -45.978 0.5555555820
89521  -33.355  4.348  -45.328 0.6666666865
89530  -25.436  3.975  -46.397 0.4444444478
89564  -29.578  3.496  -50.135 0.2222222239
89566  -31.069  4.388  -49.442 0.2222222239
89589  -27.351  4.021  -51.882 0.1111111119
90696  -32.308  4.554  -44.435 0.6666666865
90721  -27.422  4.887  -46.161 0.4444444478
90722  -33.485  4.781  -45.974 0.5555555820
90729  -33.567  4.937  -46.912 0.5555555820
91877  -30.671  5.509  -45.020 0.5555555820
91878  -31.476  5.446  -44.820 0.5555555820
91893  -30.331  6.164  -45.272 0.4444444478
91897  -33.350  5.387  -45.662 0.5555555820
91909  -27.245  6.096  -46.269 0.4444444478
91918  -33.486  5.766  -47.041 0.4444444478
91942  -32.118  6.318  -49.443 0.1111111119
91969  -27.701  6.161  -52.704 0.1111111119
93020  -32.321  6.735  -45.452 0.4444444478
93046  -33.096  7.058  -47.563 0.4444444478
93047  -33.342  6.211  -47.668 0.4444444478
93060  -31.971  6.783  -49.757 0.1111111119
93067  -30.615  6.761  -50.550 0.1111111119
93077  -29.262  6.910  -51.650 0.1111111119
94110  -31.875  7.354  -45.572 0.4444444478
94118  -25.503  7.271  -46.133 0.1111111119
94123  -32.117  7.794  -45.920 0.4444444478
95119  -32.826  8.664  -48.142 0.2222222239
95121  -32.814  8.819  -48.861 0.1111111119
95129  -31.111  8.244  -51.165 0.1111111119
96020  -31.489  9.245  -46.268 0.3333333433
96035  -32.672  9.199  -47.702 0.2222222239
96041  -32.722  9.473  -49.080 0.1111111119
97049  -32.603  9.994  -49.337 0.1111111119
98057  -31.096  11.226  -47.217 0.1111111119
98058  -31.684  10.946  -47.437 0.1111111119
98101  -31.202  10.707  -51.731 0.1111111119
98999  -31.695  11.792  -48.397 0.1111111119
143618  -36.281  -3.100  -49.663 0.4444444478
143887  -27.255  1.674  -45.590 0.6666666865
146419  -39.422  -6.681  -48.413 0.2222222239
146677  -27.975  -7.908  -42.002 1.0000000000
147301  -32.385  -11.322  -40.191 0.3333333433
147365  -29.064  -0.084  -50.188 0.1111111119
147424  -33.666  -3.581  -52.172 0.1111111119
147778  -29.892  -0.153  -43.708 0.8888888955
148367  -28.903  0.680  -44.562 0.7777777910
149160  -31.781  10.879  -50.804 0.1111111119
149173  -29.067  -1.084  -44.073 0.8888888955
149475  -25.468  -14.052  -37.822 0.4444444478
149592  -33.294  -8.913  -42.391 0.5555555820
149674  -27.848  3.606  -51.087 0.2222222239
150046  -25.897  3.227  -46.161 0.5555555820
150951  -38.989  -8.497  -46.817 0.2222222239
151210  -34.695  -4.551  -44.274 0.7777777910
151357  -33.170  5.945  -45.782 0.5555555820
152063  -31.335  1.590  -43.731 0.6666666865
152486  -23.511  -2.330  -44.263 0.6666666865
152562  -23.890  -0.777  -45.739 0.7777777910
153490  -32.955  -2.432  -42.709 0.8888888955
153533  -33.479  -11.631  -40.098 0.1111111119
154226  -33.449  1.243  -44.710 0.6666666865
154329  -37.670  -3.241  -50.785 0.1111111119
154338  -33.586  3.985  -45.885 0.6666666865
154643  -27.730  -0.147  -45.123 0.7777777910
154798  -21.218  1.777  -44.714 0.4444444478
155347  -35.141  -3.280  -47.963 0.6666666865
155421  -30.604  -2.571  -42.757 1.0000000000
155952  -32.543  -2.017  -42.594 0.8888888955
156297  -32.288  8.257  -50.140 0.1111111119
156569  -33.413  -0.195  -47.158 0.5555555820
156823  -31.164  -12.629  -38.591 0.1111111119
157298  -33.560  1.907  -45.085 0.6666666865
157383  -34.013  -2.690  -47.913 0.5555555820
157780  -23.749  2.294  -45.843 0.3333333433
158298  -25.754  -4.120  -44.537 0.7777777910
158897  -27.203  -5.345  -43.673 0.8888888955
160889  -30.103  -2.145  -52.171 0.1111111119
161793  -21.991  2.847  -45.248 0.3333333433
162152  -38.503  -6.852  -45.573 0.1111111119
162375  -32.560  4.652  -48.625 0.2222222239
163051  -36.488  -1.752  -51.446 0.1111111119
163085  -36.402  -7.852  -45.906 0.5555555820
163147  -35.975  -5.120  -46.426 0.6666666865
164036  -27.725  -6.205  -43.108 1.0000000000
164102  -28.557  -1.210  -44.414 1.0000000000
164368  -33.699  1.804  -45.613 0.6666666865
164685  -34.057  -1.545  -45.359 0.8888888955
165537  -29.250  5.593  -45.612 0.5555555820
166293  -31.263  -12.189  -38.986 0.1111111119
166375  -34.074  -4.960  -42.997 0.7777777910
166547  -31.627  -2.835  -52.208 0.1111111119
166643  -31.530  4.024  -49.071 0.2222222239
166676  -32.120  -0.163  -43.140 0.8888888955
166677  -33.927  -0.941  -45.411 0.5555555820
167539  -32.425  -9.090  -41.766 0.5555555820
167759  -28.708  -0.655  -44.421 0.8888888955
168114  -23.686  -1.594  -44.629 0.6666666865
168701  -32.852  6.752  -48.699 0.3333333433
168713  -33.531  5.249  -47.378 0.4444444478
169211  -26.123  -5.323  -44.087 0.7777777910
169359  -31.097  -1.453  -42.716 1.0000000000
169639  -32.553  8.979  -47.166 0.3333333433
169723  -39.050  -7.730  -47.687 0.1111111119
170116  -30.671  4.537  -44.660 0.5555555820
170946  -39.530  -6.235  -48.784 0.1111111119
170988  -33.495  3.747  -45.362 0.6666666865
171018  -31.410  -10.940  -40.457 0.4444444478
171065  -27.823  1.148  -52.142 0.1111111119
171723  -20.301  -21.221  -31.082 0.1111111119
