#!ascii label  , from subject sub-v2s2x29089_ses-1 vox2ras=TkReg
1414
2317  31.903  -75.368  -14.365 0.5000000000
5413  20.671  -71.025  -21.902 0.6000000238
5961  21.060  -70.161  -21.257 0.6000000238
5962  20.489  -70.112  -21.962 0.6000000238
173685  20.849  -69.546  -21.342 0.6999999881
6535  20.497  -69.110  -21.977 0.6000000238
6497  21.473  -68.770  -20.444 0.6999999881
6516  20.988  -68.883  -21.050 0.6000000238
150684  25.211  -69.342  -16.171 0.5000000000
5350  27.244  -70.268  -17.549 0.6000000238
5351  26.591  -70.229  -17.774 0.6000000238
5877  25.850  -69.590  -16.616 0.5000000000
4809  28.568  -71.279  -17.930 0.5000000000
5367  27.906  -70.592  -17.625 0.4000000060
5864  27.051  -70.006  -16.580 0.5000000000
5876  26.502  -69.797  -16.769 0.6000000238
5382  19.050  -70.734  -18.752 0.5000000000
4267  31.535  -72.654  -16.251 0.4000000060
4835  18.727  -71.523  -19.153 0.5000000000
5383  18.411  -70.747  -19.407 0.5000000000
4313  18.334  -72.218  -19.834 0.6000000238
4343  18.685  -73.031  -21.949 0.6000000238
4870  21.262  -71.377  -21.760 0.6000000238
5401  21.927  -70.468  -21.086 0.6999999881
5414  19.916  -71.775  -22.618 0.6000000238
5949  21.593  -70.017  -20.793 0.6999999881
6534  23.251  -69.032  -21.490 0.6000000238
5948  22.129  -69.789  -20.720 0.6999999881
6513  24.257  -68.330  -21.762 0.6000000238
6514  23.611  -68.431  -21.388 0.6000000238
7095  22.625  -68.378  -20.367 0.6999999881
7116  25.549  -67.856  -21.267 0.6999999881
7137  20.521  -68.164  -22.383 0.6000000238
5898  24.081  -69.405  -17.199 0.5000000000
5896  25.547  -69.639  -17.247 0.6000000238
5897  24.853  -69.501  -17.231 0.5000000000
149295  27.748  -71.156  -18.320 0.6000000238
4810  26.949  -71.223  -18.648 0.6999999881
5352  25.853  -70.041  -17.730 0.6000000238
4281  29.281  -71.773  -17.760 0.4000000060
4312  19.126  -72.430  -19.007 0.5000000000
4819  19.448  -71.561  -18.446 0.5000000000
3229  31.904  -74.117  -14.200 0.5000000000
4325  18.652  -72.949  -19.808 0.5000000000
3843  18.919  -73.813  -21.715 0.6999999881
3828  18.392  -73.151  -20.654 0.6000000238
172143  20.275  -72.773  -22.505 0.6999999881
4342  19.379  -73.221  -22.396 0.6000000238
3844  18.544  -73.331  -21.361 0.6000000238
4871  20.345  -72.146  -22.412 0.6999999881
4854  21.763  -71.015  -21.399 0.6999999881
5960  23.050  -69.704  -21.652 0.6000000238
5412  22.266  -70.946  -21.486 0.6000000238
6533  23.832  -68.853  -21.934 0.6000000238
5400  22.529  -70.228  -21.180 0.6000000238
6511  25.891  -68.532  -21.516 0.6000000238
7115  26.352  -68.002  -21.118 0.6999999881
7704  21.496  -67.239  -20.627 0.6999999881
160971  23.354  -67.923  -20.901 0.6999999881
154451  22.786  -67.618  -20.387 0.6999999881
7120  21.192  -68.091  -20.799 0.6000000238
4813  24.523  -70.999  -18.642 0.5000000000
5354  24.449  -69.905  -17.735 0.5000000000
5355  23.607  -69.949  -17.668 0.5000000000
4830  25.674  -71.551  -19.085 0.6999999881
5371  24.854  -70.401  -18.188 0.6000000238
4302  27.899  -72.323  -19.085 0.5000000000
4828  26.944  -71.809  -19.091 0.6999999881
4829  26.384  -71.658  -19.093 0.6999999881
4811  26.173  -71.093  -18.644 0.6000000238
5370  25.473  -70.339  -18.094 0.6000000238
148047  29.375  -72.317  -18.103 0.4000000060
147846  28.861  -72.041  -18.301 0.4000000060
4291  28.197  -71.818  -18.561 0.5000000000
4311  19.910  -72.902  -18.706 0.5000000000
3345  19.365  -74.146  -20.234 0.5000000000
149125  19.556  -73.813  -19.598 0.5000000000
3827  18.915  -73.592  -20.035 0.5000000000
3841  20.264  -73.398  -22.625 0.6000000238
3835  18.769  -73.799  -20.861 0.5000000000
160067  21.980  -72.191  -22.374 0.6999999881
4882  23.013  -71.149  -22.810 0.6000000238
4868  22.490  -71.491  -22.094 0.6999999881
4341  21.107  -72.286  -22.291 0.6999999881
5431  23.381  -70.271  -22.955 0.6000000238
4869  21.862  -71.523  -21.821 0.6999999881
6549  25.760  -69.344  -22.743 0.6999999881
5979  23.855  -69.786  -23.103 0.6000000238
5411  22.902  -70.550  -22.009 0.6000000238
6529  27.127  -68.614  -22.299 0.6000000238
6531  25.408  -68.920  -22.027 0.6999999881
8343  28.714  -66.346  -23.224 0.6000000238
7135  27.913  -68.030  -22.413 0.6000000238
6530  26.265  -68.935  -22.099 0.6999999881
8321  21.531  -66.356  -21.226 0.6000000238
152363  27.334  -68.210  -21.733 0.6999999881
170323  23.606  -66.727  -20.799 0.6999999881
7136  20.968  -67.296  -21.651 0.6000000238
8354  28.926  -65.636  -23.134 0.6999999881
7716  28.728  -66.705  -22.371 0.6000000238
7699  28.113  -67.174  -21.186 0.8000000119
7094  26.813  -67.475  -20.718 0.6999999881
7701  26.088  -67.311  -20.835 0.6999999881
7118  23.996  -67.218  -21.166 0.6999999881
4814  23.638  -71.251  -18.662 0.6000000238
4305  25.940  -72.112  -19.522 0.6999999881
4306  25.216  -72.046  -19.522 0.6999999881
4831  24.914  -71.503  -19.072 0.6000000238
3808  27.612  -72.809  -19.553 0.5000000000
4304  26.613  -72.210  -19.462 0.6999999881
4290  29.107  -72.687  -18.513 0.4000000060
4301  28.522  -72.484  -18.796 0.5000000000
4310  20.634  -73.058  -18.691 0.5000000000
4817  20.962  -71.831  -18.035 0.5000000000
3812  20.102  -73.519  -19.126 0.5000000000
3366  19.377  -74.390  -21.674 0.6000000238
3857  20.849  -73.970  -23.026 0.6000000238
3858  20.150  -74.340  -22.608 0.6999999881
3842  19.526  -74.029  -22.168 0.6999999881
4361  22.103  -72.813  -23.169 0.6999999881
4362  21.290  -73.023  -22.758 0.6999999881
5446  23.382  -70.775  -23.741 0.6000000238
4894  23.017  -71.573  -23.761 0.6000000238
4360  22.608  -72.035  -22.838 0.6999999881
157169  26.775  -69.288  -24.038 0.6999999881
5976  26.075  -69.563  -23.658 0.6999999881
5430  24.167  -70.086  -23.828 0.6999999881
8965  23.544  -64.826  -21.539 0.6000000238
7165  27.985  -68.204  -24.086 0.6000000238
6548  26.752  -69.075  -23.117 0.6999999881
5978  24.398  -69.663  -23.221 0.6999999881
170477  27.227  -64.580  -24.542 0.6000000238
8355  28.579  -65.668  -23.658 0.6000000238
167748  28.193  -66.431  -24.224 0.6000000238
7148  28.104  -67.917  -23.362 0.6000000238
6547  27.644  -68.492  -23.218 0.6999999881
8319  23.220  -65.619  -20.944 0.6000000238
9010  28.245  -65.010  -23.931 0.6000000238
7147  28.404  -67.265  -23.030 0.6000000238
8304  26.626  -66.275  -20.215 0.6999999881
166295  25.113  -66.260  -21.206 0.6000000238
8306  23.456  -66.226  -20.768 0.6999999881
8307  22.708  -66.383  -20.470 0.6000000238
9639  27.307  -63.935  -24.538 0.5000000000
9621  28.544  -64.328  -23.666 0.6000000238
9610  29.047  -64.254  -22.934 0.8000000119
8976  29.121  -65.444  -21.958 0.8000000119
8316  28.910  -65.714  -21.215 0.8000000119
7682  27.273  -67.052  -20.505 0.8000000119
7683  26.683  -66.874  -20.437 0.6999999881
8331  28.880  -66.232  -21.785 0.8000000119
8317  28.477  -66.465  -20.969 0.8000000119
4307  24.373  -72.034  -19.477 0.6999999881
4832  23.781  -71.784  -19.151 0.6999999881
4833  23.124  -71.862  -18.964 0.6999999881
5373  23.010  -70.694  -18.050 0.6000000238
4320  26.229  -72.639  -19.927 0.6999999881
4834  22.453  -71.998  -18.738 0.6000000238
4319  26.947  -72.733  -19.789 0.6000000238
4816  21.840  -71.827  -18.284 0.5000000000
148865  21.350  -73.005  -18.941 0.5000000000
10235  22.394  -63.161  -18.062 0.6000000238
3811  20.834  -73.608  -19.158 0.5000000000
157174  22.535  -63.304  -18.937 0.5000000000
3344  20.749  -74.794  -20.166 0.5000000000
161095  23.829  -63.660  -18.878 0.6000000238
2875  20.461  -75.207  -22.464 0.6999999881
169514  19.730  -74.910  -21.303 0.6000000238
3856  21.593  -73.655  -23.560 0.6999999881
3377  20.271  -74.795  -22.563 0.6999999881
9564  25.054  -64.179  -19.487 0.6000000238
5461  23.190  -71.127  -24.964 0.6999999881
4375  22.680  -72.424  -23.885 0.6000000238
5991  26.334  -69.660  -24.728 0.6999999881
154637  24.937  -70.179  -24.724 0.6999999881
5445  23.737  -70.555  -24.419 0.6999999881
8954  25.135  -64.661  -20.711 0.6000000238
9576  24.771  -64.236  -20.399 0.6000000238
6564  27.389  -68.786  -24.025 0.6000000238
5992  25.455  -69.867  -24.250 0.6999999881
8953  25.772  -65.008  -20.213 0.6000000238
8977  23.250  -64.359  -21.712 0.6000000238
8366  27.746  -66.365  -24.731 0.6000000238
7754  28.112  -67.043  -24.450 0.6000000238
8941  27.132  -65.083  -19.515 0.6999999881
8305  25.417  -65.455  -20.841 0.6000000238
145385  24.745  -64.935  -21.071 0.6000000238
9011  27.585  -65.073  -24.397 0.6000000238
9586  29.214  -64.158  -21.399 0.6000000238
163785  28.973  -64.513  -20.640 0.6000000238
8951  28.202  -65.584  -20.088 0.6999999881
8289  26.941  -65.738  -19.905 0.6000000238
171144  24.811  -65.633  -21.149 0.6000000238
152838  29.147  -62.979  -22.536 0.6000000238
166638  28.881  -65.208  -20.768 0.8000000119
10337  29.000  -63.498  -22.883 0.6000000238
8963  29.130  -64.930  -21.334 0.6999999881
8302  28.056  -66.195  -20.263 0.8000000119
4322  24.822  -72.501  -19.958 0.6999999881
4323  24.092  -72.608  -19.972 0.6999999881
4308  23.472  -72.316  -19.517 0.6999999881
3340  25.555  -73.826  -20.837 0.6999999881
4321  25.522  -72.541  -19.964 0.6999999881
148028  22.645  -72.394  -19.178 0.6000000238
3810  22.074  -72.959  -19.288 0.6000000238
10932  23.186  -62.350  -16.295 0.6000000238
10200  21.986  -62.469  -16.841 0.6000000238
10198  23.470  -62.795  -16.802 0.6000000238
10210  22.171  -62.866  -17.407 0.6000000238
164555  21.527  -73.468  -19.339 0.6000000238
161066  23.760  -63.213  -17.402 0.5000000000
2874  20.851  -75.580  -22.287 0.6999999881
3358  20.393  -75.238  -20.927 0.6999999881
10207  25.415  -63.095  -17.362 0.4000000060
10233  24.149  -63.580  -18.084 0.5000000000
3877  21.924  -74.019  -24.255 0.6999999881
2902  21.657  -74.936  -23.729 0.8000000119
10231  25.798  -63.615  -18.018 0.5000000000
4376  22.319  -73.286  -24.278 0.6000000238
3376  20.801  -74.766  -23.010 0.6999999881
9546  25.413  -64.033  -18.613 0.6000000238
5460  23.514  -70.782  -25.432 0.6999999881
170415  22.925  -71.813  -24.748 0.6999999881
9544  26.933  -63.989  -18.670 0.6999999881
9563  25.773  -64.384  -19.179 0.6000000238
6565  27.144  -69.148  -24.864 0.6999999881
6009  25.566  -70.109  -25.138 0.6999999881
9561  27.758  -63.763  -18.907 0.5000000000
8943  25.985  -64.743  -19.599 0.6000000238
7777  27.177  -66.949  -26.037 0.6000000238
7180  28.028  -67.820  -24.857 0.6000000238
6578  27.731  -68.530  -24.896 0.6999999881
165740  27.342  -64.485  -19.133 0.6999999881
7755  27.819  -67.239  -25.304 0.6000000238
150461  28.844  -63.836  -20.239 0.5000000000
9560  27.989  -64.456  -19.375 0.6000000238
160216  27.385  -65.646  -24.628 0.6000000238
11039  29.026  -62.302  -22.832 0.6000000238
11008  29.200  -62.686  -21.250 0.5000000000
8940  28.118  -65.042  -19.772 0.6999999881
11040  28.663  -62.108  -23.503 0.6000000238
3834  24.296  -73.551  -20.726 0.6999999881
3822  23.838  -73.156  -20.326 0.6999999881
3823  23.074  -73.353  -20.177 0.6000000238
3824  22.158  -73.611  -19.822 0.6000000238
10921  23.635  -61.864  -15.798 0.4000000060
10923  21.883  -61.964  -16.194 0.5000000000
3343  21.683  -74.501  -20.248 0.6000000238
11606  25.147  -61.790  -16.273 0.5000000000
171092  20.886  -62.556  -17.242 0.6000000238
171085  22.139  -75.309  -21.494 0.6999999881
2432  21.804  -75.643  -22.631 0.6999999881
10208  24.564  -63.250  -17.386 0.5000000000
3390  21.953  -74.477  -24.407 0.6999999881
10206  26.219  -63.081  -17.635 0.4000000060
5472  25.034  -70.917  -26.351 0.6999999881
4919  23.028  -71.127  -26.070 0.6999999881
161182  22.984  -72.067  -25.572 0.6999999881
10230  26.543  -63.515  -18.188 0.6000000238
6024  26.498  -70.312  -26.432 0.6999999881
5475  23.093  -71.076  -25.863 0.6999999881
4906  22.993  -71.495  -25.647 0.6999999881
10961  28.106  -62.328  -18.919 0.5000000000
10229  27.230  -63.324  -18.399 0.5000000000
156649  27.878  -68.298  -25.654 0.6000000238
6008  26.824  -69.659  -25.744 0.6999999881
170186  26.184  -69.998  -25.657 0.6999999881
6010  24.816  -70.426  -25.456 0.6999999881
10254  28.286  -63.059  -19.217 0.5000000000
7776  27.618  -67.867  -26.332 0.6000000238
171196  27.889  -67.809  -25.521 0.6000000238
3354  23.947  -74.192  -21.142 0.6999999881
3355  23.088  -74.443  -21.097 0.6999999881
11593  23.165  -61.324  -15.453 0.4000000060
2856  23.496  -74.843  -21.653 0.6999999881
3342  22.630  -74.092  -20.477 0.6999999881
11594  22.295  -61.395  -15.579 0.4000000060
2857  22.688  -75.094  -21.561 0.6999999881
10933  20.551  -62.189  -16.784 0.6000000238
2463  22.452  -75.422  -23.729 0.8000000119
2431  22.420  -75.579  -22.834 0.6999999881
3415  22.992  -74.064  -25.231 0.6000000238
2910  22.209  -74.951  -24.382 0.6000000238
10936  18.063  -62.063  -16.953 0.6000000238
4397  23.371  -71.912  -26.345 0.6999999881
3905  23.058  -73.347  -25.382 0.6999999881
3416  22.709  -73.896  -25.075 0.6000000238
5471  26.166  -70.878  -26.740 0.6000000238
6606  27.625  -69.189  -26.787 0.6000000238
11621  16.030  -61.850  -16.955 0.5000000000
7194  27.702  -68.599  -26.431 0.6999999881
7796  27.026  -67.120  -26.911 0.5000000000
2430  23.263  -75.539  -23.034 0.6999999881
12330  21.881  -60.841  -15.152 0.4000000060
2462  23.139  -75.478  -24.060 0.8000000119
11607  20.975  -61.829  -16.220 0.5000000000
3401  23.331  -74.576  -25.203 0.8000000119
11597  19.707  -61.191  -15.740 0.4000000060
11596  20.573  -61.298  -15.704 0.4000000060
168948  23.022  -75.323  -24.433 0.6999999881
11598  18.779  -61.129  -15.804 0.4000000060
11609  19.244  -61.598  -16.296 0.5000000000
6034  27.044  -70.685  -26.990 0.6000000238
5485  24.407  -71.070  -26.499 0.6000000238
4404  24.057  -71.831  -26.520 0.6999999881
12334  18.199  -60.738  -15.804 0.4000000060
160473  27.710  -69.705  -27.051 0.6000000238
6023  27.225  -69.868  -26.689 0.6000000238
11613  15.798  -61.272  -16.767 0.4000000060
10937  17.257  -62.133  -16.976 0.6000000238
7795  27.520  -67.658  -27.307 0.6000000238
7814  26.987  -67.039  -27.524 0.5000000000
8405  26.227  -66.596  -27.602 0.5000000000
12312  22.315  -60.266  -14.819 0.4000000060
2449  23.609  -75.665  -23.759 0.8000000119
12332  20.207  -60.759  -15.243 0.4000000060
2900  23.544  -75.507  -24.439 0.6999999881
12333  19.405  -60.656  -15.337 0.4000000060
3902  24.744  -72.599  -25.789 0.6000000238
3904  23.410  -73.003  -25.818 0.6999999881
4927  25.486  -71.144  -26.481 0.6000000238
170223  24.586  -72.078  -26.314 0.6000000238
13112  18.430  -59.897  -15.676 0.4000000060
12345  16.797  -60.820  -16.332 0.4000000060
7207  27.891  -68.438  -27.046 0.6000000238
13126  16.542  -59.973  -16.574 0.4000000060
13100  21.958  -59.661  -14.570 0.4000000060
2907  23.908  -75.324  -24.798 0.6999999881
12315  19.900  -60.074  -14.975 0.4000000060
4387  25.473  -72.591  -25.471 0.6999999881
3903  24.160  -73.269  -25.570 0.6000000238
13111  19.152  -59.911  -15.231 0.4000000060
153244  27.004  -71.058  -26.997 0.6000000238
4917  25.876  -71.531  -26.374 0.6000000238
13124  17.858  -59.667  -16.147 0.4000000060
6615  28.048  -69.237  -27.218 0.6000000238
158597  16.789  -59.119  -16.973 0.3000000119
7218  28.026  -67.984  -27.467 0.4000000060
7813  27.806  -67.372  -27.862 0.4000000060
8403  27.899  -66.647  -28.202 0.4000000060
13939  19.023  -59.191  -15.518 0.4000000060
13940  18.418  -59.172  -16.039 0.4000000060
5492  28.425  -70.504  -27.036 0.6000000238
6614  28.751  -69.460  -27.407 0.6000000238
6042  28.931  -70.029  -27.157 0.6000000238
7812  28.782  -67.101  -27.930 0.4000000060
7811  29.782  -67.513  -27.705 0.5000000000
173015  28.723  -66.441  -28.113 0.4000000060
14878  17.213  -58.155  -20.528 0.3000000119
173467  29.605  -66.668  -27.846 0.4000000060
16399  21.572  -56.516  -14.988 0.4000000060
14859  19.004  -58.244  -19.391 0.3000000119
14906  16.385  -57.740  -22.434 0.4000000060
17209  23.436  -55.757  -15.121 0.4000000060
16420  21.363  -56.001  -15.551 0.4000000060
15654  19.446  -57.616  -18.928 0.3000000119
15639  19.930  -56.804  -18.186 0.3000000119
151286  17.921  -58.528  -20.866 0.3000000119
168221  18.201  -58.557  -20.366 0.3000000119
14893  16.989  -58.070  -21.967 0.3000000119
17228  22.313  -55.280  -15.524 0.4000000060
167402  21.442  -55.227  -16.502 0.4000000060
16438  20.474  -56.384  -16.592 0.4000000060
155907  19.258  -57.760  -19.612 0.3000000119
14876  18.778  -58.333  -20.727 0.3000000119
17394  15.306  -55.784  -25.484 0.4000000060
18237  14.142  -54.725  -24.944 0.3000000119
19142  14.510  -54.038  -24.917 0.3000000119
14892  18.149  -58.450  -21.530 0.3000000119
14905  17.101  -57.978  -22.761 0.3000000119
18104  21.652  -54.751  -16.921 0.4000000060
17263  20.636  -55.780  -17.730 0.4000000060
154485  20.299  -56.175  -18.096 0.3000000119
15672  19.471  -57.049  -19.417 0.3000000119
15689  19.226  -57.340  -20.176 0.3000000119
15757  16.399  -57.036  -24.342 0.3000000119
173498  18.773  -57.679  -21.260 0.3000000119
162690  15.391  -54.879  -25.501 0.3000000119
15721  18.456  -57.689  -21.801 0.3000000119
160555  16.114  -54.361  -25.543 0.4000000060
150757  15.193  -53.881  -25.408 0.3000000119
170840  16.258  -53.225  -25.812 0.3000000119
19140  15.283  -52.684  -25.446 0.3000000119
17275  20.911  -55.155  -18.030 0.4000000060
17276  20.489  -55.650  -18.409 0.4000000060
17297  19.759  -55.811  -19.628 0.3000000119
16551  16.112  -56.272  -24.967 0.4000000060
16484  19.077  -56.526  -20.521 0.3000000119
16537  16.788  -56.401  -24.344 0.3000000119
17378  16.518  -55.346  -24.896 0.4000000060
17377  17.229  -55.524  -23.999 0.4000000060
19139  15.947  -51.965  -26.114 0.3000000119
18131  21.090  -54.470  -18.331 0.4000000060
17295  20.647  -54.983  -18.726 0.4000000060
17314  19.895  -55.235  -19.709 0.4000000060
16497  18.890  -55.827  -20.951 0.4000000060
16498  18.686  -56.838  -21.294 0.3000000119
17349  17.993  -56.044  -22.547 0.3000000119
17363  17.676  -55.847  -23.140 0.3000000119
18205  17.790  -54.965  -23.329 0.3000000119
147827  17.743  -53.702  -24.190 0.5000000000
18219  16.696  -54.322  -25.061 0.4000000060
18234  17.132  -53.503  -24.974 0.4000000060
21010  15.323  -51.125  -25.392 0.3000000119
18161  20.445  -53.935  -19.722 0.4000000060
18162  19.855  -54.539  -20.227 0.4000000060
18175  19.247  -54.916  -20.921 0.3000000119
18203  18.919  -54.139  -22.360 0.3000000119
19113  19.284  -53.489  -22.705 0.3000000119
20068  19.622  -52.806  -23.089 0.3000000119
17347  18.735  -55.250  -21.493 0.3000000119
18188  19.108  -54.475  -21.648 0.3000000119
19114  18.677  -53.819  -23.096 0.3000000119
19124  18.937  -53.101  -23.508 0.3000000119
20081  19.195  -52.210  -23.985 0.3000000119
18204  18.367  -54.515  -22.807 0.3000000119
19126  17.645  -52.889  -24.753 0.3000000119
19138  16.750  -52.391  -25.695 0.3000000119
160898  15.933  -50.779  -24.471 0.3000000119
165891  22.831  -52.651  -17.530 0.3000000119
19039  21.760  -53.290  -18.234 0.3000000119
19057  21.412  -53.053  -18.914 0.3000000119
147265  20.890  -52.866  -20.621 0.3000000119
148781  21.175  -52.328  -21.733 0.3000000119
20066  20.709  -51.946  -22.986 0.3000000119
19074  20.806  -53.207  -19.976 0.3000000119
19086  20.733  -52.829  -21.256 0.3000000119
19099  19.934  -53.140  -22.332 0.3000000119
20067  20.329  -52.536  -22.692 0.3000000119
151362  19.716  -51.643  -23.969 0.3000000119
21008  18.361  -51.503  -24.865 0.3000000119
20083  17.411  -51.652  -25.452 0.3000000119
21026  17.566  -50.610  -25.490 0.3000000119
20100  16.394  -51.411  -26.070 0.3000000119
21937  16.253  -50.335  -25.945 0.3000000119
20894  24.322  -51.657  -17.309 0.3000000119
19985  21.970  -52.521  -18.611 0.3000000119
20007  21.601  -52.504  -19.412 0.3000000119
20039  21.278  -52.389  -21.029 0.3000000119
20980  21.538  -51.826  -22.146 0.3000000119
21921  19.837  -50.830  -24.321 0.3000000119
21025  18.387  -50.627  -25.131 0.3000000119
21936  16.988  -50.089  -25.549 0.3000000119
20995  16.400  -50.738  -23.538 0.3000000119
20993  21.768  -51.364  -22.665 0.3000000119
21005  20.589  -50.929  -23.821 0.3000000119
22835  18.675  -49.380  -25.091 0.3000000119
22824  17.536  -49.481  -25.127 0.3000000119
21911  16.468  -50.263  -24.338 0.3000000119
21910  16.891  -50.223  -23.458 0.3000000119
21908  21.764  -50.765  -23.197 0.3000000119
21920  20.378  -50.173  -24.254 0.3000000119
21933  19.502  -49.695  -24.740 0.3000000119
21907  22.152  -50.776  -22.540 0.3000000119
22811  21.606  -50.011  -23.708 0.3000000119
22822  20.112  -48.984  -24.549 0.3000000119
23764  19.161  -48.776  -24.821 0.3000000119
22823  17.900  -49.010  -24.618 0.3000000119
22813  17.864  -49.097  -23.620 0.3000000119
20981  17.402  -50.779  -22.287 0.3000000119
2747  32.314  -74.858  -14.093 0.5000000000
3723  31.363  -73.644  -14.415 0.5000000000
4227  31.470  -72.877  -15.148 0.4000000060
5935  21.802  -69.324  -20.462 0.6999999881
7096  21.726  -68.012  -20.304 0.6999999881
4280  29.887  -72.288  -17.632 0.4000000060
3736  32.172  -73.163  -15.061 0.5000000000
5959  23.965  -69.290  -22.548 0.6000000238
170136  19.893  -74.736  -20.456 0.5000000000
6550  24.799  -69.270  -22.567 0.6000000238
2885  21.849  -75.367  -23.372 0.8000000119
3357  21.215  -75.199  -20.810 0.6999999881
172134  22.660  -73.148  -24.840 0.6000000238
8391  26.094  -66.570  -26.626 0.5000000000
6026  24.668  -70.700  -26.059 0.6999999881
11611  17.158  -61.428  -16.390 0.4000000060
8406  25.522  -66.471  -27.226 0.5000000000
6033  27.735  -70.345  -27.107 0.6000000238
8404  27.033  -66.715  -28.001 0.4000000060
4395  25.286  -72.037  -26.127 0.6000000238
4925  27.318  -71.232  -26.878 0.6000000238
13951  17.990  -59.063  -16.624 0.3000000119
7217  28.866  -68.008  -27.651 0.4000000060
159447  29.248  -68.900  -27.442 0.4000000060
16419  21.980  -55.878  -15.178 0.4000000060
19040  21.243  -53.759  -18.601 0.3000000119
19984  22.663  -52.179  -18.005 0.3000000119
3875  26.185  -73.362  -24.258 0.5000000000
3876  25.697  -74.010  -24.545 0.5000000000
2906  24.563  -75.191  -24.823 0.6999999881
2460  25.024  -76.042  -24.258 0.6999999881
2429  24.127  -75.766  -23.150 0.6000000238
3891  25.673  -73.165  -24.823 0.5000000000
3892  24.983  -73.484  -25.087 0.6000000238
2899  24.235  -75.772  -24.404 0.6000000238
167675  25.427  -74.412  -21.176 0.6000000238
3833  25.029  -73.397  -20.614 0.6000000238
2459  25.913  -76.252  -24.002 0.6999999881
2869  25.413  -75.807  -22.251 0.6000000238
155856  25.038  -74.934  -21.593 0.6000000238
2447  25.504  -76.371  -23.774 0.6999999881
160416  24.603  -75.524  -22.344 0.6000000238
3353  24.817  -74.103  -21.085 0.6000000238
4386  26.166  -72.481  -25.006 0.5000000000
164323  26.866  -76.778  -23.268 0.6999999881
2427  26.057  -76.534  -23.040 0.6999999881
2868  26.228  -75.889  -21.989 0.6000000238
164695  26.003  -74.410  -21.026 0.6000000238
2897  26.345  -75.955  -24.161 0.6000000238
2446  26.290  -76.574  -23.608 0.6999999881
2854  25.721  -75.087  -21.479 0.6000000238
3388  26.774  -75.221  -24.078 0.6000000238
4905  27.525  -71.450  -25.485 0.5000000000
2896  26.991  -75.851  -24.068 0.6999999881
2413  26.911  -76.589  -22.551 0.6000000238
3339  26.259  -73.777  -20.646 0.6000000238
5458  28.285  -70.941  -25.605 0.5000000000
4393  26.789  -71.698  -25.830 0.5000000000
6021  29.639  -69.406  -26.734 0.5000000000
4914  28.025  -71.165  -26.398 0.5000000000
154306  30.075  -68.738  -26.900 0.4000000060
5981  19.518  -70.282  -23.408 0.4000000060
5432  19.862  -70.878  -22.817 0.4000000060
4883  19.075  -71.520  -22.892 0.5000000000
169894  19.096  -72.400  -22.542 0.5000000000
4884  18.513  -71.786  -22.647 0.5000000000
5469  28.908  -70.395  -26.744 0.5000000000
150062  18.336  -72.395  -22.153 0.5000000000
5925  18.291  -69.168  -19.579 0.6000000238
6032  29.278  -69.921  -26.833 0.4000000060
4344  18.193  -72.803  -21.432 0.5000000000
4844  17.844  -71.761  -20.433 0.5000000000
145471  18.056  -70.075  -19.790 0.5000000000
5433  19.088  -70.640  -23.323 0.5000000000
5434  18.507  -70.954  -23.106 0.5000000000
5415  17.946  -71.355  -22.616 0.5000000000
168596  17.809  -70.719  -22.896 0.5000000000
4856  17.580  -71.385  -21.883 0.5000000000
5404  17.310  -70.609  -21.453 0.5000000000
5392  17.507  -70.327  -20.545 0.5000000000
165041  29.177  -69.985  -27.149 0.5000000000
5403  17.529  -71.211  -20.964 0.5000000000
7794  30.651  -67.167  -27.146 0.4000000060
7216  30.139  -68.415  -27.128 0.4000000060
168605  30.528  -67.285  -27.301 0.4000000060
7149  20.688  -67.314  -22.880 0.5000000000
5435  18.209  -70.367  -23.358 0.5000000000
5483  28.469  -70.733  -26.849 0.5000000000
165236  29.759  -68.933  -27.233 0.4000000060
8332  22.034  -65.440  -21.709 0.5000000000
8344  21.917  -65.088  -22.602 0.5000000000
8356  21.257  -65.838  -24.197 0.5000000000
8333  21.434  -65.890  -22.142 0.5000000000
7810  30.208  -67.814  -27.388 0.4000000060
8979  22.552  -64.744  -22.253 0.5000000000
8990  21.747  -64.799  -23.211 0.5000000000
8978  22.687  -64.385  -22.157 0.5000000000
9611  21.800  -64.437  -22.931 0.5000000000
160243  21.456  -64.652  -23.590 0.5000000000
165200  21.228  -65.394  -24.461 0.4000000060
9589  23.180  -64.037  -21.636 0.5000000000
159986  21.272  -64.283  -23.197 0.6000000238
9623  20.792  -64.686  -24.480 0.6000000238
9577  24.104  -63.999  -20.745 0.5000000000
166753  22.971  -63.712  -21.412 0.5000000000
10324  21.981  -63.880  -22.201 0.5000000000
10339  20.923  -63.989  -22.591 0.6000000238
166752  20.252  -64.424  -24.143 0.6000000238
9641  20.269  -64.697  -24.844 0.6000000238
9025  19.770  -65.211  -25.988 0.5000000000
9026  18.867  -65.054  -26.268 0.5000000000
9042  17.017  -64.905  -27.269 0.5000000000
10305  23.498  -63.789  -21.113 0.5000000000
10255  23.575  -63.605  -19.527 0.5000000000
10283  22.068  -63.333  -20.487 0.5000000000
10307  21.769  -63.577  -21.689 0.5000000000
153420  21.407  -63.339  -20.852 0.6000000238
9612  20.370  -64.190  -23.288 0.6000000238
150898  19.464  -64.464  -24.499 0.6000000238
9657  19.053  -64.815  -25.670 0.6000000238
9658  18.325  -64.611  -25.793 0.5000000000
11751  15.326  -61.147  -24.641 0.5000000000
9683  16.084  -63.808  -26.920 0.5000000000
9547  24.607  -63.913  -18.777 0.5000000000
161407  23.217  -63.480  -19.031 0.5000000000
152149  22.291  -63.315  -19.814 0.6000000238
155239  20.580  -63.403  -20.774 0.6000000238
10309  20.234  -63.655  -21.225 0.6000000238
10340  20.045  -64.017  -22.442 0.6000000238
153896  19.697  -63.972  -21.708 0.6000000238
9624  19.438  -64.298  -23.659 0.6000000238
9614  18.596  -64.140  -23.116 0.6000000238
9643  18.639  -64.472  -25.029 0.6000000238
153467  17.804  -64.191  -25.372 0.5000000000
9669  17.342  -64.465  -26.675 0.5000000000
9660  16.932  -63.747  -26.228 0.5000000000
165494  16.514  -62.745  -25.635 0.5000000000
10388  15.763  -62.976  -26.573 0.5000000000
11073  16.054  -62.462  -26.044 0.5000000000
10257  21.762  -63.243  -19.227 0.6000000238
154458  21.028  -63.248  -19.398 0.6000000238
154721  19.895  -63.529  -20.542 0.6000000238
10310  18.496  -63.761  -20.746 0.6000000238
167139  19.390  -63.827  -20.969 0.6000000238
172072  18.314  -63.947  -22.395 0.6000000238
165283  17.622  -63.519  -22.123 0.6000000238
10349  17.787  -63.903  -23.745 0.5000000000
10341  17.721  -63.713  -22.959 0.5000000000
9626  17.676  -63.953  -24.659 0.5000000000
172139  16.740  -62.721  -23.573 0.5000000000
11042  16.446  -62.289  -22.932 0.6000000238
166183  16.347  -62.320  -24.717 0.5000000000
171509  16.260  -62.116  -23.990 0.5000000000
11736  15.841  -61.442  -23.341 0.5000000000
11723  15.153  -60.808  -22.777 0.5000000000
148671  19.597  -63.411  -19.749 0.6000000238
10287  18.263  -63.502  -19.977 0.6000000238
10328  17.798  -63.556  -21.265 0.6000000238
11041  17.035  -63.103  -22.898 0.6000000238
11030  16.330  -62.239  -22.010 0.6000000238
11722  15.882  -61.562  -22.443 0.5000000000
10259  18.968  -63.282  -19.047 0.6000000238
174478  17.210  -63.193  -21.588 0.6000000238
11010  16.132  -62.203  -21.248 0.6000000238
11706  15.232  -60.944  -21.853 0.5000000000
10948  18.555  -62.458  -17.517 0.6000000238
10213  19.014  -62.946  -18.229 0.6000000238
174744  17.601  -62.864  -18.354 0.6000000238
10974  17.087  -63.078  -19.475 0.6000000238
154216  16.711  -62.721  -21.444 0.6000000238
10993  15.875  -62.106  -20.431 0.5000000000
10949  17.764  -62.483  -17.559 0.6000000238
159357  16.738  -62.806  -18.740 0.6000000238
10964  16.877  -62.511  -17.729 0.6000000238
10975  16.359  -62.666  -19.692 0.6000000238
11636  15.348  -61.976  -18.524 0.6000000238
11652  14.915  -61.404  -19.287 0.5000000000
146721  15.342  -61.434  -17.094 0.4000000060
2855  24.301  -74.781  -21.647 0.6000000238
2448  24.499  -75.985  -23.941 0.6999999881
4916  26.756  -71.466  -26.489 0.5000000000
4915  27.478  -71.337  -26.504 0.5000000000
173812  29.049  -70.114  -25.558 0.5000000000
5457  28.829  -70.506  -26.184 0.5000000000
5937  17.317  -69.558  -21.036 0.6000000238
10326  20.578  -63.785  -21.906 0.6000000238
9625  18.559  -64.264  -24.083 0.6000000238
165009  17.285  -63.451  -24.230 0.5000000000
10260  18.331  -63.302  -19.246 0.6000000238
10288  17.497  -63.275  -20.064 0.6000000238
10976  15.988  -62.458  -18.918 0.6000000238
11651  15.591  -62.027  -19.536 0.6000000238
2746  33.371  -75.028  -13.978 0.4000000060
3225  35.915  -74.827  -13.868 0.5000000000
3240  35.885  -74.380  -14.596 0.5000000000
3226  34.956  -74.608  -14.146 0.4000000060
3227  33.831  -74.453  -14.027 0.4000000060
3241  34.074  -74.119  -14.421 0.4000000060
3228  32.840  -74.292  -14.083 0.4000000060
3257  36.474  -74.030  -15.275 0.5000000000
3239  36.548  -74.206  -14.330 0.5000000000
3259  34.486  -73.909  -15.463 0.5000000000
3734  33.839  -73.744  -14.956 0.5000000000
3242  33.318  -73.898  -14.464 0.4000000060
158978  36.253  -74.192  -16.126 0.5000000000
3280  35.213  -74.271  -16.190 0.5000000000
3772  34.064  -73.944  -16.041 0.5000000000
3755  33.517  -73.540  -15.585 0.5000000000
3735  33.017  -73.407  -15.044 0.4000000060
3756  32.629  -73.184  -15.754 0.4000000060
165704  35.890  -74.491  -16.770 0.5000000000
2778  35.170  -74.903  -17.062 0.5000000000
2799  34.384  -75.301  -17.429 0.5000000000
3773  33.227  -73.551  -16.198 0.5000000000
3757  31.864  -72.833  -15.687 0.4000000060
157539  27.363  -73.382  -20.058 0.5000000000
3807  28.223  -72.918  -19.293 0.4000000060
3327  28.496  -73.531  -19.554 0.4000000060
3326  29.209  -73.845  -19.270 0.4000000060
3797  29.415  -73.280  -18.688 0.4000000060
3786  30.242  -73.003  -17.871 0.4000000060
3300  33.507  -74.892  -17.183 0.5000000000
3795  30.501  -73.574  -18.120 0.4000000060
3785  30.935  -73.323  -17.601 0.4000000060
2800  33.077  -75.441  -17.829 0.4000000060
3281  32.878  -74.025  -16.822 0.5000000000
3774  31.824  -73.075  -16.643 0.4000000060
160517  32.469  -73.327  -16.432 0.4000000060
3337  28.036  -73.883  -20.048 0.4000000060
3325  29.895  -74.381  -19.200 0.4000000060
3315  30.384  -74.124  -18.615 0.4000000060
2815  33.536  -75.865  -18.303 0.4000000060
3314  31.038  -74.102  -18.110 0.4000000060
169135  31.509  -73.356  -17.191 0.4000000060
2816  32.841  -75.789  -18.473 0.4000000060
3301  32.452  -74.617  -17.496 0.4000000060
3302  31.595  -73.980  -17.586 0.4000000060
3282  32.105  -73.695  -17.065 0.4000000060
150449  26.876  -73.792  -20.437 0.5000000000
3338  27.439  -74.217  -20.436 0.4000000060
2841  28.171  -74.914  -20.502 0.4000000060
2840  29.024  -75.230  -20.340 0.4000000060
2830  30.226  -75.229  -19.742 0.4000000060
2819  30.519  -74.788  -19.126 0.4000000060
2818  31.208  -74.916  -18.723 0.4000000060
2366  32.549  -75.996  -19.106 0.4000000060
2828  31.765  -75.710  -19.222 0.4000000060
3352  26.761  -74.543  -20.854 0.5000000000
3351  27.459  -75.024  -20.881 0.5000000000
2853  27.032  -75.739  -21.509 0.6000000238
2852  27.930  -75.841  -21.299 0.5000000000
170560  29.696  -75.433  -20.245 0.4000000060
168133  30.272  -75.923  -20.493 0.4000000060
2385  30.917  -75.851  -20.072 0.4000000060
2395  32.165  -76.117  -20.306 0.4000000060
2411  28.458  -76.356  -21.913 0.4000000060
2426  27.463  -76.667  -22.939 0.5000000000
2410  29.117  -76.318  -21.655 0.4000000060
2409  30.278  -76.140  -21.078 0.4000000060
2424  28.873  -76.323  -22.308 0.5000000000
158938  29.552  -76.186  -22.357 0.4000000060
149784  29.775  -76.222  -21.726 0.4000000060
156943  30.765  -76.121  -21.317 0.4000000060
2444  27.850  -76.402  -23.392 0.6000000238
2445  27.402  -76.648  -23.377 0.6000000238
2443  29.015  -76.096  -22.846 0.5000000000
2442  29.924  -75.781  -22.837 0.4000000060
2898  25.367  -75.721  -24.480 0.5000000000
10236  21.281  -63.168  -18.641 0.5000000000
10212  19.947  -62.975  -18.081 0.5000000000
10934  19.739  -62.095  -16.844 0.5000000000
10211  20.849  -62.955  -17.890 0.5000000000
10946  20.236  -62.569  -17.388 0.5000000000
10237  20.510  -63.175  -18.743 0.5000000000
3258  35.612  -74.176  -15.421 0.5000000000
158438  34.803  -74.106  -14.799 0.5000000000
3336  28.725  -74.294  -19.917 0.4000000060
2831  29.437  -74.705  -19.759 0.4000000060
2817  32.089  -75.466  -18.595 0.4000000060
2851  28.724  -75.929  -21.077 0.4000000060
165184  29.569  -76.022  -20.956 0.4000000060
2829  31.016  -75.414  -19.441 0.4000000060
2384  31.503  -75.909  -19.748 0.4000000060
149998  30.907  -76.140  -20.680 0.4000000060
2425  28.071  -76.514  -22.632 0.5000000000
161957  28.260  -76.356  -22.951 0.6000000238
2423  30.276  -76.053  -22.085 0.5000000000
2894  28.613  -75.508  -23.619 0.5000000000
7738  32.149  -66.839  -23.542 0.3000000119
7161  31.702  -67.957  -23.319 0.3000000119
7162  30.992  -67.907  -23.392 0.3000000119
7739  31.518  -67.222  -23.455 0.3000000119
8353  32.330  -66.224  -23.709 0.3000000119
9007  33.651  -64.962  -24.146 0.3000000119
9008  32.790  -64.840  -24.393 0.3000000119
6545  31.207  -69.207  -23.145 0.3000000119
5973  30.758  -69.677  -22.975 0.4000000060
5974  30.158  -69.461  -23.061 0.4000000060
145674  32.226  -67.378  -23.456 0.3000000119
5975  29.469  -69.916  -23.293 0.4000000060
6563  30.120  -68.794  -23.581 0.4000000060
4892  27.878  -71.318  -24.267 0.4000000060
4385  26.853  -72.082  -24.689 0.4000000060
7737  32.652  -66.778  -23.664 0.3000000119
7163  30.316  -68.179  -24.024 0.3000000119
170070  29.357  -69.579  -25.306 0.4000000060
8376  31.542  -65.716  -25.412 0.3000000119
7178  30.588  -67.520  -25.722 0.3000000119
153681  30.288  -71.944  -22.857 0.4000000060
4358  29.787  -72.725  -22.930 0.4000000060
3854  28.342  -73.686  -23.223 0.4000000060
3855  27.590  -73.550  -23.311 0.4000000060
5972  31.196  -69.812  -23.156 0.4000000060
5427  30.243  -70.344  -22.814 0.4000000060
162224  29.592  -71.997  -22.695 0.4000000060
4359  28.154  -72.860  -22.985 0.4000000060
6561  31.846  -68.792  -23.478 0.3000000119
5428  29.451  -70.697  -22.895 0.4000000060
4372  27.903  -72.028  -23.243 0.4000000060
151093  26.426  -74.242  -24.069 0.4000000060
7160  32.900  -67.475  -23.848 0.3000000119
5444  28.419  -70.819  -24.121 0.4000000060
3874  26.839  -73.489  -23.701 0.4000000060
7736  33.311  -66.787  -23.915 0.3000000119
166173  28.726  -70.427  -25.020 0.4000000060
6592  29.981  -68.824  -26.241 0.4000000060
167093  30.145  -73.608  -23.572 0.4000000060
3373  29.237  -74.941  -23.607 0.4000000060
4357  30.673  -72.799  -23.493 0.4000000060
155123  29.519  -73.502  -23.263 0.4000000060
3374  28.562  -74.669  -23.607 0.4000000060
5988  32.278  -69.557  -24.106 0.3000000119
5425  31.488  -70.333  -23.448 0.4000000060
7176  34.059  -67.666  -24.908 0.3000000119
7159  33.537  -67.367  -24.254 0.3000000119
164309  27.171  -74.310  -23.736 0.4000000060
7751  33.920  -66.912  -24.379 0.3000000119
2883  29.207  -75.581  -23.304 0.4000000060
155636  29.748  -74.312  -23.638 0.4000000060
7193  30.345  -68.188  -26.556 0.3000000119
7775  30.894  -66.833  -26.774 0.3000000119
3387  27.525  -75.249  -23.888 0.4000000060
2895  27.912  -75.953  -23.713 0.4000000060
3372  29.999  -75.020  -23.465 0.4000000060
6546  30.733  -68.988  -23.036 0.3000000119
8363  31.882  -65.849  -24.316 0.3000000119
9009  32.081  -65.225  -24.724 0.3000000119
5426  30.919  -70.350  -23.042 0.4000000060
5990  29.563  -69.330  -24.043 0.4000000060
5429  28.882  -70.934  -23.176 0.4000000060
5443  28.939  -70.396  -23.738 0.4000000060
4373  27.256  -72.686  -23.547 0.4000000060
6577  29.812  -68.850  -24.980 0.4000000060
4877  31.219  -70.989  -23.382 0.4000000060
3853  29.053  -74.010  -23.389 0.4000000060
163740  28.994  -73.010  -22.931 0.4000000060
169513  28.839  -72.185  -22.788 0.4000000060
6560  32.593  -68.834  -24.102 0.3000000119
165730  31.424  -71.399  -23.685 0.4000000060
5442  32.020  -70.292  -24.079 0.3000000119
6576  33.214  -68.773  -24.714 0.3000000119
2269  33.982  -76.286  -11.496 0.3000000119
1864  32.955  -77.003  -11.532 0.3000000119
3213  34.943  -74.717  -11.635 0.3000000119
173847  33.513  -75.946  -11.336 0.3000000119
2268  34.702  -75.995  -11.633 0.3000000119
1863  33.765  -76.911  -11.727 0.3000000119
3706  35.104  -73.774  -11.956 0.3000000119
3214  34.158  -73.947  -11.476 0.3000000119
3198  34.036  -74.695  -11.367 0.3000000119
3705  35.945  -73.981  -12.422 0.3000000119
3212  35.812  -74.837  -12.276 0.3000000119
2282  35.191  -76.228  -12.210 0.3000000119
2744  35.492  -75.257  -13.667 0.3000000119
4206  34.552  -71.869  -12.623 0.3000000119
3707  34.104  -73.097  -11.698 0.3000000119
3712  35.650  -73.219  -12.505 0.3000000119
4194  34.814  -72.727  -12.250 0.3000000119
174582  33.456  -74.130  -11.303 0.3000000119
2739  36.066  -74.987  -13.032 0.3000000119
2743  35.859  -75.229  -13.390 0.3000000119
4204  36.370  -72.600  -13.460 0.3000000119
168978  36.430  -74.278  -12.944 0.3000000119
3711  36.729  -73.483  -13.310 0.3000000119
3721  36.997  -73.663  -13.907 0.3000000119
3224  36.731  -74.140  -13.840 0.3000000119
148160  36.360  -74.666  -13.607 0.3000000119
3256  36.912  -73.752  -15.127 0.3000000119
2777  35.838  -74.705  -17.377 0.4000000060
158299  36.831  -73.841  -16.008 0.4000000060
154895  29.711  -74.970  -11.206 0.3000000119
148348  27.851  -75.942  -10.647 0.3000000119
148458  33.198  -74.745  -11.266 0.3000000119
2270  32.493  -76.320  -11.294 0.3000000119
4182  32.492  -72.110  -11.347 0.3000000119
154824  31.464  -73.328  -11.238 0.3000000119
3202  30.967  -73.941  -11.284 0.3000000119
2729  28.424  -75.525  -10.838 0.3000000119
4717  33.699  -71.499  -12.301 0.3000000119
154409  32.287  -73.325  -11.253 0.3000000119
149210  29.750  -75.847  -11.073 0.3000000119
2728  29.077  -75.617  -10.969 0.3000000119
3199  33.258  -73.376  -11.310 0.3000000119
3200  32.713  -74.030  -11.248 0.3000000119
2727  31.189  -75.529  -11.207 0.3000000119
171185  30.959  -76.223  -11.186 0.3000000119
2726  32.003  -75.518  -11.240 0.3000000119
2271  31.674  -76.264  -11.236 0.3000000119
2281  35.681  -75.676  -12.484 0.3000000119
2292  35.304  -76.181  -12.783 0.3000000119
4195  33.942  -72.267  -11.980 0.3000000119
171976  36.527  -74.446  -13.396 0.3000000119
3204  29.369  -74.150  -11.289 0.3000000119
1866  31.275  -76.879  -11.334 0.3000000119
3708  33.358  -72.583  -11.484 0.3000000119
173129  30.945  -73.354  -11.257 0.3000000119
3201  31.850  -73.998  -11.255 0.3000000119
154896  30.626  -74.800  -11.249 0.3000000119
1867  30.259  -76.624  -11.171 0.3000000119
3840  33.842  -74.377  -22.110 0.3000000119
170002  33.697  -74.600  -20.915 0.3000000119
2838  34.078  -75.249  -19.808 0.4000000060
2380  33.989  -75.793  -19.285 0.4000000060
2364  33.891  -75.932  -18.736 0.3000000119
161186  33.768  -75.559  -17.739 0.3000000119
3364  33.612  -74.863  -22.148 0.3000000119
166459  33.467  -75.306  -21.457 0.4000000060
2405  33.257  -75.723  -20.898 0.4000000060
2393  33.050  -76.030  -20.248 0.4000000060
2365  33.191  -76.101  -18.946 0.3000000119
170821  32.110  -76.136  -20.728 0.4000000060
2394  32.580  -76.092  -20.474 0.4000000060
2383  32.205  -76.093  -19.732 0.3000000119
2408  31.567  -76.143  -20.737 0.3000000119
4339  35.582  -72.499  -22.536 0.3000000119
4356  34.999  -73.324  -22.745 0.3000000119
3832  33.678  -74.103  -21.353 0.4000000060
3335  33.842  -74.674  -20.416 0.4000000060
2827  34.691  -75.347  -19.031 0.3000000119
2814  34.979  -75.339  -18.426 0.3000000119
3839  34.430  -73.955  -22.751 0.3000000119
3363  34.000  -74.360  -22.619 0.3000000119
3370  33.830  -74.584  -22.860 0.3000000119
2865  33.304  -75.413  -21.756 0.3000000119
3381  34.002  -74.368  -23.507 0.3000000119
3371  33.389  -74.733  -23.249 0.3000000119
2880  33.354  -75.026  -22.514 0.3000000119
2420  32.894  -75.781  -21.377 0.4000000060
2891  32.537  -74.638  -23.647 0.3000000119
2867  32.230  -75.462  -22.525 0.4000000060
145645  31.706  -76.033  -21.340 0.4000000060
3384  31.164  -74.227  -24.000 0.3000000119
2882  31.405  -75.259  -22.959 0.4000000060
2440  31.590  -75.729  -22.158 0.4000000060
2422  31.017  -75.959  -21.858 0.4000000060
3873  30.867  -73.741  -24.050 0.3000000119
164615  30.588  -75.321  -23.088 0.4000000060
2893  30.857  -74.789  -23.543 0.3000000119
5945  33.135  -69.535  -21.274 0.3000000119
5399  32.935  -70.533  -21.036 0.3000000119
4843  32.807  -71.360  -20.287 0.3000000119
4826  33.032  -71.925  -19.982 0.3000000119
161846  34.810  -71.692  -22.176 0.3000000119
4867  33.720  -71.431  -21.815 0.3000000119
4852  33.240  -71.935  -21.360 0.3000000119
4300  33.619  -72.396  -19.533 0.3000000119
4876  36.656  -72.191  -22.775 0.3000000119
4866  36.118  -71.768  -22.337 0.3000000119
148555  34.102  -72.596  -22.007 0.3000000119
4329  33.455  -72.966  -21.169 0.3000000119
3804  34.679  -73.633  -19.353 0.3000000119
3322  35.521  -73.922  -18.900 0.3000000119
3312  35.377  -74.742  -18.676 0.3000000119
3299  36.437  -74.179  -17.657 0.3000000119
3278  36.949  -73.705  -17.186 0.3000000119
4355  35.933  -72.760  -23.090 0.3000000119
175296  32.527  -74.129  -24.284 0.3000000119
167903  32.134  -75.030  -23.125 0.3000000119
3872  32.005  -73.541  -24.653 0.3000000119
3383  31.835  -74.162  -24.187 0.3000000119
148436  31.328  -73.217  -24.337 0.3000000119
3385  30.477  -74.338  -23.799 0.3000000119
6508  33.594  -68.622  -21.533 0.3000000119
154233  33.926  -69.779  -21.866 0.3000000119
5410  33.448  -70.509  -21.614 0.3000000119
4853  32.917  -71.299  -20.894 0.3000000119
5408  35.242  -70.897  -22.253 0.3000000119
171814  37.007  -73.708  -16.511 0.3000000119
7111  33.989  -67.802  -21.563 0.3000000119
5958  34.089  -68.985  -21.867 0.3000000119
5957  34.630  -69.425  -22.173 0.3000000119
174098  34.645  -70.162  -22.172 0.3000000119
5409  34.233  -70.726  -22.044 0.3000000119
5424  36.311  -70.927  -22.413 0.3000000119
6528  34.177  -68.336  -21.831 0.3000000119
6527  34.670  -68.589  -22.150 0.3000000119
6526  35.311  -69.081  -22.515 0.3000000119
5956  35.376  -70.048  -22.398 0.3000000119
3279  36.581  -74.101  -16.874 0.3000000119
2363  34.513  -75.651  -18.353 0.3000000119
2382  32.829  -76.089  -19.462 0.4000000060
2441  30.794  -75.718  -22.503 0.4000000060
155293  31.617  -71.864  -24.057 0.3000000119
3350  33.617  -74.840  -21.495 0.3000000119
4340  34.033  -73.697  -22.058 0.3000000119
147051  33.585  -75.289  -20.718 0.4000000060
2839  33.546  -75.820  -20.061 0.4000000060
2381  33.306  -76.091  -19.508 0.4000000060
2866  32.885  -75.479  -22.133 0.4000000060
3818  33.613  -73.761  -20.569 0.3000000119
3324  34.064  -74.203  -19.937 0.4000000060
3852  35.237  -73.591  -23.236 0.3000000119
3369  34.394  -74.121  -23.085 0.3000000119
2881  32.812  -75.083  -22.866 0.4000000060
155166  31.382  -73.780  -24.384 0.3000000119
4318  32.997  -72.021  -20.728 0.3000000119
4317  33.245  -72.704  -20.348 0.3000000119
3805  33.833  -73.214  -19.852 0.3000000119
3890  31.891  -72.632  -24.696 0.3000000119
4836  18.179  -71.437  -19.740 0.4000000060
1880  34.799  -76.719  -12.576 0.3000000119
2283  34.506  -76.630  -11.973 0.3000000119
2304  32.871  -75.558  -14.170 0.4000000060
2344  34.216  -75.732  -18.059 0.3000000119
2396  31.588  -76.072  -20.241 0.4000000060
2406  32.860  -75.974  -20.773 0.4000000060
2407  32.444  -76.024  -21.047 0.4000000060
2412  27.688  -76.440  -22.183 0.5000000000
2421  32.329  -75.821  -21.770 0.4000000060
2428  25.033  -76.161  -23.166 0.6999999881
2433  21.486  -75.580  -22.754 0.6999999881
2450  22.784  -75.551  -23.500 0.8000000119
2451  22.077  -75.509  -23.151 0.8000000119
2457  27.465  -76.368  -23.640 0.6999999881
2458  26.830  -76.465  -23.713 0.6999999881
2461  23.799  -75.725  -24.194 0.8000000119
2723  34.632  -75.308  -11.505 0.3000000119
2724  33.860  -75.492  -11.340 0.3000000119
2725  32.938  -75.586  -11.263 0.3000000119
2734  35.307  -75.558  -11.894 0.3000000119
2779  34.366  -74.599  -16.718 0.5000000000
2797  35.696  -74.822  -18.035 0.4000000060
2798  35.002  -75.328  -17.819 0.3000000119
2801  32.441  -75.255  -18.078 0.4000000060
2858  21.612  -75.533  -21.468 0.6999999881
2859  20.883  -75.610  -21.548 0.6999999881
2860  20.254  -75.371  -21.788 0.6999999881
2870  23.795  -75.322  -22.333 0.6000000238
2871  22.961  -75.348  -22.247 0.6999999881
2872  22.103  -75.533  -22.060 0.6999999881
2873  21.374  -75.687  -22.156 0.6999999881
2884  28.440  -76.041  -23.355 0.5000000000
2886  21.184  -75.309  -22.917 0.8000000119
2892  31.646  -74.695  -23.629 0.4000000060
2901  22.618  -75.297  -24.236 0.8000000119
2908  23.182  -75.107  -24.794 0.6999999881
2909  22.660  -75.016  -24.672 0.6999999881
3217  36.803  -73.940  -13.451 0.3000000119
3230  31.163  -74.179  -14.289 0.5000000000
3238  36.968  -73.802  -14.427 0.3000000119
3243  32.533  -73.647  -14.522 0.5000000000
3311  36.080  -74.124  -18.330 0.3000000119
3313  31.780  -74.746  -18.076 0.4000000060
3316  29.760  -73.789  -18.818 0.4000000060
3323  34.815  -74.583  -19.328 0.4000000060
3341  23.488  -73.738  -20.696 0.6999999881
3356  22.160  -74.913  -20.992 0.6999999881
3359  19.262  -74.338  -21.046 0.5000000000
3365  19.865  -74.776  -22.110 0.6999999881
3375  27.860  -74.407  -23.548 0.4000000060
3386  28.125  -75.236  -23.758 0.4000000060
3389  25.951  -75.126  -24.429 0.5000000000
3391  21.429  -74.370  -23.739 0.6999999881
3399  25.136  -74.749  -24.788 0.5000000000
3400  24.373  -74.260  -25.119 0.6000000238
3402  22.802  -74.571  -25.039 0.6000000238
3403  22.357  -74.500  -24.826 0.6000000238
3413  23.668  -73.961  -25.415 0.8000000119
3414  23.252  -73.841  -25.474 0.6999999881
3695  32.686  -72.698  -11.312 0.3000000119
3722  31.927  -73.503  -14.568 0.5000000000
3775  31.206  -72.810  -16.915 0.4000000060
3796  29.985  -73.421  -18.384 0.4000000060
3806  28.826  -73.120  -19.015 0.4000000060
3809  22.825  -72.899  -19.659 0.6000000238
3813  19.342  -73.262  -19.307 0.5000000000
3819  26.574  -73.224  -20.220 0.6000000238
3820  25.760  -73.164  -20.371 0.6999999881
3821  24.547  -73.001  -20.328 0.6999999881
3825  21.198  -74.080  -19.664 0.6000000238
3826  20.223  -74.203  -19.659 0.5000000000
3893  22.867  -72.997  -25.207 0.6999999881
3894  22.343  -73.820  -24.809 0.6000000238
4289  29.673  -72.828  -18.210 0.4000000060
4292  27.504  -71.751  -18.847 0.6999999881
4293  21.174  -72.452  -18.482 0.5000000000
4303  27.255  -72.269  -19.315 0.5000000000
4309  21.920  -72.437  -18.812 0.6000000238
4324  23.466  -72.832  -19.965 0.6999999881
4330  18.021  -72.520  -20.696 0.5000000000
4371  31.314  -72.485  -24.003 0.3000000119
4374  26.592  -72.822  -24.116 0.4000000060
4388  22.853  -72.454  -25.008 0.6000000238
4394  26.083  -71.934  -25.973 0.5000000000
4396  24.005  -72.414  -26.128 0.6999999881
4398  23.080  -72.387  -25.729 0.6999999881
4403  24.783  -71.523  -26.443 0.6000000238
4812  25.388  -70.911  -18.565 0.6000000238
4815  22.719  -71.466  -18.465 0.6000000238
4855  17.779  -72.081  -21.463 0.5000000000
4872  17.985  -71.877  -22.271 0.5000000000
4878  30.639  -71.122  -22.906 0.4000000060
4879  29.951  -71.280  -22.722 0.4000000060
4880  29.240  -71.441  -22.796 0.4000000060
4881  28.466  -71.415  -23.177 0.4000000060
4890  31.772  -71.078  -24.004 0.4000000060
4891  31.042  -71.798  -23.366 0.4000000060
4893  27.365  -71.833  -24.192 0.4000000060
4918  23.237  -71.188  -26.320 0.6999999881
4924  27.983  -71.112  -26.819 0.5000000000
4926  26.535  -71.203  -26.714 0.6000000238
4928  23.834  -71.338  -26.528 0.6999999881
5339  27.536  -70.160  -17.054 0.5000000000
5353  25.185  -69.936  -17.722 0.6000000238
5368  27.201  -70.630  -18.066 0.6999999881
5369  26.598  -70.710  -18.280 0.6000000238
5372  24.021  -70.493  -18.208 0.5000000000
5391  17.846  -70.932  -20.100 0.4000000060
5398  33.185  -71.148  -21.356 0.3000000119
5402  21.403  -70.696  -21.263 0.6999999881
5416  17.477  -70.890  -22.236 0.5000000000
5459  24.039  -70.662  -25.798 0.6999999881
5470  28.460  -70.801  -26.589 0.5000000000
5473  24.082  -70.867  -26.328 0.6999999881
5474  23.333  -70.887  -26.164 0.6999999881
5482  28.960  -70.316  -26.885 0.5000000000
5484  27.743  -70.955  -27.034 0.6000000238
5486  23.664  -70.992  -26.450 0.6999999881
5894  26.893  -69.949  -17.189 0.5000000000
5895  26.225  -69.807  -17.245 0.6000000238
5934  22.394  -69.114  -20.410 0.6999999881
5936  17.758  -69.447  -20.220 0.6000000238
5947  22.712  -69.482  -20.901 0.6000000238
5977  25.167  -69.637  -23.391 0.6999999881
5980  23.394  -69.710  -22.450 0.6000000238
5983  17.637  -69.994  -23.151 0.5000000000
5989  31.666  -69.639  -23.489 0.4000000060
5993  24.699  -69.986  -24.019 0.6999999881
6006  29.680  -69.222  -25.870 0.4000000060
6007  29.106  -69.914  -24.477 0.4000000060
6011  24.249  -70.364  -24.831 0.6999999881
6022  29.246  -69.969  -26.416 0.5000000000
6025  25.556  -70.500  -26.065 0.6999999881
6043  28.281  -69.933  -27.213 0.6000000238
6496  22.036  -68.635  -20.273 0.6999999881
6510  26.674  -68.479  -21.548 0.6999999881
6512  25.042  -68.363  -21.621 0.6000000238
6515  22.958  -68.738  -20.802 0.6000000238
6532  24.264  -68.881  -22.193 0.6000000238
6562  30.593  -68.380  -23.251 0.3000000119
6593  27.409  -69.001  -25.919 0.6999999881
6605  29.683  -69.292  -26.970 0.4000000060
6612  29.839  -68.318  -27.461 0.4000000060
6613  29.355  -69.496  -27.197 0.6000000238
7113  27.756  -67.743  -21.508 0.6999999881
7114  27.100  -67.961  -21.175 0.6999999881
7117  24.651  -67.648  -21.437 0.6999999881
7119  23.345  -67.243  -20.700 0.6999999881
7133  34.647  -67.833  -21.943 0.3000000119
7134  28.297  -67.339  -21.996 0.6000000238
7146  31.162  -68.502  -23.175 0.3000000119
7164  28.206  -67.519  -23.937 0.6000000238
7177  33.419  -68.009  -24.492 0.3000000119
7179  30.223  -68.140  -25.351 0.4000000060
7192  30.613  -67.577  -26.821 0.3000000119
7205  30.446  -67.716  -27.154 0.4000000060
7206  30.366  -68.147  -27.028 0.4000000060
7681  27.845  -66.878  -20.526 0.8000000119
7684  25.921  -66.433  -20.684 0.6999999881
7685  22.976  -66.880  -20.495 0.6999999881
7686  22.255  -67.243  -20.265 0.6999999881
7700  27.517  -67.426  -20.874 0.6999999881
7702  24.290  -66.304  -21.200 0.6999999881
7703  21.996  -66.588  -20.558 0.6000000238
7717  28.546  -66.821  -21.648 0.8000000119
7718  21.039  -66.515  -22.518 0.5000000000
7740  28.373  -66.809  -23.789 0.6000000238
7752  31.696  -66.500  -23.912 0.3000000119
7756  27.269  -66.561  -25.310 0.6000000238
8288  27.665  -65.609  -19.839 0.6999999881
8301  28.558  -65.763  -20.547 0.8000000119
8303  27.355  -66.436  -20.179 0.8000000119
8318  24.160  -65.410  -21.182 0.6000000238
8320  22.322  -65.842  -20.880 0.6000000238
8342  29.005  -65.949  -22.544 0.6999999881
8345  21.387  -65.607  -23.198 0.5000000000
8351  33.764  -66.253  -24.054 0.3000000119
8365  28.023  -65.768  -24.193 0.6000000238
8367  26.955  -65.933  -25.059 0.6000000238
8942  26.456  -65.136  -19.734 0.6999999881
8950  28.569  -65.111  -20.246 0.6999999881
8952  26.188  -65.678  -20.251 0.6000000238
8964  24.033  -64.602  -21.302 0.6000000238
8966  22.818  -65.101  -21.560 0.5000000000
8989  29.134  -65.130  -22.695 0.8000000119
8991  21.381  -65.125  -23.853 0.5000000000
8999  32.521  -65.543  -24.018 0.3000000119
9000  28.844  -65.014  -23.396 0.6999999881
9001  21.153  -64.922  -24.231 0.6000000238
9013  20.877  -65.238  -25.008 0.6000000238
9014  20.312  -65.084  -25.428 0.6000000238
9021  31.769  -65.110  -25.712 0.3000000119
9039  19.325  -65.595  -26.659 0.5000000000
9040  18.519  -65.353  -26.870 0.5000000000
9041  17.747  -65.134  -27.061 0.5000000000
9545  26.159  -64.048  -18.588 0.5000000000
9562  26.549  -64.560  -19.160 0.6000000238
9565  24.244  -63.885  -19.782 0.5000000000
9573  29.099  -63.836  -20.849 0.6000000238
9574  28.526  -64.472  -19.921 0.6999999881
9575  25.426  -64.500  -19.988 0.6000000238
9587  24.449  -64.411  -20.980 0.6000000238
9588  23.766  -64.202  -21.284 0.5000000000
9596  29.261  -64.589  -22.088 0.8000000119
9597  22.811  -64.170  -21.982 0.5000000000
9598  22.299  -64.203  -22.367 0.5000000000
9599  19.125  -64.080  -22.331 0.6000000238
9613  19.499  -64.171  -22.936 0.6000000238
9622  20.972  -64.476  -23.889 0.6000000238
9638  27.876  -64.320  -24.197 0.5000000000
9642  19.602  -64.772  -25.244 0.6000000238
9659  17.546  -64.242  -25.983 0.5000000000
9668  18.053  -64.827  -26.451 0.5000000000
9670  16.716  -64.111  -26.824 0.5000000000
10199  22.690  -62.656  -16.851 0.6000000238
10205  26.880  -62.922  -17.908 0.6000000238
10209  22.933  -63.055  -17.425 0.6000000238
10228  27.793  -62.939  -18.611 0.5000000000
10232  24.987  -63.656  -17.979 0.4000000060
10234  23.235  -63.387  -18.218 0.5000000000
10238  18.333  -63.064  -18.626 0.6000000238
10256  23.006  -63.446  -19.690 0.5000000000
10258  20.308  -63.292  -19.542 0.5000000000
10261  17.734  -63.244  -19.414 0.6000000238
10279  29.071  -63.244  -20.660 0.5000000000
10281  23.591  -63.643  -20.293 0.5000000000
10282  22.853  -63.462  -20.598 0.5000000000
10284  21.541  -63.264  -19.996 0.6000000238
10285  20.833  -63.302  -20.152 0.6000000238
10286  19.116  -63.650  -20.253 0.6000000238
10304  29.217  -63.442  -21.362 0.6000000238
10306  22.584  -63.844  -21.932 0.5000000000
10308  20.975  -63.525  -21.453 0.6000000238
10311  17.835  -63.495  -20.568 0.6000000238
10323  29.213  -63.699  -22.162 0.6000000238
10325  21.332  -63.778  -22.088 0.5000000000
10327  18.616  -63.939  -21.618 0.6000000238
10338  21.657  -64.086  -22.604 0.5000000000
10350  16.817  -62.799  -24.326 0.5000000000
10361  17.082  -63.241  -24.795 0.5000000000
10362  16.666  -62.750  -25.088 0.5000000000
10377  17.087  -63.432  -25.506 0.5000000000
10378  16.629  -63.064  -25.989 0.5000000000
10387  16.396  -63.311  -26.410 0.5000000000
10922  22.786  -61.895  -15.914 0.4000000060
10930  24.719  -62.371  -16.441 0.5000000000
10931  23.977  -62.384  -16.284 0.6000000238
10935  18.883  -62.003  -16.922 0.6000000238
10938  16.758  -61.834  -16.735 0.4000000060
10942  27.131  -62.284  -17.877 0.4000000060
10945  21.475  -62.683  -17.368 0.5000000000
10947  19.395  -62.522  -17.495 0.5000000000
10950  16.600  -62.167  -17.101 0.5000000000
10951  16.199  -62.247  -17.456 0.5000000000
10963  18.249  -62.776  -18.045 0.6000000238
10965  16.084  -62.406  -18.146 0.6000000238
10991  16.916  -63.025  -20.140 0.6000000238
10992  16.513  -62.675  -20.667 0.6000000238
11009  17.181  -63.164  -20.849 0.6000000238
11028  29.215  -62.385  -22.033 0.6000000238
11029  16.851  -62.875  -22.176 0.6000000238
11052  17.208  -63.294  -23.622 0.5000000000
11059  16.093  -62.196  -25.338 0.5000000000
11595  21.430  -61.388  -15.659 0.4000000060
11599  17.927  -61.285  -16.134 0.4000000060
11608  20.125  -61.705  -16.242 0.5000000000
11610  18.394  -61.605  -16.420 0.6000000238
11612  16.399  -61.374  -16.576 0.4000000060
11622  14.981  -61.481  -17.785 0.4000000060
11637  14.747  -61.366  -18.479 0.5000000000
11685  15.882  -61.694  -21.731 0.5000000000
11686  15.604  -61.467  -21.092 0.5000000000
11750  15.912  -61.749  -24.724 0.5000000000
12313  21.519  -60.285  -14.784 0.4000000060
12314  20.705  -60.251  -14.863 0.4000000060
12331  21.039  -60.838  -15.202 0.4000000060
12335  17.519  -60.882  -16.061 0.4000000060
12346  16.083  -60.745  -16.594 0.4000000060
13101  21.190  -59.638  -14.644 0.4000000060
13102  20.435  -59.529  -14.816 0.4000000060
13113  17.837  -60.278  -15.944 0.4000000060
13125  17.291  -60.176  -16.232 0.4000000060
13928  19.693  -59.309  -15.078 0.4000000060
13952  17.322  -59.436  -16.571 0.3000000119
14006  18.566  -58.517  -19.279 0.3000000119
14026  18.660  -58.457  -20.146 0.3000000119
14027  18.430  -58.493  -20.882 0.3000000119
14875  19.008  -58.129  -20.173 0.3000000119
14877  17.711  -58.428  -20.070 0.3000000119
14890  18.944  -57.900  -20.807 0.3000000119
14891  18.564  -58.192  -21.311 0.3000000119
14894  16.179  -57.529  -21.481 0.3000000119
14903  18.197  -58.146  -21.886 0.3000000119
14904  17.707  -58.208  -22.218 0.3000000119
15640  19.557  -57.499  -18.226 0.3000000119
15653  19.719  -56.863  -18.813 0.3000000119
15704  18.980  -57.299  -20.841 0.3000000119
15722  17.929  -57.674  -22.493 0.3000000119
15741  15.892  -57.626  -23.039 0.4000000060
16398  22.354  -56.458  -14.757 0.4000000060
16437  21.005  -55.793  -16.342 0.4000000060
16449  20.683  -55.938  -17.081 0.4000000060
16450  20.268  -56.450  -17.444 0.3000000119
16457  20.093  -56.226  -18.656 0.3000000119
16471  19.777  -56.308  -19.242 0.3000000119
16472  19.434  -56.415  -19.847 0.3000000119
17210  22.696  -55.793  -15.039 0.4000000060
17229  21.638  -55.473  -15.840 0.4000000060
17262  21.086  -55.316  -17.198 0.4000000060
17296  20.186  -55.575  -19.128 0.3000000119
17315  19.412  -55.579  -20.223 0.3000000119
17331  18.527  -56.053  -21.552 0.3000000119
17348  18.308  -55.649  -22.021 0.3000000119
17362  18.086  -55.292  -22.632 0.3000000119
17393  15.840  -55.341  -25.354 0.4000000060
18087  22.632  -54.693  -15.923 0.4000000060
18149  20.285  -54.737  -19.406 0.4000000060
18189  18.542  -54.835  -22.105 0.3000000119
18217  18.100  -54.162  -23.540 0.3000000119
18218  17.391  -54.454  -24.170 0.4000000060
18235  15.737  -53.479  -25.697 0.3000000119
18236  15.691  -54.382  -25.557 0.4000000060
19058  20.955  -53.524  -19.274 0.3000000119
19088  19.685  -54.067  -21.148 0.3000000119
19100  19.517  -53.768  -21.944 0.3000000119
19125  18.291  -53.415  -23.878 0.3000000119
19141  14.787  -53.125  -24.877 0.3000000119
19969  22.302  -52.867  -17.840 0.3000000119
20008  21.181  -52.928  -19.529 0.3000000119
20023  21.710  -51.951  -20.752 0.3000000119
20024  21.320  -52.530  -20.194 0.3000000119
20052  20.992  -52.240  -22.396 0.3000000119
20053  20.552  -52.732  -21.996 0.3000000119
20069  16.078  -51.352  -23.083 0.3000000119
20080  20.001  -52.153  -23.380 0.3000000119
20082  18.349  -52.525  -24.405 0.3000000119
20101  15.351  -51.759  -25.636 0.3000000119
20907  22.308  -51.811  -18.794 0.3000000119
20994  21.177  -51.341  -23.272 0.3000000119
21006  20.361  -51.529  -23.620 0.3000000119
21007  19.100  -51.222  -24.570 0.3000000119
21009  15.951  -50.647  -25.619 0.3000000119
21027  16.607  -50.676  -25.936 0.3000000119
21028  15.900  -51.004  -25.954 0.3000000119
21909  17.583  -49.898  -22.949 0.3000000119
21919  21.123  -50.569  -23.735 0.3000000119
21922  16.918  -49.867  -24.749 0.3000000119
21923  16.410  -50.216  -25.333 0.3000000119
21934  18.924  -50.223  -24.984 0.3000000119
21935  17.997  -49.861  -25.299 0.3000000119
22791  22.427  -50.248  -22.425 0.3000000119
22814  17.360  -49.474  -24.156 0.3000000119
22820  21.938  -49.281  -23.747 0.3000000119
22836  18.131  -49.243  -25.154 0.3000000119
23765  18.472  -48.775  -24.853 0.3000000119
146421  21.333  -69.486  -20.754 0.6999999881
146634  15.736  -61.397  -24.119 0.5000000000
147187  19.718  -63.207  -18.904 0.6000000238
147632  34.369  -66.392  -24.507 0.3000000119
148223  22.296  -63.487  -21.199 0.5000000000
149211  30.411  -75.665  -11.151 0.3000000119
149679  25.322  -67.041  -21.191 0.6999999881
150152  22.195  -64.528  -22.639 0.5000000000
150249  21.293  -62.294  -16.783 0.6000000238
150348  29.249  -63.043  -21.872 0.6000000238
150383  18.861  -63.494  -19.640 0.6000000238
150565  22.496  -62.278  -16.416 0.6000000238
150845  20.777  -54.238  -19.003 0.3000000119
151587  27.358  -62.755  -18.217 0.6000000238
151753  15.590  -61.987  -17.603 0.4000000060
152524  32.340  -74.741  -11.234 0.3000000119
153772  32.344  -68.071  -23.625 0.3000000119
154170  26.332  -75.119  -21.305 0.6000000238
154825  31.481  -74.734  -11.252 0.3000000119
155457  20.908  -49.812  -24.108 0.3000000119
156301  16.389  -57.613  -20.155 0.3000000119
156772  28.425  -68.697  -27.465 0.6000000238
157152  28.400  -63.800  -19.557 0.6000000238
157252  30.690  -67.539  -24.294 0.3000000119
157336  14.811  -55.040  -25.309 0.3000000119
157523  21.668  -63.040  -17.968 0.5000000000
159520  21.278  -51.768  -22.694 0.3000000119
159752  17.654  -61.718  -16.575 0.6000000238
160159  22.988  -71.552  -26.020 0.6999999881
160311  17.528  -58.304  -21.427 0.3000000119
161074  20.042  -69.893  -22.888 0.4000000060
161249  32.710  -76.106  -19.944 0.4000000060
162025  24.616  -75.715  -24.568 0.6999999881
162102  24.677  -68.742  -21.995 0.6000000238
162682  32.095  -72.918  -16.155 0.4000000060
163081  15.559  -56.242  -25.284 0.4000000060
163170  33.628  -74.148  -16.563 0.5000000000
163336  20.761  -68.294  -21.507 0.6000000238
163876  25.207  -69.396  -16.780 0.5000000000
163920  23.464  -69.246  -22.079 0.6000000238
164191  24.681  -66.876  -21.313 0.6999999881
164221  31.610  -73.245  -14.784 0.4000000060
164384  24.254  -71.495  -19.038 0.6999999881
164386  26.025  -70.515  -18.205 0.6000000238
164995  22.193  -75.212  -23.916 0.8000000119
166001  28.276  -63.815  -23.878 0.6000000238
166290  22.285  -68.007  -20.208 0.6999999881
167911  32.897  -68.215  -24.120 0.3000000119
168223  21.922  -63.195  -18.567 0.6000000238
168347  23.196  -52.303  -17.495 0.3000000119
168904  36.141  -73.032  -12.975 0.3000000119
168964  23.977  -67.896  -21.370 0.6999999881
169518  25.141  -72.898  -20.275 0.6999999881
170148  27.958  -73.279  -19.725 0.4000000060
170151  17.874  -63.126  -18.901 0.6000000238
170174  28.413  -66.200  -23.845 0.6000000238
170281  33.288  -76.413  -11.371 0.3000000119
170303  23.935  -74.716  -25.086 0.6999999881
170410  27.919  -76.661  -22.852 0.6000000238
170733  34.458  -75.696  -18.758 0.3000000119
170782  23.043  -64.577  -21.954 0.5000000000
171122  18.770  -60.528  -15.482 0.4000000060
171255  16.976  -54.933  -24.516 0.4000000060
171377  18.288  -72.737  -20.249 0.6000000238
171601  17.207  -61.796  -16.650 0.6000000238
172214  29.316  -72.436  -22.788 0.4000000060
172216  21.189  -66.526  -21.851 0.6000000238
172426  20.236  -63.384  -20.186 0.6000000238
172514  17.399  -63.057  -18.954 0.6000000238
172601  19.645  -57.206  -18.520 0.3000000119
173304  23.770  -70.232  -23.592 0.6000000238
173758  26.306  -66.731  -27.230 0.5000000000
174085  36.268  -73.611  -12.770 0.3000000119
174169  27.663  -64.943  -19.483 0.6999999881
174184  14.312  -53.478  -24.372 0.3000000119
174450  33.661  -69.224  -21.646 0.3000000119
174726  32.906  -72.311  -11.423 0.3000000119
175234  15.489  -61.910  -25.973 0.5000000000
175284  15.709  -52.560  -25.841 0.3000000119
