#!ascii label  , from subject sub-v2s2x29067_ses-1 vox2ras=TkReg
923
48926  -44.909  -4.279  15.506 0.0000000000
47075  -34.378  -4.304  18.361 0.0000000000
46285  -50.772  -6.993  5.265 0.0000000000
43210  -46.751  -8.832  10.527 0.0000000000
49886  -46.212  -3.789  9.560 0.0000000000
47089  -40.715  -5.826  16.176 0.0000000000
43146  -35.164  -11.142  11.673 0.0000000000
42303  -41.402  -10.935  11.265 0.0000000000
44104  -38.095  -8.470  23.551 0.0000000000
50696  -54.070  -1.099  5.859 0.0000000000
39865  -33.127  -12.761  20.402 0.0000000000
47186  -44.352  -6.182  9.781 0.0000000000
112740  -46.187  -6.103  11.033 0.0000000000
49867  -46.240  -3.426  12.685 0.0000000000
46108  -44.529  -7.173  16.493 0.0000000000
46153  -39.380  -6.848  12.057 0.0000000000
47160  -42.098  -6.137  11.551 0.0000000000
42315  -43.880  -10.674  10.541 0.0000000000
51413  -55.396  -0.819  2.924 0.0000000000
45134  -34.063  -6.893  21.072 0.0000000000
43094  -32.740  -9.458  21.243 0.0000000000
44148  -32.763  -8.008  18.127 0.0000000000
47228  -47.817  -5.812  6.304 0.0000000000
48059  -37.265  -5.104  16.291 0.0000000000
46139  -31.385  -5.320  12.165 0.0000000000
47137  -36.720  -5.907  11.667 0.0000000000
43150  -38.828  -10.871  11.632 0.0000000000
44047  -33.690  -8.183  27.089 0.0000000000
50657  -48.326  -1.854  10.086 0.0000000000
50688  -50.124  -2.819  7.064 0.0000000000
50671  -53.620  -1.591  8.661 0.0000000000
49915  -51.349  -3.016  4.962 0.0000000000
49064  -53.296  -3.820  1.956 0.0000000000
43081  -31.524  -9.113  24.618 0.0000000000
41354  -34.254  -11.623  17.169 0.0000000000
48093  -44.391  -4.440  13.255 0.0000000000
48094  -44.946  -4.516  12.548 0.0000000000
48946  -45.382  -3.785  13.914 0.0000000000
47098  -44.659  -6.496  15.960 0.0000000000
47115  -42.181  -6.047  13.536 0.0000000000
48086  -42.880  -5.123  13.347 0.0000000000
47175  -43.110  -5.897  10.438 0.0000000000
46273  -52.841  -7.418  6.064 0.0000000000
46298  -52.967  -6.737  4.767 0.0000000000
47062  -32.625  -5.178  20.907 0.0000000000
45136  -32.769  -6.865  19.667 0.0000000000
47072  -31.415  -4.883  18.268 0.0000000000
44216  -47.937  -8.407  11.771 0.0000000000
48121  -45.842  -4.949  10.502 0.0000000000
46204  -47.388  -5.988  10.543 0.0000000000
47188  -46.713  -5.952  8.977 0.0000000000
45284  -47.682  -7.189  7.526 0.0000000000
48139  -46.270  -5.005  7.338 0.0000000000
47087  -39.128  -5.180  16.235 0.0000000000
47103  -36.671  -5.043  14.263 0.0000000000
47114  -37.955  -5.841  14.251 0.0000000000
44241  -40.078  -8.499  10.302 0.0000000000
44215  -39.418  -8.809  9.796 0.0000000000
42301  -39.591  -10.917  11.707 0.0000000000
43208  -45.380  -9.265  9.962 0.0000000000
50677  -49.070  -2.279  7.630 0.0000000000
110837  -51.824  -2.135  6.271 0.0000000000
50702  -52.909  -1.721  5.200 0.0000000000
49930  -51.239  -2.750  2.687 0.0000000000
50710  -52.374  -1.702  3.451 0.0000000000
50734  -54.389  -2.204  0.961 0.0000000000
116832  -36.569  -9.240  25.478 0.0000000000
44083  -33.161  -8.427  25.126 0.0000000000
98661  -34.178  -8.505  24.088 0.0000000000
106013  -32.191  -10.991  20.685 0.0000000000
42186  -31.655  -10.529  22.035 0.0000000000
39834  -31.864  -12.760  22.483 0.0000000000
44253  -32.049  -8.077  8.641 0.0000000000
44165  -32.547  -8.867  14.097 0.0000000000
42231  -33.821  -10.983  14.025 0.0000000000
45244  -45.291  -7.347  8.972 0.0000000000
45197  -46.290  -7.436  10.441 0.0000000000
47164  -45.163  -5.465  10.849 0.0000000000
48117  -45.567  -4.913  11.210 0.0000000000
49879  -46.471  -3.692  11.145 0.0000000000
47091  -42.912  -6.147  16.726 0.0000000000
46124  -39.931  -6.545  14.334 0.0000000000
46126  -41.594  -6.575  14.584 0.0000000000
46179  -40.474  -7.023  11.531 0.0000000000
44256  -40.958  -8.610  10.230 0.0000000000
42313  -42.317  -10.837  10.933 0.0000000000
44275  -42.210  -8.299  9.625 0.0000000000
45242  -44.171  -7.515  9.037 0.0000000000
51404  -54.971  -0.944  4.394 0.0000000000
104511  -56.041  0.007  4.074 0.0000000000
44137  -36.140  -8.292  21.674 0.0000000000
44127  -34.886  -8.422  21.829 0.0000000000
44140  -34.369  -8.456  20.613 0.0000000000
43099  -33.058  -9.028  19.495 0.0000000000
113597  -32.963  -10.737  18.673 0.0000000000
46157  -47.831  -6.751  11.800 0.0000000000
45299  -49.159  -7.480  6.827 0.0000000000
46284  -49.476  -6.670  5.742 0.0000000000
48057  -35.325  -4.570  16.937 0.0000000000
48055  -32.661  -4.524  16.645 0.0000000000
48078  -34.865  -4.300  14.405 0.0000000000
101090  -33.649  -5.508  10.659 0.0000000000
45192  -36.937  -8.155  8.353 0.0000000000
46151  -38.332  -6.831  11.277 0.0000000000
44213  -38.375  -9.414  9.461 0.0000000000
43148  -37.513  -10.945  11.615 0.0000000000
49848  -47.541  -2.488  17.116 0.0000000000
112487  -36.253  -4.801  18.465 0.0000000000
48046  -39.193  -5.009  17.086 0.0000000000
48915  -41.274  -3.541  16.875 0.0000000000
50618  -46.966  -2.289  14.538 0.0000000000
50626  -47.044  -2.125  13.498 0.0000000000
50640  -47.321  -2.385  11.847 0.0000000000
51346  -48.249  -1.316  11.851 0.0000000000
50660  -47.207  -2.673  9.472 0.0000000000
49896  -47.021  -3.408  7.001 0.0000000000
49905  -48.646  -3.551  5.882 0.0000000000
49002  -49.933  -4.230  5.808 0.0000000000
50680  -51.682  -1.966  7.577 0.0000000000
49901  -50.835  -2.997  6.561 0.0000000000
48170  -50.789  -5.142  4.895 0.0000000000
48185  -52.407  -5.714  3.480 0.0000000000
51420  -53.738  -1.946  2.532 0.0000000000
102966  -31.858  -8.218  27.023 0.0000000000
41321  -30.336  -11.056  25.235 0.0000000000
43088  -32.441  -9.049  22.754 0.0000000000
41325  -31.040  -11.398  23.789 0.0000000000
46113  -32.115  -6.039  15.907 0.0000000000
114606  -33.150  -9.735  17.317 0.0000000000
40558  -33.762  -12.458  19.027 0.0000000000
39868  -35.672  -13.121  20.161 0.0000000000
48934  -44.795  -4.239  14.716 0.0000000000
48945  -44.639  -4.285  13.968 0.0000000000
48935  -45.348  -3.642  14.832 0.0000000000
48072  -44.385  -5.186  15.388 0.0000000000
48080  -43.707  -5.458  14.729 0.0000000000
105039  -44.192  -4.639  14.632 0.0000000000
48092  -43.514  -4.715  13.151 0.0000000000
45309  -51.206  -7.562  5.751 0.0000000000
45310  -52.061  -7.718  5.744 0.0000000000
46288  -53.285  -6.908  5.566 0.0000000000
46286  -51.636  -7.214  4.988 0.0000000000
47068  -32.797  -4.762  19.983 0.0000000000
47061  -31.933  -5.159  20.091 0.0000000000
47073  -31.653  -4.326  18.541 0.0000000000
43177  -47.512  -9.378  11.789 0.0000000000
44243  -47.308  -8.334  11.247 0.0000000000
48129  -45.761  -4.742  9.605 0.0000000000
47187  -46.159  -5.358  9.578 0.0000000000
48135  -45.825  -4.895  8.860 0.0000000000
47213  -46.226  -5.532  7.768 0.0000000000
48989  -45.934  -4.253  8.439 0.0000000000
47088  -39.882  -5.368  15.982 0.0000000000
46122  -38.826  -5.671  15.326 0.0000000000
46114  -39.402  -5.586  15.363 0.0000000000
116338  -40.469  -9.854  11.214 0.0000000000
43192  -40.138  -9.576  10.996 0.0000000000
42302  -40.535  -10.675  11.309 0.0000000000
41466  -40.551  -11.959  12.917 0.0000000000
43209  -46.122  -9.083  10.148 0.0000000000
42318  -46.018  -10.171  11.282 0.0000000000
43176  -46.738  -9.870  11.558 0.0000000000
50691  -53.074  -1.732  6.216 0.0000000000
113768  -53.513  -1.483  5.801 0.0000000000
100523  -52.276  -1.687  4.254 0.0000000000
51402  -53.245  -1.715  4.304 0.0000000000
110960  -38.900  -8.980  25.219 0.0000000000
111890  -35.356  -8.591  24.550 0.0000000000
98794  -35.892  -8.451  23.935 0.0000000000
41334  -32.396  -11.527  20.349 0.0000000000
40550  -31.948  -12.037  21.372 0.0000000000
40548  -32.236  -12.532  21.460 0.0000000000
39831  -33.087  -13.482  22.622 0.0000000000
39836  -33.304  -13.374  21.833 0.0000000000
43200  -33.134  -10.314  8.823 0.0000000000
43168  -32.856  -9.868  11.337 0.0000000000
98433  -33.732  -11.218  12.029 0.0000000000
46224  -44.923  -6.705  9.056 0.0000000000
46225  -45.349  -6.724  9.448 0.0000000000
47177  -44.982  -6.073  10.021 0.0000000000
48967  -45.710  -4.068  12.390 0.0000000000
48105  -45.286  -4.659  11.842 0.0000000000
48973  -45.895  -4.198  11.522 0.0000000000
49873  -46.433  -3.650  11.943 0.0000000000
46107  -43.674  -6.880  16.262 0.0000000000
46117  -42.026  -6.653  15.451 0.0000000000
46118  -43.185  -6.894  15.598 0.0000000000
47139  -41.973  -6.071  12.264 0.0000000000
46144  -41.418  -6.467  12.723 0.0000000000
46156  -41.485  -6.527  11.949 0.0000000000
45196  -41.030  -7.346  11.011 0.0000000000
115348  -41.545  -7.264  10.776 0.0000000000
44257  -41.612  -8.790  9.813 0.0000000000
46200  -42.005  -7.044  10.519 0.0000000000
47162  -43.570  -5.321  10.748 0.0000000000
46222  -43.331  -7.285  9.551 0.0000000000
46223  -44.218  -6.853  9.294 0.0000000000
44278  -44.690  -7.917  9.084 0.0000000000
44142  -35.747  -8.165  21.399 0.0000000000
44136  -35.362  -8.331  21.330 0.0000000000
44146  -34.484  -7.838  20.297 0.0000000000
45140  -32.538  -7.122  18.939 0.0000000000
44144  -33.313  -8.511  19.395 0.0000000000
44149  -33.102  -8.356  18.770 0.0000000000
42198  -32.977  -9.999  19.063 0.0000000000
44153  -33.024  -8.949  18.225 0.0000000000
97927  -46.433  -6.562  11.148 0.0000000000
46184  -47.221  -6.608  11.667 0.0000000000
47166  -46.995  -6.107  11.374 0.0000000000
46228  -48.051  -6.461  9.932 0.0000000000
46205  -48.363  -6.100  10.684 0.0000000000
46187  -48.961  -6.462  10.711 0.0000000000
46270  -47.702  -6.514  6.793 0.0000000000
45285  -48.630  -7.586  7.564 0.0000000000
45298  -48.335  -7.191  6.793 0.0000000000
46271  -48.913  -6.995  6.240 0.0000000000
47244  -48.474  -5.761  5.979 0.0000000000
48058  -36.306  -4.954  16.579 0.0000000000
48070  -35.438  -4.633  15.984 0.0000000000
48071  -36.584  -4.992  15.726 0.0000000000
47122  -36.064  -5.293  12.448 0.0000000000
47121  -34.963  -5.125  12.384 0.0000000000
47136  -35.663  -5.729  11.601 0.0000000000
46198  -34.899  -7.206  8.316 0.0000000000
46176  -36.361  -6.821  9.291 0.0000000000
111462  -39.660  -6.593  13.632 0.0000000000
46133  -39.123  -6.494  14.101 0.0000000000
102145  -38.632  -6.747  12.451 0.0000000000
103116  -38.926  -9.834  10.557 0.0000000000
44214  -39.001  -9.059  9.504 0.0000000000
43173  -38.459  -10.252  10.406 0.0000000000
43172  -37.738  -10.900  10.292 0.0000000000
42314  -43.187  -10.823  10.713 0.0000000000
48914  -40.679  -3.888  16.998 0.0000000000
104609  -43.750  -4.766  18.279 0.0000000000
50608  -47.368  -2.375  16.325 0.0000000000
51327  -48.408  -1.444  14.398 0.0000000000
51335  -48.446  -1.273  13.501 0.0000000000
50634  -47.224  -2.244  12.626 0.0000000000
50641  -47.926  -1.866  12.246 0.0000000000
51351  -48.271  -1.504  10.976 0.0000000000
104486  -47.936  -2.033  10.761 0.0000000000
50661  -47.903  -2.267  9.395 0.0000000000
49892  -46.997  -2.994  7.887 0.0000000000
50667  -48.119  -2.286  8.603 0.0000000000
50687  -49.389  -2.627  7.000 0.0000000000
50686  -48.532  -2.641  7.054 0.0000000000
49898  -48.942  -3.059  6.396 0.0000000000
49001  -49.006  -4.154  5.647 0.0000000000
49907  -50.100  -3.691  6.351 0.0000000000
50670  -52.322  -1.710  8.158 0.0000000000
50694  -51.570  -2.422  5.692 0.0000000000
50689  -51.372  -2.545  6.393 0.0000000000
49004  -51.058  -3.779  5.525 0.0000000000
49003  -50.679  -4.366  5.417 0.0000000000
49017  -51.224  -4.243  4.703 0.0000000000
48184  -51.771  -5.460  3.708 0.0000000000
98462  -51.513  -4.550  3.719 0.0000000000
49063  -51.743  -3.096  2.303 0.0000000000
49044  -52.080  -4.302  2.410 0.0000000000
49045  -53.072  -4.566  2.389 0.0000000000
51410  -55.264  -0.855  3.738 0.0000000000
51412  -54.612  -1.415  3.131 0.0000000000
51421  -54.768  -1.519  2.227 0.0000000000
44082  -32.179  -8.653  25.063 0.0000000000
114856  -31.896  -8.646  25.877 0.0000000000
43080  -30.967  -9.651  25.058 0.0000000000
42175  -30.459  -10.268  25.493 0.0000000000
42178  -30.672  -10.400  24.727 0.0000000000
44126  -33.935  -8.505  21.876 0.0000000000
44115  -33.641  -8.529  22.800 0.0000000000
43091  -32.601  -9.233  22.014 0.0000000000
41328  -31.107  -10.769  23.259 0.0000000000
38947  -31.898  -14.042  25.139 0.0000000000
113155  -31.435  -4.305  14.311 0.0000000000
47094  -31.977  -4.997  16.110 0.0000000000
116370  -31.445  -4.851  14.548 0.0000000000
104930  -33.073  -9.738  15.089 0.0000000000
43111  -32.875  -9.166  15.843 0.0000000000
110773  -33.652  -10.438  16.495 0.0000000000
101121  -33.377  -10.566  17.858 0.0000000000
40591  -33.815  -11.834  17.744 0.0000000000
39850  -35.327  -13.385  20.868 0.0000000000
48115  -44.051  -5.011  11.265 0.0000000000
48104  -44.539  -4.818  11.952 0.0000000000
48955  -45.174  -4.141  13.188 0.0000000000
48956  -45.724  -3.741  13.096 0.0000000000
46110  -44.973  -7.170  16.418 0.0000000000
46128  -43.654  -6.979  15.195 0.0000000000
47107  -43.616  -6.689  15.030 0.0000000000
47127  -42.489  -5.564  13.113 0.0000000000
47140  -42.438  -5.542  12.473 0.0000000000
46182  -42.373  -6.316  10.837 0.0000000000
48113  -42.873  -5.196  11.956 0.0000000000
48114  -43.369  -5.107  11.422 0.0000000000
47262  -53.647  -6.475  4.470 0.0000000000
46085  -33.079  -5.636  21.234 0.0000000000
45137  -33.527  -7.384  20.020 0.0000000000
46090  -32.654  -5.904  20.318 0.0000000000
46089  -31.841  -5.924  19.657 0.0000000000
100748  -31.503  -5.715  18.517 0.0000000000
47178  -46.353  -5.692  10.717 0.0000000000
99725  -46.759  -5.831  9.879 0.0000000000
46227  -47.308  -6.303  9.480 0.0000000000
45264  -47.469  -7.251  8.324 0.0000000000
47201  -46.713  -6.095  8.031 0.0000000000
47214  -46.624  -5.665  7.273 0.0000000000
48142  -46.818  -5.013  6.805 0.0000000000
47086  -38.465  -5.213  16.214 0.0000000000
47095  -36.857  -5.121  15.038 0.0000000000
47097  -38.399  -5.347  15.635 0.0000000000
47113  -37.301  -5.523  13.838 0.0000000000
47124  -37.346  -5.664  12.990 0.0000000000
45194  -39.866  -7.800  10.556 0.0000000000
45193  -39.435  -7.868  10.370 0.0000000000
44240  -39.828  -8.586  10.096 0.0000000000
43190  -39.499  -9.400  10.423 0.0000000000
42300  -39.255  -10.829  11.460 0.0000000000
42258  -39.155  -11.709  13.279 0.0000000000
41465  -39.888  -11.967  13.331 0.0000000000
42326  -44.978  -9.995  10.340 0.0000000000
42317  -45.276  -10.403  11.030 0.0000000000
101550  -48.816  -1.398  9.570 0.0000000000
50668  -48.829  -2.023  8.339 0.0000000000
51369  -49.244  -1.337  8.778 0.0000000000
51379  -49.481  -1.746  8.048 0.0000000000
51388  -50.270  -1.903  7.869 0.0000000000
101858  -53.565  -1.566  8.053 0.0000000000
98382  -53.043  -1.652  8.056 0.0000000000
50682  -53.202  -1.646  7.238 0.0000000000
50695  -52.209  -1.878  5.817 0.0000000000
50701  -51.746  -1.982  4.797 0.0000000000
116991  -51.183  -2.820  3.238 0.0000000000
50709  -51.631  -1.828  3.654 0.0000000000
50721  -51.385  -2.326  2.481 0.0000000000
50722  -51.955  -2.293  2.254 0.0000000000
51422  -55.388  -0.820  2.046 0.0000000000
51430  -54.863  -1.498  1.254 0.0000000000
97844  -34.860  -8.692  25.599 0.0000000000
44070  -33.693  -8.362  26.123 0.0000000000
44084  -34.087  -8.481  25.094 0.0000000000
98885  -33.427  -8.460  24.341 0.0000000000
44099  -32.813  -8.586  23.849 0.0000000000
42191  -32.403  -10.310  20.871 0.0000000000
42187  -32.205  -10.019  21.632 0.0000000000
42190  -31.876  -10.820  21.268 0.0000000000
41331  -31.643  -11.502  21.791 0.0000000000
39829  -31.641  -12.852  23.149 0.0000000000
39827  -32.105  -13.427  23.599 0.0000000000
38981  -32.891  -13.642  23.364 0.0000000000
111060  -31.374  -6.775  10.302 0.0000000000
105327  -31.355  -5.985  12.424 0.0000000000
44211  -31.930  -8.358  10.936 0.0000000000
43130  -32.895  -9.826  13.447 0.0000000000
42210  -34.207  -11.020  15.947 0.0000000000
44259  -46.179  -8.248  10.215 0.0000000000
44242  -46.719  -8.043  10.746 0.0000000000
44280  -45.769  -7.563  9.544 0.0000000000
46203  -45.831  -6.928  9.885 0.0000000000
46183  -45.617  -6.168  10.766 0.0000000000
48116  -44.860  -5.119  11.335 0.0000000000
47165  -45.623  -5.564  10.906 0.0000000000
48976  -45.992  -4.236  10.736 0.0000000000
49883  -46.421  -3.580  10.275 0.0000000000
47090  -41.658  -6.042  16.409 0.0000000000
46115  -39.947  -6.387  15.221 0.0000000000
46116  -40.929  -6.535  15.334 0.0000000000
46125  -40.634  -6.543  14.698 0.0000000000
46142  -39.976  -6.643  12.849 0.0000000000
46136  -41.563  -6.472  13.601 0.0000000000
46143  -40.783  -6.568  13.179 0.0000000000
46154  -40.049  -6.818  12.015 0.0000000000
45195  -40.325  -7.588  10.948 0.0000000000
44255  -40.430  -8.514  10.414 0.0000000000
42312  -40.981  -9.989  10.980 0.0000000000
42322  -41.741  -10.130  10.635 0.0000000000
100318  -42.088  -9.467  9.873 0.0000000000
43205  -42.987  -9.619  9.833 0.0000000000
46201  -42.762  -6.712  10.176 0.0000000000
102274  -43.390  -7.969  9.172 0.0000000000
43206  -43.806  -9.554  9.773 0.0000000000
43223  -44.188  -8.818  9.338 0.0000000000
44279  -45.290  -7.919  9.350 0.0000000000
100634  -54.573  -0.948  5.120 0.0000000000
115939  -55.034  -0.489  4.755 0.0000000000
52085  -55.488  -0.392  4.217 0.0000000000
52088  -56.110  -0.320  3.557 0.0000000000
117008  -56.651  -0.131  3.206 0.0000000000
52747  -56.947  0.010  2.785 0.0000000000
90835  -37.526  -8.335  22.090 0.0000000000
94819  -36.262  -8.436  23.090 0.0000000000
44128  -35.572  -8.345  22.096 0.0000000000
44135  -34.857  -8.484  20.835 0.0000000000
113629  -33.874  -8.541  21.063 0.0000000000
44145  -33.955  -8.250  19.865 0.0000000000
44139  -33.808  -8.406  19.915 0.0000000000
43097  -33.218  -8.842  20.111 0.0000000000
42195  -32.970  -9.834  19.737 0.0000000000
42194  -32.550  -10.682  20.068 0.0000000000
41336  -32.742  -11.631  19.539 0.0000000000
45198  -46.915  -7.274  11.327 0.0000000000
45167  -47.518  -7.343  11.764 0.0000000000
46185  -47.758  -6.203  11.650 0.0000000000
45308  -50.261  -7.293  5.902 0.0000000000
100911  -50.151  -6.612  5.442 0.0000000000
116464  -35.202  -4.499  17.699 0.0000000000
48042  -32.741  -4.254  17.605 0.0000000000
110973  -34.534  -4.162  16.520 0.0000000000
48077  -33.555  -4.255  14.872 0.0000000000
48090  -32.967  -4.490  13.271 0.0000000000
48085  -35.831  -4.505  13.872 0.0000000000
48091  -34.370  -4.546  13.088 0.0000000000
47158  -32.154  -5.199  10.561 0.0000000000
46220  -32.430  -6.520  8.069 0.0000000000
44273  -34.296  -9.053  6.565 0.0000000000
43202  -35.601  -11.037  7.918 0.0000000000
46123  -39.183  -6.296  15.038 0.0000000000
46140  -37.998  -6.330  12.738 0.0000000000
47138  -37.474  -6.032  12.013 0.0000000000
45166  -38.868  -7.840  10.197 0.0000000000
45165  -38.387  -7.812  9.898 0.0000000000
46150  -37.704  -6.569  10.573 0.0000000000
45163  -37.436  -7.980  9.101 0.0000000000
44239  -37.384  -10.027  8.829 0.0000000000
40689  -42.536  -11.848  12.025 0.0000000000
48924  -45.504  -3.533  16.452 0.0000000000
49851  -45.974  -3.026  15.855 0.0000000000
43071  -38.117  -9.517  27.162 0.0000000000
44119  -40.025  -7.893  22.164 0.0000000000
95394  -37.456  -8.365  22.315 0.0000000000
90838  -36.618  -8.246  21.582 0.0000000000
47057  -32.857  -5.202  21.489 0.0000000000
47063  -34.116  -5.036  19.971 0.0000000000
47069  -34.430  -4.618  19.153 0.0000000000
47076  -35.615  -4.683  18.289 0.0000000000
115204  -36.065  -4.885  17.417 0.0000000000
97935  -36.977  -5.116  17.102 0.0000000000
47077  -37.815  -5.125  16.712 0.0000000000
48035  -38.987  -4.746  18.050 0.0000000000
47078  -38.389  -5.089  16.922 0.0000000000
48060  -39.687  -5.040  16.358 0.0000000000
48062  -41.094  -5.000  16.505 0.0000000000
48063  -41.920  -5.272  16.903 0.0000000000
48049  -42.808  -5.343  17.340 0.0000000000
47079  -43.673  -5.996  17.324 0.0000000000
48923  -45.135  -4.256  17.103 0.0000000000
111435  -45.824  -3.044  15.083 0.0000000000
111280  -46.260  -2.719  14.621 0.0000000000
50617  -46.352  -2.598  13.892 0.0000000000
51318  -48.424  -1.584  15.265 0.0000000000
50619  -47.798  -1.951  14.928 0.0000000000
49868  -46.503  -2.629  13.046 0.0000000000
49874  -46.750  -2.886  12.255 0.0000000000
49880  -46.891  -3.081  11.531 0.0000000000
49884  -46.873  -3.160  10.848 0.0000000000
50649  -47.916  -1.957  11.459 0.0000000000
50655  -47.024  -2.888  10.222 0.0000000000
49887  -46.626  -3.225  9.536 0.0000000000
49891  -46.339  -3.563  8.160 0.0000000000
104912  -46.509  -3.610  7.462 0.0000000000
48994  -47.245  -4.200  6.496 0.0000000000
50676  -48.292  -2.410  7.844 0.0000000000
49897  -47.940  -3.287  6.451 0.0000000000
48153  -48.082  -5.162  6.028 0.0000000000
48154  -48.706  -4.966  5.756 0.0000000000
47246  -49.845  -5.854  5.465 0.0000000000
47247  -50.524  -6.064  5.084 0.0000000000
50679  -50.971  -2.041  7.742 0.0000000000
104524  -50.481  -2.446  7.403 0.0000000000
99919  -51.770  -2.085  6.880 0.0000000000
106024  -51.051  -2.399  7.059 0.0000000000
49900  -50.361  -3.322  6.732 0.0000000000
114309  -50.399  -4.321  5.738 0.0000000000
105850  -50.283  -5.013  5.490 0.0000000000
46295  -51.086  -6.613  4.788 0.0000000000
46296  -51.588  -6.519  4.382 0.0000000000
47261  -52.698  -6.326  4.038 0.0000000000
47272  -53.514  -5.995  3.596 0.0000000000
48196  -51.927  -4.920  3.064 0.0000000000
48197  -52.765  -5.206  2.904 0.0000000000
48186  -54.692  -5.970  3.679 0.0000000000
51408  -53.632  -1.726  3.467 0.0000000000
50714  -52.557  -1.925  2.680 0.0000000000
50723  -53.030  -2.513  2.156 0.0000000000
50724  -54.053  -2.153  1.661 0.0000000000
50733  -53.784  -2.635  1.423 0.0000000000
49075  -53.742  -3.527  1.593 0.0000000000
44054  -32.212  -8.349  26.491 0.0000000000
98660  -34.239  -8.473  23.254 0.0000000000
44114  -32.939  -8.649  23.134 0.0000000000
44113  -32.258  -8.862  23.455 0.0000000000
43090  -31.967  -9.693  22.365 0.0000000000
42182  -31.304  -9.969  23.517 0.0000000000
42179  -31.125  -9.785  24.262 0.0000000000
41323  -30.713  -11.237  24.509 0.0000000000
48041  -31.862  -4.561  17.611 0.0000000000
46096  -31.693  -5.576  17.675 0.0000000000
105192  -32.242  -6.692  16.774 0.0000000000
105365  -32.185  -6.841  14.263 0.0000000000
44155  -32.585  -8.067  16.306 0.0000000000
43101  -32.976  -8.974  17.447 0.0000000000
100011  -33.101  -9.798  17.923 0.0000000000
41338  -32.978  -11.461  18.759 0.0000000000
40552  -33.142  -12.405  19.597 0.0000000000
40617  -35.232  -12.174  16.475 0.0000000000
40616  -34.792  -11.962  17.008 0.0000000000
40573  -35.066  -12.284  18.190 0.0000000000
39890  -34.404  -12.735  19.483 0.0000000000
39866  -33.790  -12.789  19.838 0.0000000000
39848  -33.586  -13.227  21.079 0.0000000000
115869  -33.375  -4.493  19.068 0.0000000000
47067  -31.974  -4.457  19.442 0.0000000000
47074  -33.020  -4.241  18.425 0.0000000000
43195  -47.041  -9.246  11.083 0.0000000000
48986  -45.873  -4.263  9.192 0.0000000000
46103  -39.534  -5.429  15.677 0.0000000000
115998  -39.602  -5.800  15.567 0.0000000000
43194  -46.418  -9.518  10.825 0.0000000000
51394  -54.328  -0.918  6.534 0.0000000000
50703  -53.796  -1.455  5.107 0.0000000000
101462  -38.757  -8.465  23.833 0.0000000000
44103  -37.398  -8.662  24.099 0.0000000000
108537  -36.775  -8.587  23.549 0.0000000000
40551  -32.414  -12.228  20.823 0.0000000000
39847  -32.814  -12.892  21.253 0.0000000000
100505  -34.182  -10.923  9.648 0.0000000000
43169  -33.388  -10.923  11.047 0.0000000000
111970  -34.330  -11.363  12.621 0.0000000000
47163  -44.394  -5.417  10.477 0.0000000000
46181  -41.640  -6.778  11.184 0.0000000000
47176  -43.797  -5.711  10.198 0.0000000000
44141  -34.791  -8.259  21.143 0.0000000000
43100  -33.056  -9.316  18.785 0.0000000000
47227  -47.192  -5.754  6.756 0.0000000000
46283  -48.316  -6.510  6.277 0.0000000000
47123  -36.824  -5.546  12.521 0.0000000000
47159  -35.231  -6.061  10.622 0.0000000000
46149  -36.840  -6.456  10.202 0.0000000000
46141  -39.152  -6.643  13.168 0.0000000000
43149  -38.263  -10.925  11.642 0.0000000000
42324  -43.444  -10.172  10.238 0.0000000000
49899  -49.785  -3.166  6.582 0.0000000000
49906  -49.381  -3.543  5.932 0.0000000000
51374  -53.666  -1.503  9.344 0.0000000000
51383  -53.052  -1.542  8.637 0.0000000000
101467  -51.364  -3.484  3.956 0.0000000000
113481  -52.475  -3.770  2.148 0.0000000000
43074  -31.405  -9.016  25.463 0.0000000000
44133  -33.181  -8.732  21.593 0.0000000000
39822  -31.387  -13.602  24.830 0.0000000000
102523  -31.774  -4.566  13.514 0.0000000000
47110  -31.544  -5.047  13.870 0.0000000000
43112  -33.442  -10.215  15.677 0.0000000000
41372  -34.057  -10.970  16.837 0.0000000000
41353  -33.756  -11.088  17.499 0.0000000000
116242  -44.223  -4.655  12.616 0.0000000000
102381  -45.805  -3.098  14.285 0.0000000000
47099  -45.089  -6.432  16.641 0.0000000000
46119  -44.580  -7.167  15.989 0.0000000000
47108  -44.184  -6.628  15.447 0.0000000000
48087  -43.207  -5.169  13.943 0.0000000000
47117  -43.236  -6.049  14.392 0.0000000000
103245  -42.424  -5.678  11.891 0.0000000000
105835  -42.892  -5.031  12.693 0.0000000000
48103  -43.616  -4.845  12.133 0.0000000000
46088  -31.470  -5.148  19.180 0.0000000000
46093  -31.542  -6.087  19.055 0.0000000000
46246  -47.170  -6.679  8.632 0.0000000000
47096  -37.579  -5.263  15.518 0.0000000000
47105  -38.162  -5.628  15.059 0.0000000000
47125  -37.824  -5.897  13.496 0.0000000000
43174  -39.671  -10.016  11.118 0.0000000000
42282  -39.606  -11.412  12.514 0.0000000000
51380  -49.958  -1.431  8.373 0.0000000000
50678  -49.824  -2.293  7.501 0.0000000000
50673  -54.603  -1.377  8.094 0.0000000000
51384  -55.315  -1.260  8.501 0.0000000000
50683  -53.935  -1.425  7.646 0.0000000000
100811  -51.250  -2.394  3.913 0.0000000000
50713  -51.680  -1.868  2.792 0.0000000000
43082  -36.620  -9.443  26.232 0.0000000000
44086  -35.372  -8.954  25.227 0.0000000000
44100  -33.527  -8.499  23.566 0.0000000000
40547  -31.848  -12.371  21.926 0.0000000000
39830  -32.300  -13.203  22.866 0.0000000000
38982  -33.739  -13.848  23.193 0.0000000000
45217  -31.572  -7.074  9.011 0.0000000000
44238  -31.639  -8.167  9.695 0.0000000000
116516  -33.034  -10.755  11.979 0.0000000000
43145  -32.848  -9.853  12.493 0.0000000000
43131  -33.223  -10.687  13.726 0.0000000000
43119  -33.458  -10.380  14.624 0.0000000000
42219  -34.053  -10.784  14.984 0.0000000000
48981  -45.927  -4.241  9.949 0.0000000000
46105  -41.283  -6.391  15.965 0.0000000000
46135  -40.793  -6.562  14.000 0.0000000000
46134  -40.221  -6.589  13.605 0.0000000000
47106  -43.085  -6.573  14.600 0.0000000000
46137  -42.305  -6.420  14.199 0.0000000000
46155  -40.729  -6.665  12.262 0.0000000000
45221  -40.706  -7.937  10.466 0.0000000000
43204  -40.599  -9.264  10.680 0.0000000000
99348  -41.275  -9.388  10.306 0.0000000000
43220  -42.220  -8.900  9.438 0.0000000000
43221  -42.656  -9.136  9.434 0.0000000000
47161  -42.808  -5.597  11.231 0.0000000000
43222  -43.363  -9.028  9.315 0.0000000000
44277  -43.772  -8.319  9.085 0.0000000000
44258  -45.622  -8.448  9.773 0.0000000000
52742  -55.331  0.160  4.732 0.0000000000
52090  -56.267  -0.359  2.660 0.0000000000
97813  -36.876  -8.360  21.776 0.0000000000
108180  -36.121  -8.357  22.385 0.0000000000
116941  -34.885  -8.416  21.022 0.0000000000
43096  -32.868  -9.646  20.458 0.0000000000
42197  -32.785  -10.726  19.249 0.0000000000
47167  -47.834  -6.001  11.185 0.0000000000
46186  -48.364  -6.167  11.202 0.0000000000
45265  -48.081  -7.524  8.393 0.0000000000
45300  -50.003  -7.628  6.715 0.0000000000
114001  -48.839  -6.389  5.920 0.0000000000
46272  -49.526  -7.289  6.227 0.0000000000
48043  -34.152  -4.029  17.485 0.0000000000
98510  -34.753  -4.267  15.336 0.0000000000
114854  -34.660  -4.250  15.940 0.0000000000
48084  -33.857  -4.208  13.872 0.0000000000
47135  -34.346  -5.451  11.644 0.0000000000
47120  -33.620  -4.868  12.409 0.0000000000
47134  -32.795  -4.994  11.551 0.0000000000
47173  -31.896  -5.561  9.730 0.0000000000
47174  -32.833  -5.635  9.660 0.0000000000
46199  -35.891  -7.272  8.567 0.0000000000
45218  -34.995  -7.941  7.224 0.0000000000
45240  -35.158  -8.755  6.635 0.0000000000
44289  -34.937  -9.698  7.035 0.0000000000
44254  -36.778  -9.982  7.944 0.0000000000
99934  -38.443  -6.411  13.625 0.0000000000
46152  -38.958  -7.199  11.255 0.0000000000
45164  -37.851  -7.821  9.480 0.0000000000
43171  -36.520  -11.048  10.239 0.0000000000
43147  -36.459  -11.029  11.569 0.0000000000
41490  -42.138  -11.437  11.415 0.0000000000
44073  -36.229  -9.355  26.617 0.0000000000
48032  -36.626  -4.965  17.870 0.0000000000
48044  -37.540  -5.058  17.571 0.0000000000
48036  -39.822  -4.520  17.560 0.0000000000
48047  -40.165  -4.487  16.582 0.0000000000
48921  -40.867  -4.137  16.547 0.0000000000
48061  -40.399  -4.787  16.148 0.0000000000
48048  -42.017  -4.633  17.306 0.0000000000
104995  -43.709  -5.446  17.850 0.0000000000
112139  -44.510  -5.508  18.147 0.0000000000
47081  -44.621  -6.249  17.644 0.0000000000
101521  -45.061  -4.283  16.301 0.0000000000
49852  -46.674  -2.687  16.065 0.0000000000
50612  -47.194  -2.323  15.492 0.0000000000
49857  -46.467  -2.666  15.280 0.0000000000
50627  -47.793  -1.852  13.984 0.0000000000
51342  -48.410  -1.293  12.723 0.0000000000
50656  -47.629  -2.348  10.173 0.0000000000
49889  -46.784  -3.070  8.775 0.0000000000
48993  -46.601  -4.237  7.052 0.0000000000
49000  -48.096  -4.276  5.926 0.0000000000
48155  -49.468  -4.954  5.557 0.0000000000
50669  -51.528  -1.797  8.131 0.0000000000
50690  -52.448  -1.891  6.646 0.0000000000
50681  -52.440  -1.853  7.435 0.0000000000
49909  -51.173  -3.104  5.909 0.0000000000
49908  -50.575  -3.800  6.127 0.0000000000
47259  -51.111  -5.952  4.537 0.0000000000
47260  -51.554  -5.926  4.108 0.0000000000
46303  -51.983  -6.218  3.918 0.0000000000
49043  -51.557  -3.731  2.978 0.0000000000
48198  -53.908  -5.369  2.977 0.0000000000
51403  -54.188  -1.382  4.388 0.0000000000
51409  -54.608  -1.311  3.852 0.0000000000
49955  -53.910  -3.062  1.304 0.0000000000
49943  -53.317  -3.064  1.748 0.0000000000
44069  -32.691  -8.429  25.882 0.0000000000
44068  -30.844  -9.571  25.885 0.0000000000
110683  -31.296  -8.816  26.495 0.0000000000
42172  -30.245  -10.139  26.235 0.0000000000
41320  -30.029  -10.867  25.952 0.0000000000
40536  -30.144  -11.624  25.813 0.0000000000
44116  -34.926  -8.373  22.745 0.0000000000
44117  -35.628  -8.338  22.996 0.0000000000
44125  -33.093  -8.691  22.383 0.0000000000
42181  -30.890  -10.564  23.969 0.0000000000
38966  -32.665  -13.881  24.072 0.0000000000
38955  -32.590  -14.086  24.715 0.0000000000
46101  -31.902  -5.541  16.784 0.0000000000
45151  -31.918  -7.374  12.811 0.0000000000
46131  -31.630  -6.194  13.493 0.0000000000
45148  -32.166  -7.693  13.783 0.0000000000
111202  -32.579  -8.369  15.515 0.0000000000
43105  -32.846  -8.760  16.699 0.0000000000
40571  -33.432  -11.998  18.403 0.0000000000
41342  -33.263  -11.211  18.099 0.0000000000
40557  -33.145  -12.072  19.011 0.0000000000
40574  -35.952  -12.499  18.104 0.0000000000
40593  -35.424  -12.310  17.337 0.0000000000
40560  -35.590  -12.544  18.845 0.0000000000
39891  -35.189  -12.786  19.518 0.0000000000
40559  -34.687  -12.484  18.891 0.0000000000
39838  -35.039  -13.635  21.574 0.0000000000
39867  -34.667  -13.067  20.178 0.0000000000
39849  -34.440  -13.371  20.967 0.0000000000
104334  -33.889  -13.091  20.470 0.0000000000
39837  -34.160  -13.599  21.677 0.0000000000
48073  -45.019  -5.369  16.132 0.0000000000
48088  -43.851  -4.637  13.997 0.0000000000
45302  -51.606  -7.845  6.315 0.0000000000
46287  -52.546  -7.322  5.159 0.0000000000
46297  -52.187  -6.841  4.412 0.0000000000
47200  -46.181  -5.510  8.497 0.0000000000
48138  -45.932  -4.988  8.026 0.0000000000
46102  -38.992  -5.338  15.688 0.0000000000
46132  -38.570  -6.094  14.649 0.0000000000
43203  -40.218  -9.032  10.530 0.0000000000
43191  -39.916  -9.199  10.526 0.0000000000
43175  -40.050  -10.387  11.286 0.0000000000
42283  -40.074  -11.077  11.873 0.0000000000
114064  -40.101  -11.604  12.503 0.0000000000
43193  -45.716  -9.786  10.568 0.0000000000
112961  -53.759  -1.336  6.650 0.0000000000
44088  -37.214  -9.191  25.379 0.0000000000
98716  -35.774  -8.950  24.811 0.0000000000
44102  -36.503  -8.920  24.688 0.0000000000
44101  -34.984  -8.355  23.751 0.0000000000
41333  -32.003  -11.533  21.022 0.0000000000
39835  -32.456  -12.978  22.048 0.0000000000
39001  -33.940  -13.719  22.435 0.0000000000
43217  -32.926  -9.185  8.045 0.0000000000
43199  -32.647  -8.964  9.163 0.0000000000
43188  -33.167  -10.440  10.257 0.0000000000
42252  -33.653  -11.210  13.112 0.0000000000
45263  -45.245  -6.985  8.946 0.0000000000
46226  -45.479  -7.073  9.124 0.0000000000
46106  -42.430  -6.556  16.101 0.0000000000
47126  -42.019  -6.048  12.954 0.0000000000
46180  -41.052  -6.845  11.592 0.0000000000
111731  -41.528  -7.845  10.269 0.0000000000
46202  -43.583  -6.425  9.895 0.0000000000
114292  -44.664  -7.043  8.894 0.0000000000
45243  -44.947  -7.185  8.741 0.0000000000
44150  -33.376  -7.875  19.387 0.0000000000
46269  -47.146  -6.353  7.356 0.0000000000
47112  -36.556  -5.081  13.266 0.0000000000
47111  -35.545  -4.632  13.066 0.0000000000
46175  -34.643  -6.356  9.508 0.0000000000
42323  -42.604  -10.189  10.376 0.0000000000
48033  -36.898  -4.896  18.302 0.0000000000
50605  -48.121  -2.210  17.432 0.0000000000
50609  -48.013  -2.092  16.626 0.0000000000
50613  -47.897  -2.017  15.800 0.0000000000
50635  -47.897  -1.794  13.055 0.0000000000
50666  -47.408  -2.566  8.696 0.0000000000
50675  -47.642  -2.519  8.055 0.0000000000
112977  -52.464  -1.349  8.667 0.0000000000
48171  -51.310  -5.233  4.254 0.0000000000
49966  -54.240  -2.667  0.772 0.0000000000
113523  -34.296  -8.446  22.510 0.0000000000
41329  -31.376  -11.090  22.588 0.0000000000
41326  -31.229  -11.525  23.148 0.0000000000
40541  -31.117  -12.102  24.332 0.0000000000
39824  -31.186  -12.726  24.778 0.0000000000
48076  -32.106  -4.354  14.913 0.0000000000
48067  -32.146  -4.756  15.806 0.0000000000
47102  -31.673  -4.637  15.058 0.0000000000
110533  -31.801  -5.291  15.128 0.0000000000
44159  -32.675  -9.018  14.952 0.0000000000
43106  -33.139  -9.712  16.674 0.0000000000
42203  -33.458  -10.346  17.250 0.0000000000
39851  -36.172  -13.424  20.793 0.0000000000
49863  -45.950  -3.155  13.463 0.0000000000
46109  -44.910  -7.225  16.423 0.0000000000
102508  -44.297  -7.181  15.839 0.0000000000
46129  -44.129  -7.147  15.489 0.0000000000
47116  -42.695  -5.815  13.854 0.0000000000
45133  -33.526  -6.788  20.633 0.0000000000
45139  -32.066  -6.826  18.292 0.0000000000
45245  -47.628  -7.236  9.077 0.0000000000
46259  -47.181  -6.787  7.953 0.0000000000
47085  -37.969  -5.206  16.093 0.0000000000
47104  -37.428  -5.478  14.692 0.0000000000
46177  -39.433  -7.350  11.137 0.0000000000
101062  -39.254  -10.205  11.000 0.0000000000
42281  -39.037  -11.186  12.398 0.0000000000
41426  -40.084  -12.427  14.154 0.0000000000
42325  -44.220  -10.109  10.212 0.0000000000
42316  -44.528  -10.598  10.780 0.0000000000
42304  -44.803  -10.984  11.488 0.0000000000
42305  -45.597  -10.771  11.742 0.0000000000
51359  -48.653  -1.139  10.316 0.0000000000
50662  -48.584  -1.896  9.144 0.0000000000
49921  -51.212  -2.211  3.029 0.0000000000
49942  -52.529  -3.031  1.967 0.0000000000
44085  -34.818  -8.549  24.690 0.0000000000
102351  -32.733  -8.549  24.491 0.0000000000
111916  -32.137  -8.751  24.185 0.0000000000
40545  -31.483  -12.082  22.631 0.0000000000
46148  -31.293  -5.775  11.417 0.0000000000
45162  -31.603  -7.081  11.700 0.0000000000
44185  -32.361  -8.557  12.121 0.0000000000
44173  -32.459  -8.736  13.156 0.0000000000
43118  -33.025  -9.758  14.317 0.0000000000
46104  -40.234  -6.053  15.778 0.0000000000
46127  -42.736  -6.708  14.905 0.0000000000
46178  -39.867  -7.177  11.365 0.0000000000
45220  -40.241  -7.999  10.409 0.0000000000
45222  -42.429  -7.535  9.948 0.0000000000
45241  -42.815  -7.953  9.427 0.0000000000
44276  -42.891  -8.548  9.289 0.0000000000
43207  -44.598  -9.427  9.823 0.0000000000
43224  -44.968  -8.633  9.525 0.0000000000
52095  -55.889  -0.364  1.692 0.0000000000
52753  -56.678  -0.128  2.054 0.0000000000
99199  -37.707  -8.434  22.985 0.0000000000
94679  -36.896  -8.472  22.727 0.0000000000
98397  -34.135  -8.449  20.362 0.0000000000
44134  -33.218  -8.795  20.828 0.0000000000
101418  -32.750  -12.142  20.126 0.0000000000
42254  -35.349  -11.125  13.761 0.0000000000
45168  -48.212  -7.627  11.836 0.0000000000
45301  -50.861  -7.766  6.502 0.0000000000
48056  -33.610  -4.207  16.854 0.0000000000
48069  -33.843  -4.243  15.966 0.0000000000
48068  -32.884  -4.498  15.615 0.0000000000
48083  -32.433  -4.185  14.117 0.0000000000
48079  -35.893  -4.681  14.937 0.0000000000
102084  -34.962  -4.351  13.630 0.0000000000
47119  -32.090  -4.924  12.512 0.0000000000
47133  -31.625  -5.170  11.442 0.0000000000
47157  -31.544  -5.623  10.439 0.0000000000
45236  -31.718  -6.621  8.302 0.0000000000
45237  -31.847  -7.136  8.179 0.0000000000
100273  -33.395  -6.346  8.700 0.0000000000
45238  -32.759  -7.601  7.774 0.0000000000
44272  -33.387  -8.974  7.031 0.0000000000
43218  -33.771  -10.214  7.312 0.0000000000
43201  -34.386  -10.937  8.252 0.0000000000
113127  -35.101  -10.985  8.834 0.0000000000
44212  -37.804  -9.796  9.267 0.0000000000
43189  -35.893  -11.055  9.172 0.0000000000
41492  -43.894  -11.154  11.204 0.0000000000
49850  -45.399  -3.558  15.655 0.0000000000
49846  -46.155  -3.037  16.632 0.0000000000
49847  -46.860  -2.727  16.843 0.0000000000
44071  -34.557  -8.425  26.340 0.0000000000
44072  -35.535  -9.042  26.114 0.0000000000
43076  -37.325  -9.525  26.652 0.0000000000
43072  -39.834  -9.253  27.262 0.0000000000
43077  -38.969  -9.396  26.639 0.0000000000
44075  -39.763  -9.088  25.954 0.0000000000
44090  -39.672  -8.651  24.325 0.0000000000
44106  -40.574  -8.648  24.035 0.0000000000
44120  -40.654  -8.234  22.715 0.0000000000
44105  -39.347  -8.207  22.874 0.0000000000
48045  -38.331  -4.968  17.715 0.0000000000
48916  -41.748  -3.719  17.288 0.0000000000
48922  -41.410  -4.099  16.754 0.0000000000
47080  -44.132  -6.607  17.036 0.0000000000
46097  -44.924  -7.067  17.017 0.0000000000
48050  -45.040  -5.681  18.017 0.0000000000
47082  -45.112  -6.435  17.390 0.0000000000
46098  -45.038  -6.997  16.879 0.0000000000
113578  -45.185  -6.310  17.196 0.0000000000
50614  -48.498  -1.649  16.123 0.0000000000
50648  -47.349  -2.498  10.982 0.0000000000
49888  -46.259  -3.663  8.929 0.0000000000
48990  -46.147  -4.258  7.662 0.0000000000
48143  -47.473  -5.044  6.320 0.0000000000
49893  -47.633  -2.725  7.315 0.0000000000
47245  -49.138  -5.765  5.697 0.0000000000
116771  -50.533  -2.819  6.971 0.0000000000
44055  -33.035  -8.276  26.571 0.0000000000
42171  -29.832  -10.688  26.696 0.0000000000
43085  -31.658  -9.243  23.837 0.0000000000
42184  -31.486  -10.212  22.793 0.0000000000
43087  -31.809  -9.444  23.105 0.0000000000
40539  -30.701  -11.977  25.148 0.0000000000
38954  -31.953  -13.798  24.369 0.0000000000
48054  -32.062  -4.784  16.766 0.0000000000
47084  -31.809  -4.918  17.300 0.0000000000
105371  -31.899  -6.490  17.759 0.0000000000
44152  -32.570  -7.699  17.323 0.0000000000
46121  -31.745  -5.711  14.360 0.0000000000
105366  -32.172  -6.563  15.012 0.0000000000
45146  -32.424  -7.889  14.764 0.0000000000
45144  -32.582  -7.297  15.699 0.0000000000
42200  -33.089  -10.302  18.405 0.0000000000
42232  -34.583  -11.192  14.363 0.0000000000
42220  -34.721  -11.417  15.118 0.0000000000
41373  -34.537  -11.668  16.501 0.0000000000
40592  -34.553  -12.051  17.592 0.0000000000
40572  -34.139  -12.235  18.258 0.0000000000
41395  -34.915  -11.856  15.806 0.0000000000
43075  -36.847  -9.507  27.062 0.0000000000
43170  -34.775  -11.001  10.700 0.0000000000
43187  -32.652  -9.361  10.140 0.0000000000
43219  -34.784  -10.810  7.104 0.0000000000
43234  -34.323  -10.215  6.979 0.0000000000
43245  -34.518  -9.610  6.839 0.0000000000
44074  -38.099  -9.348  25.961 0.0000000000
44087  -36.023  -9.247  25.634 0.0000000000
44089  -38.079  -8.783  24.649 0.0000000000
44091  -40.499  -8.871  25.369 0.0000000000
44271  -32.753  -8.063  8.076 0.0000000000
44274  -35.818  -9.774  7.318 0.0000000000
44288  -34.044  -9.620  6.767 0.0000000000
44299  -34.378  -9.286  6.604 0.0000000000
44300  -34.700  -9.147  6.624 0.0000000000
45216  -31.704  -6.544  8.438 0.0000000000
45219  -36.136  -8.151  7.302 0.0000000000
45239  -34.059  -8.381  7.033 0.0000000000
45262  -31.880  -6.766  8.246 0.0000000000
46196  -31.551  -6.126  9.216 0.0000000000
46197  -32.160  -5.929  8.871 0.0000000000
46219  -31.764  -6.356  8.410 0.0000000000
46221  -33.753  -7.415  7.972 0.0000000000
100643  -33.053  -10.843  12.821 0.0000000000
101725  -31.465  -5.255  13.000 0.0000000000
116368  -40.022  -8.327  23.177 0.0000000000
