#!ascii label  , from subject sub-v2s2x29067_ses-1 vox2ras=TkReg
989
126298  22.628  -5.909  20.325 0.0000000000
58735  27.570  -7.558  29.011 0.0000000000
67408  38.652  -0.119  9.049 0.0000000000
129659  31.275  -4.919  13.087 0.0000000000
61825  29.755  -4.576  21.536 0.0000000000
71115  48.647  3.416  3.137 0.0000000000
67366  38.520  -0.411  13.516 0.0000000000
126311  34.861  -3.024  11.057 0.0000000000
61845  19.749  -4.888  19.791 0.0000000000
59739  24.580  -7.264  23.156 0.0000000000
57842  25.083  -8.440  22.227 0.0000000000
126013  22.826  -8.845  20.505 0.0000000000
69312  43.861  0.863  6.246 0.0000000000
62956  23.014  -4.138  22.488 0.0000000000
66289  18.088  -0.415  18.849 0.0000000000
68357  44.009  1.167  10.941 0.0000000000
62949  18.257  -3.917  23.199 0.0000000000
55982  19.039  -9.841  30.199 0.0000000000
61935  34.807  -4.637  14.512 0.0000000000
63027  30.822  -4.093  17.190 0.0000000000
61923  26.461  -4.569  16.432 0.0000000000
59766  25.471  -6.018  19.995 0.0000000000
66305  40.215  -1.615  16.387 0.0000000000
66333  36.759  -1.582  12.658 0.0000000000
65202  36.342  -2.066  13.841 0.0000000000
67306  42.920  -0.741  18.339 0.0000000000
58798  21.069  -7.207  20.298 0.0000000000
59762  20.274  -6.742  20.773 0.0000000000
61872  21.680  -5.953  17.919 0.0000000000
59752  23.364  -6.407  21.524 0.0000000000
58797  23.700  -8.030  21.253 0.0000000000
59767  22.900  -7.277  20.326 0.0000000000
57875  21.040  -8.452  19.285 0.0000000000
67414  39.478  0.104  7.817 0.0000000000
68332  41.036  0.531  12.112 0.0000000000
133596  41.436  0.512  9.896 0.0000000000
68378  41.472  0.248  7.713 0.0000000000
135484  18.636  -0.540  23.306 0.0000000000
65140  16.688  -1.916  20.962 0.0000000000
62923  18.235  -3.538  24.584 0.0000000000
138564  16.178  -8.252  29.169 0.0000000000
59688  17.725  -6.422  28.375 0.0000000000
57787  18.411  -9.039  31.091 0.0000000000
134497  18.184  -9.951  33.230 0.0000000000
55042  16.124  -11.032  33.588 0.0000000000
125111  33.017  -4.803  21.620 0.0000000000
62987  29.946  -4.021  19.270 0.0000000000
63029  28.555  -4.018  16.951 0.0000000000
63004  28.232  -4.127  18.682 0.0000000000
56989  24.067  -9.174  20.394 0.0000000000
58795  25.645  -7.511  21.218 0.0000000000
57884  24.514  -8.877  18.346 0.0000000000
58831  25.061  -8.135  17.023 0.0000000000
61955  33.568  -5.269  13.576 0.0000000000
60902  33.874  -5.619  11.757 0.0000000000
60904  32.061  -5.388  11.022 0.0000000000
72036  51.185  4.833  2.215 0.0000000000
71124  48.941  3.382  1.348 0.0000000000
67394  38.775  -0.265  11.271 0.0000000000
66361  36.877  -0.895  10.723 0.0000000000
68264  42.147  0.211  15.321 0.0000000000
58762  25.934  -8.026  26.098 0.0000000000
58768  26.264  -8.048  25.403 0.0000000000
57837  24.660  -8.225  22.910 0.0000000000
56979  23.360  -9.143  21.548 0.0000000000
56086  23.109  -10.256  19.045 0.0000000000
69296  46.133  1.648  8.786 0.0000000000
69314  45.956  1.539  6.400 0.0000000000
70131  46.292  2.028  4.842 0.0000000000
69329  46.168  2.333  2.726 0.0000000000
126745  23.266  -4.502  20.738 0.0000000000
64128  22.363  -3.369  14.960 0.0000000000
65146  22.562  -1.632  19.760 0.0000000000
122294  23.855  -6.025  23.313 0.0000000000
68369  43.543  0.860  8.428 0.0000000000
132473  16.969  -3.589  14.681 0.0000000000
62968  18.011  -3.715  21.429 0.0000000000
59741  19.207  -6.394  23.724 0.0000000000
61767  17.824  -5.099  24.981 0.0000000000
59712  18.998  -6.487  26.416 0.0000000000
52951  13.467  -12.245  34.916 0.0000000000
64137  37.185  -3.125  16.833 0.0000000000
61916  32.728  -4.690  15.891 0.0000000000
62984  33.005  -4.176  18.623 0.0000000000
61918  31.286  -4.625  15.436 0.0000000000
61940  29.071  -4.484  14.617 0.0000000000
138310  26.542  -4.241  13.714 0.0000000000
120327  25.189  -7.523  12.739 0.0000000000
58784  26.442  -6.556  23.835 0.0000000000
59743  26.759  -5.155  22.811 0.0000000000
60784  27.424  -4.812  20.903 0.0000000000
60808  26.179  -5.436  18.709 0.0000000000
58858  24.936  -6.940  15.148 0.0000000000
63071  35.340  -4.001  13.091 0.0000000000
60929  34.038  -5.485  9.746 0.0000000000
65169  40.835  -2.318  17.604 0.0000000000
66312  37.687  -1.513  15.253 0.0000000000
122728  38.456  -2.348  16.437 0.0000000000
65156  42.131  -1.845  19.001 0.0000000000
60787  21.844  -6.406  20.232 0.0000000000
60793  21.407  -6.092  19.840 0.0000000000
61871  22.431  -5.744  18.326 0.0000000000
60786  22.639  -6.093  20.824 0.0000000000
59759  22.749  -6.527  20.818 0.0000000000
59760  22.070  -6.560  20.418 0.0000000000
59768  22.003  -6.901  20.277 0.0000000000
67415  38.745  -0.113  8.170 0.0000000000
68351  40.090  0.317  10.881 0.0000000000
68360  40.824  0.461  10.398 0.0000000000
135837  39.800  0.174  9.550 0.0000000000
68373  40.220  0.164  8.200 0.0000000000
56940  16.164  -9.212  30.164 0.0000000000
57795  16.674  -8.595  30.015 0.0000000000
56934  17.279  -9.179  31.354 0.0000000000
118907  18.283  -9.337  32.356 0.0000000000
56919  17.162  -9.570  32.452 0.0000000000
55956  16.967  -10.320  33.659 0.0000000000
123973  31.250  -4.467  20.865 0.0000000000
61841  29.925  -4.264  20.758 0.0000000000
125892  29.187  -4.029  18.990 0.0000000000
61842  28.841  -4.257  20.344 0.0000000000
59684  28.000  -7.058  28.120 0.0000000000
56099  23.982  -10.153  18.920 0.0000000000
136311  24.307  -9.533  18.952 0.0000000000
56112  23.803  -10.595  17.978 0.0000000000
56120  23.775  -10.159  17.251 0.0000000000
61956  32.816  -5.173  13.261 0.0000000000
61996  32.695  -5.279  12.436 0.0000000000
71111  48.615  3.148  4.065 0.0000000000
72016  50.192  4.124  5.203 0.0000000000
72026  49.861  3.902  4.372 0.0000000000
72034  49.830  4.117  3.470 0.0000000000
71118  48.741  3.502  2.232 0.0000000000
67377  39.080  -0.120  12.985 0.0000000000
67396  37.579  -0.780  11.022 0.0000000000
66353  37.661  -0.807  11.744 0.0000000000
65236  35.368  -2.388  11.327 0.0000000000
65235  35.662  -1.694  10.821 0.0000000000
139249  34.679  -3.061  10.339 0.0000000000
67333  41.262  -0.690  16.233 0.0000000000
67364  40.054  -0.058  14.041 0.0000000000
67375  40.498  0.315  13.388 0.0000000000
60789  20.238  -6.060  21.035 0.0000000000
60781  19.845  -5.617  21.743 0.0000000000
59731  24.993  -7.583  24.393 0.0000000000
58776  25.235  -8.227  24.278 0.0000000000
58786  24.438  -8.112  22.955 0.0000000000
57861  23.132  -8.707  21.060 0.0000000000
57851  23.279  -8.888  21.830 0.0000000000
56980  23.128  -8.980  21.194 0.0000000000
56075  23.420  -9.765  19.667 0.0000000000
56999  22.767  -9.580  19.494 0.0000000000
56087  22.329  -9.859  18.936 0.0000000000
62000  28.356  -5.074  11.708 0.0000000000
69307  44.622  1.134  7.365 0.0000000000
69305  46.090  1.621  7.995 0.0000000000
69310  45.252  1.312  6.921 0.0000000000
69323  45.117  1.619  4.562 0.0000000000
120141  45.124  1.893  3.691 0.0000000000
70136  45.904  2.224  3.533 0.0000000000
61812  23.104  -4.443  21.582 0.0000000000
65152  23.295  -2.411  19.082 0.0000000000
62957  22.636  -3.430  22.613 0.0000000000
61797  23.384  -4.833  22.799 0.0000000000
61811  23.197  -4.921  22.019 0.0000000000
69277  44.833  1.399  9.828 0.0000000000
68363  43.589  0.966  9.289 0.0000000000
68385  41.565  0.344  6.408 0.0000000000
65172  19.144  -1.604  16.474 0.0000000000
63037  18.921  -3.694  14.170 0.0000000000
132324  17.471  -2.082  15.765 0.0000000000
64094  16.495  -2.285  23.007 0.0000000000
64108  16.672  -2.758  20.678 0.0000000000
64100  16.918  -3.019  22.025 0.0000000000
119960  18.936  -4.630  22.464 0.0000000000
61798  18.891  -4.770  23.079 0.0000000000
59714  16.715  -6.491  26.161 0.0000000000
57801  18.562  -8.828  29.507 0.0000000000
59699  18.764  -6.293  27.181 0.0000000000
57814  18.890  -7.791  27.946 0.0000000000
128129  19.134  -8.715  27.522 0.0000000000
61915  33.697  -4.710  15.823 0.0000000000
122172  31.635  -4.017  18.528 0.0000000000
61854  33.012  -4.426  19.470 0.0000000000
63013  31.661  -4.066  17.686 0.0000000000
63026  31.734  -4.253  16.818 0.0000000000
61896  31.058  -4.328  16.260 0.0000000000
119596  29.793  -4.573  14.481 0.0000000000
61897  30.187  -4.114  16.466 0.0000000000
61882  27.816  -4.110  17.284 0.0000000000
61921  28.005  -4.196  15.642 0.0000000000
61943  26.178  -4.346  15.098 0.0000000000
120666  25.855  -4.707  13.632 0.0000000000
60858  25.435  -5.610  14.263 0.0000000000
57835  25.824  -8.141  23.499 0.0000000000
58774  26.578  -7.006  24.567 0.0000000000
58785  25.929  -7.121  23.131 0.0000000000
58805  25.511  -6.955  20.442 0.0000000000
127686  25.618  -6.038  21.825 0.0000000000
59756  26.063  -5.655  21.207 0.0000000000
122449  27.696  -5.076  22.393 0.0000000000
122357  26.719  -5.211  20.814 0.0000000000
60791  27.036  -4.867  19.990 0.0000000000
60799  26.197  -5.478  19.590 0.0000000000
57048  23.706  -9.342  15.198 0.0000000000
58837  25.309  -7.451  16.752 0.0000000000
64144  35.364  -3.533  15.555 0.0000000000
64151  35.405  -3.588  14.487 0.0000000000
128777  35.158  -4.630  13.442 0.0000000000
122893  33.642  -5.615  10.872 0.0000000000
137783  34.237  -5.554  11.367 0.0000000000
129931  50.942  4.683  1.522 0.0000000000
66316  38.942  -0.931  14.952 0.0000000000
66331  37.860  -0.736  13.261 0.0000000000
66322  37.371  -1.198  13.745 0.0000000000
122934  36.330  -2.033  13.066 0.0000000000
137286  35.917  -2.425  12.738 0.0000000000
66261  44.008  -1.145  20.300 0.0000000000
66297  41.877  -1.135  17.632 0.0000000000
58799  20.076  -7.198  20.629 0.0000000000
60788  20.830  -6.377  20.424 0.0000000000
61861  19.916  -5.063  18.776 0.0000000000
60779  23.833  -6.463  22.148 0.0000000000
126248  24.247  -7.483  22.427 0.0000000000
59751  23.991  -7.186  21.565 0.0000000000
59758  23.508  -7.127  20.905 0.0000000000
58808  22.859  -8.233  20.275 0.0000000000
57874  21.749  -8.546  19.564 0.0000000000
58809  22.116  -7.618  20.016 0.0000000000
57863  21.357  -7.922  19.821 0.0000000000
68387  43.271  0.767  5.104 0.0000000000
62933  22.636  -4.127  23.707 0.0000000000
139924  42.317  0.667  12.706 0.0000000000
118781  42.129  0.798  10.951 0.0000000000
139146  42.639  0.883  10.592 0.0000000000
139813  42.338  0.565  8.515 0.0000000000
68372  40.996  0.161  8.366 0.0000000000
68380  40.087  0.131  7.498 0.0000000000
66258  18.581  -0.464  21.260 0.0000000000
135586  17.159  -0.746  19.178 0.0000000000
135016  17.489  -0.929  21.832 0.0000000000
65125  16.222  -1.363  23.586 0.0000000000
64087  17.172  -2.799  23.851 0.0000000000
59702  17.083  -6.877  27.378 0.0000000000
136977  17.062  -7.079  29.374 0.0000000000
57793  17.951  -8.506  29.747 0.0000000000
56933  18.760  -9.288  31.109 0.0000000000
56925  18.925  -9.609  31.781 0.0000000000
61856  31.399  -4.240  20.075 0.0000000000
118370  30.509  -4.014  18.854 0.0000000000
123086  29.931  -4.047  17.211 0.0000000000
63003  29.107  -4.016  18.183 0.0000000000
63016  28.435  -4.031  17.753 0.0000000000
61883  27.090  -4.406  17.744 0.0000000000
56977  24.650  -8.793  20.813 0.0000000000
57849  25.568  -8.031  21.866 0.0000000000
57860  25.267  -8.331  20.326 0.0000000000
58806  25.482  -7.662  19.896 0.0000000000
58816  25.392  -7.546  19.066 0.0000000000
58822  25.342  -6.753  18.704 0.0000000000
57892  25.106  -8.212  17.807 0.0000000000
57035  23.666  -9.603  16.450 0.0000000000
60842  34.227  -5.216  13.890 0.0000000000
60885  34.571  -5.444  12.597 0.0000000000
60886  34.072  -5.606  12.433 0.0000000000
60903  33.000  -5.473  11.516 0.0000000000
72032  51.148  4.778  3.078 0.0000000000
72038  49.981  4.255  2.537 0.0000000000
124712  38.945  -0.159  10.410 0.0000000000
67409  37.939  -0.299  9.272 0.0000000000
134958  37.884  -0.416  9.918 0.0000000000
66355  36.383  -1.348  11.166 0.0000000000
65240  35.528  -1.570  9.905 0.0000000000
67304  44.136  -0.218  18.837 0.0000000000
68228  43.778  0.283  17.523 0.0000000000
68263  42.766  0.472  15.615 0.0000000000
68291  41.198  0.341  13.549 0.0000000000
68333  40.235  0.396  11.818 0.0000000000
58746  26.458  -7.705  27.948 0.0000000000
59696  27.212  -7.314  27.545 0.0000000000
57817  26.080  -8.186  25.742 0.0000000000
57830  25.597  -8.344  23.776 0.0000000000
57836  25.364  -8.338  23.156 0.0000000000
58791  24.189  -8.329  22.415 0.0000000000
57843  24.196  -8.583  22.202 0.0000000000
56969  24.549  -8.797  21.544 0.0000000000
56978  23.891  -9.132  21.293 0.0000000000
56074  23.799  -9.667  19.625 0.0000000000
55167  23.286  -10.638  18.547 0.0000000000
70113  47.119  2.109  7.083 0.0000000000
69320  45.145  1.413  5.283 0.0000000000
69319  45.812  1.584  5.528 0.0000000000
70122  47.390  2.241  5.833 0.0000000000
70129  47.812  2.436  5.240 0.0000000000
71113  47.430  2.719  3.796 0.0000000000
70139  47.377  2.881  2.971 0.0000000000
69327  47.405  2.805  2.158 0.0000000000
61844  23.034  -5.096  19.970 0.0000000000
63006  23.179  -5.125  16.485 0.0000000000
64120  23.657  -3.990  17.494 0.0000000000
65161  21.356  -1.787  16.771 0.0000000000
135822  20.006  -0.652  18.988 0.0000000000
65137  23.101  -1.473  21.555 0.0000000000
66257  19.511  -0.531  21.080 0.0000000000
66249  19.651  -1.002  22.900 0.0000000000
58736  26.887  -7.892  29.514 0.0000000000
58747  26.169  -7.852  28.695 0.0000000000
58763  25.731  -7.505  26.478 0.0000000000
138363  24.755  -6.960  24.753 0.0000000000
59724  24.404  -6.592  25.202 0.0000000000
59740  24.213  -6.581  23.569 0.0000000000
60780  23.364  -5.721  21.948 0.0000000000
61828  23.119  -5.434  21.397 0.0000000000
69275  46.342  1.743  10.501 0.0000000000
69298  44.679  1.218  8.206 0.0000000000
134613  43.449  0.700  6.855 0.0000000000
68377  42.181  0.452  7.791 0.0000000000
119021  42.762  0.543  7.134 0.0000000000
68383  43.089  0.602  6.322 0.0000000000
64122  22.766  -5.389  14.868 0.0000000000
118413  19.644  -4.890  16.295 0.0000000000
122735  18.210  -4.218  18.078 0.0000000000
112407  15.951  -2.170  17.434 0.0000000000
115579  16.115  -3.253  18.440 0.0000000000
127527  18.782  -4.395  20.533 0.0000000000
61813  19.358  -4.933  21.710 0.0000000000
59746  19.415  -6.534  22.895 0.0000000000
62924  18.109  -4.027  24.628 0.0000000000
62937  18.337  -4.506  24.109 0.0000000000
60758  18.512  -5.906  24.985 0.0000000000
61781  18.821  -4.976  23.661 0.0000000000
60757  18.949  -6.082  24.429 0.0000000000
54021  14.871  -12.189  33.679 0.0000000000
64127  39.236  -3.350  17.471 0.0000000000
61913  34.799  -4.485  15.272 0.0000000000
118490  34.006  -4.894  14.987 0.0000000000
118783  33.119  -4.889  15.137 0.0000000000
61938  32.569  -4.982  14.508 0.0000000000
63025  32.407  -4.417  16.503 0.0000000000
61917  32.191  -4.818  15.278 0.0000000000
61958  31.046  -4.797  13.926 0.0000000000
61959  30.192  -4.693  13.972 0.0000000000
61960  29.383  -4.636  13.959 0.0000000000
61980  27.968  -4.607  13.210 0.0000000000
61920  28.868  -4.208  15.356 0.0000000000
61941  28.164  -4.322  14.785 0.0000000000
136485  26.783  -5.240  12.380 0.0000000000
60890  26.446  -5.943  12.072 0.0000000000
58892  25.541  -7.670  11.804 0.0000000000
61794  30.212  -4.790  22.993 0.0000000000
59709  27.171  -7.015  26.692 0.0000000000
59708  27.877  -6.376  26.408 0.0000000000
59721  27.818  -5.874  25.685 0.0000000000
58790  25.625  -7.021  22.067 0.0000000000
59744  26.818  -5.498  23.697 0.0000000000
59737  27.638  -5.378  23.988 0.0000000000
119838  28.298  -5.180  23.538 0.0000000000
61810  28.415  -4.801  21.943 0.0000000000
61826  28.989  -4.635  21.534 0.0000000000
61843  28.066  -4.545  20.230 0.0000000000
119496  27.373  -4.554  19.047 0.0000000000
61900  26.413  -4.689  17.192 0.0000000000
59780  25.527  -6.529  17.954 0.0000000000
59788  25.685  -6.050  17.183 0.0000000000
60837  25.688  -5.860  16.116 0.0000000000
58871  24.760  -7.236  13.846 0.0000000000
65190  36.364  -2.199  15.582 0.0000000000
64156  35.580  -3.348  13.601 0.0000000000
63101  34.864  -3.852  11.531 0.0000000000
61995  34.794  -5.199  12.358 0.0000000000
63084  34.884  -4.684  11.984 0.0000000000
63112  34.518  -4.313  10.313 0.0000000000
69326  47.802  2.847  1.596 0.0000000000
65158  41.103  -2.618  18.253 0.0000000000
137913  39.143  -2.236  16.445 0.0000000000
64134  39.683  -2.971  17.153 0.0000000000
65151  41.885  -2.544  19.231 0.0000000000
60792  22.289  -5.911  19.771 0.0000000000
119132  39.167  0.006  9.650 0.0000000000
67407  39.495  0.155  8.794 0.0000000000
56935  16.431  -9.468  30.985 0.0000000000
126081  17.595  -9.279  32.135 0.0000000000
56927  16.804  -9.558  31.813 0.0000000000
55970  16.536  -10.023  32.311 0.0000000000
61807  30.700  -4.729  22.417 0.0000000000
61824  30.528  -4.486  21.190 0.0000000000
127571  30.437  -4.639  21.840 0.0000000000
141229  29.454  -4.164  20.380 0.0000000000
59675  28.257  -7.244  29.591 0.0000000000
124240  28.346  -7.031  28.873 0.0000000000
55178  23.344  -10.765  18.001 0.0000000000
56111  23.987  -10.412  18.357 0.0000000000
55191  23.171  -10.592  17.220 0.0000000000
61976  32.122  -5.069  12.994 0.0000000000
71110  49.257  3.376  4.454 0.0000000000
71114  49.252  3.611  3.744 0.0000000000
67365  39.247  -0.203  13.772 0.0000000000
67378  38.385  -0.402  12.741 0.0000000000
64196  34.546  -3.624  9.902 0.0000000000
67355  40.032  -0.404  14.756 0.0000000000
67344  41.025  -0.448  15.518 0.0000000000
59753  19.866  -6.390  21.605 0.0000000000
134828  19.939  -5.433  21.119 0.0000000000
129821  24.757  -7.166  23.769 0.0000000000
58781  24.793  -8.097  23.648 0.0000000000
56991  23.060  -9.231  20.281 0.0000000000
56992  22.367  -9.036  19.916 0.0000000000
69311  44.582  1.112  6.533 0.0000000000
127507  45.426  2.038  2.795 0.0000000000
62966  23.544  -3.435  21.416 0.0000000000
136772  43.224  1.024  10.739 0.0000000000
68358  43.710  1.069  10.095 0.0000000000
129940  44.301  1.257  10.185 0.0000000000
65163  18.515  -0.825  17.696 0.0000000000
65173  18.403  -2.087  15.639 0.0000000000
117775  17.577  -1.483  16.917 0.0000000000
62960  17.509  -3.359  22.616 0.0000000000
57808  18.586  -8.241  28.652 0.0000000000
137091  19.001  -9.040  28.843 0.0000000000
56946  19.069  -9.771  28.912 0.0000000000
63001  30.848  -4.012  18.182 0.0000000000
61919  30.395  -4.358  15.647 0.0000000000
61899  27.151  -4.320  16.855 0.0000000000
61922  27.196  -4.282  16.032 0.0000000000
138006  26.390  -4.453  15.728 0.0000000000
60843  25.669  -4.760  14.674 0.0000000000
60836  25.951  -5.114  15.487 0.0000000000
57841  25.648  -8.029  22.655 0.0000000000
136063  25.606  -6.074  20.676 0.0000000000
59765  26.224  -5.575  20.385 0.0000000000
59774  25.512  -6.000  19.168 0.0000000000
63044  35.072  -4.247  15.013 0.0000000000
63056  35.113  -4.463  14.189 0.0000000000
61953  34.882  -4.870  13.820 0.0000000000
66310  39.935  -1.190  15.788 0.0000000000
66317  38.215  -1.111  14.732 0.0000000000
65195  36.831  -1.585  14.240 0.0000000000
66254  44.705  -0.935  20.877 0.0000000000
65168  41.384  -1.840  18.006 0.0000000000
66287  41.991  -1.537  18.357 0.0000000000
66298  41.146  -1.558  17.313 0.0000000000
66304  40.877  -1.296  16.638 0.0000000000
60801  21.355  -5.942  19.062 0.0000000000
61860  20.590  -5.668  18.887 0.0000000000
58807  23.308  -7.929  20.665 0.0000000000
57862  22.256  -8.402  19.926 0.0000000000
68307  41.725  0.522  13.010 0.0000000000
68331  41.851  0.651  12.216 0.0000000000
138801  40.846  0.337  9.692 0.0000000000
121404  41.485  0.649  10.693 0.0000000000
118729  42.129  0.739  10.208 0.0000000000
68364  42.095  0.593  9.275 0.0000000000
68365  41.265  0.273  9.123 0.0000000000
66250  17.681  -0.616  23.106 0.0000000000
65117  16.396  -1.148  24.159 0.0000000000
64086  18.016  -3.307  24.476 0.0000000000
58741  16.338  -7.898  28.614 0.0000000000
57788  17.763  -8.939  30.870 0.0000000000
57794  17.352  -8.534  30.042 0.0000000000
128336  18.052  -8.867  30.412 0.0000000000
57786  18.557  -8.977  30.392 0.0000000000
57782  18.554  -9.318  31.773 0.0000000000
56917  18.486  -9.706  32.933 0.0000000000
55963  16.318  -10.449  32.934 0.0000000000
128421  30.636  -4.185  20.423 0.0000000000
62973  30.728  -4.059  19.546 0.0000000000
141271  31.057  -4.007  18.875 0.0000000000
63002  29.944  -4.017  18.431 0.0000000000
61857  28.609  -4.203  19.586 0.0000000000
61870  27.817  -4.173  17.966 0.0000000000
57850  25.314  -8.360  21.222 0.0000000000
56988  24.549  -8.723  19.980 0.0000000000
57873  24.517  -8.750  19.188 0.0000000000
57872  25.210  -8.273  19.496 0.0000000000
57883  25.155  -8.226  18.654 0.0000000000
57023  24.083  -9.332  17.104 0.0000000000
60869  34.284  -5.449  13.166 0.0000000000
60870  33.500  -5.431  12.860 0.0000000000
71117  49.268  3.849  2.853 0.0000000000
71123  49.348  3.863  1.946 0.0000000000
123959  49.538  3.675  1.093 0.0000000000
67402  38.488  -0.268  9.829 0.0000000000
67403  38.196  -0.479  10.585 0.0000000000
67404  37.446  -0.636  10.294 0.0000000000
66367  36.745  -0.750  9.927 0.0000000000
66368  36.131  -1.094  9.490 0.0000000000
66332  37.289  -1.150  12.975 0.0000000000
66345  37.188  -1.141  12.212 0.0000000000
66346  36.608  -1.512  11.913 0.0000000000
65241  35.018  -2.312  10.362 0.0000000000
65248  35.090  -2.155  9.330 0.0000000000
67274  43.906  -0.685  19.425 0.0000000000
67272  45.135  -0.361  20.483 0.0000000000
67305  43.568  -0.472  18.631 0.0000000000
67342  42.318  0.058  16.065 0.0000000000
67330  43.100  0.071  17.173 0.0000000000
68248  42.935  0.342  16.404 0.0000000000
68247  43.630  0.520  16.734 0.0000000000
68277  42.624  0.521  14.843 0.0000000000
67362  41.343  0.188  14.277 0.0000000000
67388  39.629  0.210  12.412 0.0000000000
68309  40.346  0.403  12.643 0.0000000000
67393  39.506  0.119  11.579 0.0000000000
121157  39.384  0.035  10.878 0.0000000000
134169  26.186  -7.707  27.214 0.0000000000
58761  26.099  -7.879  26.506 0.0000000000
57831  25.194  -8.278  23.705 0.0000000000
57825  25.551  -8.336  24.162 0.0000000000
58792  23.954  -8.088  21.976 0.0000000000
57844  23.734  -8.744  22.114 0.0000000000
56970  23.613  -9.027  21.972 0.0000000000
56085  23.612  -10.332  19.030 0.0000000000
57000  21.779  -9.126  19.149 0.0000000000
57001  20.774  -8.847  18.662 0.0000000000
125544  46.406  1.752  9.606 0.0000000000
69309  46.098  1.609  7.184 0.0000000000
70092  46.729  1.918  8.246 0.0000000000
70105  46.626  1.842  7.505 0.0000000000
70104  47.252  2.158  7.796 0.0000000000
70114  46.610  1.850  6.741 0.0000000000
69322  43.856  1.027  4.653 0.0000000000
69321  44.527  1.269  4.981 0.0000000000
70132  45.723  2.005  4.295 0.0000000000
140779  45.630  1.730  4.915 0.0000000000
70123  46.587  1.955  5.740 0.0000000000
70130  47.137  2.217  5.042 0.0000000000
70140  46.725  2.465  3.441 0.0000000000
69328  46.822  2.581  2.509 0.0000000000
125456  23.970  -3.828  18.667 0.0000000000
65145  23.302  -1.915  20.319 0.0000000000
65153  22.227  -1.861  18.604 0.0000000000
66275  20.595  -0.882  18.020 0.0000000000
66274  20.972  -1.014  18.908 0.0000000000
62947  22.027  -3.808  23.086 0.0000000000
65130  22.319  -1.606  22.563 0.0000000000
66256  20.870  -0.984  20.877 0.0000000000
65139  20.254  -0.974  21.880 0.0000000000
58729  26.693  -7.915  30.283 0.0000000000
59723  25.104  -7.233  25.076 0.0000000000
60768  23.845  -5.963  23.989 0.0000000000
60774  23.666  -5.715  22.687 0.0000000000
61829  23.078  -5.338  20.786 0.0000000000
66374  37.342  -0.483  8.771 0.0000000000
68368  44.128  1.070  8.760 0.0000000000
69289  44.733  1.315  9.054 0.0000000000
68375  44.072  0.953  7.923 0.0000000000
68376  43.459  0.749  7.541 0.0000000000
124198  41.918  0.392  7.077 0.0000000000
68384  42.310  0.489  6.371 0.0000000000
64121  23.290  -3.936  16.198 0.0000000000
64129  21.674  -4.706  13.751 0.0000000000
64145  17.952  -3.303  14.080 0.0000000000
63017  19.479  -4.634  14.703 0.0000000000
63031  17.992  -4.056  14.766 0.0000000000
63018  18.076  -4.393  16.227 0.0000000000
66267  16.928  -1.313  19.896 0.0000000000
66290  16.437  -1.601  17.800 0.0000000000
65147  16.388  -2.031  19.833 0.0000000000
64107  17.059  -3.178  21.130 0.0000000000
64115  16.453  -3.171  19.651 0.0000000000
64114  16.975  -3.321  20.317 0.0000000000
119247  17.430  -3.766  19.514 0.0000000000
62976  17.870  -3.724  20.404 0.0000000000
62967  18.838  -4.501  21.291 0.0000000000
60775  19.258  -5.597  23.145 0.0000000000
118668  19.405  -5.216  22.411 0.0000000000
59733  19.293  -7.258  23.999 0.0000000000
61766  18.218  -4.889  24.473 0.0000000000
119924  17.810  -6.236  27.572 0.0000000000
59713  18.506  -6.153  26.350 0.0000000000
59726  18.783  -6.216  25.730 0.0000000000
60770  18.598  -5.533  24.396 0.0000000000
59734  18.976  -6.450  25.038 0.0000000000
60769  18.980  -5.594  23.911 0.0000000000
54015  13.777  -12.008  34.324 0.0000000000
54014  14.496  -12.484  34.060 0.0000000000
63023  36.086  -4.122  16.884 0.0000000000
118878  34.878  -4.497  16.034 0.0000000000
61936  34.555  -4.747  14.763 0.0000000000
61914  34.443  -4.655  15.482 0.0000000000
63000  32.373  -4.077  18.164 0.0000000000
63012  32.569  -4.164  17.276 0.0000000000
61895  31.894  -4.554  16.029 0.0000000000
61939  31.621  -4.804  14.613 0.0000000000
134668  30.577  -4.629  14.746 0.0000000000
118057  29.709  -4.346  15.112 0.0000000000
124158  28.926  -4.693  13.306 0.0000000000
61961  28.488  -4.553  13.999 0.0000000000
63015  29.180  -4.020  17.408 0.0000000000
63028  29.347  -4.032  16.664 0.0000000000
63036  28.699  -4.049  16.149 0.0000000000
61942  27.115  -4.238  15.089 0.0000000000
61962  27.375  -4.258  14.020 0.0000000000
60857  26.840  -4.596  13.075 0.0000000000
60871  26.196  -5.414  12.846 0.0000000000
59825  25.567  -5.845  13.394 0.0000000000
123315  25.813  -6.275  12.596 0.0000000000
59839  25.623  -7.051  12.446 0.0000000000
57071  24.844  -9.040  11.915 0.0000000000
58760  26.416  -7.569  26.091 0.0000000000
59722  27.118  -6.712  25.886 0.0000000000
59730  27.058  -6.387  25.105 0.0000000000
59738  26.948  -6.023  24.387 0.0000000000
59749  26.176  -5.313  22.043 0.0000000000
139295  25.958  -5.369  22.741 0.0000000000
60773  27.704  -5.284  23.159 0.0000000000
60767  28.456  -5.127  24.303 0.0000000000
60778  27.646  -4.930  21.655 0.0000000000
61809  29.168  -4.760  22.171 0.0000000000
61827  28.378  -4.601  21.086 0.0000000000
60798  26.634  -4.903  19.210 0.0000000000
60807  26.775  -4.680  18.542 0.0000000000
61884  26.225  -4.905  17.962 0.0000000000
58830  25.370  -7.685  17.400 0.0000000000
59789  25.505  -7.008  17.349 0.0000000000
58846  25.178  -7.094  15.959 0.0000000000
59798  25.398  -6.643  16.593 0.0000000000
139158  25.324  -6.466  16.071 0.0000000000
59806  25.257  -6.367  15.545 0.0000000000
59815  25.170  -6.300  14.757 0.0000000000
59816  24.841  -6.829  14.474 0.0000000000
140117  38.559  -3.333  17.299 0.0000000000
65182  37.557  -2.392  16.436 0.0000000000
64142  36.581  -2.474  16.397 0.0000000000
128572  35.306  -4.038  13.755 0.0000000000
64168  35.546  -3.117  12.736 0.0000000000
63083  35.214  -3.968  12.326 0.0000000000
60901  34.407  -5.514  12.032 0.0000000000
60917  34.075  -5.482  10.629 0.0000000000
141306  34.362  -5.298  11.070 0.0000000000
63102  34.568  -4.652  11.109 0.0000000000
62029  34.332  -5.057  10.282 0.0000000000
130004  51.825  5.105  2.057 0.0000000000
72982  52.298  5.207  1.460 0.0000000000
68397  47.359  2.487  1.357 0.0000000000
65179  40.533  -2.010  16.966 0.0000000000
65188  38.477  -1.391  15.433 0.0000000000
65181  38.803  -1.779  16.037 0.0000000000
65189  38.002  -1.834  15.940 0.0000000000
136542  36.919  -1.675  15.058 0.0000000000
65157  41.637  -2.203  18.632 0.0000000000
59761  21.294  -6.742  20.377 0.0000000000
136499  23.041  -6.036  21.367 0.0000000000
68350  40.866  0.527  11.234 0.0000000000
67400  40.267  0.283  9.973 0.0000000000
68366  40.427  0.216  9.096 0.0000000000
66229  18.297  -1.001  24.462 0.0000000000
66241  17.913  -0.639  23.979 0.0000000000
64077  19.329  -2.593  24.996 0.0000000000
57789  16.983  -9.013  30.561 0.0000000000
56926  17.908  -9.112  31.732 0.0000000000
56918  17.828  -9.605  32.801 0.0000000000
55962  17.049  -9.922  32.931 0.0000000000
125004  31.183  -4.652  21.706 0.0000000000
62974  29.997  -4.085  20.033 0.0000000000
62988  29.332  -4.083  19.773 0.0000000000
56998  24.138  -9.439  19.568 0.0000000000
57011  24.293  -9.916  18.407 0.0000000000
141477  24.351  -9.425  17.834 0.0000000000
57017  24.150  -10.149  17.850 0.0000000000
71103  48.848  3.110  4.884 0.0000000000
137340  48.973  3.175  5.567 0.0000000000
72025  50.310  4.382  3.942 0.0000000000
67389  38.946  -0.156  12.162 0.0000000000
67395  38.100  -0.573  11.315 0.0000000000
67390  38.264  -0.478  11.958 0.0000000000
65224  36.001  -1.916  11.617 0.0000000000
64195  34.671  -2.838  9.593 0.0000000000
67318  42.067  -0.602  17.096 0.0000000000
67317  42.590  -0.528  17.590 0.0000000000
67343  41.700  -0.218  15.773 0.0000000000
67353  41.509  -0.041  15.018 0.0000000000
67363  40.754  0.150  13.989 0.0000000000
67376  39.786  0.148  13.211 0.0000000000
59754  19.548  -6.838  22.156 0.0000000000
124095  25.344  -8.090  24.955 0.0000000000
57820  25.806  -8.254  25.387 0.0000000000
56990  23.557  -9.306  20.638 0.0000000000
55168  22.277  -10.289  18.347 0.0000000000
61978  29.399  -4.771  12.691 0.0000000000
69297  45.424  1.436  8.595 0.0000000000
69306  45.333  1.395  7.590 0.0000000000
69315  45.223  1.313  6.012 0.0000000000
69324  44.466  1.367  4.073 0.0000000000
70135  46.317  2.213  4.094 0.0000000000
68400  45.761  1.990  2.027 0.0000000000
64106  23.906  -2.900  19.550 0.0000000000
64099  23.715  -2.514  20.885 0.0000000000
61796  23.662  -5.314  23.450 0.0000000000
140772  23.449  -5.249  22.353 0.0000000000
125151  44.872  1.454  10.736 0.0000000000
68362  44.212  1.174  9.544 0.0000000000
127354  41.192  0.253  7.027 0.0000000000
65171  20.586  -2.249  15.811 0.0000000000
64139  20.696  -3.794  14.149 0.0000000000
65183  19.580  -2.548  15.057 0.0000000000
65184  17.788  -2.381  14.562 0.0000000000
115506  17.169  -2.293  15.011 0.0000000000
64101  16.593  -2.447  21.775 0.0000000000
62959  18.558  -4.181  22.093 0.0000000000
61757  17.148  -5.413  25.805 0.0000000000
60745  17.583  -5.491  25.367 0.0000000000
58739  17.939  -6.865  29.166 0.0000000000
59687  18.324  -6.240  27.976 0.0000000000
57809  18.432  -7.064  28.594 0.0000000000
58749  18.803  -6.705  27.848 0.0000000000
133703  19.018  -7.312  27.511 0.0000000000
57818  19.143  -7.927  27.200 0.0000000000
136889  34.408  -4.557  16.117 0.0000000000
61880  34.929  -4.395  17.319 0.0000000000
61893  34.020  -4.486  16.607 0.0000000000
61894  33.156  -4.455  16.564 0.0000000000
61855  32.191  -4.330  19.777 0.0000000000
61839  32.842  -4.635  20.308 0.0000000000
62985  32.310  -4.156  18.978 0.0000000000
61898  27.902  -4.115  16.479 0.0000000000
61963  26.352  -4.160  14.351 0.0000000000
58775  26.285  -7.952  24.787 0.0000000000
58767  26.591  -7.299  25.295 0.0000000000
58780  26.215  -7.635  24.014 0.0000000000
59757  25.532  -6.517  21.246 0.0000000000
133594  27.039  -5.133  22.062 0.0000000000
60785  26.929  -5.287  21.444 0.0000000000
57913  24.343  -8.308  15.828 0.0000000000
57928  24.302  -8.173  15.028 0.0000000000
122381  24.412  -8.062  14.206 0.0000000000
124586  24.005  -9.262  14.165 0.0000000000
64138  36.287  -3.373  16.715 0.0000000000
64143  35.797  -2.848  16.108 0.0000000000
61994  35.144  -4.719  12.707 0.0000000000
72037  50.513  4.511  1.946 0.0000000000
66320  38.698  -0.609  14.259 0.0000000000
66321  38.012  -0.875  14.004 0.0000000000
66318  37.487  -1.320  14.504 0.0000000000
66323  36.807  -1.576  13.430 0.0000000000
65215  36.226  -2.000  12.351 0.0000000000
65225  35.675  -2.468  12.121 0.0000000000
64179  35.244  -3.119  11.859 0.0000000000
66272  43.143  -1.013  19.049 0.0000000000
66262  43.285  -1.362  19.829 0.0000000000
66296  42.401  -1.049  18.120 0.0000000000
66303  41.523  -0.932  16.906 0.0000000000
66315  39.645  -0.795  15.171 0.0000000000
60794  20.455  -5.698  20.168 0.0000000000
59745  24.090  -6.550  22.855 0.0000000000
124417  43.372  0.740  5.749 0.0000000000
69317  43.912  0.994  5.435 0.0000000000
62946  22.976  -4.213  23.110 0.0000000000
128072  23.122  -4.378  24.229 0.0000000000
123597  43.020  0.741  13.613 0.0000000000
68306  42.912  0.768  12.865 0.0000000000
68349  41.588  0.672  11.464 0.0000000000
119045  42.197  0.791  11.592 0.0000000000
68348  42.713  0.908  11.253 0.0000000000
68359  42.923  0.865  9.874 0.0000000000
68371  41.718  0.361  8.443 0.0000000000
68379  40.746  0.179  7.616 0.0000000000
68386  40.400  0.132  6.838 0.0000000000
66265  18.821  -0.228  20.447 0.0000000000
119144  18.111  -0.644  20.815 0.0000000000
66259  17.455  -1.113  20.688 0.0000000000
65132  16.364  -1.629  22.446 0.0000000000
66242  16.815  -0.892  23.844 0.0000000000
66251  16.698  -1.036  23.058 0.0000000000
62936  18.347  -4.277  23.850 0.0000000000
58750  16.415  -7.933  27.310 0.0000000000
59689  17.027  -6.918  28.610 0.0000000000
58740  17.610  -6.759  29.065 0.0000000000
57803  17.456  -7.380  29.561 0.0000000000
57802  18.060  -7.780  29.178 0.0000000000
56939  18.873  -9.277  30.345 0.0000000000
55969  19.063  -10.220  31.683 0.0000000000
56916  18.727  -9.604  32.426 0.0000000000
61823  31.810  -4.624  21.218 0.0000000000
61840  32.003  -4.522  20.536 0.0000000000
62986  31.557  -4.089  19.298 0.0000000000
63014  30.266  -4.028  17.757 0.0000000000
140263  29.699  -4.042  17.798 0.0000000000
58796  25.595  -7.828  20.598 0.0000000000
58815  25.288  -6.845  19.548 0.0000000000
58823  25.465  -7.461  18.125 0.0000000000
127663  24.535  -8.701  17.463 0.0000000000
57900  24.423  -8.505  16.641 0.0000000000
139545  23.721  -9.299  15.789 0.0000000000
61954  34.615  -4.920  14.150 0.0000000000
60856  34.647  -5.146  13.617 0.0000000000
60887  33.467  -5.526  12.206 0.0000000000
72033  50.466  4.514  3.286 0.0000000000
129588  50.651  4.594  2.630 0.0000000000
67410  37.335  -0.510  9.554 0.0000000000
66344  37.763  -0.754  12.493 0.0000000000
66354  37.054  -1.083  11.469 0.0000000000
66362  36.167  -1.141  10.356 0.0000000000
65247  35.668  -1.637  8.991 0.0000000000
67316  43.325  -0.231  17.913 0.0000000000
68212  43.971  0.011  18.236 0.0000000000
68290  41.868  0.424  13.814 0.0000000000
68308  41.023  0.454  12.873 0.0000000000
67401  39.604  0.133  10.227 0.0000000000
58745  27.190  -7.593  28.294 0.0000000000
58754  26.459  -7.554  27.029 0.0000000000
57824  25.685  -8.319  24.708 0.0000000000
57823  26.025  -8.386  25.069 0.0000000000
57829  25.916  -8.338  24.297 0.0000000000
56100  23.749  -10.579  18.499 0.0000000000
56088  21.422  -9.604  18.501 0.0000000000
70112  47.733  2.414  7.308 0.0000000000
69316  44.534  1.163  5.747 0.0000000000
137396  47.164  2.088  6.399 0.0000000000
129941  47.681  2.305  6.654 0.0000000000
70121  48.030  2.542  6.048 0.0000000000
70134  46.954  2.328  4.283 0.0000000000
70133  47.608  2.484  4.505 0.0000000000
71104  48.234  2.793  4.684 0.0000000000
71112  47.973  2.859  4.107 0.0000000000
71116  47.993  3.089  3.428 0.0000000000
70138  48.029  3.173  2.461 0.0000000000
61859  22.845  -5.420  19.017 0.0000000000
63005  23.364  -4.921  17.916 0.0000000000
65159  23.313  -3.057  17.723 0.0000000000
65160  22.502  -2.571  16.901 0.0000000000
65162  19.982  -1.167  17.251 0.0000000000
66288  19.357  -0.657  18.410 0.0000000000
64092  23.100  -2.341  22.082 0.0000000000
64093  22.131  -2.439  22.954 0.0000000000
127000  22.307  -1.274  20.759 0.0000000000
66264  20.064  -0.640  19.957 0.0000000000
66276  18.986  -0.332  19.464 0.0000000000
135511  18.825  -0.516  22.203 0.0000000000
66240  19.081  -0.802  23.962 0.0000000000
65115  19.548  -1.470  24.544 0.0000000000
59664  28.093  -7.383  30.327 0.0000000000
58728  27.480  -7.652  29.935 0.0000000000
124362  26.687  -7.857  28.837 0.0000000000
119809  26.080  -7.763  26.866 0.0000000000
135430  26.099  -7.671  27.823 0.0000000000
58769  25.503  -7.665  25.693 0.0000000000
59732  24.366  -6.676  24.368 0.0000000000
67416  37.992  -0.274  8.462 0.0000000000
69274  46.887  1.938  10.744 0.0000000000
69288  45.529  1.503  9.291 0.0000000000
69276  45.582  1.591  10.203 0.0000000000
68382  44.019  0.890  7.073 0.0000000000
68370  42.932  0.771  8.906 0.0000000000
122520  42.880  0.660  8.030 0.0000000000
68388  42.639  0.579  5.560 0.0000000000
137013  22.746  -5.749  17.210 0.0000000000
63007  22.391  -6.156  16.376 0.0000000000
63008  21.380  -5.718  15.961 0.0000000000
64130  20.337  -4.704  13.420 0.0000000000
64123  21.071  -5.279  14.507 0.0000000000
120628  19.722  -4.962  17.827 0.0000000000
66277  17.211  -0.882  18.233 0.0000000000
112410  16.526  -2.045  16.354 0.0000000000
112409  16.291  -2.327  15.326 0.0000000000
132395  16.005  -2.536  19.287 0.0000000000
63019  15.720  -3.075  17.909 0.0000000000
112408  15.901  -3.371  17.042 0.0000000000
116176  16.843  -3.955  17.489 0.0000000000
62990  18.847  -4.306  19.356 0.0000000000
61830  19.561  -4.957  20.791 0.0000000000
60782  19.587  -6.014  22.335 0.0000000000
60730  17.542  -5.926  25.992 0.0000000000
59700  18.154  -6.153  26.983 0.0000000000
60744  18.155  -5.874  25.557 0.0000000000
60759  18.009  -5.587  25.098 0.0000000000
126211  18.180  -5.446  24.726 0.0000000000
61782  18.637  -5.120  24.067 0.0000000000
137017  19.143  -6.680  24.410 0.0000000000
58764  19.211  -7.253  26.129 0.0000000000
58770  19.214  -7.475  25.417 0.0000000000
55053  15.592  -11.294  32.645 0.0000000000
54027  15.240  -11.849  33.199 0.0000000000
54020  15.705  -11.768  33.870 0.0000000000
122227  15.371  -12.342  34.164 0.0000000000
64126  39.923  -3.261  17.670 0.0000000000
63033  35.598  -3.736  16.418 0.0000000000
63034  35.103  -4.151  16.013 0.0000000000
135056  34.290  -5.012  14.422 0.0000000000
61937  33.544  -5.079  14.342 0.0000000000
135681  32.913  -5.093  13.889 0.0000000000
61957  32.056  -4.974  13.761 0.0000000000
125089  30.526  -4.800  13.347 0.0000000000
125088  29.769  -4.748  13.358 0.0000000000
61979  28.549  -4.770  12.523 0.0000000000
62001  27.602  -4.982  12.298 0.0000000000
63035  29.533  -4.112  15.883 0.0000000000
60889  27.111  -5.613  11.714 0.0000000000
59852  26.168  -6.922  11.791 0.0000000000
58903  25.638  -8.055  10.930 0.0000000000
61808  29.967  -4.745  22.304 0.0000000000
59695  27.930  -6.686  27.185 0.0000000000
59720  28.767  -5.401  25.757 0.0000000000
59750  25.680  -6.090  22.544 0.0000000000
122769  26.132  -5.892  23.238 0.0000000000
59729  27.591  -5.538  24.814 0.0000000000
60772  28.550  -4.976  22.797 0.0000000000
60766  28.988  -4.993  23.543 0.0000000000
61795  29.421  -4.854  22.894 0.0000000000
121081  29.218  -4.391  20.945 0.0000000000
61858  27.912  -4.504  19.492 0.0000000000
136808  27.463  -4.338  18.398 0.0000000000
136571  25.580  -6.046  18.485 0.0000000000
60815  25.917  -5.755  17.954 0.0000000000
137816  26.142  -5.405  17.397 0.0000000000
60826  26.144  -5.333  16.726 0.0000000000
127487  26.113  -5.089  16.087 0.0000000000
60844  25.550  -5.697  15.144 0.0000000000
138204  24.917  -7.359  13.264 0.0000000000
58884  24.675  -7.987  13.294 0.0000000000
64135  39.030  -2.851  16.867 0.0000000000
122927  37.121  -1.931  15.824 0.0000000000
65196  36.340  -2.096  14.698 0.0000000000
64150  35.882  -2.823  15.099 0.0000000000
64155  35.955  -2.758  14.188 0.0000000000
64167  35.944  -2.614  13.367 0.0000000000
60855  34.890  -5.144  13.090 0.0000000000
62014  34.558  -5.218  11.682 0.0000000000
64190  34.606  -3.720  10.730 0.0000000000
70143  48.347  3.139  1.534 0.0000000000
69337  48.096  2.561  0.814 0.0000000000
57061  24.515  -8.843  12.895 0.0000000000
57821  19.211  -7.987  26.430 0.0000000000
57901  23.945  -8.910  16.199 0.0000000000
57914  23.928  -8.771  15.431 0.0000000000
58838  24.850  -7.866  16.269 0.0000000000
58847  24.695  -7.642  15.480 0.0000000000
58859  24.628  -7.471  14.686 0.0000000000
58883  25.239  -6.780  13.161 0.0000000000
58893  24.992  -8.238  12.352 0.0000000000
58902  25.988  -7.570  11.114 0.0000000000
59678  18.099  -6.506  28.685 0.0000000000
59725  19.111  -6.789  25.639 0.0000000000
59826  25.108  -6.400  13.966 0.0000000000
60755  28.219  -5.170  25.193 0.0000000000
60800  22.051  -5.824  19.205 0.0000000000
61873  20.930  -5.686  17.620 0.0000000000
61999  29.129  -4.894  11.893 0.0000000000
62975  23.839  -3.751  20.034 0.0000000000
62989  23.524  -4.571  19.076 0.0000000000
63030  19.224  -4.004  13.982 0.0000000000
64109  16.385  -2.523  20.089 0.0000000000
64113  23.855  -3.252  18.450 0.0000000000
64118  40.781  -3.283  18.566 0.0000000000
64125  40.560  -3.030  17.895 0.0000000000
64136  38.114  -2.975  16.865 0.0000000000
64140  19.813  -4.046  13.741 0.0000000000
64146  17.535  -2.948  14.017 0.0000000000
65124  16.510  -1.720  24.161 0.0000000000
65154  21.508  -1.544  17.900 0.0000000000
65164  16.059  -1.792  18.176 0.0000000000
65170  40.289  -2.761  17.245 0.0000000000
65174  16.204  -1.644  18.317 0.0000000000
65180  39.807  -2.370  16.714 0.0000000000
65191  19.326  -3.421  14.263 0.0000000000
65192  18.257  -3.055  14.019 0.0000000000
66245  45.047  -1.062  21.663 0.0000000000
66263  21.447  -1.240  19.826 0.0000000000
66266  17.835  -0.426  19.938 0.0000000000
66273  42.649  -1.593  19.392 0.0000000000
66278  16.289  -1.563  18.829 0.0000000000
66286  42.552  -1.300  18.692 0.0000000000
66306  39.532  -1.749  16.185 0.0000000000
66309  40.600  -0.974  15.999 0.0000000000
66311  39.229  -1.299  15.607 0.0000000000
67291  44.617  -0.142  19.303 0.0000000000
67345  40.330  -0.650  15.337 0.0000000000
67354  40.729  -0.180  14.701 0.0000000000
67356  39.411  -0.436  14.516 0.0000000000
68278  42.001  0.319  14.569 0.0000000000
68288  43.579  0.990  13.874 0.0000000000
68330  42.689  0.824  12.073 0.0000000000
112406  15.973  -2.456  18.283 0.0000000000
112411  15.751  -3.248  15.259 0.0000000000
116639  16.907  -2.674  14.181 0.0000000000
117392  18.142  -2.643  14.375 0.0000000000
118024  16.775  -3.969  15.865 0.0000000000
119527  15.739  -2.543  16.454 0.0000000000
119633  19.263  -7.180  24.838 0.0000000000
120187  31.491  -4.704  22.540 0.0000000000
127374  18.983  -9.412  29.598 0.0000000000
129660  18.753  -2.528  14.481 0.0000000000
133685  16.836  -3.740  18.741 0.0000000000
134950  18.993  -8.650  28.191 0.0000000000
136199  15.630  -2.739  17.457 0.0000000000
137471  19.108  -7.012  27.014 0.0000000000
139231  18.435  -6.535  28.291 0.0000000000
140313  41.404  0.533  12.550 0.0000000000
140756  19.215  -7.644  24.427 0.0000000000
