#!ascii label  , from subject sub-v2s2x29067_ses-1 vox2ras=TkReg
1380
3664  34.715  -78.688  -11.028 0.5000000000
6969  27.584  -72.293  -17.676 0.6000000238
7505  27.266  -71.576  -17.405 0.6000000238
7506  26.504  -71.489  -17.479 0.6000000238
7488  26.982  -70.860  -17.184 0.6999999881
7489  26.256  -70.874  -17.148 0.6000000238
8515  27.960  -69.729  -16.455 0.6999999881
8516  27.179  -69.715  -16.425 0.6000000238
6916  28.574  -72.492  -13.203 0.5000000000
7447  30.908  -71.362  -12.956 0.6000000238
135723  30.352  -71.341  -13.554 0.6000000238
141267  29.119  -72.061  -13.012 0.5000000000
6894  32.693  -72.030  -12.713 0.5000000000
7421  31.903  -72.047  -12.463 0.4000000060
7448  30.081  -71.640  -12.718 0.6000000238
4114  25.431  -77.499  -16.682 0.5000000000
4933  33.698  -76.111  -13.121 0.4000000060
121791  25.616  -77.366  -17.792 0.5000000000
4534  24.660  -77.392  -16.761 0.5000000000
4547  26.059  -77.036  -18.424 0.6000000238
5453  26.601  -75.183  -18.989 0.6000000238
6418  27.928  -72.942  -18.014 0.6000000238
6968  28.479  -72.475  -17.533 0.6999999881
6431  27.427  -73.360  -18.412 0.6000000238
7504  28.152  -71.778  -17.203 0.6999999881
8005  30.043  -70.538  -16.671 0.6000000238
7486  28.721  -71.180  -16.832 0.6999999881
8513  30.129  -69.375  -16.280 0.6000000238
123259  29.644  -69.924  -16.415 0.6000000238
8514  28.808  -69.842  -16.381 0.6999999881
9056  30.776  -68.360  -15.979 0.6999999881
8517  26.409  -69.760  -16.238 0.6000000238
6371  28.454  -73.395  -14.425 0.5000000000
6931  29.419  -72.145  -14.479 0.6000000238
6352  28.798  -72.631  -14.060 0.5000000000
7959  32.230  -70.841  -13.161 0.6000000238
7457  31.111  -71.025  -13.737 0.6999999881
6914  29.855  -71.619  -14.085 0.6000000238
122457  32.911  -72.768  -12.636 0.4000000060
4120  27.340  -77.780  -17.586 0.5000000000
4122  26.003  -77.652  -17.333 0.5000000000
4086  34.234  -77.759  -12.161 0.5000000000
4539  26.189  -77.461  -18.046 0.5000000000
5459  28.042  -75.385  -18.987 0.6999999881
128851  26.566  -76.699  -18.724 0.6000000238
5452  28.902  -74.899  -18.743 0.6999999881
5910  27.346  -74.803  -18.965 0.6000000238
4997  27.238  -75.519  -19.101 0.6000000238
6430  28.256  -73.627  -18.411 0.6999999881
127395  27.402  -74.003  -18.704 0.6000000238
6417  28.812  -73.056  -17.916 0.6999999881
7485  29.646  -71.233  -16.796 0.6000000238
6967  29.227  -72.620  -17.515 0.6000000238
7503  29.191  -71.960  -17.146 0.6000000238
8512  30.869  -69.420  -16.654 0.6000000238
9677  31.454  -68.011  -16.299 0.6999999881
9038  27.866  -68.535  -14.866 0.6999999881
121986  26.168  -69.301  -15.444 0.5000000000
9057  29.960  -68.736  -15.810 0.6999999881
8491  28.463  -69.263  -16.031 0.6999999881
8493  26.934  -69.257  -15.867 0.6000000238
6392  29.523  -73.303  -15.384 0.5000000000
5865  28.826  -73.713  -15.100 0.5000000000
5866  28.156  -74.082  -14.837 0.5000000000
6929  30.842  -71.754  -15.158 0.6999999881
6370  29.108  -72.911  -14.779 0.6000000238
7958  33.054  -70.689  -13.033 0.5000000000
7969  31.838  -70.762  -13.776 0.6999999881
7980  31.449  -70.923  -14.392 0.6999999881
7464  30.670  -71.299  -14.428 0.6000000238
6930  30.106  -71.836  -14.807 0.6000000238
6334  33.731  -72.817  -12.875 0.4000000060
6893  33.596  -71.978  -12.763 0.4000000060
7445  32.513  -71.316  -12.837 0.5000000000
4113  27.645  -77.837  -17.020 0.5000000000
4545  27.960  -77.236  -18.697 0.5000000000
4126  28.472  -77.683  -18.257 0.5000000000
138356  27.331  -77.224  -18.606 0.5000000000
4994  28.967  -75.747  -18.945 0.6000000238
4554  27.891  -76.723  -18.967 0.5000000000
5907  29.721  -74.374  -18.545 0.6999999881
6427  30.948  -73.243  -18.550 0.6000000238
6428  30.119  -73.538  -18.234 0.6999999881
6429  29.250  -73.632  -18.205 0.6999999881
6984  31.247  -72.354  -18.298 0.6000000238
6415  30.433  -72.821  -17.886 0.6000000238
6416  29.656  -73.065  -17.754 0.6999999881
8529  31.970  -69.508  -18.057 0.6999999881
6966  30.636  -72.133  -17.546 0.6000000238
129638  29.902  -72.434  -17.415 0.6000000238
9683  32.146  -67.942  -17.661 0.6000000238
9083  31.876  -68.853  -17.521 0.6999999881
8530  31.419  -69.587  -17.302 0.6999999881
10790  31.577  -65.802  -17.604 0.6000000238
118884  32.124  -67.008  -17.421 0.6000000238
9073  31.763  -68.338  -16.910 0.6999999881
9021  26.729  -68.539  -14.060 0.6000000238
9676  31.949  -67.474  -16.749 0.6999999881
9037  28.669  -68.419  -14.996 0.6999999881
9039  27.127  -68.701  -14.740 0.6000000238
128255  31.284  -65.302  -17.236 0.6999999881
10789  31.990  -66.301  -17.181 0.6000000238
10225  31.888  -66.843  -16.230 0.8000000119
9663  31.110  -67.706  -15.716 0.6999999881
9664  30.348  -68.030  -15.418 0.6999999881
9665  29.518  -68.266  -15.183 0.6999999881
140545  29.308  -74.024  -15.533 0.6000000238
133282  31.292  -71.291  -14.951 0.6999999881
6948  31.020  -72.390  -15.669 0.6999999881
6949  30.400  -72.258  -15.312 0.6000000238
7968  32.644  -70.496  -13.815 0.5000000000
7979  32.065  -70.700  -14.344 0.6999999881
6892  34.443  -72.149  -12.869 0.4000000060
7444  33.368  -71.221  -12.770 0.5000000000
4531  28.767  -77.412  -16.527 0.5000000000
4518  28.318  -77.001  -16.140 0.5000000000
4118  28.939  -77.961  -17.695 0.5000000000
4552  29.537  -76.975  -18.722 0.6000000238
136825  30.380  -75.721  -19.254 0.6000000238
126967  29.874  -76.273  -19.049 0.6999999881
4553  28.573  -76.906  -18.859 0.6999999881
5916  30.476  -74.958  -19.120 0.6999999881
5458  29.700  -75.304  -18.921 0.6999999881
5906  30.662  -74.069  -18.880 0.6000000238
137514  32.132  -69.863  -19.450 0.6999999881
8039  31.900  -70.802  -18.571 0.6999999881
7521  31.685  -71.533  -18.475 0.6999999881
9581  27.137  -67.712  -12.597 0.6000000238
9096  32.119  -68.649  -19.272 0.6000000238
128512  32.202  -69.354  -18.931 0.6999999881
8040  31.458  -71.083  -17.949 0.6999999881
11388  29.623  -65.464  -19.496 0.6000000238
10797  31.271  -65.965  -18.471 0.6000000238
10244  31.647  -66.668  -18.838 0.6000000238
9688  32.146  -67.984  -18.698 0.6000000238
9089  32.173  -68.723  -18.336 0.6999999881
9625  28.020  -67.786  -13.628 0.6000000238
11378  30.871  -65.213  -18.009 0.6000000238
10796  31.931  -66.445  -17.966 0.6000000238
10215  30.159  -66.616  -13.816 0.6999999881
140660  29.711  -66.813  -13.660 0.6000000238
9645  28.326  -68.048  -14.361 0.6999999881
9020  27.530  -68.273  -14.168 0.6000000238
11380  29.009  -64.983  -19.021 0.5000000000
11981  30.201  -64.575  -17.733 0.6000000238
128282  30.469  -64.430  -17.058 0.8000000119
11959  30.887  -64.507  -16.016 0.8000000119
11361  31.162  -65.193  -14.923 0.8000000119
134292  31.079  -66.646  -14.842 0.8000000119
10220  30.423  -66.982  -14.443 0.6999999881
9623  29.157  -67.868  -14.537 0.6999999881
11368  31.684  -65.642  -16.108 0.8000000119
10783  31.767  -66.259  -15.812 0.8000000119
6391  30.337  -73.000  -15.678 0.6999999881
5878  29.939  -73.840  -15.815 0.6999999881
5427  29.589  -74.739  -15.850 0.6999999881
5879  28.701  -74.549  -15.425 0.6000000238
7477  32.463  -71.116  -15.482 0.6999999881
4959  29.528  -75.801  -16.058 0.6000000238
7978  32.561  -70.636  -14.722 0.6000000238
5428  28.817  -75.849  -15.838 0.5000000000
4530  29.543  -77.337  -16.532 0.5000000000
11862  25.668  -64.208  -8.277 0.6000000238
4110  29.934  -77.744  -17.028 0.5000000000
11279  26.178  -64.742  -8.788 0.5000000000
4117  29.844  -77.965  -17.703 0.5000000000
11299  27.076  -64.806  -9.865 0.6000000238
4550  31.428  -77.307  -19.197 0.6999999881
4124  30.058  -77.544  -18.473 0.6000000238
5457  31.144  -75.658  -19.614 0.6999999881
4551  30.672  -77.078  -19.032 0.6999999881
11331  28.139  -65.618  -10.937 0.6000000238
6988  31.704  -72.870  -19.187 0.6999999881
5915  31.420  -74.688  -19.630 0.6000000238
124490  31.900  -70.108  -20.381 0.6999999881
7525  32.251  -71.643  -20.222 0.6999999881
123828  31.974  -72.026  -19.250 0.6999999881
10197  28.240  -66.886  -12.463 0.6000000238
120619  28.280  -66.048  -11.422 0.6000000238
9099  31.755  -68.507  -20.289 0.6000000238
7523  32.098  -71.234  -19.396 0.6999999881
122641  29.254  -65.763  -12.174 0.6000000238
10198  27.523  -67.240  -12.180 0.6000000238
10261  30.981  -66.820  -20.240 0.6000000238
10253  31.383  -66.915  -19.573 0.6000000238
11350  30.001  -65.223  -12.971 0.6999999881
10204  29.751  -66.413  -13.312 0.6000000238
10206  28.527  -67.211  -13.175 0.6000000238
10807  30.154  -65.917  -19.744 0.6000000238
12594  29.447  -63.592  -15.522 0.6000000238
12583  29.893  -63.757  -14.814 0.6000000238
11355  30.864  -65.466  -14.188 0.6999999881
10771  30.316  -65.841  -13.510 0.6000000238
9624  28.825  -67.547  -13.858 0.6000000238
12601  28.915  -63.691  -16.315 0.6000000238
11942  30.789  -64.685  -14.404 0.8000000119
11971  30.286  -64.188  -16.484 0.6000000238
11960  30.280  -64.015  -15.565 0.6999999881
10777  31.190  -65.931  -14.772 0.8000000119
6390  31.231  -73.220  -16.107 0.6999999881
140248  30.568  -73.686  -16.079 0.6999999881
5890  30.348  -74.397  -16.229 0.6999999881
6946  32.558  -71.760  -16.080 0.6999999881
7478  31.709  -71.716  -15.624 0.6999999881
5437  30.199  -75.268  -16.359 0.6000000238
4974  29.738  -76.649  -16.334 0.6000000238
13136  24.794  -62.384  -9.637 0.6000000238
13103  24.430  -62.951  -7.938 0.6000000238
12500  24.841  -62.962  -9.355 0.6000000238
12483  25.242  -63.547  -8.048 0.6000000238
4529  30.293  -77.162  -16.780 0.6000000238
121551  25.287  -63.243  -9.724 0.5000000000
4549  31.831  -77.224  -19.073 0.6999999881
4116  30.594  -77.822  -18.198 0.6999999881
11895  26.720  -64.191  -9.965 0.4000000060
11881  26.522  -64.492  -9.319 0.5000000000
5463  32.009  -75.558  -20.014 0.6999999881
4991  32.087  -76.817  -19.538 0.8000000119
11894  27.475  -64.478  -10.385 0.5000000000
5914  31.995  -74.081  -19.968 0.6000000238
4993  30.886  -76.421  -19.435 0.6999999881
133704  28.036  -64.639  -10.759 0.6000000238
6990  32.268  -72.437  -20.014 0.6999999881
6435  32.195  -73.307  -20.055 0.6999999881
11925  28.973  -64.423  -12.020 0.6999999881
11330  28.358  -65.032  -11.041 0.6000000238
8542  31.749  -70.052  -21.253 0.6999999881
139426  31.910  -70.623  -21.027 0.6999999881
12553  28.835  -63.522  -13.220 0.5000000000
10749  28.761  -65.537  -11.487 0.6000000238
9701  31.311  -67.978  -21.373 0.6000000238
134141  31.457  -68.016  -20.814 0.6000000238
122270  31.661  -69.377  -20.830 0.6999999881
11351  29.568  -64.786  -12.524 0.6999999881
124385  31.170  -67.327  -20.877 0.6000000238
9695  31.535  -67.527  -20.113 0.6000000238
12567  29.574  -63.650  -14.230 0.5000000000
11935  29.920  -64.478  -13.202 0.6000000238
10817  30.318  -66.293  -20.364 0.6000000238
11962  27.925  -63.728  -16.155 0.6000000238
12584  29.130  -63.441  -14.775 0.5000000000
11356  30.434  -64.962  -13.657 0.6999999881
11974  27.264  -64.140  -16.773 0.6000000238
5888  31.798  -73.801  -16.682 0.6999999881
5889  31.036  -74.077  -16.467 0.6999999881
5436  30.862  -74.913  -16.655 0.6000000238
126817  30.743  -75.704  -16.721 0.6000000238
13699  24.930  -61.615  -9.201 0.4000000060
13679  24.640  -61.563  -8.557 0.5000000000
4972  30.996  -76.644  -17.021 0.6000000238
123602  24.880  -62.218  -10.814 0.5000000000
12447  24.081  -63.136  -7.237 0.6000000238
4981  31.725  -76.605  -17.723 0.6999999881
4980  32.274  -76.581  -18.372 0.6999999881
4538  30.481  -77.705  -17.450 0.6000000238
12513  25.010  -63.090  -10.488 0.5000000000
4998  32.553  -75.971  -19.989 0.6999999881
123307  26.315  -63.506  -11.519 0.4000000060
7530  32.980  -71.599  -21.607 0.6999999881
6994  32.962  -72.652  -20.942 0.6999999881
5918  32.996  -74.021  -20.556 0.6999999881
12527  27.312  -63.789  -11.530 0.6000000238
8548  32.110  -69.884  -22.341 0.6999999881
7531  32.464  -71.192  -21.578 0.6999999881
136064  32.622  -72.751  -20.522 0.6999999881
127451  32.539  -73.904  -20.352 0.6999999881
12542  26.809  -63.500  -12.182 0.5000000000
12526  28.012  -63.935  -11.550 0.5000000000
9102  31.430  -68.707  -21.785 0.6000000238
8544  31.825  -70.008  -21.787 0.6999999881
8050  32.000  -70.648  -21.507 0.6999999881
7527  32.230  -71.287  -21.072 0.6999999881
12554  28.084  -63.360  -12.930 0.5000000000
129437  30.198  -66.470  -21.821 0.5000000000
9703  31.354  -67.769  -21.963 0.6000000238
9100  31.509  -68.704  -21.153 0.6000000238
5435  31.555  -74.620  -16.916 0.6999999881
14247  25.379  -60.842  -9.023 0.4000000060
5898  32.851  -74.371  -17.606 0.6999999881
5446  31.476  -75.633  -17.098 0.6999999881
14234  24.896  -60.925  -8.490 0.4000000060
136670  32.052  -75.115  -17.304 0.6999999881
13081  23.597  -62.433  -7.038 0.6000000238
5451  33.343  -75.510  -19.218 0.8000000119
4979  32.891  -76.028  -18.614 0.6999999881
5913  33.617  -74.273  -20.056 0.6000000238
5456  33.185  -75.529  -19.808 0.6000000238
14184  22.370  -61.008  -6.003 0.6000000238
6993  33.305  -72.631  -21.161 0.6999999881
6438  33.695  -73.615  -20.567 0.6999999881
5461  32.948  -75.006  -20.208 0.6000000238
7529  33.598  -71.520  -21.702 0.6000000238
8549  32.746  -69.571  -22.685 0.6000000238
14186  20.733  -60.908  -5.983 0.5000000000
9708  31.611  -67.819  -22.510 0.6000000238
9106  31.636  -69.348  -22.137 0.6999999881
133816  31.310  -67.216  -22.300 0.5000000000
5905  33.301  -74.890  -18.344 0.6999999881
14235  24.593  -60.268  -7.913 0.4000000060
13660  23.696  -61.639  -7.397 0.5000000000
6434  34.098  -73.297  -19.619 0.8000000119
14218  23.348  -59.995  -7.051 0.4000000060
14217  23.950  -60.761  -7.583 0.4000000060
5450  33.530  -74.915  -19.643 0.6999999881
14200  22.010  -60.425  -6.178 0.4000000060
13639  23.192  -61.746  -6.726 0.5000000000
8052  33.882  -70.758  -22.023 0.6000000238
6992  33.792  -72.547  -21.135 0.6000000238
6440  33.970  -72.935  -20.860 0.6999999881
14722  22.017  -59.738  -6.483 0.4000000060
135117  33.755  -69.176  -22.673 0.6000000238
8547  32.833  -70.367  -22.296 0.6000000238
14202  20.183  -60.362  -6.490 0.4000000060
13616  21.192  -61.558  -5.696 0.6000000238
124470  31.995  -68.347  -22.835 0.6000000238
123449  32.097  -67.628  -22.714 0.5000000000
10853  31.883  -66.273  -22.684 0.5000000000
14759  24.458  -59.246  -8.080 0.4000000060
6413  33.598  -73.264  -18.002 0.8000000119
14738  23.963  -59.670  -7.616 0.4000000060
6426  33.951  -73.362  -18.801 0.6999999881
14721  22.747  -59.359  -6.721 0.4000000060
6989  34.363  -72.518  -20.625 0.6000000238
6437  34.087  -73.136  -20.327 0.6999999881
7528  34.327  -71.258  -21.619 0.6000000238
7524  34.552  -71.945  -21.000 0.6000000238
15302  22.225  -58.612  -7.783 0.4000000060
14723  21.289  -59.411  -6.837 0.4000000060
9109  32.738  -68.748  -22.864 0.6000000238
14740  20.552  -59.334  -7.412 0.4000000060
10275  32.615  -66.939  -22.697 0.4000000060
15308  24.789  -58.846  -8.480 0.4000000060
6983  34.166  -72.643  -19.078 0.6999999881
15300  23.725  -58.823  -8.018 0.4000000060
8044  34.916  -71.001  -20.215 0.6999999881
6987  34.400  -72.611  -19.894 0.6000000238
15301  22.976  -58.597  -7.928 0.4000000060
136699  34.764  -70.161  -22.372 0.6000000238
8048  35.226  -70.514  -21.754 0.6000000238
15303  20.774  -58.750  -8.194 0.4000000060
9706  33.924  -68.193  -22.670 0.6000000238
15313  20.319  -58.792  -8.727 0.3000000119
126732  33.502  -67.344  -22.765 0.4000000060
10274  33.618  -66.520  -22.673 0.4000000060
10850  34.460  -66.195  -22.755 0.4000000060
15850  22.877  -58.056  -8.438 0.4000000060
15851  22.173  -58.021  -8.522 0.4000000060
9104  35.266  -69.511  -22.574 0.6000000238
9705  35.118  -68.035  -22.796 0.6000000238
9704  35.866  -68.129  -22.754 0.6000000238
134140  35.015  -65.919  -22.738 0.4000000060
10849  35.679  -66.049  -22.801 0.5000000000
126133  34.390  -65.405  -22.825 0.4000000060
17007  17.805  -55.892  -9.429 0.3000000119
11425  35.918  -65.522  -22.968 0.4000000060
17606  23.708  -55.447  -7.777 0.4000000060
17616  19.276  -55.164  -8.477 0.3000000119
17633  15.957  -54.708  -10.501 0.4000000060
17614  24.236  -54.694  -8.072 0.4000000060
18256  22.308  -54.444  -6.915 0.4000000060
18273  19.717  -54.542  -8.231 0.3000000119
18265  20.804  -54.611  -7.586 0.3000000119
17623  17.910  -55.022  -9.328 0.3000000119
17617  18.645  -55.034  -8.896 0.3000000119
17624  17.138  -54.702  -9.671 0.3000000119
18909  23.419  -53.280  -7.325 0.4000000060
18911  21.975  -53.670  -7.229 0.4000000060
18264  21.578  -54.505  -7.306 0.4000000060
18274  19.132  -54.393  -8.710 0.3000000119
18275  18.503  -54.287  -9.140 0.3000000119
20357  15.266  -51.934  -10.972 0.4000000060
140954  15.925  -51.512  -8.906 0.3000000119
21010  15.734  -50.776  -7.730 0.3000000119
18283  17.828  -54.158  -9.527 0.3000000119
18293  16.534  -54.262  -10.169 0.3000000119
19597  22.046  -52.656  -7.315 0.4000000060
134324  21.364  -53.115  -7.427 0.4000000060
18912  20.784  -53.164  -7.842 0.3000000119
19618  19.562  -53.122  -8.923 0.3000000119
18934  18.971  -53.009  -9.314 0.3000000119
20368  15.243  -52.285  -11.410 0.3000000119
19632  18.199  -52.616  -9.647 0.3000000119
20341  15.682  -51.729  -9.935 0.3000000119
19644  17.231  -52.667  -10.138 0.3000000119
21026  16.362  -50.570  -9.032 0.4000000060
21027  16.016  -50.953  -8.470 0.3000000119
21788  16.685  -49.926  -8.448 0.3000000119
21009  16.201  -50.263  -8.087 0.3000000119
19598  21.274  -52.479  -7.674 0.4000000060
19616  20.707  -52.506  -8.293 0.4000000060
137042  19.421  -52.589  -9.220 0.3000000119
137129  18.972  -52.402  -9.497 0.3000000119
20367  15.660  -51.781  -11.787 0.3000000119
21047  15.421  -51.219  -10.945 0.4000000060
21068  15.204  -51.235  -11.827 0.4000000060
21775  16.307  -49.518  -7.800 0.3000000119
120801  21.280  -51.759  -8.154 0.4000000060
20339  20.232  -51.620  -9.135 0.4000000060
20340  19.457  -51.878  -9.408 0.4000000060
20356  18.456  -51.275  -10.469 0.4000000060
19643  17.617  -51.780  -10.420 0.3000000119
20366  16.639  -51.357  -11.665 0.3000000119
125407  15.917  -50.713  -12.364 0.3000000119
21824  15.958  -50.061  -12.024 0.3000000119
123217  16.225  -50.224  -10.893 0.5000000000
21046  15.979  -50.714  -10.387 0.4000000060
21808  16.663  -50.253  -9.582 0.4000000060
23340  15.806  -48.229  -7.574 0.3000000119
21044  20.478  -50.933  -9.546 0.4000000060
21064  19.858  -50.535  -10.388 0.4000000060
21066  18.910  -50.599  -11.155 0.3000000119
22622  17.595  -49.464  -12.392 0.3000000119
22611  17.717  -49.378  -11.663 0.3000000119
22577  18.484  -49.064  -9.634 0.3000000119
20365  17.861  -51.006  -11.283 0.3000000119
21080  17.219  -50.576  -12.172 0.3000000119
21823  16.959  -49.783  -11.258 0.3000000119
22597  17.840  -49.443  -10.442 0.3000000119
22578  17.863  -49.368  -9.263 0.3000000119
21840  16.134  -49.993  -12.637 0.3000000119
21787  17.252  -49.674  -8.830 0.3000000119
22563  16.940  -49.235  -7.997 0.3000000119
24151  15.704  -47.269  -8.194 0.3000000119
21042  23.082  -50.328  -9.182 0.3000000119
138081  22.344  -50.078  -9.350 0.3000000119
21063  20.743  -50.262  -10.109 0.3000000119
21837  20.048  -49.417  -11.695 0.3000000119
22595  19.377  -48.911  -10.874 0.3000000119
23372  19.693  -48.333  -9.203 0.3000000119
21822  20.360  -49.840  -11.031 0.3000000119
21838  19.445  -49.369  -11.771 0.3000000119
22610  18.486  -49.329  -11.812 0.3000000119
22576  19.220  -48.825  -9.970 0.3000000119
23337  18.374  -48.309  -8.128 0.3000000119
23338  17.521  -47.998  -7.789 0.3000000119
22547  17.040  -48.547  -7.758 0.3000000119
133279  16.942  -47.501  -7.820 0.3000000119
23339  16.631  -47.993  -7.638 0.3000000119
24131  16.191  -47.547  -7.671 0.3000000119
21803  23.596  -49.863  -9.684 0.3000000119
21805  22.180  -49.460  -10.058 0.3000000119
21821  21.010  -49.708  -10.673 0.3000000119
23405  20.883  -48.633  -11.207 0.3000000119
23392  19.969  -48.584  -10.374 0.3000000119
24148  18.326  -47.647  -7.886 0.3000000119
138882  17.635  -47.467  -7.899 0.3000000119
24149  17.226  -47.080  -8.230 0.3000000119
24887  15.919  -46.774  -8.740 0.3000000119
23352  20.132  -47.836  -8.752 0.3000000119
23353  19.211  -47.910  -8.291 0.3000000119
24885  17.543  -46.598  -8.652 0.3000000119
24912  17.011  -46.168  -9.217 0.3000000119
24913  16.189  -46.233  -9.206 0.3000000119
24147  19.752  -47.260  -8.395 0.3000000119
122806  18.863  -47.192  -8.190 0.3000000119
24884  18.396  -46.581  -8.563 0.3000000119
24881  21.215  -46.754  -8.527 0.3000000119
123211  20.136  -46.537  -8.627 0.3000000119
24883  19.264  -46.572  -8.584 0.3000000119
24910  18.689  -46.018  -9.170 0.3000000119
24911  17.841  -46.090  -9.171 0.3000000119
25611  16.490  -45.679  -9.632 0.3000000119
25625  15.993  -45.235  -10.054 0.3000000119
4079  34.444  -77.892  -11.326 0.5000000000
140352  34.026  -77.211  -12.307 0.5000000000
4497  33.821  -76.674  -12.518 0.4000000060
7487  27.795  -70.980  -17.054 0.6999999881
8492  27.658  -69.196  -16.036 0.6999999881
5836  33.730  -73.747  -13.124 0.4000000060
4496  34.018  -77.397  -12.871 0.5000000000
8028  30.414  -71.100  -17.027 0.6000000238
4125  29.404  -77.822  -18.186 0.5000000000
8027  31.567  -70.369  -17.773 0.6000000238
4990  32.798  -76.217  -19.449 0.8000000119
4537  31.171  -77.415  -17.834 0.6999999881
5462  32.503  -75.401  -20.181 0.6000000238
10271  30.865  -66.875  -22.060 0.5000000000
136578  32.825  -71.918  -21.260 0.6999999881
14201  21.194  -60.194  -6.327 0.4000000060
11430  31.183  -65.813  -22.672 0.5000000000
9105  34.582  -69.597  -22.589 0.6000000238
10852  32.810  -65.954  -22.745 0.4000000060
120244  34.857  -71.421  -20.896 0.6000000238
8543  35.441  -69.797  -21.861 0.6000000238
15852  21.526  -57.944  -8.828 0.3000000119
10273  34.607  -67.218  -22.778 0.4000000060
10272  35.696  -67.461  -22.783 0.4000000060
18263  23.464  -54.705  -7.478 0.4000000060
21043  21.227  -50.663  -9.321 0.3000000119
21804  22.885  -49.639  -9.774 0.3000000119
8535  34.570  -69.721  -19.019 0.5000000000
8037  34.389  -70.510  -18.636 0.5000000000
7520  34.324  -71.318  -18.740 0.6999999881
8038  34.016  -71.031  -17.970 0.6999999881
5897  33.253  -73.883  -17.790 0.6000000238
137910  34.692  -70.477  -19.455 0.5000000000
137387  34.625  -71.194  -19.408 0.6000000238
6964  33.838  -72.583  -18.241 0.6000000238
6947  32.194  -72.319  -16.144 0.6000000238
135281  34.157  -70.235  -17.881 0.6999999881
6956  33.373  -71.808  -16.984 0.6000000238
128030  32.816  -72.473  -16.754 0.6000000238
7500  33.730  -71.831  -17.703 0.6999999881
6965  33.452  -72.519  -17.476 0.6000000238
6404  32.068  -72.991  -16.437 0.6000000238
9098  35.158  -69.284  -20.406 0.5000000000
8511  34.031  -69.632  -16.680 0.6999999881
8003  33.690  -70.379  -16.520 0.6999999881
7990  33.442  -70.474  -15.842 0.6000000238
7476  32.966  -71.108  -15.978 0.6000000238
8528  34.163  -69.651  -17.435 0.6000000238
8026  33.919  -70.334  -17.273 0.6999999881
7484  33.346  -71.107  -16.503 0.6000000238
9082  34.610  -68.542  -17.453 0.6000000238
9097  35.128  -68.595  -20.168 0.5000000000
8541  34.967  -70.022  -20.101 0.5000000000
9072  34.701  -68.432  -16.671 0.6999999881
8489  33.962  -69.679  -15.782 0.6000000238
7991  33.041  -70.558  -15.264 0.6000000238
10260  35.764  -67.432  -20.780 0.5000000000
10266  36.764  -66.436  -21.898 0.5000000000
139853  35.577  -68.111  -21.303 0.5000000000
133253  36.946  -66.334  -22.570 0.4000000060
123776  26.113  -72.028  -17.790 0.4000000060
6970  26.788  -72.118  -17.799 0.4000000060
6986  26.335  -72.659  -18.061 0.4000000060
6432  26.557  -73.542  -18.513 0.5000000000
139140  26.317  -74.426  -18.783 0.5000000000
5912  25.807  -74.111  -18.473 0.5000000000
9700  35.985  -67.718  -21.964 0.5000000000
5454  25.858  -75.025  -18.641 0.5000000000
4975  23.528  -76.744  -16.666 0.6000000238
129036  36.298  -67.045  -22.187 0.4000000060
4988  26.041  -76.117  -18.725 0.5000000000
4541  24.238  -77.108  -17.090 0.5000000000
6971  25.432  -72.174  -17.906 0.5000000000
6433  25.778  -73.350  -18.218 0.5000000000
6419  25.083  -72.917  -17.975 0.5000000000
5900  25.211  -73.813  -18.032 0.5000000000
128152  24.633  -74.350  -17.759 0.5000000000
5455  25.231  -74.693  -18.162 0.5000000000
5447  24.648  -75.317  -17.751 0.5000000000
4983  24.022  -76.042  -17.334 0.5000000000
10270  36.061  -67.505  -22.609 0.5000000000
4982  24.737  -76.382  -17.671 0.5000000000
10847  37.347  -65.902  -22.727 0.4000000060
10269  36.430  -66.704  -22.526 0.4000000060
9040  26.413  -68.900  -14.719 0.5000000000
120361  24.050  -72.762  -17.770 0.5000000000
9103  35.587  -69.184  -22.306 0.5000000000
137605  36.097  -66.707  -22.696 0.4000000060
119498  27.134  -68.042  -13.345 0.5000000000
9601  25.667  -68.350  -12.873 0.5000000000
9003  24.924  -68.612  -13.091 0.5000000000
9022  25.868  -68.816  -14.038 0.5000000000
10848  36.665  -66.281  -22.751 0.4000000060
9600  26.453  -68.022  -12.707 0.5000000000
9583  25.755  -67.926  -12.140 0.5000000000
9563  26.047  -67.524  -11.538 0.5000000000
9564  25.370  -67.650  -11.454 0.5000000000
9584  24.888  -67.988  -11.975 0.5000000000
9004  24.065  -68.701  -13.025 0.4000000060
10189  25.823  -67.248  -11.001 0.5000000000
9565  24.562  -67.690  -11.275 0.6000000238
123998  23.470  -68.070  -11.866 0.6000000238
10751  27.062  -66.553  -10.790 0.5000000000
10741  26.052  -66.464  -9.909 0.5000000000
10190  25.112  -67.373  -10.858 0.5000000000
9541  24.082  -67.491  -10.617 0.6000000238
9566  23.732  -67.814  -11.314 0.6000000238
9567  22.886  -67.924  -11.469 0.6000000238
9604  21.891  -68.485  -12.609 0.5000000000
9588  21.443  -68.181  -12.052 0.5000000000
9589  20.470  -68.105  -12.154 0.5000000000
10740  26.784  -66.143  -10.165 0.5000000000
10723  26.436  -65.767  -9.554 0.5000000000
10724  25.726  -66.121  -9.284 0.5000000000
10167  24.746  -67.148  -10.274 0.5000000000
134333  24.953  -66.422  -9.093 0.6000000238
141053  23.552  -67.398  -10.119 0.6000000238
9543  22.452  -67.713  -10.709 0.6000000238
9568  21.961  -67.923  -11.400 0.6000000238
9569  21.064  -67.894  -11.417 0.5000000000
10707  19.065  -66.648  -7.521 0.5000000000
9571  19.424  -67.751  -11.349 0.5000000000
11316  27.727  -65.089  -10.458 0.5000000000
11301  26.087  -65.424  -8.920 0.5000000000
10699  25.403  -65.807  -8.617 0.6000000238
10700  24.592  -66.090  -8.448 0.6000000238
10701  23.782  -66.320  -8.261 0.6000000238
10141  23.441  -67.128  -9.396 0.6000000238
10121  22.877  -66.959  -8.814 0.6000000238
10170  22.069  -67.483  -10.024 0.6000000238
10143  21.697  -67.233  -9.362 0.6000000238
9544  21.593  -67.718  -10.704 0.6000000238
9545  20.751  -67.669  -10.713 0.5000000000
9570  20.212  -67.796  -11.409 0.5000000000
9546  19.933  -67.631  -10.679 0.5000000000
10145  20.121  -67.241  -9.307 0.5000000000
9547  19.137  -67.710  -10.546 0.5000000000
10146  19.348  -67.395  -9.087 0.5000000000
11281  25.008  -65.400  -8.009 0.6000000238
10680  24.236  -65.698  -7.789 0.6000000238
11260  23.759  -65.253  -7.141 0.6000000238
11262  22.270  -65.400  -6.723 0.6000000238
10702  22.822  -66.527  -8.054 0.6000000238
10703  21.737  -66.676  -8.031 0.6000000238
10683  22.054  -66.115  -7.392 0.6000000238
10123  21.312  -66.967  -8.710 0.5000000000
10704  20.871  -66.704  -8.094 0.5000000000
10172  20.429  -67.479  -10.015 0.5000000000
10705  20.246  -66.782  -8.173 0.5000000000
135121  19.984  -65.980  -6.925 0.6000000238
10125  19.833  -67.013  -8.592 0.5000000000
10706  19.676  -66.742  -7.881 0.5000000000
10686  19.517  -66.303  -7.217 0.5000000000
11250  18.535  -65.365  -6.177 0.5000000000
11245  23.470  -64.657  -6.554 0.6000000238
11235  22.017  -64.827  -6.118 0.6000000238
11263  21.394  -65.747  -6.887 0.6000000238
10684  21.143  -66.277  -7.486 0.6000000238
11248  20.032  -65.406  -6.349 0.6000000238
11265  19.341  -65.767  -6.520 0.5000000000
11824  22.994  -64.163  -6.202 0.6000000238
11264  20.603  -65.852  -6.972 0.6000000238
127386  19.748  -64.710  -5.960 0.6000000238
11828  18.540  -64.019  -5.729 0.5000000000
13062  22.438  -62.309  -5.819 0.6000000238
12431  22.476  -62.978  -5.727 0.6000000238
12432  21.879  -63.214  -5.319 0.6000000238
11816  20.716  -64.168  -5.608 0.6000000238
11826  20.379  -64.793  -6.024 0.6000000238
12435  19.352  -63.446  -5.598 0.5000000000
127780  21.496  -62.140  -5.435 0.6000000238
12433  21.105  -63.395  -5.297 0.6000000238
122509  20.902  -62.171  -5.529 0.6000000238
11817  19.899  -64.164  -5.680 0.6000000238
13618  19.711  -61.798  -5.919 0.6000000238
13641  18.770  -61.811  -7.093 0.5000000000
134938  19.552  -60.775  -6.599 0.4000000060
5887  32.630  -73.576  -17.079 0.6000000238
8540  35.345  -69.962  -21.130 0.5000000000
129230  35.419  -68.951  -21.240 0.5000000000
10816  36.528  -66.338  -20.302 0.5000000000
10267  36.260  -66.795  -21.171 0.5000000000
5448  23.993  -74.929  -17.452 0.6000000238
138710  24.029  -66.968  -9.470 0.6000000238
140284  23.412  -66.774  -8.673 0.6000000238
10171  21.237  -67.470  -10.033 0.6000000238
10124  20.540  -66.939  -8.739 0.5000000000
11815  21.707  -64.097  -5.653 0.6000000238
11236  21.192  -64.809  -5.986 0.6000000238
13066  19.675  -62.666  -5.664 0.6000000238
12436  18.803  -62.824  -5.896 0.6000000238
3242  35.016  -79.220  -10.808 0.4000000060
2823  37.007  -80.412  -10.839 0.5000000000
2838  37.038  -80.568  -11.568 0.5000000000
2824  36.399  -80.154  -10.734 0.4000000060
3252  35.406  -79.700  -11.102 0.4000000060
3266  34.959  -80.040  -12.435 0.4000000060
3253  34.934  -79.431  -11.674 0.4000000060
2850  37.244  -80.429  -12.317 0.5000000000
2822  37.642  -80.303  -11.041 0.5000000000
2853  35.156  -80.615  -12.719 0.5000000000
3278  34.748  -80.180  -13.073 0.5000000000
123244  34.616  -79.388  -12.571 0.4000000060
2863  36.763  -80.623  -12.841 0.5000000000
2864  36.053  -80.871  -13.045 0.5000000000
2866  34.898  -80.633  -13.336 0.5000000000
3682  34.451  -79.363  -13.398 0.5000000000
128266  34.303  -78.417  -12.874 0.4000000060
122143  34.329  -78.515  -13.695 0.4000000060
2876  36.758  -80.412  -13.599 0.5000000000
2877  35.832  -80.704  -13.806 0.5000000000
3298  35.386  -79.807  -14.787 0.5000000000
2879  35.047  -80.254  -14.404 0.5000000000
3690  34.571  -79.156  -14.236 0.5000000000
4499  34.059  -77.199  -13.520 0.4000000060
7967  33.527  -70.254  -13.609 0.5000000000
7957  33.876  -70.655  -13.029 0.4000000060
7443  34.201  -71.313  -12.807 0.4000000060
6891  35.235  -72.427  -13.119 0.4000000060
6333  34.584  -72.980  -13.045 0.4000000060
5835  34.786  -73.739  -13.283 0.4000000060
3698  35.127  -79.187  -14.863 0.5000000000
5847  35.125  -74.435  -13.517 0.4000000060
5401  34.462  -75.091  -13.597 0.4000000060
5402  33.904  -75.718  -13.543 0.4000000060
3697  35.638  -78.484  -15.204 0.4000000060
4100  34.853  -78.326  -14.603 0.5000000000
4505  33.950  -76.486  -13.568 0.4000000060
4096  34.396  -77.820  -13.957 0.4000000060
7956  34.673  -70.812  -13.252 0.4000000060
133958  35.308  -73.130  -13.230 0.4000000060
6351  35.651  -73.685  -13.506 0.4000000060
4098  36.247  -77.792  -15.541 0.4000000060
120278  34.689  -75.640  -13.789 0.4000000060
4942  34.465  -76.248  -13.856 0.4000000060
4510  35.972  -77.006  -15.174 0.4000000060
4511  35.411  -77.015  -14.662 0.4000000060
4503  35.025  -76.668  -14.229 0.4000000060
4512  34.890  -77.405  -14.390 0.4000000060
120128  33.235  -70.222  -14.426 0.5000000000
7966  34.311  -70.189  -13.651 0.4000000060
7456  35.451  -71.151  -13.613 0.4000000060
136212  36.135  -71.507  -13.973 0.4000000060
140828  36.533  -72.913  -14.090 0.4000000060
5846  36.010  -74.375  -13.886 0.4000000060
5399  36.274  -74.996  -14.307 0.4000000060
5400  35.458  -75.181  -13.872 0.4000000060
4948  36.330  -76.246  -15.224 0.4000000060
4940  36.049  -75.711  -14.433 0.4000000060
7977  33.649  -70.021  -15.069 0.5000000000
8473  34.013  -69.833  -14.347 0.5000000000
124833  34.149  -69.523  -15.035 0.6000000238
7965  35.170  -70.311  -13.957 0.5000000000
6912  36.366  -72.261  -13.959 0.4000000060
6368  36.948  -73.363  -14.651 0.4000000060
133879  37.209  -73.995  -15.210 0.4000000060
5863  37.174  -74.722  -15.506 0.4000000060
7976  35.981  -70.276  -14.476 0.4000000060
9036  35.056  -68.885  -15.213 0.5000000000
7463  36.488  -71.023  -14.404 0.4000000060
6928  36.864  -72.545  -14.482 0.4000000060
8471  36.232  -69.660  -14.949 0.5000000000
7975  36.843  -70.440  -14.908 0.4000000060
7462  37.122  -71.341  -14.883 0.4000000060
6927  37.238  -72.142  -14.937 0.4000000060
9054  35.451  -68.558  -15.680 0.6000000238
9055  34.920  -68.455  -15.906 0.6000000238
8470  36.869  -69.819  -15.280 0.5000000000
140534  37.755  -70.629  -15.788 0.4000000060
11841  24.877  -64.183  -7.229 0.5000000000
11823  23.709  -63.917  -6.534 0.5000000000
13082  23.013  -62.559  -6.334 0.5000000000
12446  24.407  -63.772  -6.874 0.5000000000
123150  23.557  -63.187  -6.680 0.5000000000
11244  24.218  -64.455  -6.851 0.5000000000
2851  36.334  -80.761  -12.239 0.5000000000
2852  35.732  -80.615  -12.069 0.5000000000
7442  35.005  -71.587  -13.085 0.4000000060
7455  35.738  -71.959  -13.497 0.4000000060
4949  35.715  -76.430  -14.588 0.4000000060
140215  35.855  -70.843  -14.078 0.4000000060
126220  36.742  -71.802  -14.402 0.4000000060
6350  36.352  -73.580  -14.008 0.4000000060
5864  36.746  -74.345  -14.603 0.4000000060
8472  34.628  -69.425  -14.814 0.5000000000
133950  37.237  -72.808  -14.977 0.4000000060
8458  35.316  -69.538  -14.666 0.5000000000
8487  36.548  -69.225  -15.486 0.6000000238
123375  37.679  -71.747  -15.547 0.5000000000
9053  36.183  -68.505  -15.879 0.5000000000
10824  40.883  -65.449  -21.049 0.3000000119
136773  40.359  -65.356  -20.419 0.3000000119
11393  39.740  -65.216  -20.220 0.3000000119
11410  40.354  -65.283  -21.792 0.3000000119
10833  41.769  -65.677  -22.540 0.3000000119
10841  42.772  -65.640  -22.967 0.3000000119
10842  41.971  -65.730  -23.501 0.3000000119
10813  40.195  -65.584  -19.835 0.3000000119
10802  39.140  -65.845  -19.025 0.4000000060
126593  38.419  -65.729  -18.856 0.4000000060
10812  40.878  -65.774  -20.271 0.3000000119
10803  37.753  -65.622  -18.872 0.4000000060
11386  38.762  -65.387  -19.390 0.4000000060
10251  35.583  -67.318  -19.741 0.4000000060
9095  35.106  -67.951  -19.408 0.4000000060
10823  41.779  -65.680  -21.581 0.3000000119
11402  39.248  -65.151  -20.802 0.3000000119
10815  37.085  -65.879  -20.081 0.4000000060
129611  40.466  -65.641  -23.432 0.3000000119
10825  38.678  -65.465  -21.536 0.3000000119
9685  38.550  -67.371  -17.817 0.4000000060
9680  37.953  -67.610  -17.364 0.4000000060
10230  36.104  -67.222  -17.039 0.4000000060
9682  34.964  -67.906  -17.132 0.4000000060
10248  40.241  -66.831  -19.107 0.4000000060
10792  38.750  -66.286  -18.516 0.4000000060
10239  37.865  -66.850  -17.775 0.4000000060
10235  35.858  -67.029  -17.475 0.4000000060
9681  35.317  -67.445  -17.633 0.4000000060
10800  40.659  -66.221  -19.618 0.3000000119
10793  37.940  -66.157  -18.321 0.4000000060
10242  35.630  -67.013  -18.214 0.4000000060
8025  34.338  -69.675  -18.160 0.4000000060
10258  41.543  -66.487  -20.089 0.3000000119
10250  36.007  -66.699  -18.977 0.4000000060
9693  34.813  -68.234  -18.721 0.4000000060
10265  42.614  -66.066  -21.275 0.3000000119
10259  36.100  -66.772  -20.046 0.4000000060
10827  37.284  -65.945  -21.094 0.4000000060
139888  38.571  -68.707  -17.296 0.4000000060
136819  36.823  -68.298  -16.252 0.4000000060
9080  39.014  -68.768  -17.692 0.4000000060
9679  38.621  -68.116  -17.499 0.4000000060
9673  37.295  -67.921  -16.768 0.4000000060
9660  36.285  -67.752  -16.508 0.4000000060
9692  41.260  -67.988  -19.414 0.3000000119
9684  39.734  -67.460  -18.686 0.4000000060
10256  42.977  -67.117  -20.157 0.3000000119
136974  42.894  -66.576  -20.657 0.3000000119
9687  34.863  -68.052  -17.941 0.4000000060
10264  43.311  -66.231  -21.161 0.3000000119
9052  36.989  -68.887  -15.953 0.4000000060
9070  37.808  -68.621  -16.606 0.4000000060
10838  37.383  -66.022  -22.081 0.3000000119
10846  38.208  -65.584  -22.818 0.3000000119
10826  37.952  -65.676  -21.323 0.3000000119
128246  34.358  -69.131  -17.682 0.4000000060
9675  35.085  -67.997  -16.507 0.4000000060
9661  35.531  -68.061  -16.188 0.4000000060
7988  37.793  -70.065  -15.993 0.4000000060
11385  39.484  -65.417  -19.554 0.3000000119
10834  40.763  -65.568  -22.613 0.3000000119
10856  41.219  -65.706  -23.891 0.3000000119
10238  39.038  -67.059  -18.315 0.4000000060
11387  37.681  -65.471  -19.545 0.4000000060
10795  36.686  -66.195  -18.643 0.4000000060
10804  37.160  -65.830  -19.152 0.4000000060
128287  35.453  -67.255  -18.932 0.4000000060
10814  37.790  -65.526  -20.367 0.4000000060
9087  39.233  -68.018  -18.098 0.4000000060
10229  36.669  -67.348  -17.007 0.4000000060
10234  36.516  -66.930  -17.470 0.4000000060
10247  41.015  -67.140  -19.522 0.3000000119
10240  37.093  -66.462  -17.970 0.4000000060
9086  39.988  -68.382  -18.620 0.4000000060
126405  40.540  -67.844  -19.080 0.3000000119
9698  41.765  -67.474  -19.822 0.3000000119
4033  38.348  -77.799  -8.526 0.3000000119
135596  38.263  -77.200  -7.870 0.3000000119
4032  38.644  -77.658  -8.493 0.3000000119
4014  38.614  -77.037  -7.602 0.3000000119
125157  39.146  -77.223  -8.888 0.3000000119
4031  39.032  -76.919  -8.135 0.3000000119
4050  38.944  -78.018  -9.219 0.3000000119
3616  38.457  -78.492  -8.897 0.3000000119
3617  38.010  -78.628  -8.907 0.3000000119
4443  40.086  -76.410  -8.696 0.3000000119
4431  39.726  -76.532  -7.987 0.3000000119
4458  39.744  -76.858  -9.259 0.3000000119
136681  39.528  -76.802  -8.591 0.3000000119
3637  38.074  -79.137  -9.294 0.3000000119
3238  38.108  -79.768  -10.495 0.3000000119
3239  37.011  -80.030  -10.189 0.3000000119
4049  39.518  -77.463  -9.680 0.3000000119
3635  39.288  -78.096  -10.095 0.3000000119
3649  39.036  -78.643  -10.601 0.3000000119
3237  38.628  -79.228  -10.291 0.3000000119
3226  38.218  -79.388  -9.838 0.3000000119
3250  38.800  -79.201  -11.077 0.3000000119
120954  37.502  -79.835  -13.704 0.4000000060
3264  38.139  -79.769  -12.488 0.4000000060
5270  39.794  -75.627  -6.220 0.3000000119
5271  39.115  -75.559  -5.997 0.3000000119
3996  39.309  -76.695  -7.270 0.3000000119
129754  40.631  -75.621  -7.174 0.3000000119
4813  40.377  -75.541  -6.475 0.3000000119
4814  39.687  -76.105  -6.206 0.3000000119
4815  39.285  -76.363  -5.684 0.3000000119
136777  41.285  -75.069  -7.572 0.3000000119
136925  40.058  -75.985  -6.651 0.3000000119
4388  39.173  -76.636  -5.915 0.3000000119
4430  40.391  -76.056  -7.970 0.3000000119
4412  39.991  -76.269  -7.221 0.3000000119
4413  39.527  -76.534  -6.491 0.3000000119
138576  39.123  -76.780  -6.116 0.3000000119
3997  38.987  -76.833  -6.527 0.3000000119
3209  37.585  -79.213  -9.218 0.3000000119
4847  40.917  -75.563  -7.960 0.3000000119
3636  38.712  -78.816  -9.652 0.3000000119
5290  39.589  -74.878  -6.351 0.3000000119
3251  38.261  -79.759  -11.495 0.3000000119
5423  39.882  -75.504  -16.379 0.3000000119
5424  39.270  -75.770  -15.712 0.3000000119
124849  39.097  -76.538  -16.166 0.3000000119
4108  38.242  -77.736  -16.069 0.4000000060
3703  37.889  -78.277  -16.035 0.4000000060
3702  36.550  -78.545  -15.582 0.3000000119
3696  35.895  -79.196  -15.216 0.3000000119
5432  40.034  -75.424  -16.982 0.3000000119
4970  39.060  -76.470  -16.814 0.4000000060
4971  38.264  -76.209  -16.925 0.4000000060
4957  37.469  -75.835  -16.545 0.4000000060
4517  36.767  -77.023  -15.955 0.3000000119
5877  37.589  -74.182  -16.076 0.4000000060
5426  37.116  -75.399  -15.920 0.4000000060
5415  36.701  -75.353  -15.088 0.3000000119
6388  37.433  -73.377  -15.405 0.3000000119
5844  38.771  -74.176  -14.653 0.3000000119
5414  39.067  -74.988  -15.083 0.3000000119
4947  38.806  -76.381  -15.296 0.4000000060
4101  38.351  -77.967  -15.438 0.4000000060
3699  38.188  -78.469  -15.386 0.3000000119
3303  37.553  -79.052  -15.464 0.3000000119
3296  37.177  -79.504  -14.844 0.3000000119
5862  39.653  -74.351  -15.385 0.3000000119
123518  40.105  -74.878  -16.053 0.3000000119
5884  40.399  -74.906  -16.648 0.3000000119
5442  40.008  -75.208  -17.300 0.3000000119
5444  39.088  -75.573  -17.386 0.3000000119
5433  38.475  -75.558  -17.251 0.4000000060
5441  40.330  -74.534  -17.479 0.3000000119
126866  39.884  -74.099  -17.711 0.3000000119
5895  39.650  -74.742  -17.569 0.3000000119
5896  38.829  -74.892  -17.408 0.4000000060
5886  37.986  -74.872  -16.930 0.4000000060
6412  39.024  -73.058  -17.409 0.3000000119
6403  38.478  -73.171  -16.877 0.4000000060
6387  37.901  -73.299  -16.147 0.4000000060
7483  38.708  -71.352  -16.833 0.3000000119
6944  38.128  -72.452  -16.172 0.4000000060
6945  37.612  -72.632  -15.511 0.4000000060
122135  38.707  -69.820  -17.246 0.3000000119
7474  37.893  -71.135  -15.825 0.4000000060
8002  38.222  -70.755  -16.285 0.3000000119
140909  38.813  -73.882  -10.548 0.3000000119
5812  38.167  -74.688  -11.404 0.3000000119
4918  38.320  -75.412  -11.330 0.3000000119
5378  38.053  -75.376  -11.942 0.3000000119
139335  38.091  -73.607  -13.665 0.3000000119
5834  37.968  -73.871  -13.038 0.3000000119
129708  37.950  -74.661  -13.244 0.3000000119
4498  38.091  -76.498  -13.050 0.3000000119
6926  39.038  -72.770  -14.483 0.3000000119
6348  38.468  -73.396  -14.176 0.3000000119
5845  38.112  -74.218  -13.904 0.3000000119
5398  38.078  -75.121  -13.854 0.3000000119
4939  38.126  -75.977  -13.824 0.3000000119
4501  38.370  -77.259  -14.294 0.3000000119
3688  38.556  -78.481  -14.250 0.3000000119
3689  38.487  -78.949  -13.872 0.3000000119
3275  38.750  -79.025  -13.032 0.3000000119
127681  39.607  -72.935  -14.961 0.3000000119
140571  39.235  -72.561  -17.635 0.3000000119
6955  38.724  -72.286  -16.924 0.3000000119
7518  39.525  -71.326  -18.012 0.3000000119
6963  39.175  -71.821  -17.469 0.3000000119
138885  39.503  -70.123  -18.067 0.3000000119
134851  38.754  -69.205  -17.389 0.3000000119
8508  38.257  -69.931  -16.593 0.3000000119
6300  39.575  -73.237  -10.080 0.3000000119
126490  38.338  -73.793  -11.000 0.3000000119
5824  38.011  -73.872  -11.989 0.3000000119
6332  37.911  -73.119  -12.506 0.3000000119
119680  37.960  -74.649  -12.420 0.3000000119
3263  39.009  -79.023  -12.132 0.3000000119
6838  40.686  -72.346  -10.033 0.3000000119
6840  39.058  -72.663  -10.113 0.3000000119
6841  38.518  -72.713  -10.466 0.3000000119
6323  38.030  -73.128  -11.563 0.3000000119
6349  38.101  -73.021  -13.438 0.3000000119
6839  39.811  -72.537  -9.952 0.3000000119
6853  38.089  -72.410  -11.057 0.3000000119
3276  38.103  -79.501  -13.427 0.3000000119
3286  36.438  -80.149  -14.338 0.3000000119
3304  36.817  -79.156  -15.425 0.3000000119
4103  37.177  -77.961  -16.060 0.3000000119
4958  36.932  -76.081  -15.964 0.4000000060
8534  39.557  -68.976  -18.222 0.3000000119
5413  39.636  -75.128  -15.726 0.3000000119
4956  39.588  -75.971  -16.731 0.3000000119
4526  38.696  -77.037  -16.333 0.4000000060
4109  37.832  -77.861  -16.307 0.4000000060
4528  37.505  -76.632  -16.517 0.4000000060
5885  38.232  -74.034  -16.896 0.4000000060
6367  39.226  -73.492  -14.844 0.3000000119
5397  38.421  -74.815  -14.451 0.3000000119
4508  38.547  -77.182  -15.247 0.3000000119
4938  38.554  -75.662  -14.694 0.3000000119
4097  38.471  -77.959  -14.686 0.4000000060
126012  38.161  -78.746  -15.156 0.3000000119
6366  40.000  -73.517  -15.411 0.3000000119
5876  40.531  -74.210  -16.103 0.3000000119
5883  40.902  -74.274  -16.876 0.3000000119
118504  39.085  -73.931  -17.487 0.4000000060
7499  39.082  -71.104  -17.366 0.3000000119
5387  37.968  -75.489  -12.927 0.3000000119
4095  38.318  -77.176  -13.478 0.3000000119
8036  39.885  -70.625  -18.356 0.3000000119
4548  25.429  -76.713  -18.100 0.4000000060
2837  37.697  -80.274  -11.772 0.5000000000
2839  36.374  -80.528  -11.441 0.5000000000
2840  35.849  -80.233  -11.317 0.4000000060
2865  35.331  -80.843  -13.229 0.5000000000
2878  35.135  -80.612  -13.876 0.5000000000
2887  35.605  -80.328  -14.429 0.5000000000
3265  35.356  -80.151  -11.910 0.4000000060
3277  37.449  -80.116  -13.068 0.3000000119
3284  37.933  -79.423  -14.301 0.4000000060
3285  37.172  -79.849  -14.158 0.3000000119
3287  34.708  -80.133  -13.870 0.5000000000
3295  37.953  -79.088  -15.077 0.3000000119
3297  36.197  -79.736  -14.904 0.5000000000
3299  34.881  -79.800  -14.534 0.5000000000
3675  34.522  -78.604  -11.926 0.5000000000
3694  38.348  -78.470  -14.956 0.4000000060
3695  38.286  -78.883  -14.654 0.3000000119
3700  37.954  -78.681  -15.580 0.3000000119
3701  37.422  -78.591  -15.864 0.4000000060
4092  34.133  -77.865  -13.419 0.4000000060
4099  35.471  -77.666  -14.955 0.4000000060
4102  38.126  -78.269  -15.716 0.3000000119
4111  29.283  -77.881  -17.023 0.5000000000
4112  28.455  -77.868  -17.037 0.5000000000
4115  25.229  -77.492  -17.104 0.5000000000
4119  28.053  -77.843  -17.676 0.5000000000
4121  26.733  -77.649  -17.851 0.5000000000
4123  30.889  -77.505  -18.740 0.6999999881
4127  27.495  -77.561  -18.258 0.5000000000
4495  38.099  -76.130  -12.181 0.3000000119
4500  33.864  -76.748  -13.162 0.4000000060
4502  38.225  -76.654  -13.836 0.3000000119
4504  34.403  -76.974  -13.918 0.4000000060
4509  38.409  -76.524  -14.542 0.3000000119
4516  38.514  -77.308  -15.888 0.3000000119
4527  38.213  -77.090  -16.550 0.4000000060
4540  24.962  -77.220  -17.438 0.4000000060
4542  31.821  -77.146  -18.521 0.6999999881
4543  31.323  -77.518  -18.679 0.6999999881
4544  28.978  -77.412  -18.539 0.5000000000
4546  26.759  -77.256  -18.471 0.5000000000
4941  35.259  -75.973  -14.099 0.4000000060
4960  28.994  -76.627  -16.115 0.5000000000
4969  39.618  -75.850  -17.190 0.3000000119
4973  30.258  -76.206  -16.501 0.6000000238
4978  38.961  -76.009  -17.206 0.3000000119
4985  32.361  -76.802  -19.019 0.6999999881
4986  27.238  -76.798  -18.824 0.6000000238
4987  26.837  -76.088  -18.969 0.6000000238
4989  25.302  -75.696  -18.210 0.5000000000
4992  31.735  -76.345  -19.822 0.6999999881
4995  28.321  -76.235  -19.019 0.6999999881
4996  27.555  -76.131  -19.058 0.6000000238
5371  38.673  -75.161  -10.980 0.3000000119
5425  37.481  -75.079  -16.362 0.4000000060
5431  40.490  -74.809  -17.127 0.3000000119
5434  37.888  -75.530  -16.907 0.4000000060
5443  39.497  -75.336  -17.470 0.3000000119
5445  32.236  -75.872  -17.764 0.6999999881
5460  33.354  -74.832  -20.047 0.6000000238
5794  39.339  -73.887  -10.333 0.3000000119
5899  32.307  -74.440  -17.145 0.6999999881
5904  33.662  -74.072  -18.536 0.8000000119
5908  28.851  -74.183  -18.495 0.6999999881
5909  28.127  -74.461  -18.734 0.6999999881
5911  26.822  -74.370  -18.874 0.5000000000
5917  33.349  -74.265  -20.440 0.6999999881
5919  32.381  -74.728  -20.213 0.6000000238
5920  33.380  -73.683  -20.800 0.6999999881
6301  38.812  -73.334  -10.411 0.3000000119
6313  38.320  -73.082  -10.856 0.3000000119
6369  29.773  -72.501  -15.125 0.6000000238
6389  31.656  -72.532  -15.991 0.6999999881
6414  33.163  -73.131  -17.398 0.6000000238
6436  31.467  -73.707  -19.343 0.6999999881
6439  32.819  -73.331  -20.645 0.6999999881
6441  33.572  -73.131  -20.942 0.6999999881
6442  33.137  -73.162  -20.975 0.6999999881
6913  35.966  -72.850  -13.524 0.4000000060
6915  29.225  -72.048  -13.711 0.6000000238
6982  39.757  -72.277  -18.096 0.3000000119
6985  27.081  -72.797  -18.136 0.4000000060
6991  34.192  -72.417  -21.052 0.6999999881
6995  33.438  -72.067  -21.413 0.6999999881
7446  31.710  -71.375  -12.815 0.6000000238
7458  29.639  -71.651  -13.265 0.6000000238
7475  37.456  -70.925  -15.391 0.4000000060
7501  31.143  -71.633  -17.769 0.6000000238
7502  30.113  -71.763  -17.156 0.6000000238
7507  25.684  -71.481  -17.493 0.4000000060
7519  34.469  -71.961  -19.307 0.6000000238
7522  34.713  -71.862  -20.226 0.6999999881
7526  34.144  -71.914  -21.350 0.6000000238
7960  31.561  -70.982  -13.247 0.6999999881
7989  37.354  -70.244  -15.492 0.5000000000
8004  30.846  -70.320  -16.985 0.6999999881
8006  29.206  -70.536  -16.591 0.6999999881
8007  28.313  -70.400  -16.698 0.6999999881
8008  27.469  -70.273  -16.834 0.6999999881
8009  26.708  -70.257  -16.817 0.6000000238
8023  39.230  -70.453  -17.685 0.3000000119
8024  38.684  -70.570  -16.997 0.3000000119
8045  32.121  -70.498  -19.461 0.6999999881
8046  35.167  -70.793  -21.022 0.6000000238
8047  32.052  -70.918  -20.322 0.6999999881
8049  34.835  -71.303  -21.472 0.6000000238
8051  34.865  -70.724  -21.985 0.6000000238
8053  32.902  -71.095  -21.934 0.6000000238
8054  32.246  -70.590  -21.951 0.6999999881
8459  34.659  -69.825  -14.276 0.5000000000
8486  37.243  -69.577  -15.715 0.5000000000
8488  34.507  -69.072  -15.427 0.5000000000
8490  29.325  -69.312  -16.088 0.6999999881
8509  37.713  -69.253  -16.266 0.4000000060
8510  34.394  -68.984  -16.200 0.6999999881
8526  39.217  -69.594  -17.801 0.3000000119
8527  38.307  -69.116  -16.889 0.4000000060
8536  32.077  -70.070  -18.672 0.6999999881
8539  32.032  -69.309  -19.877 0.6000000238
8545  35.272  -70.028  -22.246 0.6000000238
8546  33.756  -69.960  -22.438 0.6000000238
9002  25.567  -68.631  -13.407 0.5000000000
9035  35.749  -69.001  -15.272 0.6000000238
9058  29.012  -68.823  -15.590 0.6999999881
9059  28.171  -68.850  -15.504 0.6999999881
9060  27.420  -68.910  -15.396 0.6999999881
9061  26.806  -68.996  -15.247 0.6000000238
9071  37.339  -68.589  -16.346 0.4000000060
9074  31.156  -68.668  -16.506 0.6000000238
9075  30.596  -68.925  -16.220 0.6000000238
9081  38.140  -68.325  -17.019 0.4000000060
9084  31.416  -68.975  -16.979 0.6000000238
9088  34.555  -68.867  -18.354 0.4000000060
9101  31.550  -69.413  -21.525 0.6999999881
9107  31.587  -68.582  -22.408 0.6000000238
9108  35.599  -68.749  -22.649 0.6000000238
9110  31.991  -69.133  -22.726 0.6999999881
9542  23.270  -67.646  -10.703 0.6000000238
9582  26.700  -67.552  -11.952 0.5000000000
9585  24.113  -68.031  -11.913 0.6000000238
9587  22.298  -68.191  -12.058 0.5000000000
9599  27.774  -67.518  -12.886 0.6000000238
9602  24.440  -68.341  -12.513 0.5000000000
9603  23.619  -68.390  -12.433 0.4000000060
9626  26.248  -68.419  -13.395 0.5000000000
9643  30.762  -67.352  -15.099 0.6999999881
9644  29.986  -67.656  -14.768 0.6999999881
9662  31.654  -67.414  -16.078 0.8000000119
9674  35.550  -67.535  -16.875 0.4000000060
9686  35.170  -67.615  -18.458 0.4000000060
9694  31.922  -67.999  -19.526 0.6000000238
9699  35.346  -68.023  -20.434 0.5000000000
9702  35.931  -68.387  -22.578 0.5000000000
9707  32.750  -67.881  -22.830 0.4000000060
9709  31.730  -67.070  -22.561 0.5000000000
10103  18.381  -66.767  -7.519 0.5000000000
10120  24.112  -66.696  -8.974 0.6000000238
10122  22.166  -66.981  -8.694 0.6000000238
10139  25.271  -66.699  -9.746 0.5000000000
10140  24.528  -66.863  -9.580 0.5000000000
10142  22.527  -67.241  -9.366 0.6000000238
10144  20.885  -67.181  -9.386 0.5000000000
10165  26.311  -66.768  -10.568 0.5000000000
10166  25.550  -66.958  -10.398 0.5000000000
10168  24.061  -67.173  -9.911 0.6000000238
10169  22.891  -67.461  -10.033 0.6000000238
10173  19.642  -67.557  -9.888 0.5000000000
10187  27.270  -66.933  -11.482 0.5000000000
10188  26.542  -67.116  -11.213 0.5000000000
10205  29.255  -66.958  -13.466 0.6000000238
10214  30.753  -66.263  -14.202 0.8000000119
10216  29.655  -67.234  -14.060 0.6000000238
10226  31.478  -66.945  -15.538 0.6999999881
10233  37.220  -67.159  -17.383 0.4000000060
10236  32.045  -66.757  -16.805 0.6000000238
10241  36.273  -66.649  -18.083 0.4000000060
10243  32.104  -67.219  -18.295 0.6000000238
10249  39.480  -66.554  -18.778 0.4000000060
10252  31.840  -67.374  -19.175 0.6000000238
10257  42.262  -66.395  -20.611 0.3000000119
10268  30.948  -67.161  -21.549 0.5000000000
10681  23.516  -65.943  -7.687 0.6000000238
10682  22.923  -65.742  -7.299 0.6000000238
10685  20.298  -66.409  -7.543 0.6000000238
10739  27.484  -65.832  -10.505 0.6000000238
10750  27.731  -66.280  -11.115 0.6000000238
10756  28.631  -66.218  -11.976 0.6000000238
10757  27.967  -66.636  -11.751 0.6000000238
10762  29.731  -65.840  -12.812 0.6999999881
10763  29.080  -66.462  -12.754 0.6000000238
10784  31.516  -65.705  -15.403 0.8000000119
10787  31.931  -66.236  -16.488 0.8000000119
10794  37.315  -65.998  -18.553 0.4000000060
10798  30.549  -65.531  -19.018 0.6000000238
10801  39.889  -66.018  -19.270 0.3000000119
10805  36.560  -66.213  -19.489 0.4000000060
10806  30.918  -66.271  -19.465 0.6000000238
10811  41.651  -65.929  -20.813 0.3000000119
10828  36.771  -66.254  -20.888 0.5000000000
10837  38.054  -65.767  -22.262 0.3000000119
10843  41.210  -65.731  -23.247 0.3000000119
10851  33.663  -65.610  -22.834 0.4000000060
10854  31.022  -66.526  -22.535 0.5000000000
11246  22.749  -64.782  -6.332 0.6000000238
11247  20.842  -65.335  -6.448 0.6000000238
11249  19.153  -64.923  -5.972 0.5000000000
11258  25.274  -64.613  -7.737 0.5000000000
11259  24.627  -64.951  -7.385 0.6000000238
11261  23.064  -65.171  -6.784 0.6000000238
11280  25.664  -65.057  -8.334 0.5000000000
11300  26.600  -65.080  -9.363 0.5000000000
11317  27.083  -65.417  -9.932 0.5000000000
11342  29.215  -65.129  -11.981 0.6000000238
11369  31.279  -65.083  -15.688 0.8000000119
11372  31.697  -65.712  -16.844 0.8000000119
11373  31.254  -65.068  -16.529 0.8000000119
11379  29.984  -65.002  -18.625 0.6000000238
11394  39.010  -65.180  -20.025 0.4000000060
11395  38.300  -65.249  -19.825 0.4000000060
11400  41.118  -65.470  -21.852 0.3000000119
11401  40.028  -65.193  -20.950 0.3000000119
11403  38.493  -65.281  -20.611 0.3000000119
11411  39.486  -65.264  -21.697 0.3000000119
11419  43.482  -65.295  -23.119 0.3000000119
11420  42.801  -65.370  -23.719 0.3000000119
11426  35.129  -65.391  -22.768 0.4000000060
11429  32.118  -65.548  -22.723 0.5000000000
11434  40.506  -65.492  -23.990 0.3000000119
11814  22.433  -63.714  -5.814 0.6000000238
11825  22.410  -64.335  -5.988 0.6000000238
11827  19.232  -64.151  -5.712 0.5000000000
11840  25.295  -63.966  -7.656 0.5000000000
11861  26.003  -64.161  -8.915 0.5000000000
11907  28.812  -64.910  -11.505 0.6000000238
11908  28.400  -64.440  -11.337 0.5000000000
11909  27.764  -64.212  -11.001 0.6000000238
11910  26.783  -63.926  -10.801 0.5000000000
11926  28.415  -63.986  -11.894 0.5000000000
11936  29.283  -64.115  -12.813 0.5000000000
11937  28.632  -63.748  -12.479 0.5000000000
11943  30.143  -64.169  -14.067 0.6000000238
11944  29.514  -63.830  -13.557 0.6000000238
11949  30.909  -64.542  -15.202 0.8000000119
11950  30.453  -64.192  -14.792 0.8000000119
11961  29.731  -63.806  -16.147 0.6000000238
11970  30.794  -64.558  -16.665 0.8000000119
11972  29.549  -64.012  -16.794 0.6000000238
11980  30.852  -64.810  -17.213 0.8000000119
11990  29.518  -64.605  -18.308 0.5000000000
12024  34.461  -64.817  -22.908 0.4000000060
12434  20.188  -63.462  -5.428 0.6000000238
12448  23.043  -63.453  -6.177 0.5000000000
12467  24.833  -63.537  -7.472 0.5000000000
12484  24.778  -63.021  -8.555 0.6000000238
12499  26.056  -63.830  -9.458 0.5000000000
12512  25.980  -63.554  -10.208 0.5000000000
12541  27.860  -63.538  -12.148 0.5000000000
12555  27.298  -63.372  -12.729 0.5000000000
12595  28.552  -63.434  -15.473 0.5000000000
13063  21.935  -62.528  -5.372 0.6000000238
13064  21.379  -62.701  -5.145 0.6000000238
13065  20.583  -62.766  -5.354 0.6000000238
13083  19.097  -62.167  -6.234 0.6000000238
13104  24.098  -62.326  -7.698 0.6000000238
13120  24.489  -62.259  -8.429 0.6000000238
13147  24.738  -62.651  -10.484 0.5000000000
13614  22.697  -61.742  -6.121 0.5000000000
13615  21.978  -61.727  -5.717 0.6000000238
13617  20.430  -61.599  -5.810 0.6000000238
13640  19.299  -61.387  -6.461 0.4000000060
13661  23.270  -60.940  -6.961 0.5000000000
13680  24.266  -61.583  -7.970 0.4000000060
13698  25.333  -61.413  -9.656 0.4000000060
14185  21.623  -60.929  -5.877 0.6000000238
14187  19.892  -61.056  -6.102 0.5000000000
14199  22.711  -60.328  -6.440 0.4000000060
14219  20.102  -59.900  -7.041 0.4000000060
14724  20.631  -59.790  -6.759 0.4000000060
14739  23.284  -59.114  -7.324 0.4000000060
15289  22.688  -58.876  -7.268 0.4000000060
15290  22.102  -59.037  -6.957 0.4000000060
15309  24.027  -58.550  -8.507 0.4000000060
15311  22.549  -58.248  -8.310 0.4000000060
15312  21.654  -58.382  -8.436 0.4000000060
15327  20.810  -58.311  -8.928 0.3000000119
17018  17.980  -56.610  -9.706 0.3000000119
17603  22.781  -54.755  -7.031 0.4000000060
17632  16.614  -55.068  -10.124 0.3000000119
17643  16.243  -55.379  -10.799 0.4000000060
18292  17.228  -54.009  -9.848 0.3000000119
18910  22.957  -53.994  -7.196 0.4000000060
18913  20.271  -53.948  -7.905 0.3000000119
18923  20.170  -53.168  -8.416 0.3000000119
18924  19.626  -53.790  -8.511 0.3000000119
18925  19.033  -53.678  -8.993 0.3000000119
18935  18.390  -53.522  -9.393 0.3000000119
18936  17.645  -53.390  -9.738 0.3000000119
18947  16.903  -53.439  -10.137 0.3000000119
19617  20.040  -52.427  -8.885 0.3000000119
20319  20.660  -51.966  -8.703 0.4000000060
20338  20.961  -51.371  -8.939 0.3000000119
21045  19.746  -51.093  -9.536 0.4000000060
21065  19.145  -51.130  -10.006 0.4000000060
21067  15.491  -50.646  -11.595 0.3000000119
21079  18.206  -50.378  -11.940 0.3000000119
21088  17.813  -49.897  -12.343 0.3000000119
21089  16.839  -49.968  -12.626 0.3000000119
21802  24.391  -49.990  -9.792 0.3000000119
21806  21.547  -49.933  -9.832 0.3000000119
21807  17.212  -49.899  -10.012 0.3000000119
21820  21.509  -49.253  -10.742 0.3000000119
21836  20.792  -49.256  -11.345 0.3000000119
21839  16.819  -49.664  -12.309 0.3000000119
21851  17.452  -49.619  -12.551 0.3000000119
21852  16.945  -49.711  -12.612 0.3000000119
22548  16.411  -48.741  -7.648 0.3000000119
22560  18.951  -48.627  -8.819 0.3000000119
22561  18.278  -48.865  -8.725 0.3000000119
22562  17.652  -48.880  -8.218 0.3000000119
22594  20.206  -48.869  -11.259 0.3000000119
22596  18.570  -49.198  -10.815 0.3000000119
22609  20.389  -49.042  -11.448 0.3000000119
23371  20.424  -48.161  -9.610 0.3000000119
24132  15.555  -47.706  -7.805 0.3000000119
24146  20.665  -47.285  -8.526 0.3000000119
24150  16.452  -47.157  -8.233 0.3000000119
24886  16.720  -46.685  -8.755 0.3000000119
24909  19.595  -45.918  -9.208 0.3000000119
25610  17.307  -45.636  -9.665 0.3000000119
117752  31.432  -76.903  -19.484 0.6999999881
118315  33.658  -71.098  -17.157 0.6999999881
118964  33.837  -74.107  -19.396 0.8000000119
120782  35.683  -68.578  -21.840 0.5000000000
120820  18.254  -55.613  -9.032 0.3000000119
121100  24.679  -62.041  -9.008 0.4000000060
121268  34.075  -71.896  -18.497 0.6999999881
121344  32.674  -75.140  -17.754 0.6999999881
121788  34.341  -69.020  -17.005 0.6000000238
121829  24.685  -62.537  -9.022 0.6000000238
122402  22.694  -53.236  -7.164 0.4000000060
122549  21.058  -53.818  -7.471 0.4000000060
123617  38.425  -66.718  -18.127 0.4000000060
123896  34.863  -68.951  -22.724 0.6000000238
123908  25.165  -59.905  -8.369 0.4000000060
123971  37.505  -80.177  -10.390 0.3000000119
124049  18.647  -51.825  -9.847 0.3000000119
124227  33.636  -74.772  -19.048 0.6999999881
125013  32.546  -72.085  -20.766 0.6999999881
125292  31.490  -66.292  -15.242 0.8000000119
125302  31.905  -70.997  -14.970 0.6999999881
125321  37.527  -77.354  -16.385 0.4000000060
125689  35.616  -80.855  -12.650 0.5000000000
126095  35.338  -66.619  -22.786 0.4000000060
126297  22.877  -61.131  -6.378 0.5000000000
126353  25.122  -68.284  -12.524 0.5000000000
126472  21.565  -65.268  -6.392 0.6000000238
127055  15.932  -51.095  -9.641 0.4000000060
127074  25.317  -63.292  -11.548 0.4000000060
127806  25.965  -70.351  -16.667 0.6000000238
128365  36.262  -66.076  -22.866 0.4000000060
128570  21.399  -58.825  -7.537 0.4000000060
128740  38.251  -71.616  -16.224 0.4000000060
128837  24.481  -61.048  -8.103 0.4000000060
128858  15.637  -50.509  -12.190 0.3000000119
129423  29.600  -65.357  -12.454 0.6999999881
129621  25.468  -63.512  -8.860 0.6000000238
133541  34.801  -68.911  -19.454 0.4000000060
133609  25.787  -72.746  -18.036 0.5000000000
134417  18.028  -47.106  -8.155 0.3000000119
135636  33.906  -73.745  -19.845 0.6999999881
135706  18.736  -63.468  -5.700 0.5000000000
136483  25.785  -69.135  -14.727 0.5000000000
136669  30.782  -77.314  -17.218 0.6000000238
136909  18.369  -64.631  -5.858 0.5000000000
137151  29.008  -75.256  -15.736 0.6000000238
137466  42.369  -67.022  -20.203 0.3000000119
137558  33.008  -71.656  -16.486 0.6000000238
137572  38.172  -65.444  -19.277 0.4000000060
137777  30.327  -69.930  -16.570 0.6000000238
137824  31.040  -71.036  -17.413 0.6000000238
138300  34.503  -78.458  -14.131 0.5000000000
138486  24.621  -73.537  -17.779 0.5000000000
138598  26.123  -73.059  -18.229 0.4000000060
138930  25.915  -72.377  -17.924 0.4000000060
139237  21.905  -50.488  -9.088 0.3000000119
139357  20.193  -46.036  -8.910 0.3000000119
139458  24.935  -77.435  -16.571 0.5000000000
139598  30.006  -77.878  -18.163 0.5000000000
139752  19.493  -49.573  -11.756 0.3000000119
139940  37.638  -78.243  -16.164 0.4000000060
140006  23.935  -49.540  -10.008 0.3000000119
140327  24.625  -67.435  -10.757 0.5000000000
140478  23.950  -63.521  -6.788 0.5000000000
140543  39.557  -75.986  -16.319 0.3000000119
140934  29.049  -76.453  -18.954 0.6999999881
140969  30.701  -71.559  -17.326 0.6000000238
141252  20.255  -62.200  -5.673 0.6000000238
141414  24.818  -63.244  -7.980 0.6000000238
