#!ascii label  , from subject sub-v2s2x29067_ses-1 vox2ras=TkReg
284
20215  43.286  -51.625  -3.307 0.0000000000
15275  35.275  -58.599  -5.485 0.0000000000
133339  36.197  -55.518  -0.618 0.0000000000
115080  35.666  -52.167  -1.703 0.0000000000
137239  40.451  -56.732  -6.867 0.0000000000
16364  36.779  -56.957  -3.687 0.0000000000
15262  41.205  -57.803  -5.409 0.0000000000
129905  34.985  -53.779  -4.130 0.0000000000
22467  36.544  -48.858  -2.831 0.0000000000
132053  39.306  -52.591  -1.364 0.0000000000
119077  36.081  -53.655  -0.921 0.0000000000
17571  36.303  -55.277  -4.567 0.0000000000
15838  37.423  -57.707  -6.448 0.0000000000
14215  40.420  -60.787  -7.658 0.0000000000
133509  49.000  -52.966  -5.376 0.0000000000
18827  42.650  -52.925  -2.684 0.0000000000
114485  39.521  -54.702  -1.260 0.0000000000
21688  39.629  -49.399  -3.299 0.0000000000
15253  39.568  -58.745  -4.034 0.0000000000
16369  35.400  -56.267  -5.024 0.0000000000
18864  34.434  -53.440  -4.640 0.0000000000
116564  38.136  -53.744  -0.711 0.0000000000
115495  36.413  -54.127  -0.780 0.0000000000
16944  39.174  -56.071  -5.362 0.0000000000
16938  37.197  -55.789  -4.235 0.0000000000
16961  38.956  -56.036  -5.774 0.0000000000
16963  37.462  -55.521  -5.784 0.0000000000
16388  39.098  -56.739  -6.621 0.0000000000
124824  39.544  -60.957  -7.456 0.0000000000
118095  42.215  -53.869  -2.335 0.0000000000
130866  40.592  -53.575  -1.931 0.0000000000
131947  41.169  -54.720  -1.935 0.0000000000
118292  36.832  -50.264  -1.090 0.0000000000
22435  37.852  -49.437  -1.399 0.0000000000
23274  36.679  -47.987  -4.012 0.0000000000
22508  38.616  -48.299  -4.380 0.0000000000
16348  35.765  -57.092  -1.775 0.0000000000
16349  35.631  -56.560  -2.258 0.0000000000
15807  36.636  -58.014  -3.354 0.0000000000
15817  39.452  -57.303  -4.473 0.0000000000
15823  41.414  -57.114  -6.199 0.0000000000
18828  35.112  -53.013  -3.179 0.0000000000
21671  36.089  -50.364  -2.246 0.0000000000
20218  34.736  -51.688  -3.423 0.0000000000
20943  34.474  -50.023  -3.808 0.0000000000
14707  35.443  -59.939  -5.667 0.0000000000
110958  41.470  -51.931  -2.554 0.0000000000
137186  37.929  -52.047  -1.211 0.0000000000
110973  35.959  -52.446  -0.724 0.0000000000
17522  35.695  -54.980  -1.859 0.0000000000
18174  35.605  -54.323  -2.222 0.0000000000
124164  35.422  -53.497  -2.614 0.0000000000
18209  35.265  -54.283  -3.948 0.0000000000
16380  36.434  -55.803  -5.581 0.0000000000
15273  36.912  -58.308  -6.232 0.0000000000
15297  40.487  -58.290  -7.490 0.0000000000
14736  39.275  -59.319  -7.224 0.0000000000
14720  37.750  -59.333  -6.389 0.0000000000
14705  37.082  -59.968  -6.125 0.0000000000
19569  48.186  -52.344  -6.017 0.0000000000
19556  47.257  -52.214  -5.221 0.0000000000
18844  45.890  -52.866  -3.798 0.0000000000
19518  43.530  -52.479  -2.974 0.0000000000
131948  40.957  -52.969  -2.155 0.0000000000
110940  39.469  -53.864  -1.312 0.0000000000
116764  37.694  -54.447  -0.612 0.0000000000
110963  37.887  -55.387  -0.498 0.0000000000
110954  36.844  -55.441  -0.281 0.0000000000
22465  38.361  -48.866  -2.971 0.0000000000
20229  45.136  -51.597  -4.445 0.0000000000
20254  46.154  -51.584  -5.375 0.0000000000
20231  43.703  -51.214  -3.883 0.0000000000
15826  35.481  -57.683  -5.446 0.0000000000
16950  34.006  -55.929  -4.715 0.0000000000
131385  36.925  -54.269  -0.559 0.0000000000
133727  37.347  -53.839  -0.522 0.0000000000
17506  36.433  -54.816  -0.709 0.0000000000
16377  40.151  -56.428  -6.195 0.0000000000
16945  38.514  -55.610  -5.369 0.0000000000
16960  39.463  -56.294  -6.151 0.0000000000
16974  38.935  -56.196  -6.190 0.0000000000
15835  39.837  -57.061  -6.982 0.0000000000
13096  40.218  -62.257  -7.981 0.0000000000
116057  36.525  -50.959  -0.777 0.0000000000
110979  37.717  -49.817  -0.944 0.0000000000
110980  36.923  -50.221  -1.163 0.0000000000
23293  38.187  -47.875  -4.852 0.0000000000
15245  37.272  -58.633  -3.401 0.0000000000
14693  40.437  -58.614  -4.550 0.0000000000
15263  39.826  -57.906  -4.451 0.0000000000
121207  40.447  -57.633  -4.979 0.0000000000
15816  39.964  -57.070  -4.980 0.0000000000
15272  41.734  -57.665  -6.079 0.0000000000
19520  35.107  -52.301  -2.966 0.0000000000
18846  34.872  -53.207  -3.877 0.0000000000
20233  34.287  -51.945  -4.170 0.0000000000
120863  33.838  -51.240  -4.488 0.0000000000
21711  34.585  -49.095  -3.971 0.0000000000
110957  39.727  -52.404  -1.581 0.0000000000
115128  40.516  -51.798  -2.107 0.0000000000
119364  36.120  -51.966  -0.630 0.0000000000
110968  36.152  -53.121  -0.454 0.0000000000
126250  35.657  -56.632  -2.904 0.0000000000
129927  35.639  -55.773  -1.882 0.0000000000
16358  35.974  -56.862  -3.339 0.0000000000
138305  36.638  -55.441  -4.306 0.0000000000
17541  35.563  -55.142  -2.710 0.0000000000
17557  35.582  -55.546  -3.433 0.0000000000
18191  35.453  -54.298  -3.133 0.0000000000
118581  35.477  -54.881  -3.645 0.0000000000
17572  35.579  -55.245  -4.169 0.0000000000
16390  37.609  -56.864  -6.378 0.0000000000
16379  37.065  -56.356  -6.101 0.0000000000
15825  36.260  -57.002  -5.856 0.0000000000
15287  37.616  -58.446  -6.435 0.0000000000
13113  43.249  -62.358  -8.673 0.0000000000
14214  41.267  -60.866  -7.867 0.0000000000
14232  42.094  -60.766  -8.146 0.0000000000
136099  41.068  -60.199  -7.751 0.0000000000
14734  40.555  -59.857  -7.633 0.0000000000
15298  39.705  -58.719  -7.350 0.0000000000
138535  39.911  -60.253  -7.497 0.0000000000
13632  38.767  -61.116  -7.159 0.0000000000
128523  39.179  -60.181  -7.206 0.0000000000
14195  38.340  -60.577  -6.774 0.0000000000
128092  37.748  -60.208  -6.450 0.0000000000
14196  37.734  -60.926  -6.389 0.0000000000
18893  50.329  -53.408  -6.785 0.0000000000
19568  48.926  -52.751  -5.838 0.0000000000
125672  47.833  -52.429  -5.400 0.0000000000
18825  44.041  -53.302  -2.831 0.0000000000
18824  45.547  -53.434  -3.246 0.0000000000
19516  45.169  -52.729  -3.543 0.0000000000
19517  44.410  -52.576  -3.235 0.0000000000
110956  41.652  -52.805  -2.453 0.0000000000
114537  40.225  -54.447  -1.656 0.0000000000
139916  38.949  -54.002  -1.003 0.0000000000
131535  38.677  -54.741  -0.799 0.0000000000
16898  37.392  -56.189  -0.135 0.0000000000
21689  36.218  -49.487  -2.465 0.0000000000
22447  36.865  -49.255  -2.198 0.0000000000
123936  37.500  -48.887  -2.666 0.0000000000
22507  39.238  -48.629  -4.562 0.0000000000
16949  34.993  -55.685  -4.676 0.0000000000
18210  34.849  -54.256  -4.613 0.0000000000
115252  38.917  -53.218  -1.167 0.0000000000
117966  36.665  -53.576  -0.422 0.0000000000
16363  37.933  -56.489  -4.106 0.0000000000
136388  36.313  -56.181  -3.842 0.0000000000
16362  38.696  -56.144  -4.731 0.0000000000
16937  37.954  -55.518  -4.843 0.0000000000
17570  37.130  -55.193  -4.917 0.0000000000
16964  37.111  -55.127  -5.443 0.0000000000
16962  38.288  -55.695  -5.876 0.0000000000
16389  38.330  -56.401  -6.378 0.0000000000
15837  38.200  -57.454  -6.643 0.0000000000
13656  39.919  -61.624  -7.688 0.0000000000
13657  39.155  -61.739  -7.425 0.0000000000
110955  41.372  -53.789  -2.239 0.0000000000
130572  39.454  -49.617  -1.734 0.0000000000
22464  39.117  -49.250  -2.623 0.0000000000
22487  36.175  -48.429  -3.509 0.0000000000
23253  37.006  -48.343  -3.350 0.0000000000
23273  37.349  -48.052  -3.878 0.0000000000
23292  38.897  -48.126  -5.015 0.0000000000
16338  35.718  -56.422  -1.544 0.0000000000
15808  36.185  -57.509  -3.188 0.0000000000
15813  37.555  -57.609  -3.625 0.0000000000
15812  38.383  -57.346  -3.947 0.0000000000
15811  38.953  -56.981  -4.310 0.0000000000
16368  39.394  -56.567  -4.878 0.0000000000
16367  39.837  -56.437  -5.513 0.0000000000
19509  35.418  -52.205  -2.315 0.0000000000
20918  36.120  -51.057  -1.664 0.0000000000
139851  35.748  -51.064  -2.311 0.0000000000
20927  35.445  -50.632  -2.796 0.0000000000
21690  35.602  -49.817  -2.862 0.0000000000
19537  34.507  -52.757  -4.195 0.0000000000
20928  34.847  -50.832  -3.298 0.0000000000
22468  35.749  -49.034  -3.054 0.0000000000
22488  35.298  -48.656  -3.802 0.0000000000
23275  35.857  -48.057  -4.200 0.0000000000
122297  34.968  -59.385  -5.558 0.0000000000
20216  42.520  -51.291  -3.113 0.0000000000
131907  41.026  -51.448  -2.369 0.0000000000
115853  36.005  -51.761  -1.089 0.0000000000
18158  35.943  -54.389  -1.318 0.0000000000
16928  35.719  -56.209  -3.402 0.0000000000
18790  35.694  -53.620  -1.655 0.0000000000
132114  35.739  -52.439  -1.248 0.0000000000
18806  35.313  -52.775  -2.599 0.0000000000
18845  35.232  -53.684  -3.502 0.0000000000
17573  35.334  -54.785  -4.527 0.0000000000
16947  36.485  -55.252  -5.089 0.0000000000
17580  35.651  -55.305  -4.625 0.0000000000
139784  35.112  -55.155  -4.632 0.0000000000
16381  35.644  -56.767  -5.452 0.0000000000
15274  36.161  -58.167  -5.848 0.0000000000
15833  41.563  -57.431  -7.163 0.0000000000
13677  42.395  -61.566  -8.344 0.0000000000
15296  41.288  -58.420  -7.570 0.0000000000
15844  40.559  -57.287  -7.335 0.0000000000
15284  39.802  -57.898  -7.265 0.0000000000
15836  39.067  -57.684  -6.948 0.0000000000
15286  38.359  -58.546  -6.739 0.0000000000
14719  38.531  -59.564  -6.825 0.0000000000
136827  36.449  -58.908  -5.979 0.0000000000
134383  35.780  -59.131  -5.739 0.0000000000
14180  36.482  -60.523  -5.882 0.0000000000
18907  50.374  -53.293  -7.633 0.0000000000
19577  49.648  -52.776  -7.124 0.0000000000
120341  48.858  -52.471  -6.664 0.0000000000
19570  47.529  -52.096  -5.813 0.0000000000
19557  46.583  -51.942  -4.993 0.0000000000
19535  44.800  -52.014  -3.797 0.0000000000
18822  46.996  -53.576  -3.480 0.0000000000
19531  47.792  -52.776  -4.688 0.0000000000
19533  46.279  -52.298  -4.309 0.0000000000
19534  45.555  -52.144  -4.065 0.0000000000
19519  42.833  -52.034  -2.936 0.0000000000
119415  42.127  -52.013  -2.764 0.0000000000
115161  40.328  -52.552  -1.919 0.0000000000
116926  39.765  -53.197  -1.571 0.0000000000
116365  37.148  -54.854  -0.534 0.0000000000
21670  36.691  -49.868  -1.832 0.0000000000
21669  37.487  -49.257  -1.866 0.0000000000
22485  38.981  -48.992  -3.472 0.0000000000
22486  38.418  -48.559  -3.747 0.0000000000
22484  39.501  -49.041  -4.007 0.0000000000
13676  43.146  -61.647  -8.548 0.0000000000
14706  36.310  -59.724  -5.897 0.0000000000
14735  39.948  -59.395  -7.487 0.0000000000
15285  39.111  -58.640  -7.078 0.0000000000
15815  40.644  -56.890  -5.695 0.0000000000
15818  34.804  -57.262  -4.957 0.0000000000
15824  36.854  -57.386  -6.302 0.0000000000
16370  34.444  -56.529  -4.687 0.0000000000
16375  41.412  -57.066  -6.802 0.0000000000
16378  37.779  -56.014  -6.175 0.0000000000
16387  39.760  -56.501  -6.597 0.0000000000
16911  35.867  -55.978  -1.023 0.0000000000
16919  35.565  -56.014  -2.757 0.0000000000
16939  35.926  -55.645  -3.971 0.0000000000
16946  37.777  -55.267  -5.408 0.0000000000
16948  35.869  -55.621  -4.996 0.0000000000
18826  43.372  -53.339  -2.679 0.0000000000
18841  48.054  -53.329  -4.053 0.0000000000
18843  46.634  -52.936  -3.900 0.0000000000
18874  49.461  -53.226  -5.543 0.0000000000
18894  49.571  -53.020  -6.292 0.0000000000
19521  34.773  -52.504  -3.623 0.0000000000
19532  46.979  -52.528  -4.526 0.0000000000
19536  44.045  -51.840  -3.506 0.0000000000
19555  48.501  -52.772  -5.221 0.0000000000
19558  45.883  -51.749  -4.716 0.0000000000
20211  35.742  -51.646  -1.994 0.0000000000
20217  35.318  -51.500  -2.751 0.0000000000
20230  44.416  -51.412  -4.139 0.0000000000
20942  35.072  -50.135  -3.233 0.0000000000
21709  40.145  -49.455  -3.870 0.0000000000
21710  35.082  -49.423  -3.406 0.0000000000
22446  38.441  -49.250  -1.848 0.0000000000
22466  37.775  -48.361  -3.415 0.0000000000
23272  37.959  -48.069  -4.113 0.0000000000
23294  37.317  -47.788  -4.645 0.0000000000
110971  38.345  -49.584  -1.120 0.0000000000
117293  35.779  -53.023  -1.032 0.0000000000
117377  37.265  -49.676  -1.470 0.0000000000
119721  39.027  -57.961  -4.035 0.0000000000
120069  34.294  -51.005  -3.936 0.0000000000
124561  35.536  -52.820  -1.882 0.0000000000
124981  37.024  -59.135  -6.174 0.0000000000
126415  35.874  -60.389  -5.744 0.0000000000
128350  44.808  -53.346  -3.014 0.0000000000
130728  39.980  -51.811  -1.731 0.0000000000
131316  40.970  -52.234  -2.275 0.0000000000
133326  37.052  -49.508  -1.818 0.0000000000
133355  35.760  -57.301  -2.672 0.0000000000
133591  36.473  -50.478  -1.527 0.0000000000
134660  40.723  -59.057  -7.621 0.0000000000
135711  39.507  -56.249  -5.803 0.0000000000
139416  38.948  -48.715  -4.042 0.0000000000
140762  39.340  -56.387  -6.408 0.0000000000
141369  38.540  -56.697  -4.197 0.0000000000
