#!ascii label  , from subject sub-v2s2x29087_ses-1 vox2ras=TkReg
2102
121718  -37.895  21.040  8.808 0.0000000000
120022  -50.347  19.389  -7.954 0.0000000000
184932  -45.099  24.814  1.147 0.0000000000
118964  -47.240  18.448  1.968 0.0000000000
119837  -48.142  18.774  6.418 0.0000000000
187047  -41.531  24.273  -7.753 0.0000000000
129533  -49.534  29.691  -13.329 0.0000000000
192678  -44.783  31.031  -4.606 0.0000000000
110092  -44.658  10.588  9.647 0.0000000000
180130  -40.736  19.508  3.634 0.0000000000
121826  -43.337  20.494  -2.786 0.0000000000
123492  -38.648  22.937  -0.095 0.0000000000
126761  -50.865  26.236  -0.126 0.0000000000
128533  -49.267  28.166  -5.525 0.0000000000
163620  -53.389  29.746  -5.805 0.0000000000
161869  -46.826  31.052  -8.098 0.0000000000
131057  -50.014  30.928  -2.225 0.0000000000
190265  -48.011  19.339  -12.360 0.0000000000
122517  -41.445  21.008  15.140 0.0000000000
125957  -40.152  25.442  5.992 0.0000000000
123483  -55.464  23.262  3.498 0.0000000000
122567  -47.707  21.838  7.401 0.0000000000
118904  -43.476  18.703  10.141 0.0000000000
116206  -43.495  15.575  8.539 0.0000000000
122735  -47.286  22.162  -9.378 0.0000000000
123617  -44.708  22.906  -13.720 0.0000000000
127616  -42.927  27.099  -3.374 0.0000000000
128619  -44.848  28.346  -10.299 0.0000000000
126892  -43.975  26.331  -16.492 0.0000000000
128637  -42.433  28.592  -12.681 0.0000000000
131165  -41.544  31.722  -9.894 0.0000000000
120807  -38.583  20.223  5.622 0.0000000000
120858  -38.530  20.585  2.108 0.0000000000
164250  -37.109  22.787  4.446 0.0000000000
128485  -53.163  28.337  0.739 0.0000000000
127621  -54.000  27.599  -3.410 0.0000000000
130250  -53.970  29.185  -2.758 0.0000000000
130256  -51.416  29.976  -3.865 0.0000000000
119132  -49.537  18.837  -10.524 0.0000000000
123369  -41.249  22.601  16.371 0.0000000000
124305  -43.139  23.402  13.204 0.0000000000
120783  -49.232  20.595  9.485 0.0000000000
169285  -45.470  20.101  9.103 0.0000000000
118907  -46.988  18.733  10.740 0.0000000000
112194  -43.854  12.424  7.662 0.0000000000
178901  -38.736  15.928  11.582 0.0000000000
118003  -38.667  17.315  13.805 0.0000000000
117078  -36.378  17.093  11.086 0.0000000000
119032  -48.438  18.495  -1.817 0.0000000000
123537  -42.310  22.414  -5.340 0.0000000000
122672  -45.206  21.652  -5.679 0.0000000000
123563  -44.238  22.648  -8.026 0.0000000000
122755  -45.908  22.200  -11.417 0.0000000000
124480  -43.171  23.657  -10.989 0.0000000000
125970  -42.096  25.643  4.071 0.0000000000
170166  -41.050  25.496  0.845 0.0000000000
191408  -44.515  25.824  -1.296 0.0000000000
128612  -50.252  28.958  -9.302 0.0000000000
161872  -47.727  28.412  -8.231 0.0000000000
128630  -47.167  28.812  -11.592 0.0000000000
127722  -45.039  27.101  -14.524 0.0000000000
128679  -46.297  28.745  -15.048 0.0000000000
128659  -43.295  27.985  -14.682 0.0000000000
130351  -45.720  30.194  -13.816 0.0000000000
163385  -45.688  31.078  -6.430 0.0000000000
131986  -44.028  31.763  -9.411 0.0000000000
131975  -42.713  31.828  -7.858 0.0000000000
131982  -40.445  32.704  -9.301 0.0000000000
131957  -41.470  31.558  -6.190 0.0000000000
118950  -44.001  18.531  2.958 0.0000000000
119016  -45.013  18.731  -0.871 0.0000000000
119903  -41.780  19.464  0.311 0.0000000000
122635  -40.381  21.621  -1.770 0.0000000000
167078  -40.768  23.869  -4.267 0.0000000000
126011  -48.295  24.961  0.592 0.0000000000
126787  -47.423  26.029  -2.435 0.0000000000
127620  -50.730  26.844  -3.343 0.0000000000
170808  -53.084  27.982  -6.450 0.0000000000
130304  -52.875  29.854  -8.987 0.0000000000
131184  -48.247  30.912  -10.068 0.0000000000
131133  -50.705  30.716  -7.208 0.0000000000
131103  -48.562  30.710  -5.332 0.0000000000
131088  -47.005  31.079  -3.925 0.0000000000
121041  -45.694  19.970  -13.587 0.0000000000
122537  -39.528  21.744  11.697 0.0000000000
167579  -38.895  23.920  7.901 0.0000000000
124331  -41.098  23.554  10.960 0.0000000000
125930  -42.938  25.290  9.079 0.0000000000
126725  -43.785  26.442  6.711 0.0000000000
127544  -46.829  27.223  8.435 0.0000000000
126746  -44.624  26.377  3.175 0.0000000000
121768  -50.689  21.188  3.392 0.0000000000
123462  -51.580  23.659  6.216 0.0000000000
191346  -47.548  20.427  4.653 0.0000000000
120829  -44.088  20.012  5.365 0.0000000000
119833  -41.835  19.818  6.790 0.0000000000
115292  -48.622  14.865  5.434 0.0000000000
112172  -47.195  11.635  8.861 0.0000000000
114251  -46.104  13.917  6.247 0.0000000000
167740  -45.989  16.972  7.353 0.0000000000
117083  -44.385  16.917  11.310 0.0000000000
119788  -39.965  18.740  12.337 0.0000000000
170859  -52.706  21.971  -8.212 0.0000000000
120931  -46.328  20.004  -3.459 0.0000000000
122685  -48.812  21.706  -6.695 0.0000000000
161573  -50.778  21.878  -10.399 0.0000000000
161568  -48.852  21.964  -11.946 0.0000000000
122793  -47.514  21.576  -14.589 0.0000000000
122811  -44.961  22.282  -16.912 0.0000000000
125190  -38.718  25.140  3.137 0.0000000000
126020  -40.249  25.433  -1.536 0.0000000000
127672  -42.028  26.985  -5.910 0.0000000000
182767  -46.351  27.734  -4.558 0.0000000000
128578  -44.502  28.220  -7.331 0.0000000000
127691  -42.743  27.218  -9.399 0.0000000000
126874  -43.095  26.137  -12.066 0.0000000000
125322  -44.212  24.877  -16.062 0.0000000000
176628  -43.210  23.660  -16.438 0.0000000000
131190  -45.161  31.250  -11.311 0.0000000000
130328  -42.201  29.941  -10.973 0.0000000000
127690  -39.882  28.061  -9.666 0.0000000000
129468  -39.393  29.295  -8.001 0.0000000000
130282  -38.232  30.236  -7.189 0.0000000000
121737  -37.807  20.502  7.138 0.0000000000
121753  -37.341  21.473  4.873 0.0000000000
122573  -37.315  22.013  7.063 0.0000000000
129422  -54.275  28.716  -1.013 0.0000000000
130228  -52.759  30.321  -1.807 0.0000000000
120048  -50.178  19.314  -9.460 0.0000000000
119828  -48.355  19.389  7.814 0.0000000000
119808  -48.132  19.918  10.455 0.0000000000
118928  -47.454  18.552  8.144 0.0000000000
116185  -38.713  15.381  10.744 0.0000000000
117080  -38.088  16.289  11.753 0.0000000000
119895  -49.171  18.916  1.816 0.0000000000
118988  -48.177  18.292  0.319 0.0000000000
123552  -42.146  23.025  -6.472 0.0000000000
123554  -43.433  22.572  -6.978 0.0000000000
123571  -42.859  23.091  -8.214 0.0000000000
123589  -43.164  23.221  -9.730 0.0000000000
125285  -42.408  24.083  -9.668 0.0000000000
125194  -43.442  25.024  1.894 0.0000000000
125200  -43.100  24.933  1.259 0.0000000000
126008  -44.273  25.035  -0.074 0.0000000000
161848  -50.085  29.223  -11.524 0.0000000000
129491  -49.311  29.085  -11.158 0.0000000000
129516  -48.990  29.291  -12.865 0.0000000000
128652  -47.062  29.012  -13.918 0.0000000000
129544  -47.533  29.582  -14.256 0.0000000000
130360  -46.081  29.824  -14.664 0.0000000000
131207  -47.798  30.426  -13.274 0.0000000000
131099  -45.649  31.052  -5.656 0.0000000000
131127  -44.582  31.101  -6.806 0.0000000000
131126  -43.718  31.126  -6.613 0.0000000000
131965  -42.112  31.564  -6.727 0.0000000000
180555  -43.111  31.019  -5.196 0.0000000000
164150  -41.993  19.110  3.248 0.0000000000
118982  -42.668  18.715  1.191 0.0000000000
119883  -41.397  19.124  1.937 0.0000000000
121797  -38.615  21.576  0.652 0.0000000000
120876  -39.590  20.734  0.195 0.0000000000
122634  -39.811  22.201  -1.445 0.0000000000
123516  -40.474  22.617  -2.634 0.0000000000
173838  -39.884  23.923  -2.380 0.0000000000
126012  -49.406  25.389  0.267 0.0000000000
126042  -49.532  25.817  -1.759 0.0000000000
180965  -50.789  26.241  -1.888 0.0000000000
129446  -54.253  28.657  -5.047 0.0000000000
176232  -53.145  27.432  -4.967 0.0000000000
128572  -54.010  28.420  -6.530 0.0000000000
129473  -53.146  29.406  -8.478 0.0000000000
173972  -52.774  30.111  -7.651 0.0000000000
131147  -51.162  30.684  -7.975 0.0000000000
130275  -51.770  30.264  -6.095 0.0000000000
130246  -50.127  30.220  -3.305 0.0000000000
130264  -49.864  30.277  -5.014 0.0000000000
130245  -49.372  30.369  -3.524 0.0000000000
184053  -47.891  30.882  -4.077 0.0000000000
131073  -48.143  31.008  -3.146 0.0000000000
121031  -47.166  19.848  -13.077 0.0000000000
122539  -40.521  21.710  12.935 0.0000000000
123422  -40.636  22.952  11.421 0.0000000000
169421  -40.974  22.767  12.080 0.0000000000
124322  -44.603  23.943  13.201 0.0000000000
124334  -43.337  24.071  11.734 0.0000000000
125152  -44.315  24.872  10.734 0.0000000000
125939  -43.446  25.671  8.542 0.0000000000
126710  -44.945  26.061  9.055 0.0000000000
127545  -47.997  27.616  8.391 0.0000000000
126727  -45.421  27.218  6.302 0.0000000000
126744  -45.115  27.136  3.257 0.0000000000
126753  -46.558  25.980  1.269 0.0000000000
127575  -45.653  27.037  1.717 0.0000000000
164632  -52.507  21.325  2.219 0.0000000000
122602  -52.632  22.402  3.248 0.0000000000
123446  -51.916  23.466  7.810 0.0000000000
123459  -49.722  22.767  7.174 0.0000000000
122588  -49.158  21.909  5.447 0.0000000000
121747  -47.642  21.588  5.964 0.0000000000
183172  -46.074  20.125  4.862 0.0000000000
121739  -46.394  21.263  6.563 0.0000000000
119817  -44.120  19.520  8.938 0.0000000000
120789  -43.600  19.945  7.763 0.0000000000
119815  -42.648  19.234  8.531 0.0000000000
111114  -45.994  11.234  8.828 0.0000000000
113203  -45.379  12.914  7.002 0.0000000000
172605  -44.934  14.603  6.675 0.0000000000
115283  -45.517  15.012  6.395 0.0000000000
191110  -44.651  16.100  7.888 0.0000000000
184842  -45.292  16.773  9.378 0.0000000000
116192  -44.082  16.133  9.812 0.0000000000
119779  -40.265  18.659  13.656 0.0000000000
117992  -40.375  17.325  14.651 0.0000000000
121883  -53.499  21.579  -7.514 0.0000000000
119946  -44.466  19.619  -2.098 0.0000000000
119936  -46.012  19.134  -2.034 0.0000000000
120930  -45.515  20.007  -3.149 0.0000000000
185197  -46.116  22.185  -7.390 0.0000000000
122682  -46.560  21.577  -5.987 0.0000000000
122708  -47.611  22.131  -7.700 0.0000000000
190099  -49.486  22.108  -8.295 0.0000000000
161577  -48.797  22.197  -9.546 0.0000000000
161570  -49.761  21.958  -11.031 0.0000000000
161571  -48.176  22.104  -10.972 0.0000000000
122766  -44.821  22.438  -12.200 0.0000000000
122780  -46.987  22.110  -12.942 0.0000000000
122779  -45.990  22.272  -13.704 0.0000000000
168937  -46.284  21.719  -15.618 0.0000000000
123622  -45.068  23.066  -15.032 0.0000000000
125176  -39.368  24.891  6.673 0.0000000000
177178  -38.070  24.567  5.052 0.0000000000
125967  -39.192  25.426  4.388 0.0000000000
126771  -42.036  26.285  -1.600 0.0000000000
126004  -40.922  25.685  -0.463 0.0000000000
126781  -41.752  26.451  -2.397 0.0000000000
161171  -41.235  26.360  -3.629 0.0000000000
127644  -42.909  27.405  -4.604 0.0000000000
127634  -48.543  27.359  -4.166 0.0000000000
167944  -47.190  27.015  -3.675 0.0000000000
190333  -48.092  28.059  -5.263 0.0000000000
161551  -45.983  28.381  -9.234 0.0000000000
128579  -46.475  28.321  -7.817 0.0000000000
128594  -45.300  28.342  -8.962 0.0000000000
127685  -43.437  27.891  -8.260 0.0000000000
127699  -43.358  27.743  -9.919 0.0000000000
126860  -42.611  26.394  -10.658 0.0000000000
127706  -43.571  27.376  -11.336 0.0000000000
173921  -44.796  26.601  -15.760 0.0000000000
126881  -44.456  26.020  -15.016 0.0000000000
126115  -43.987  25.211  -16.660 0.0000000000
125334  -44.050  24.501  -16.844 0.0000000000
126114  -43.740  25.203  -16.627 0.0000000000
124498  -42.153  24.206  -15.162 0.0000000000
126113  -42.699  25.282  -15.975 0.0000000000
128648  -42.799  28.323  -13.572 0.0000000000
126880  -41.496  26.591  -13.855 0.0000000000
185327  -47.634  30.974  -9.606 0.0000000000
161531  -46.708  30.987  -11.002 0.0000000000
160863  -45.845  31.206  -9.992 0.0000000000
131993  -42.750  31.962  -9.700 0.0000000000
131178  -42.662  31.355  -10.518 0.0000000000
130320  -41.917  30.383  -10.441 0.0000000000
129499  -41.241  28.892  -10.738 0.0000000000
129478  -40.757  29.573  -9.545 0.0000000000
128602  -39.530  28.193  -9.076 0.0000000000
130310  -40.644  30.510  -9.298 0.0000000000
132750  -39.721  33.037  -9.014 0.0000000000
131151  -39.155  32.331  -9.192 0.0000000000
131972  -38.703  32.848  -8.900 0.0000000000
131123  -37.536  31.088  -7.157 0.0000000000
120824  -39.978  20.011  4.727 0.0000000000
120850  -39.589  19.791  2.949 0.0000000000
166181  -38.504  20.385  4.014 0.0000000000
121781  -37.553  21.777  2.679 0.0000000000
123487  -37.672  22.947  1.899 0.0000000000
126776  -52.054  26.661  -1.572 0.0000000000
127605  -53.373  27.463  -1.339 0.0000000000
128514  -54.213  28.044  -3.020 0.0000000000
183476  -53.554  29.496  -3.784 0.0000000000
189730  -51.951  30.025  -4.936 0.0000000000
130248  -52.048  29.981  -3.361 0.0000000000
130237  -51.383  30.205  -2.581 0.0000000000
120074  -48.945  19.112  -11.876 0.0000000000
122506  -41.522  21.140  15.991 0.0000000000
123384  -42.324  22.156  14.514 0.0000000000
123377  -42.990  22.343  15.868 0.0000000000
122550  -48.938  21.562  9.595 0.0000000000
174608  -46.883  21.217  8.214 0.0000000000
186613  -47.486  20.331  10.245 0.0000000000
120759  -46.845  19.635  10.686 0.0000000000
119794  -44.889  18.852  10.616 0.0000000000
192225  -43.928  11.483  8.231 0.0000000000
113199  -42.266  13.545  8.075 0.0000000000
117063  -39.668  16.481  13.264 0.0000000000
118004  -39.387  17.038  14.300 0.0000000000
117061  -38.256  16.754  12.536 0.0000000000
117060  -37.650  17.118  12.170 0.0000000000
121837  -42.823  21.311  -3.693 0.0000000000
121847  -44.512  21.195  -4.539 0.0000000000
122679  -43.792  21.966  -5.619 0.0000000000
122691  -44.897  22.162  -6.813 0.0000000000
122720  -45.756  22.312  -8.647 0.0000000000
122734  -46.638  22.182  -9.820 0.0000000000
123590  -45.276  22.374  -9.972 0.0000000000
190226  -44.289  22.675  -11.068 0.0000000000
123606  -43.810  23.210  -12.271 0.0000000000
163288  -41.289  25.669  5.142 0.0000000000
125969  -40.753  25.581  3.760 0.0000000000
161865  -41.915  25.420  2.688 0.0000000000
126006  -42.880  25.528  -0.294 0.0000000000
126783  -44.033  26.714  -2.498 0.0000000000
128581  -49.667  28.550  -7.612 0.0000000000
128566  -48.497  28.368  -7.305 0.0000000000
167757  -48.848  28.693  -8.831 0.0000000000
167795  -48.000  28.795  -10.023 0.0000000000
175700  -46.567  28.542  -10.876 0.0000000000
128638  -44.850  28.021  -12.371 0.0000000000
128640  -46.239  28.435  -12.805 0.0000000000
127730  -45.655  27.692  -14.930 0.0000000000
127740  -45.060  27.318  -16.025 0.0000000000
127728  -43.979  27.541  -15.900 0.0000000000
128661  -44.986  28.445  -15.618 0.0000000000
129540  -44.375  28.956  -14.689 0.0000000000
130349  -44.189  29.965  -13.117 0.0000000000
131143  -46.346  31.071  -7.601 0.0000000000
131154  -45.567  31.213  -8.638 0.0000000000
179808  -45.388  31.167  -8.001 0.0000000000
131985  -43.707  31.729  -8.714 0.0000000000
131992  -42.055  32.177  -9.474 0.0000000000
131991  -41.000  32.271  -9.632 0.0000000000
162897  -41.055  32.720  -8.809 0.0000000000
131973  -40.978  32.656  -7.879 0.0000000000
132739  -40.311  32.908  -7.698 0.0000000000
118963  -45.966  18.291  2.243 0.0000000000
193681  -46.443  18.240  0.429 0.0000000000
118984  -44.519  18.253  0.752 0.0000000000
119905  -43.346  18.937  -0.036 0.0000000000
120906  -42.724  19.947  -1.311 0.0000000000
173419  -39.963  20.081  0.790 0.0000000000
120904  -41.212  20.438  -0.964 0.0000000000
121824  -41.832  21.007  -2.277 0.0000000000
122652  -41.594  21.870  -3.350 0.0000000000
123535  -41.129  23.347  -4.724 0.0000000000
162012  -40.986  24.393  -5.736 0.0000000000
125209  -46.337  24.820  0.639 0.0000000000
163198  -46.372  25.109  -0.973 0.0000000000
175947  -48.119  25.190  -1.311 0.0000000000
167942  -49.335  26.763  -3.320 0.0000000000
127651  -50.289  27.720  -4.573 0.0000000000
127637  -52.505  27.131  -3.813 0.0000000000
127652  -51.303  27.577  -4.477 0.0000000000
128551  -50.966  28.225  -5.975 0.0000000000
129462  -52.109  28.826  -8.310 0.0000000000
129481  -51.949  29.338  -10.001 0.0000000000
172614  -51.320  29.904  -11.289 0.0000000000
179998  -49.219  30.736  -11.650 0.0000000000
191326  -50.632  30.649  -10.166 0.0000000000
131157  -49.061  30.879  -8.907 0.0000000000
164554  -48.519  30.952  -7.557 0.0000000000
130274  -50.671  30.338  -5.725 0.0000000000
131118  -49.318  30.748  -6.238 0.0000000000
131130  -47.881  31.022  -7.100 0.0000000000
131101  -47.256  31.003  -5.639 0.0000000000
131100  -46.541  31.053  -5.557 0.0000000000
131087  -46.173  31.124  -4.067 0.0000000000
122545  -38.721  21.631  10.459 0.0000000000
123434  -38.127  22.618  8.648 0.0000000000
189174  -39.172  22.772  10.079 0.0000000000
124345  -39.889  23.770  9.441 0.0000000000
125156  -40.952  24.668  9.042 0.0000000000
124319  -42.079  23.542  11.965 0.0000000000
125149  -42.087  24.540  9.945 0.0000000000
182726  -41.281  25.389  7.703 0.0000000000
161764  -42.165  25.820  6.540 0.0000000000
192277  -42.617  25.946  5.197 0.0000000000
125972  -43.489  25.890  3.957 0.0000000000
126704  -46.315  26.010  10.231 0.0000000000
182853  -45.091  26.680  7.810 0.0000000000
165436  -44.457  26.740  5.358 0.0000000000
125984  -44.519  25.424  2.317 0.0000000000
125993  -46.835  25.359  1.065 0.0000000000
168968  -48.127  25.292  0.922 0.0000000000
126758  -49.447  25.996  1.027 0.0000000000
120862  -50.786  20.287  2.319 0.0000000000
120860  -49.433  19.841  2.768 0.0000000000
123464  -53.914  23.627  6.336 0.0000000000
123471  -53.217  23.761  4.914 0.0000000000
122590  -51.148  22.663  4.780 0.0000000000
176897  -49.554  21.142  4.176 0.0000000000
119860  -47.766  19.769  3.705 0.0000000000
176086  -45.936  19.010  3.622 0.0000000000
191234  -43.996  19.280  4.324 0.0000000000
119844  -42.877  19.665  4.703 0.0000000000
120801  -44.394  20.437  6.816 0.0000000000
162563  -43.088  20.170  6.030 0.0000000000
160899  -41.402  20.080  5.472 0.0000000000
120797  -39.937  19.645  6.587 0.0000000000
113193  -48.535  12.806  8.183 0.0000000000
112184  -45.684  11.571  8.059 0.0000000000
113204  -46.640  12.550  7.240 0.0000000000
184210  -48.037  13.518  6.658 0.0000000000
114263  -47.259  14.591  5.691 0.0000000000
117134  -46.983  16.400  5.793 0.0000000000
118067  -46.996  17.530  6.525 0.0000000000
118060  -46.353  17.513  8.710 0.0000000000
118044  -45.651  17.465  10.761 0.0000000000
118895  -44.587  17.769  11.292 0.0000000000
120757  -38.654  20.267  10.313 0.0000000000
178084  -39.252  19.960  11.825 0.0000000000
120749  -39.649  20.111  12.535 0.0000000000
121684  -40.644  20.170  14.265 0.0000000000
185589  -40.640  19.878  15.721 0.0000000000
120009  -53.312  19.826  -6.736 0.0000000000
120008  -52.030  19.912  -7.142 0.0000000000
120984  -51.734  20.277  -8.228 0.0000000000
165030  -47.409  18.385  -0.831 0.0000000000
119965  -47.608  19.235  -2.913 0.0000000000
121849  -45.828  21.042  -4.913 0.0000000000
121850  -47.470  20.896  -5.062 0.0000000000
170174  -49.417  21.062  -5.734 0.0000000000
122696  -50.575  21.887  -7.223 0.0000000000
122738  -52.113  21.874  -9.469 0.0000000000
121002  -51.651  20.642  -9.855 0.0000000000
121022  -50.931  20.623  -11.217 0.0000000000
121034  -50.108  20.311  -12.292 0.0000000000
121033  -49.489  20.509  -12.856 0.0000000000
122769  -47.217  22.104  -12.130 0.0000000000
122782  -48.260  21.695  -13.547 0.0000000000
121044  -48.304  20.489  -13.492 0.0000000000
121053  -47.065  20.662  -14.658 0.0000000000
121062  -45.560  20.842  -15.541 0.0000000000
121939  -44.527  20.815  -15.242 0.0000000000
124370  -37.361  23.471  5.646 0.0000000000
124384  -37.489  24.006  3.811 0.0000000000
124391  -38.353  24.105  1.414 0.0000000000
125987  -40.125  25.388  1.660 0.0000000000
125205  -39.799  25.063  0.325 0.0000000000
125226  -39.283  24.374  -0.744 0.0000000000
126046  -40.264  25.181  -2.893 0.0000000000
126058  -40.942  25.591  -5.141 0.0000000000
126070  -41.439  26.147  -6.972 0.0000000000
126786  -46.206  26.290  -2.440 0.0000000000
167945  -45.438  27.125  -3.357 0.0000000000
127630  -44.988  27.621  -4.350 0.0000000000
128565  -47.322  28.308  -6.855 0.0000000000
172149  -46.031  28.220  -5.952 0.0000000000
127665  -43.906  27.928  -5.483 0.0000000000
127674  -43.103  27.651  -6.935 0.0000000000
126839  -42.220  26.911  -7.987 0.0000000000
126079  -41.600  25.603  -8.451 0.0000000000
187498  -42.202  25.125  -10.108 0.0000000000
125308  -43.374  24.470  -12.566 0.0000000000
127721  -44.296  26.616  -13.730 0.0000000000
126101  -43.904  25.535  -14.096 0.0000000000
162082  -44.135  24.318  -14.696 0.0000000000
124515  -44.536  23.324  -16.869 0.0000000000
123630  -44.057  22.718  -16.836 0.0000000000
126885  -42.143  26.193  -14.899 0.0000000000
131201  -47.183  30.755  -12.726 0.0000000000
131199  -45.412  30.960  -12.224 0.0000000000
130340  -43.813  30.244  -12.284 0.0000000000
131995  -44.669  31.641  -9.911 0.0000000000
131188  -43.703  31.122  -11.288 0.0000000000
129501  -42.498  29.547  -11.584 0.0000000000
128625  -40.982  28.180  -11.129 0.0000000000
127696  -40.010  27.673  -10.300 0.0000000000
126852  -38.413  26.661  -10.217 0.0000000000
130302  -40.007  30.637  -8.801 0.0000000000
129460  -38.952  29.741  -7.522 0.0000000000
131069  -44.854  31.356  -3.414 0.0000000000
131084  -43.629  31.140  -3.927 0.0000000000
131096  -42.468  31.092  -4.719 0.0000000000
131948  -40.544  31.743  -5.105 0.0000000000
131955  -39.642  32.446  -5.927 0.0000000000
121729  -37.696  20.889  7.960 0.0000000000
121728  -37.393  21.287  7.103 0.0000000000
122566  -37.447  21.696  7.722 0.0000000000
120035  -50.457  19.558  -8.734 0.0000000000
118936  -48.536  18.566  5.749 0.0000000000
186125  -48.985  19.762  6.900 0.0000000000
119834  -48.470  19.326  6.989 0.0000000000
118929  -47.951  19.036  8.118 0.0000000000
118933  -47.814  18.761  7.281 0.0000000000
115243  -38.258  14.906  10.076 0.0000000000
118965  -48.525  18.624  1.650 0.0000000000
176773  -48.837  18.524  1.205 0.0000000000
118977  -48.136  18.358  1.030 0.0000000000
125266  -41.460  24.078  -7.176 0.0000000000
123561  -42.283  23.135  -7.140 0.0000000000
124459  -42.225  23.537  -8.318 0.0000000000
166739  -42.549  23.424  -8.819 0.0000000000
161700  -41.804  24.147  -8.286 0.0000000000
125195  -44.191  25.043  1.922 0.0000000000
125201  -43.812  24.876  1.351 0.0000000000
125208  -44.833  24.812  0.377 0.0000000000
161539  -50.301  29.572  -12.419 0.0000000000
163259  -49.461  29.170  -11.995 0.0000000000
129517  -49.623  29.601  -13.175 0.0000000000
129531  -48.785  29.559  -13.689 0.0000000000
129546  -48.677  29.689  -13.895 0.0000000000
130362  -48.077  29.663  -14.174 0.0000000000
174585  -49.095  29.854  -13.571 0.0000000000
131098  -44.705  30.997  -5.320 0.0000000000
131112  -44.207  31.019  -5.998 0.0000000000
131111  -43.368  31.041  -5.837 0.0000000000
175245  -43.791  30.993  -5.254 0.0000000000
176586  -41.274  19.287  3.323 0.0000000000
119867  -41.368  19.144  2.699 0.0000000000
119866  -40.754  19.330  2.965 0.0000000000
122618  -38.580  22.204  0.213 0.0000000000
122624  -38.966  22.292  -0.423 0.0000000000
123508  -39.430  23.018  -1.372 0.0000000000
123499  -39.011  23.012  -0.746 0.0000000000
126013  -50.119  25.769  0.123 0.0000000000
126030  -50.363  25.887  -1.110 0.0000000000
126775  -51.215  26.295  -1.235 0.0000000000
129452  -54.131  28.957  -6.049 0.0000000000
128554  -54.125  28.094  -5.719 0.0000000000
130287  -53.639  29.395  -7.401 0.0000000000
130286  -53.193  29.912  -7.201 0.0000000000
130285  -52.284  30.269  -6.938 0.0000000000
130276  -52.817  30.033  -6.390 0.0000000000
131075  -49.650  30.623  -2.794 0.0000000000
174655  -48.662  30.665  -3.788 0.0000000000
131074  -48.896  30.849  -2.962 0.0000000000
120073  -48.064  18.982  -11.808 0.0000000000
120083  -47.371  19.373  -12.208 0.0000000000
120084  -48.022  19.771  -12.952 0.0000000000
122529  -41.027  21.406  13.893 0.0000000000
123397  -41.105  22.237  12.944 0.0000000000
125124  -45.105  24.467  12.440 0.0000000000
125139  -44.650  24.653  11.515 0.0000000000
125911  -45.147  25.079  11.037 0.0000000000
125932  -44.468  25.584  9.500 0.0000000000
125925  -44.771  25.337  10.275 0.0000000000
127569  -45.398  27.653  2.693 0.0000000000
127572  -45.424  27.296  2.105 0.0000000000
122604  -54.643  22.981  2.908 0.0000000000
122603  -53.593  22.780  3.043 0.0000000000
123481  -53.215  23.152  3.728 0.0000000000
161705  -48.829  22.212  6.493 0.0000000000
122574  -47.556  21.778  6.590 0.0000000000
162188  -46.993  21.481  6.232 0.0000000000
121740  -46.993  21.587  6.949 0.0000000000
119805  -43.780  19.195  9.443 0.0000000000
119816  -43.454  19.478  8.555 0.0000000000
119804  -43.017  19.052  9.254 0.0000000000
118917  -42.284  18.808  9.079 0.0000000000
182874  -42.654  18.606  9.797 0.0000000000
111100  -45.381  10.884  9.363 0.0000000000
114248  -43.970  13.913  7.125 0.0000000000
115282  -44.307  14.720  7.140 0.0000000000
116213  -44.436  15.556  7.533 0.0000000000
166371  -44.151  15.832  8.175 0.0000000000
116200  -44.077  16.021  8.982 0.0000000000
117041  -40.711  17.078  14.255 0.0000000000
118873  -40.812  17.368  14.013 0.0000000000
117040  -40.428  17.081  14.487 0.0000000000
121853  -50.687  20.863  -5.452 0.0000000000
120917  -43.762  19.983  -2.226 0.0000000000
120918  -44.969  19.799  -2.575 0.0000000000
120929  -44.625  20.256  -3.137 0.0000000000
164511  -46.363  22.248  -8.135 0.0000000000
122707  -46.872  22.132  -7.549 0.0000000000
122722  -47.220  22.194  -8.418 0.0000000000
122723  -48.673  22.193  -8.503 0.0000000000
161578  -47.974  22.201  -8.983 0.0000000000
161574  -48.650  22.133  -10.357 0.0000000000
182825  -48.025  22.146  -9.901 0.0000000000
166473  -44.398  22.782  -12.678 0.0000000000
122778  -45.220  22.406  -13.072 0.0000000000
123623  -45.483  22.567  -14.266 0.0000000000
125949  -39.860  25.232  6.503 0.0000000000
125948  -39.385  25.202  5.944 0.0000000000
187257  -39.794  25.464  5.460 0.0000000000
175197  -43.195  26.811  -2.701 0.0000000000
126782  -42.429  26.708  -2.900 0.0000000000
187379  -42.316  26.882  -3.487 0.0000000000
127629  -43.326  27.398  -4.002 0.0000000000
193229  -48.993  27.574  -4.445 0.0000000000
182885  -48.158  27.581  -4.487 0.0000000000
128532  -48.431  28.185  -5.779 0.0000000000
128607  -45.459  28.376  -9.780 0.0000000000
128606  -44.677  28.317  -9.539 0.0000000000
128605  -43.943  28.194  -9.347 0.0000000000
165181  -44.084  28.218  -10.095 0.0000000000
128618  -43.715  27.902  -10.664 0.0000000000
127707  -44.019  27.955  -11.217 0.0000000000
126893  -44.476  26.485  -16.372 0.0000000000
126887  -44.552  26.200  -16.209 0.0000000000
175257  -44.200  25.856  -16.440 0.0000000000
173859  -43.226  25.828  -16.193 0.0000000000
129527  -43.116  28.960  -13.120 0.0000000000
128647  -42.119  27.985  -13.110 0.0000000000
128636  -41.735  28.161  -12.254 0.0000000000
161534  -47.516  31.012  -8.352 0.0000000000
131169  -46.993  31.013  -9.506 0.0000000000
161806  -46.862  31.032  -8.755 0.0000000000
131177  -42.049  31.178  -10.274 0.0000000000
130312  -41.544  30.863  -10.009 0.0000000000
130319  -41.501  30.122  -10.176 0.0000000000
130311  -41.152  30.319  -9.772 0.0000000000
131164  -40.966  31.437  -9.671 0.0000000000
132744  -39.098  33.236  -8.736 0.0000000000
163911  -39.239  20.135  4.344 0.0000000000
120822  -38.564  20.356  4.768 0.0000000000
193190  -37.189  22.058  4.453 0.0000000000
121764  -37.395  21.488  4.068 0.0000000000
122595  -37.208  22.321  3.770 0.0000000000
123486  -37.426  22.544  2.527 0.0000000000
123480  -37.281  22.892  3.163 0.0000000000
127594  -53.050  27.518  -0.439 0.0000000000
127595  -53.798  27.841  -0.820 0.0000000000
130240  -54.109  29.142  -1.799 0.0000000000
129429  -54.242  28.442  -1.803 0.0000000000
172338  -53.933  29.170  -3.578 0.0000000000
130258  -53.074  29.771  -4.119 0.0000000000
130249  -53.268  29.728  -3.169 0.0000000000
130238  -52.400  30.096  -2.505 0.0000000000
119121  -49.487  18.689  -9.254 0.0000000000
187964  -49.159  18.531  -9.879 0.0000000000
120060  -49.267  18.912  -11.211 0.0000000000
122500  -41.747  21.796  16.325 0.0000000000
122507  -42.094  21.631  15.986 0.0000000000
122501  -42.248  21.940  16.332 0.0000000000
120784  -49.855  21.087  8.932 0.0000000000
121710  -49.202  21.185  10.014 0.0000000000
121709  -48.666  20.976  10.030 0.0000000000
121703  -48.694  20.663  10.258 0.0000000000
118908  -47.571  19.334  10.655 0.0000000000
120760  -47.558  19.846  10.806 0.0000000000
181443  -46.951  19.305  10.810 0.0000000000
119807  -45.468  19.309  10.343 0.0000000000
119789  -46.283  19.011  10.999 0.0000000000
116187  -40.332  15.483  10.966 0.0000000000
116167  -40.315  15.866  12.075 0.0000000000
116149  -39.424  16.107  12.391 0.0000000000
117062  -38.966  16.583  13.018 0.0000000000
116148  -38.646  16.358  12.278 0.0000000000
187485  -37.685  16.695  11.810 0.0000000000
117059  -37.014  17.285  11.584 0.0000000000
122669  -42.708  22.018  -4.851 0.0000000000
190092  -43.305  21.878  -5.030 0.0000000000
122678  -42.977  22.149  -5.530 0.0000000000
123562  -43.519  22.764  -7.723 0.0000000000
123555  -44.168  22.425  -7.289 0.0000000000
122705  -44.932  22.406  -7.618 0.0000000000
123564  -44.988  22.523  -8.334 0.0000000000
123574  -45.103  22.450  -9.161 0.0000000000
123573  -44.301  22.679  -8.805 0.0000000000
124473  -43.374  23.208  -10.434 0.0000000000
163421  -43.992  22.826  -10.494 0.0000000000
123598  -43.703  23.057  -11.156 0.0000000000
190913  -43.764  23.091  -11.695 0.0000000000
165098  -43.483  23.478  -11.639 0.0000000000
125964  -41.852  25.706  4.686 0.0000000000
163346  -41.374  25.648  4.289 0.0000000000
126007  -43.644  25.475  -0.514 0.0000000000
125998  -42.727  25.180  0.515 0.0000000000
126024  -43.738  25.940  -1.241 0.0000000000
185720  -43.093  25.809  -0.893 0.0000000000
126773  -44.265  26.272  -1.800 0.0000000000
191050  -50.233  28.735  -8.087 0.0000000000
128597  -49.553  28.724  -8.479 0.0000000000
128611  -49.484  28.937  -9.546 0.0000000000
128631  -48.041  28.982  -11.330 0.0000000000
193360  -47.989  28.917  -10.678 0.0000000000
128621  -47.335  28.716  -10.566 0.0000000000
128629  -46.269  28.545  -11.655 0.0000000000
182951  -46.808  28.690  -12.333 0.0000000000
128663  -46.694  28.942  -14.580 0.0000000000
128651  -46.648  28.621  -14.072 0.0000000000
128662  -46.108  28.357  -15.007 0.0000000000
127741  -45.507  27.782  -15.584 0.0000000000
128678  -45.807  28.211  -15.497 0.0000000000
128676  -44.741  27.720  -16.012 0.0000000000
129555  -45.700  28.563  -15.537 0.0000000000
130352  -46.639  30.064  -13.977 0.0000000000
130359  -45.465  29.739  -14.471 0.0000000000
129529  -44.639  29.636  -14.114 0.0000000000
129528  -43.873  29.299  -13.587 0.0000000000
130350  -44.901  30.216  -13.539 0.0000000000
131129  -46.003  31.076  -6.947 0.0000000000
131142  -45.646  31.102  -7.504 0.0000000000
131140  -44.074  31.264  -7.399 0.0000000000
131976  -43.477  31.634  -8.004 0.0000000000
131984  -42.848  31.951  -8.823 0.0000000000
131983  -41.951  32.285  -8.616 0.0000000000
178348  -41.519  32.035  -7.171 0.0000000000
131964  -40.856  32.205  -6.879 0.0000000000
118951  -44.830  18.343  2.769 0.0000000000
118962  -45.152  18.157  1.992 0.0000000000
190501  -43.957  18.259  1.701 0.0000000000
119894  -42.104  19.072  0.895 0.0000000000
118983  -43.284  18.604  0.733 0.0000000000
119904  -42.617  19.106  0.309 0.0000000000
119919  -42.860  19.440  -0.580 0.0000000000
120894  -42.297  19.835  -0.752 0.0000000000
120859  -39.205  20.048  2.223 0.0000000000
191599  -39.756  19.688  2.270 0.0000000000
120867  -39.656  19.930  1.580 0.0000000000
121809  -40.038  21.308  -1.000 0.0000000000
120892  -40.533  20.649  -0.703 0.0000000000
121815  -40.775  21.009  -1.352 0.0000000000
121816  -41.531  20.745  -1.590 0.0000000000
121823  -41.081  21.300  -2.028 0.0000000000
121831  -42.147  21.258  -3.057 0.0000000000
122644  -41.364  21.560  -2.707 0.0000000000
124422  -40.542  23.697  -3.557 0.0000000000
123528  -40.960  23.145  -3.975 0.0000000000
124440  -41.321  23.552  -5.595 0.0000000000
124435  -40.905  24.075  -5.005 0.0000000000
126010  -47.704  24.744  0.071 0.0000000000
126027  -47.561  24.874  -0.882 0.0000000000
126028  -48.221  24.861  -0.291 0.0000000000
184364  -50.132  26.189  -2.184 0.0000000000
169596  -49.371  26.306  -2.620 0.0000000000
126805  -50.021  26.569  -2.963 0.0000000000
127635  -49.458  27.305  -4.031 0.0000000000
167941  -50.505  27.287  -3.940 0.0000000000
127611  -53.381  27.271  -2.853 0.0000000000
126791  -52.407  26.807  -2.525 0.0000000000
164226  -52.730  27.019  -3.253 0.0000000000
173024  -53.166  27.640  -5.708 0.0000000000
128536  -52.190  27.624  -5.106 0.0000000000
128552  -52.089  27.959  -5.864 0.0000000000
128535  -51.138  27.947  -5.190 0.0000000000
128570  -51.938  28.277  -6.740 0.0000000000
128582  -51.428  28.565  -7.495 0.0000000000
128583  -52.510  28.543  -7.599 0.0000000000
129483  -52.864  29.628  -9.231 0.0000000000
129472  -52.629  29.324  -9.091 0.0000000000
130314  -52.554  29.673  -9.852 0.0000000000
165602  -52.086  29.650  -10.390 0.0000000000
160815  -52.028  29.801  -10.430 0.0000000000
130322  -50.911  30.331  -10.962 0.0000000000
130313  -52.060  30.205  -9.633 0.0000000000
131158  -49.986  30.828  -8.743 0.0000000000
131146  -50.114  30.831  -7.841 0.0000000000
131145  -49.181  30.897  -8.105 0.0000000000
182740  -49.221  30.881  -7.424 0.0000000000
163333  -51.350  30.014  -4.538 0.0000000000
130266  -51.420  30.130  -5.287 0.0000000000
130265  -50.636  30.115  -4.798 0.0000000000
130263  -49.156  30.496  -5.153 0.0000000000
130273  -49.705  30.525  -5.716 0.0000000000
189709  -49.059  30.673  -5.685 0.0000000000
131131  -48.700  30.895  -6.780 0.0000000000
131117  -48.554  30.817  -5.980 0.0000000000
131116  -47.787  30.993  -6.304 0.0000000000
131102  -47.933  30.886  -5.523 0.0000000000
175872  -47.374  30.950  -4.833 0.0000000000
179821  -46.660  31.042  -4.723 0.0000000000
179822  -45.948  31.052  -4.853 0.0000000000
186017  -46.385  19.927  -13.085 0.0000000000
121052  -45.177  20.055  -14.469 0.0000000000
122542  -39.172  21.915  11.039 0.0000000000
122549  -38.735  22.294  9.966 0.0000000000
123420  -39.152  22.380  10.543 0.0000000000
123426  -40.367  23.242  10.706 0.0000000000
124337  -40.141  23.560  10.060 0.0000000000
124338  -40.846  23.812  10.272 0.0000000000
182963  -40.163  24.288  8.960 0.0000000000
125148  -41.283  24.316  9.789 0.0000000000
123399  -42.727  22.817  13.842 0.0000000000
123414  -42.364  23.209  12.814 0.0000000000
125150  -42.854  24.602  10.280 0.0000000000
125137  -43.081  24.354  10.993 0.0000000000
179896  -42.702  24.847  9.671 0.0000000000
125163  -41.667  25.046  8.773 0.0000000000
125164  -42.319  25.339  8.581 0.0000000000
125944  -41.839  25.606  7.317 0.0000000000
125945  -42.439  25.622  7.895 0.0000000000
126716  -43.759  26.043  8.105 0.0000000000
125950  -43.235  26.193  7.140 0.0000000000
126738  -43.074  26.205  5.533 0.0000000000
125965  -43.181  26.013  4.676 0.0000000000
126732  -43.701  26.442  5.895 0.0000000000
127539  -47.444  27.129  9.170 0.0000000000
126712  -47.047  26.557  9.839 0.0000000000
126718  -46.352  26.752  8.871 0.0000000000
161892  -45.436  26.509  8.593 0.0000000000
127543  -45.980  27.043  8.085 0.0000000000
127560  -45.243  27.227  4.872 0.0000000000
179864  -44.988  27.051  5.741 0.0000000000
126743  -44.581  26.670  3.808 0.0000000000
125973  -44.053  26.013  3.591 0.0000000000
126749  -44.804  26.012  2.627 0.0000000000
125992  -45.701  25.164  1.594 0.0000000000
164621  -46.244  25.476  1.384 0.0000000000
127578  -46.786  26.710  0.767 0.0000000000
126756  -47.505  25.827  0.859 0.0000000000
126757  -48.597  25.814  0.979 0.0000000000
127581  -48.982  26.534  0.707 0.0000000000
120871  -52.881  20.622  1.256 0.0000000000
121776  -52.029  21.674  2.881 0.0000000000
121783  -51.734  20.995  2.384 0.0000000000
120853  -50.671  20.692  2.855 0.0000000000
120861  -50.078  20.165  2.674 0.0000000000
120852  -50.094  20.701  3.278 0.0000000000
124366  -51.818  23.725  7.091 0.0000000000
123455  -52.968  23.585  7.144 0.0000000000
124372  -52.406  23.862  6.523 0.0000000000
124380  -53.257  23.896  5.611 0.0000000000
123469  -51.850  23.565  5.466 0.0000000000
123475  -51.991  23.120  4.547 0.0000000000
123468  -51.011  23.167  5.624 0.0000000000
121756  -48.582  21.311  5.074 0.0000000000
121757  -49.338  21.461  4.723 0.0000000000
121766  -48.805  20.750  4.255 0.0000000000
120842  -48.461  20.085  3.652 0.0000000000
120841  -47.993  20.305  4.226 0.0000000000
119859  -47.052  19.563  3.802 0.0000000000
120839  -46.646  19.835  4.318 0.0000000000
120830  -45.068  20.168  5.269 0.0000000000
119847  -45.236  19.613  4.533 0.0000000000
119846  -44.448  19.606  4.769 0.0000000000
119856  -43.314  19.247  4.061 0.0000000000
120828  -43.206  20.049  5.374 0.0000000000
120781  -45.729  20.477  8.540 0.0000000000
121719  -45.661  20.815  7.810 0.0000000000
160834  -44.970  20.290  8.198 0.0000000000
119826  -42.392  19.745  7.306 0.0000000000
120788  -43.097  20.036  7.203 0.0000000000
160901  -42.596  20.065  6.535 0.0000000000
120811  -41.832  20.045  6.021 0.0000000000
120799  -41.321  19.864  6.435 0.0000000000
120810  -41.049  19.981  5.919 0.0000000000
119832  -41.146  19.552  6.978 0.0000000000
116242  -48.243  16.135  4.950 0.0000000000
111103  -47.476  11.545  9.603 0.0000000000
112173  -47.942  12.043  9.047 0.0000000000
112188  -48.565  12.521  8.860 0.0000000000
194110  -48.093  12.380  8.419 0.0000000000
112183  -44.192  11.750  7.922 0.0000000000
111119  -44.908  11.613  7.916 0.0000000000
112195  -44.566  12.267  7.555 0.0000000000
113214  -45.711  13.350  6.636 0.0000000000
174522  -45.997  12.706  7.114 0.0000000000
113215  -46.554  13.218  6.733 0.0000000000
113205  -47.247  12.792  7.164 0.0000000000
113216  -47.379  13.376  6.640 0.0000000000
114253  -47.675  13.926  6.178 0.0000000000
114252  -46.874  13.908  6.173 0.0000000000
116224  -45.448  15.912  6.821 0.0000000000
116231  -46.573  15.673  5.805 0.0000000000
117133  -46.407  16.264  6.179 0.0000000000
117128  -46.603  16.886  6.355 0.0000000000
118066  -46.455  17.250  6.988 0.0000000000
118063  -46.384  17.445  7.759 0.0000000000
117119  -45.769  16.978  8.070 0.0000000000
117105  -45.235  16.876  10.363 0.0000000000
118054  -45.817  17.273  10.063 0.0000000000
117084  -45.092  17.084  11.039 0.0000000000
169090  -45.178  17.880  11.182 0.0000000000
118032  -44.805  17.419  11.225 0.0000000000
118891  -40.313  18.453  11.645 0.0000000000
179827  -40.214  18.555  10.627 0.0000000000
119792  -39.581  18.911  10.964 0.0000000000
181653  -39.248  19.171  10.111 0.0000000000
119791  -39.006  19.605  10.632 0.0000000000
120754  -38.962  20.254  11.104 0.0000000000
119787  -39.311  19.477  11.512 0.0000000000
119767  -40.174  19.313  13.694 0.0000000000
117991  -39.529  17.396  14.783 0.0000000000
119752  -39.350  19.415  15.329 0.0000000000
119753  -40.181  19.249  15.665 0.0000000000
120723  -39.449  19.947  15.492 0.0000000000
177115  -40.413  20.398  15.944 0.0000000000
119995  -53.061  19.073  -6.021 0.0000000000
120010  -53.913  20.132  -6.730 0.0000000000
122699  -53.164  21.785  -7.942 0.0000000000
120977  -52.953  20.303  -7.334 0.0000000000
120986  -53.053  21.020  -8.132 0.0000000000
120985  -52.385  20.390  -7.852 0.0000000000
121888  -53.117  21.555  -8.512 0.0000000000
119002  -45.396  18.380  -0.150 0.0000000000
119004  -46.974  18.263  -0.048 0.0000000000
163120  -45.837  18.492  -0.861 0.0000000000
119963  -46.136  19.660  -2.938 0.0000000000
119950  -47.103  19.111  -2.522 0.0000000000
121848  -45.177  21.290  -5.024 0.0000000000
121839  -45.283  20.837  -4.308 0.0000000000
121863  -45.669  21.359  -5.443 0.0000000000
122684  -47.968  21.664  -6.418 0.0000000000
121865  -46.955  21.243  -5.551 0.0000000000
121866  -47.736  21.264  -5.722 0.0000000000
175328  -48.289  20.874  -5.209 0.0000000000
121867  -48.677  21.252  -5.898 0.0000000000
121878  -49.492  21.397  -6.301 0.0000000000
122695  -49.675  21.801  -6.981 0.0000000000
122736  -50.449  22.090  -9.701 0.0000000000
122725  -50.450  22.117  -8.690 0.0000000000
184675  -51.252  22.072  -9.379 0.0000000000
121898  -52.349  21.642  -9.485 0.0000000000
121905  -51.790  21.638  -10.055 0.0000000000
121012  -51.320  20.652  -10.559 0.0000000000
121904  -51.297  21.222  -10.606 0.0000000000
122758  -49.481  21.886  -11.607 0.0000000000
121910  -50.266  21.073  -12.054 0.0000000000
121918  -49.594  21.538  -12.232 0.0000000000
121917  -49.289  21.203  -12.815 0.0000000000
193504  -46.178  22.165  -10.858 0.0000000000
122746  -46.707  22.131  -10.625 0.0000000000
122756  -46.643  22.125  -11.374 0.0000000000
192382  -47.346  21.984  -13.677 0.0000000000
161850  -47.775  21.969  -13.054 0.0000000000
122781  -47.724  21.785  -13.969 0.0000000000
121924  -48.374  21.170  -13.659 0.0000000000
121933  -47.868  21.430  -14.143 0.0000000000
121054  -47.814  20.882  -14.161 0.0000000000
121932  -47.407  21.291  -14.754 0.0000000000
121949  -45.449  21.839  -16.271 0.0000000000
121942  -46.229  21.309  -15.675 0.0000000000
121941  -45.535  21.444  -16.005 0.0000000000
121940  -45.042  21.107  -15.836 0.0000000000
121948  -45.056  21.796  -16.507 0.0000000000
124348  -38.453  23.301  8.287 0.0000000000
123450  -37.797  23.171  7.166 0.0000000000
124364  -38.043  23.674  6.834 0.0000000000
125186  -37.994  24.642  4.263 0.0000000000
125189  -38.074  24.664  3.426 0.0000000000
192958  -38.056  24.284  2.384 0.0000000000
125197  -38.382  24.496  2.023 0.0000000000
178430  -40.640  25.484  2.111 0.0000000000
125976  -40.028  25.518  3.279 0.0000000000
125988  -40.854  25.464  1.520 0.0000000000
126021  -40.847  25.778  -1.267 0.0000000000
126003  -40.137  25.334  -0.370 0.0000000000
125213  -39.203  24.491  -0.021 0.0000000000
169774  -39.823  24.966  -1.033 0.0000000000
163503  -39.862  24.862  -1.777 0.0000000000
126037  -40.229  25.336  -2.208 0.0000000000
126819  -41.717  26.678  -4.775 0.0000000000
126051  -40.918  25.803  -4.530 0.0000000000
126825  -41.628  26.571  -5.450 0.0000000000
194021  -41.169  25.844  -6.312 0.0000000000
126064  -41.556  26.416  -6.147 0.0000000000
126040  -47.292  25.459  -1.750 0.0000000000
126039  -46.417  25.630  -1.763 0.0000000000
174157  -46.828  25.974  -2.285 0.0000000000
127632  -47.089  27.539  -4.354 0.0000000000
127618  -46.291  27.059  -3.503 0.0000000000
127631  -45.771  27.475  -4.043 0.0000000000
192249  -45.210  27.389  -3.829 0.0000000000
127646  -45.633  27.888  -4.807 0.0000000000
161554  -47.873  28.356  -7.499 0.0000000000
182860  -48.009  28.320  -6.900 0.0000000000
161555  -47.146  28.331  -7.651 0.0000000000
187675  -45.102  28.278  -7.454 0.0000000000
164594  -45.894  28.283  -6.684 0.0000000000
128563  -45.187  28.263  -6.938 0.0000000000
128528  -44.711  28.092  -5.696 0.0000000000
128562  -44.618  28.190  -6.504 0.0000000000
183041  -44.098  28.083  -6.113 0.0000000000
128561  -43.877  28.062  -6.751 0.0000000000
127684  -42.774  27.365  -8.546 0.0000000000
127679  -42.909  27.519  -7.728 0.0000000000
126846  -41.885  26.336  -8.453 0.0000000000
126847  -42.275  26.736  -8.877 0.0000000000
126083  -42.038  25.566  -9.688 0.0000000000
126854  -42.338  26.407  -9.767 0.0000000000
126867  -42.879  26.401  -11.322 0.0000000000
126092  -42.628  25.792  -11.217 0.0000000000
164584  -42.903  25.567  -11.899 0.0000000000
126097  -43.320  25.618  -12.700 0.0000000000
170692  -44.545  27.367  -12.985 0.0000000000
126107  -44.262  25.613  -15.996 0.0000000000
161760  -43.973  24.962  -14.619 0.0000000000
124500  -44.326  24.197  -15.911 0.0000000000
124510  -44.670  23.575  -15.973 0.0000000000
124513  -43.661  24.086  -16.822 0.0000000000
123636  -43.789  23.365  -16.937 0.0000000000
123629  -43.371  22.880  -16.071 0.0000000000
122802  -44.033  22.075  -16.249 0.0000000000
123621  -42.792  22.725  -14.870 0.0000000000
127727  -43.150  27.268  -15.251 0.0000000000
126886  -43.137  26.548  -15.734 0.0000000000
127726  -42.302  26.959  -14.516 0.0000000000
126879  -40.758  26.249  -13.283 0.0000000000
131185  -49.097  30.823  -10.682 0.0000000000
131193  -48.503  30.796  -12.022 0.0000000000
161530  -47.604  30.944  -11.442 0.0000000000
161890  -45.897  31.154  -10.731 0.0000000000
131191  -46.050  31.025  -11.610 0.0000000000
191423  -44.862  31.125  -11.806 0.0000000000
131198  -44.691  30.924  -12.159 0.0000000000
131197  -44.095  30.806  -11.890 0.0000000000
131166  -44.864  31.496  -9.072 0.0000000000
131167  -45.414  31.349  -9.532 0.0000000000
176394  -43.974  31.751  -10.275 0.0000000000
130321  -42.468  30.674  -10.735 0.0000000000
131187  -43.076  30.947  -11.038 0.0000000000
130329  -42.817  30.245  -11.291 0.0000000000
129500  -41.875  29.231  -11.215 0.0000000000
128626  -41.551  28.548  -11.483 0.0000000000
128616  -40.309  28.330  -9.984 0.0000000000
127695  -39.241  26.939  -10.534 0.0000000000
127689  -39.183  27.404  -9.690 0.0000000000
128591  -39.779  29.000  -8.636 0.0000000000
127683  -38.756  27.649  -8.888 0.0000000000
128590  -39.110  28.418  -8.369 0.0000000000
128576  -38.754  28.723  -7.590 0.0000000000
131990  -40.342  32.223  -9.527 0.0000000000
131163  -40.357  31.395  -9.387 0.0000000000
131152  -39.780  31.876  -9.285 0.0000000000
130292  -38.790  30.780  -7.997 0.0000000000
130301  -39.302  31.284  -8.702 0.0000000000
129459  -38.460  29.292  -7.091 0.0000000000
131067  -43.193  31.399  -3.368 0.0000000000
131083  -42.833  31.181  -3.918 0.0000000000
131066  -42.530  31.463  -3.442 0.0000000000
131094  -40.959  31.555  -4.540 0.0000000000
180705  -40.156  32.018  -5.693 0.0000000000
182388  -38.164  20.314  6.398 0.0000000000
121745  -37.858  20.641  5.836 0.0000000000
182401  -37.534  20.921  6.425 0.0000000000
122581  -37.186  22.032  5.773 0.0000000000
123458  -37.193  22.765  5.748 0.0000000000
128493  -54.039  28.356  -0.403 0.0000000000
130239  -53.442  29.800  -2.234 0.0000000000
130229  -53.614  29.941  -1.417 0.0000000000
131047  -53.083  30.683  -1.159 0.0000000000
181242  -50.166  19.312  -10.355 0.0000000000
123368  -40.451  22.889  16.046 0.0000000000
124275  -41.614  23.135  16.402 0.0000000000
120803  -49.446  20.277  7.428 0.0000000000
119829  -48.828  19.916  8.550 0.0000000000
119819  -48.839  20.349  9.894 0.0000000000
181944  -48.351  19.609  9.676 0.0000000000
118919  -47.833  19.145  9.944 0.0000000000
118918  -47.287  18.637  10.131 0.0000000000
177182  -38.132  15.815  11.131 0.0000000000
119896  -49.989  19.107  1.574 0.0000000000
118978  -49.545  18.574  0.958 0.0000000000
118989  -49.344  18.362  0.190 0.0000000000
119019  -48.204  18.358  -0.988 0.0000000000
123543  -41.938  22.947  -5.799 0.0000000000
123544  -42.579  22.591  -6.017 0.0000000000
123553  -42.768  22.759  -6.705 0.0000000000
124453  -42.872  22.920  -7.409 0.0000000000
123572  -43.582  22.866  -8.485 0.0000000000
123581  -43.669  22.908  -9.257 0.0000000000
123580  -43.034  23.146  -9.012 0.0000000000
124466  -42.669  23.576  -9.414 0.0000000000
166097  -42.824  23.775  -10.190 0.0000000000
125977  -42.448  25.523  3.321 0.0000000000
188480  -42.803  25.063  1.772 0.0000000000
125206  -43.453  24.887  0.784 0.0000000000
126025  -44.393  25.466  -0.737 0.0000000000
129480  -50.548  29.083  -10.096 0.0000000000
129479  -49.888  29.097  -10.601 0.0000000000
129490  -48.795  29.080  -11.527 0.0000000000
129502  -47.889  29.015  -12.116 0.0000000000
128641  -47.444  28.952  -12.600 0.0000000000
129515  -48.126  29.150  -12.863 0.0000000000
129530  -47.816  29.439  -13.939 0.0000000000
129543  -46.842  29.236  -14.488 0.0000000000
182004  -46.536  29.201  -14.718 0.0000000000
130361  -47.001  29.654  -14.410 0.0000000000
130353  -47.664  30.067  -13.813 0.0000000000
131206  -46.950  30.472  -13.319 0.0000000000
131128  -45.334  31.084  -6.923 0.0000000000
131113  -45.036  31.048  -6.179 0.0000000000
131967  -43.236  31.391  -7.233 0.0000000000
131966  -42.594  31.569  -7.133 0.0000000000
131125  -42.821  31.224  -6.440 0.0000000000
131124  -42.179  31.268  -6.048 0.0000000000
118949  -43.176  18.655  2.810 0.0000000000
118960  -43.582  18.409  2.217 0.0000000000
118958  -42.009  18.907  2.403 0.0000000000
118972  -42.042  18.895  1.605 0.0000000000
119902  -41.430  19.271  1.075 0.0000000000
121790  -38.678  20.959  1.253 0.0000000000
120866  -39.283  20.460  0.972 0.0000000000
121807  -39.083  21.517  -0.016 0.0000000000
122625  -39.446  21.813  -0.728 0.0000000000
122643  -40.743  21.920  -2.385 0.0000000000
122642  -40.244  22.257  -2.091 0.0000000000
123521  -40.265  23.425  -2.852 0.0000000000
164363  -48.798  25.037  0.179 0.0000000000
194220  -49.079  25.207  -0.428 0.0000000000
167985  -49.591  25.500  -0.719 0.0000000000
126806  -50.811  26.491  -2.629 0.0000000000
127639  -54.029  27.579  -4.122 0.0000000000
127654  -53.745  27.454  -4.618 0.0000000000
128538  -54.248  27.794  -4.753 0.0000000000
128553  -53.842  27.903  -6.179 0.0000000000
128571  -53.689  28.334  -6.901 0.0000000000
128584  -53.343  28.623  -7.510 0.0000000000
180853  -53.722  28.995  -7.431 0.0000000000
130296  -53.410  29.335  -7.939 0.0000000000
130294  -52.863  30.018  -8.349 0.0000000000
130303  -52.087  30.380  -8.612 0.0000000000
130293  -51.890  30.464  -7.625 0.0000000000
130284  -51.238  30.498  -6.653 0.0000000000
165626  -50.694  30.042  -3.942 0.0000000000
130255  -49.944  30.157  -4.125 0.0000000000
130254  -49.227  30.324  -4.391 0.0000000000
131089  -48.589  30.609  -4.638 0.0000000000
164847  -48.076  30.802  -4.911 0.0000000000
131072  -47.519  31.100  -3.334 0.0000000000
121030  -46.531  19.751  -12.317 0.0000000000
122538  -40.003  21.408  12.489 0.0000000000
123421  -39.778  22.525  11.145 0.0000000000
123412  -40.309  22.216  12.076 0.0000000000
123423  -41.375  23.293  11.659 0.0000000000
124306  -43.867  23.572  13.503 0.0000000000
124321  -43.619  23.820  12.612 0.0000000000
125123  -44.137  24.258  12.087 0.0000000000
125138  -43.817  24.502  11.250 0.0000000000
125158  -43.312  24.959  9.795 0.0000000000
125938  -42.867  25.571  8.379 0.0000000000
125931  -43.725  25.429  9.267 0.0000000000
125940  -44.195  25.883  8.678 0.0000000000
126717  -44.303  26.344  7.998 0.0000000000
127549  -46.876  27.465  7.634 0.0000000000
127550  -45.880  27.287  7.106 0.0000000000
164408  -46.214  27.541  6.170 0.0000000000
127565  -45.280  27.281  4.029 0.0000000000
126747  -45.065  26.823  2.654 0.0000000000
126752  -45.793  26.008  1.734 0.0000000000
126750  -45.304  26.411  2.224 0.0000000000
127576  -46.108  26.834  1.288 0.0000000000
121784  -53.324  21.673  2.018 0.0000000000
121777  -52.970  22.008  2.605 0.0000000000
191039  -51.952  22.172  3.469 0.0000000000
123453  -51.249  23.513  7.577 0.0000000000
123461  -51.007  23.430  6.510 0.0000000000
123467  -50.251  22.716  5.807 0.0000000000
122582  -49.518  22.435  6.124 0.0000000000
121748  -48.400  21.773  5.786 0.0000000000
160836  -47.860  21.221  5.403 0.0000000000
120831  -46.959  20.301  4.776 0.0000000000
169604  -46.688  20.642  5.341 0.0000000000
120816  -45.923  20.605  5.578 0.0000000000
120815  -45.300  20.600  5.896 0.0000000000
120780  -44.721  19.822  8.951 0.0000000000
120779  -44.155  19.912  8.316 0.0000000000
119827  -42.910  19.615  7.870 0.0000000000
182846  -42.208  19.354  7.965 0.0000000000
119825  -41.680  19.449  7.467 0.0000000000
119814  -41.515  19.093  8.161 0.0000000000
113201  -43.657  13.221  7.390 0.0000000000
166350  -44.236  12.829  7.331 0.0000000000
113212  -44.341  13.351  6.949 0.0000000000
113213  -44.996  13.387  6.694 0.0000000000
114250  -45.367  14.073  6.401 0.0000000000
114261  -45.881  14.472  6.039 0.0000000000
180105  -45.135  16.487  7.936 0.0000000000
117111  -45.349  16.736  8.577 0.0000000000
116207  -44.717  16.385  8.595 0.0000000000
117104  -44.651  16.453  9.610 0.0000000000
117099  -44.508  16.528  10.633 0.0000000000
118015  -41.453  17.427  13.210 0.0000000000
118881  -40.697  18.071  12.875 0.0000000000
172031  -40.497  18.079  13.614 0.0000000000
118872  -40.426  17.859  14.768 0.0000000000
189168  -53.717  21.142  -7.027 0.0000000000
121882  -52.947  21.779  -6.843 0.0000000000
121881  -51.951  21.773  -6.907 0.0000000000
119934  -44.697  19.216  -1.513 0.0000000000
119935  -45.506  18.998  -1.561 0.0000000000
119947  -45.143  19.399  -2.055 0.0000000000
119948  -45.663  19.504  -2.482 0.0000000000
187431  -45.713  22.045  -6.732 0.0000000000
122681  -45.891  21.691  -6.039 0.0000000000
122692  -46.535  21.929  -6.675 0.0000000000
122693  -47.378  21.951  -6.930 0.0000000000
122694  -48.142  21.951  -7.168 0.0000000000
163141  -48.966  22.001  -7.570 0.0000000000
122709  -48.240  22.108  -7.827 0.0000000000
122724  -49.539  22.174  -9.072 0.0000000000
161576  -49.601  22.163  -9.799 0.0000000000
122748  -50.501  21.768  -10.962 0.0000000000
182701  -49.298  22.122  -10.357 0.0000000000
122757  -49.028  22.051  -11.049 0.0000000000
122767  -45.583  22.259  -12.162 0.0000000000
122768  -46.440  22.154  -12.142 0.0000000000
164854  -46.170  22.208  -12.933 0.0000000000
170050  -46.738  22.125  -13.755 0.0000000000
122792  -47.154  21.848  -14.574 0.0000000000
122804  -47.070  21.519  -15.184 0.0000000000
122791  -46.318  22.168  -14.634 0.0000000000
123632  -45.648  22.418  -15.494 0.0000000000
123639  -45.299  22.266  -16.442 0.0000000000
125166  -39.322  24.537  7.404 0.0000000000
124365  -38.401  24.214  6.492 0.0000000000
125175  -38.813  24.726  6.213 0.0000000000
125184  -38.556  25.101  4.716 0.0000000000
125187  -38.568  25.172  3.916 0.0000000000
126005  -41.934  25.646  -0.163 0.0000000000
192010  -41.233  25.607  0.232 0.0000000000
126022  -41.550  25.961  -1.009 0.0000000000
126770  -41.301  26.185  -1.731 0.0000000000
193420  -41.114  26.193  -2.290 0.0000000000
126796  -41.165  26.302  -2.899 0.0000000000
126797  -41.791  26.584  -3.223 0.0000000000
127627  -42.269  27.120  -4.607 0.0000000000
127662  -42.111  27.058  -5.241 0.0000000000
127619  -48.095  26.928  -3.633 0.0000000000
126803  -47.696  26.500  -3.053 0.0000000000
127633  -47.800  27.351  -4.167 0.0000000000
127648  -47.744  27.796  -4.796 0.0000000000
127647  -46.943  27.993  -5.032 0.0000000000
161871  -46.702  28.401  -9.121 0.0000000000
161552  -46.949  28.363  -8.380 0.0000000000
161553  -46.026  28.348  -8.435 0.0000000000
162783  -45.037  28.291  -8.110 0.0000000000
128592  -44.136  28.208  -8.108 0.0000000000
165701  -43.838  28.138  -8.692 0.0000000000
127692  -43.321  27.823  -9.016 0.0000000000
127698  -42.808  27.029  -10.245 0.0000000000
168484  -43.247  27.372  -10.643 0.0000000000
127705  -42.998  26.898  -10.997 0.0000000000
126868  -43.276  26.732  -11.733 0.0000000000
125330  -44.041  24.756  -16.761 0.0000000000
126120  -44.045  24.979  -16.750 0.0000000000
125329  -43.613  24.699  -16.737 0.0000000000
124508  -42.885  24.200  -16.298 0.0000000000
124499  -42.677  23.514  -15.575 0.0000000000
125328  -42.769  24.797  -16.142 0.0000000000
127720  -42.529  27.672  -14.045 0.0000000000
127719  -41.826  27.344  -13.514 0.0000000000
131183  -47.411  30.970  -10.366 0.0000000000
131182  -46.494  31.059  -10.118 0.0000000000
187217  -43.327  31.872  -9.321 0.0000000000
131994  -43.388  31.871  -9.952 0.0000000000
131999  -42.914  31.722  -10.295 0.0000000000
129489  -41.663  29.657  -10.602 0.0000000000
128604  -40.737  28.876  -10.052 0.0000000000
128603  -40.210  28.788  -9.394 0.0000000000
129477  -40.295  29.688  -8.909 0.0000000000
129469  -39.870  29.741  -8.376 0.0000000000
131981  -39.742  32.635  -9.341 0.0000000000
190500  -39.272  32.898  -9.109 0.0000000000
131139  -38.618  31.987  -8.674 0.0000000000
131138  -38.057  31.556  -7.996 0.0000000000
131971  -38.017  32.701  -8.525 0.0000000000
183536  -40.237  19.539  3.205 0.0000000000
184490  -39.950  19.846  3.846 0.0000000000
120838  -39.088  20.104  3.565 0.0000000000
120848  -38.210  20.664  2.863 0.0000000000
121765  -37.894  20.850  4.410 0.0000000000
121774  -37.919  20.890  3.580 0.0000000000
121782  -37.973  21.201  2.364 0.0000000000
122608  -37.769  21.982  1.916 0.0000000000
122613  -37.975  22.519  1.254 0.0000000000
123491  -38.302  22.913  0.623 0.0000000000
126762  -51.680  26.670  -0.560 0.0000000000
127604  -52.558  27.060  -0.963 0.0000000000
126777  -52.917  27.109  -1.920 0.0000000000
175410  -53.627  27.500  -2.136 0.0000000000
128502  -54.129  28.241  -1.196 0.0000000000
128509  -54.191  28.125  -2.361 0.0000000000
129441  -54.251  28.553  -4.148 0.0000000000
130259  -53.884  29.228  -4.290 0.0000000000
130268  -53.703  29.407  -5.064 0.0000000000
170410  -52.317  30.051  -5.570 0.0000000000
130267  -52.752  29.899  -4.954 0.0000000000
130257  -52.073  29.964  -4.293 0.0000000000
130247  -50.963  30.084  -3.229 0.0000000000
130236  -50.457  30.374  -2.648 0.0000000000
122530  -41.654  21.807  14.165 0.0000000000
122518  -41.996  21.505  15.314 0.0000000000
123385  -43.013  22.451  14.981 0.0000000000
123400  -43.649  23.059  14.392 0.0000000000
123372  -43.435  22.919  16.254 0.0000000000
123386  -43.656  22.830  15.562 0.0000000000
161063  -44.520  23.550  14.309 0.0000000000
122560  -49.758  22.152  9.226 0.0000000000
122558  -47.955  21.730  8.329 0.0000000000
121732  -47.203  21.533  7.772 0.0000000000
121721  -47.497  21.309  8.646 0.0000000000
179319  -47.054  20.985  8.882 0.0000000000
120782  -46.230  20.329  9.291 0.0000000000
120761  -48.143  20.084  10.413 0.0000000000
120769  -46.885  20.104  10.222 0.0000000000
120768  -46.042  19.832  10.062 0.0000000000
120767  -45.263  19.681  9.641 0.0000000000
119806  -44.598  19.344  9.706 0.0000000000
119793  -44.184  18.920  10.214 0.0000000000
111099  -44.103  10.841  9.070 0.0000000000
111111  -43.673  11.237  8.572 0.0000000000
112182  -43.474  11.838  8.119 0.0000000000
112181  -42.719  12.158  8.255 0.0000000000
113191  -41.921  13.068  8.310 0.0000000000
113200  -42.900  13.380  7.736 0.0000000000
114239  -42.749  14.009  7.912 0.0000000000
116138  -40.318  16.699  13.899 0.0000000000
117039  -39.936  16.993  14.396 0.0000000000
117049  -39.456  16.794  13.813 0.0000000000
117048  -38.789  16.915  13.470 0.0000000000
118014  -38.245  17.075  12.985 0.0000000000
118002  -37.883  17.501  12.813 0.0000000000
121832  -43.343  20.919  -3.363 0.0000000000
175283  -43.918  20.623  -3.330 0.0000000000
121838  -43.732  21.135  -3.996 0.0000000000
122670  -43.844  21.577  -4.805 0.0000000000
122680  -44.637  21.942  -6.012 0.0000000000
123545  -43.239  22.295  -6.252 0.0000000000
122690  -44.011  22.191  -6.504 0.0000000000
165476  -45.282  21.917  -6.249 0.0000000000
190153  -45.486  22.248  -7.306 0.0000000000
122706  -45.627  22.335  -7.900 0.0000000000
122721  -46.528  22.214  -8.958 0.0000000000
122733  -45.888  22.260  -9.455 0.0000000000
122745  -46.042  22.209  -10.234 0.0000000000
184823  -45.527  22.273  -10.725 0.0000000000
123582  -44.389  22.680  -9.748 0.0000000000
122744  -44.730  22.510  -10.559 0.0000000000
123599  -44.988  22.377  -11.397 0.0000000000
123607  -44.177  22.740  -11.776 0.0000000000
125958  -40.933  25.592  5.944 0.0000000000
165037  -40.442  25.583  5.329 0.0000000000
165036  -40.615  25.613  4.576 0.0000000000
187314  -40.905  25.517  2.838 0.0000000000
125989  -41.624  25.373  1.401 0.0000000000
125982  -42.171  25.247  1.956 0.0000000000
125990  -42.384  25.158  1.257 0.0000000000
125997  -41.830  25.411  0.680 0.0000000000
126023  -42.382  25.964  -0.884 0.0000000000
126772  -43.438  26.457  -1.967 0.0000000000
126798  -43.836  27.191  -3.313 0.0000000000
128568  -49.811  28.432  -6.876 0.0000000000
128549  -49.161  28.322  -6.317 0.0000000000
128567  -49.090  28.394  -7.064 0.0000000000
188360  -48.529  28.508  -8.099 0.0000000000
128596  -48.247  28.566  -8.717 0.0000000000
128623  -48.937  28.977  -10.230 0.0000000000
128610  -48.506  28.755  -9.379 0.0000000000
128595  -47.613  28.541  -9.065 0.0000000000
128609  -47.209  28.554  -9.724 0.0000000000
128608  -46.419  28.458  -9.984 0.0000000000
128620  -45.691  28.425  -10.757 0.0000000000
128627  -44.591  28.149  -11.467 0.0000000000
128628  -45.385  28.314  -11.808 0.0000000000
128639  -45.510  28.158  -12.837 0.0000000000
127723  -45.307  27.758  -13.560 0.0000000000
165553  -46.993  28.814  -13.227 0.0000000000
128650  -46.014  28.164  -13.943 0.0000000000
127729  -45.152  27.232  -15.708 0.0000000000
194487  -44.857  26.859  -16.231 0.0000000000
127739  -44.598  27.020  -16.342 0.0000000000
127738  -43.976  26.825  -16.356 0.0000000000
128660  -44.141  28.262  -15.318 0.0000000000
129541  -45.236  29.129  -15.072 0.0000000000
128649  -43.565  28.635  -14.109 0.0000000000
129514  -43.482  29.593  -12.682 0.0000000000
161870  -47.188  31.050  -7.498 0.0000000000
131155  -46.268  31.087  -8.372 0.0000000000
186813  -45.844  31.120  -8.007 0.0000000000
191529  -44.356  31.575  -8.720 0.0000000000
131141  -44.911  31.170  -7.584 0.0000000000
131977  -44.275  31.418  -8.108 0.0000000000
191020  -41.559  32.152  -9.678 0.0000000000
181477  -41.274  32.453  -9.396 0.0000000000
173495  -42.090  31.947  -7.547 0.0000000000
131974  -41.554  32.404  -8.001 0.0000000000
132746  -40.328  33.019  -8.693 0.0000000000
132738  -39.719  33.191  -7.589 0.0000000000
118953  -46.804  18.585  2.599 0.0000000000
118976  -47.230  18.288  1.233 0.0000000000
118975  -45.828  18.146  1.464 0.0000000000
161580  -45.145  18.140  1.143 0.0000000000
118985  -45.074  18.264  0.449 0.0000000000
118973  -43.345  18.428  1.512 0.0000000000
119000  -43.905  18.516  0.354 0.0000000000
192595  -43.905  18.793  -0.290 0.0000000000
191663  -43.719  19.311  -1.097 0.0000000000
120907  -43.333  19.840  -1.667 0.0000000000
120916  -42.993  20.220  -2.064 0.0000000000
119881  -40.193  19.443  2.603 0.0000000000
119893  -40.772  19.355  1.536 0.0000000000
191208  -41.261  19.538  0.560 0.0000000000
179562  -40.389  20.259  0.031 0.0000000000
120893  -41.672  19.966  -0.433 0.0000000000
120905  -41.956  20.227  -1.148 0.0000000000
120915  -42.261  20.438  -1.832 0.0000000000
121825  -42.577  20.722  -2.510 0.0000000000
171795  -42.852  20.944  -3.076 0.0000000000
122653  -42.139  21.640  -3.672 0.0000000000
122668  -42.055  22.276  -4.643 0.0000000000
122651  -40.985  22.198  -3.024 0.0000000000
123529  -41.480  22.710  -4.336 0.0000000000
123536  -41.707  22.873  -5.068 0.0000000000
124439  -41.311  24.001  -6.422 0.0000000000
125265  -41.163  24.549  -6.885 0.0000000000
181270  -45.526  24.770  0.518 0.0000000000
125216  -45.835  24.785  0.018 0.0000000000
125217  -46.425  24.783  -0.157 0.0000000000
190495  -46.926  25.119  -1.206 0.0000000000
183300  -47.843  25.646  -2.027 0.0000000000
126041  -48.878  25.427  -1.329 0.0000000000
126789  -48.787  25.937  -2.252 0.0000000000
126804  -48.579  26.486  -3.036 0.0000000000
167943  -48.787  26.958  -3.644 0.0000000000
127650  -49.432  27.795  -4.769 0.0000000000
126790  -51.489  26.505  -2.185 0.0000000000
126807  -51.750  26.791  -3.111 0.0000000000
175437  -53.076  27.307  -4.354 0.0000000000
127653  -52.300  27.349  -4.430 0.0000000000
127636  -51.516  27.146  -3.840 0.0000000000
128534  -50.148  28.098  -5.341 0.0000000000
128550  -49.978  28.313  -6.115 0.0000000000
128569  -50.719  28.419  -6.752 0.0000000000
164852  -50.449  28.592  -7.480 0.0000000000
128598  -50.630  28.905  -8.783 0.0000000000
129463  -52.984  28.977  -8.177 0.0000000000
129471  -51.654  29.033  -9.037 0.0000000000
129470  -51.145  29.086  -9.631 0.0000000000
176873  -51.490  29.290  -10.296 0.0000000000
129505  -51.222  29.697  -11.530 0.0000000000
171708  -50.277  29.893  -12.472 0.0000000000
130331  -49.959  30.289  -12.228 0.0000000000
131194  -50.022  30.547  -11.334 0.0000000000
165154  -49.914  30.735  -10.405 0.0000000000
131159  -51.054  30.692  -8.713 0.0000000000
131171  -49.881  30.806  -9.555 0.0000000000
131170  -49.019  30.858  -9.764 0.0000000000
131156  -48.364  30.948  -8.285 0.0000000000
131144  -47.878  31.009  -7.745 0.0000000000
130283  -50.218  30.659  -6.397 0.0000000000
131132  -49.699  30.798  -6.955 0.0000000000
164014  -47.286  31.057  -6.803 0.0000000000
161535  -46.671  31.076  -6.898 0.0000000000
131114  -46.269  31.089  -6.312 0.0000000000
194246  -46.951  31.013  -5.158 0.0000000000
179823  -45.297  31.027  -4.926 0.0000000000
122548  -38.328  21.741  9.700 0.0000000000
122557  -37.989  21.832  8.959 0.0000000000
123429  -38.377  22.419  9.351 0.0000000000
123435  -38.680  23.060  8.972 0.0000000000
124344  -39.271  23.446  9.240 0.0000000000
123425  -39.680  22.974  10.400 0.0000000000
123431  -39.520  23.245  9.808 0.0000000000
124350  -39.612  23.907  8.915 0.0000000000
125161  -39.612  24.308  8.289 0.0000000000
166904  -39.952  24.794  7.760 0.0000000000
125168  -40.593  25.202  7.604 0.0000000000
123398  -41.944  22.568  13.404 0.0000000000
123413  -41.621  22.979  12.441 0.0000000000
124332  -41.852  23.775  11.199 0.0000000000
124333  -42.591  23.932  11.455 0.0000000000
124339  -41.607  24.021  10.475 0.0000000000
125157  -41.641  24.704  9.361 0.0000000000
125936  -41.092  25.125  8.278 0.0000000000
125943  -41.134  25.467  7.187 0.0000000000
161830  -41.400  25.608  6.596 0.0000000000
125959  -41.715  25.731  5.886 0.0000000000
174865  -42.052  25.791  5.246 0.0000000000
164205  -42.628  25.893  7.188 0.0000000000
125960  -42.423  25.939  5.821 0.0000000000
164401  -42.436  25.781  4.652 0.0000000000
125971  -42.834  25.714  3.985 0.0000000000
125978  -43.373  25.599  3.253 0.0000000000
125983  -43.771  25.336  2.467 0.0000000000
125933  -45.286  25.757  9.799 0.0000000000
192565  -44.747  26.327  8.441 0.0000000000
126722  -44.466  26.570  7.363 0.0000000000
165596  -45.059  26.869  7.034 0.0000000000
126726  -44.584  26.727  6.619 0.0000000000
173048  -44.301  26.653  6.086 0.0000000000
126742  -43.963  26.299  4.279 0.0000000000
125979  -44.200  25.725  2.938 0.0000000000
125991  -44.935  25.082  1.834 0.0000000000
125202  -45.864  24.873  1.098 0.0000000000
185188  -46.872  25.014  0.904 0.0000000000
125210  -47.769  24.928  0.700 0.0000000000
126000  -47.425  25.142  0.898 0.0000000000
167135  -48.937  25.446  0.887 0.0000000000
126001  -49.736  25.859  0.901 0.0000000000
126759  -50.418  26.264  0.724 0.0000000000
127590  -49.176  27.266  0.316 0.0000000000
120863  -52.169  20.626  1.755 0.0000000000
167910  -51.427  20.432  2.025 0.0000000000
120869  -51.048  19.925  1.729 0.0000000000
119887  -50.395  19.693  2.006 0.0000000000
119886  -49.679  19.502  2.243 0.0000000000
183119  -48.436  18.958  2.230 0.0000000000
122597  -51.581  22.335  4.031 0.0000000000
122596  -50.745  21.810  4.071 0.0000000000
163774  -50.560  22.500  5.187 0.0000000000
121758  -50.008  21.607  4.416 0.0000000000
121767  -50.092  21.184  3.832 0.0000000000
193045  -49.039  20.330  3.600 0.0000000000
119874  -48.251  19.458  3.002 0.0000000000
119884  -47.700  18.821  2.491 0.0000000000
189599  -46.022  18.575  2.977 0.0000000000
119870  -44.681  18.726  3.478 0.0000000000
119848  -45.921  19.516  4.197 0.0000000000
119857  -44.613  19.196  4.133 0.0000000000
170493  -43.997  18.936  3.738 0.0000000000
119855  -42.437  19.355  4.036 0.0000000000
119854  -41.521  19.499  4.034 0.0000000000
121731  -46.434  21.236  7.494 0.0000000000
120802  -45.089  20.725  6.510 0.0000000000
120814  -44.485  20.376  6.013 0.0000000000
120790  -44.292  20.252  7.572 0.0000000000
186034  -43.938  20.302  6.480 0.0000000000
120813  -43.695  20.196  5.957 0.0000000000
120827  -42.545  19.989  5.168 0.0000000000
120826  -41.978  20.063  5.327 0.0000000000
119842  -41.406  19.942  4.868 0.0000000000
120825  -40.693  20.037  5.242 0.0000000000
164650  -39.952  20.045  5.390 0.0000000000
120808  -39.447  19.919  5.954 0.0000000000
184647  -38.805  19.958  6.344 0.0000000000
120795  -38.512  19.927  7.016 0.0000000000
120777  -38.154  20.322  8.610 0.0000000000
118935  -47.968  18.163  5.943 0.0000000000
114222  -49.719  13.099  9.675 0.0000000000
160900  -49.516  13.118  9.066 0.0000000000
113195  -49.640  13.383  8.478 0.0000000000
111113  -45.181  11.225  8.594 0.0000000000
112185  -46.291  11.576  8.282 0.0000000000
112196  -45.392  12.257  7.478 0.0000000000
112197  -46.284  12.065  7.709 0.0000000000
112198  -47.069  12.264  7.708 0.0000000000
112199  -47.854  12.567  7.742 0.0000000000
113206  -48.442  13.033  7.587 0.0000000000
114241  -49.368  13.712  7.322 0.0000000000
113217  -48.697  13.448  7.065 0.0000000000
167290  -48.471  13.895  6.375 0.0000000000
115291  -47.877  15.023  5.328 0.0000000000
114262  -46.464  14.491  5.843 0.0000000000
181881  -47.333  15.188  5.355 0.0000000000
115298  -47.751  15.612  5.161 0.0000000000
116232  -47.616  16.258  5.290 0.0000000000
118069  -47.486  17.623  6.018 0.0000000000
118932  -47.507  18.192  6.544 0.0000000000
118064  -47.027  17.974  7.326 0.0000000000
118061  -46.907  17.976  8.386 0.0000000000
118046  -46.846  18.056  9.947 0.0000000000
117112  -45.839  17.119  9.077 0.0000000000
118055  -46.377  17.629  9.720 0.0000000000
118045  -46.309  17.960  10.590 0.0000000000
118896  -45.763  18.290  11.037 0.0000000000
118906  -45.101  18.301  11.084 0.0000000000
118905  -44.243  18.358  10.879 0.0000000000
193210  -43.192  15.756  10.002 0.0000000000
116191  -43.686  16.021  10.453 0.0000000000
117098  -43.986  16.465  11.166 0.0000000000
117066  -43.282  16.934  12.083 0.0000000000
118031  -43.997  17.212  11.534 0.0000000000
118894  -43.829  17.757  11.430 0.0000000000
185863  -43.382  18.276  10.902 0.0000000000
192025  -42.969  18.486  10.341 0.0000000000
173344  -38.755  19.718  9.900 0.0000000000
120765  -38.152  20.581  9.312 0.0000000000
121701  -38.706  20.867  10.616 0.0000000000
121699  -39.058  21.151  11.243 0.0000000000
119778  -39.715  19.413  12.482 0.0000000000
121694  -39.491  20.958  12.077 0.0000000000
122528  -40.540  21.000  13.496 0.0000000000
121685  -40.985  20.551  14.821 0.0000000000
175674  -40.038  17.256  14.730 0.0000000000
118866  -40.142  17.673  14.978 0.0000000000
120725  -40.580  19.376  15.627 0.0000000000
121677  -40.833  19.856  15.418 0.0000000000
121667  -40.989  20.455  15.739 0.0000000000
122505  -40.605  21.198  16.072 0.0000000000
123376  -40.171  22.244  16.008 0.0000000000
121665  -38.378  21.455  15.124 0.0000000000
181765  -39.436  22.128  15.719 0.0000000000
119069  -52.155  18.662  -5.813 0.0000000000
120978  -53.696  20.681  -7.249 0.0000000000
162268  -52.508  19.727  -6.807 0.0000000000
192802  -51.881  19.416  -6.638 0.0000000000
120007  -51.285  19.417  -6.848 0.0000000000
120024  -51.492  19.914  -7.500 0.0000000000
120023  -51.024  19.847  -7.858 0.0000000000
118987  -47.522  18.259  0.492 0.0000000000
119005  -47.820  18.287  -0.209 0.0000000000
185079  -47.758  18.506  -1.556 0.0000000000
119017  -46.312  18.723  -1.483 0.0000000000
119031  -47.449  18.759  -2.098 0.0000000000
119951  -48.031  18.840  -2.434 0.0000000000
121833  -44.535  20.742  -3.833 0.0000000000
120943  -45.778  20.368  -3.862 0.0000000000
120944  -46.520  20.389  -4.122 0.0000000000
121864  -46.244  21.278  -5.469 0.0000000000
187012  -48.007  20.548  -4.704 0.0000000000
120960  -48.694  20.441  -4.715 0.0000000000
121868  -50.138  21.151  -5.916 0.0000000000
121880  -51.087  21.715  -6.848 0.0000000000
122697  -51.537  21.948  -7.459 0.0000000000
122710  -49.994  22.009  -7.746 0.0000000000
122711  -51.022  22.047  -7.993 0.0000000000
122727  -52.387  22.011  -8.716 0.0000000000
121894  -52.805  21.617  -8.983 0.0000000000
120993  -51.819  20.533  -9.071 0.0000000000
167093  -51.017  19.988  -8.487 0.0000000000
120036  -50.972  20.033  -9.283 0.0000000000
120049  -50.850  19.989  -10.109 0.0000000000
120062  -50.666  19.971  -10.887 0.0000000000
121911  -50.701  21.224  -11.293 0.0000000000
121021  -50.629  20.654  -11.813 0.0000000000
120061  -50.017  19.341  -11.117 0.0000000000
120075  -49.774  19.466  -11.852 0.0000000000
120085  -49.371  19.735  -12.495 0.0000000000
121032  -48.807  20.107  -12.954 0.0000000000
161575  -47.357  22.122  -10.311 0.0000000000
161569  -48.005  22.059  -12.046 0.0000000000
122770  -48.502  21.854  -12.797 0.0000000000
121925  -48.782  21.479  -13.181 0.0000000000
121045  -48.922  20.854  -13.248 0.0000000000
121043  -47.579  20.292  -13.755 0.0000000000
121042  -46.727  20.118  -13.870 0.0000000000
177098  -46.107  20.239  -14.552 0.0000000000
121064  -46.875  21.262  -15.308 0.0000000000
121063  -46.290  20.731  -15.248 0.0000000000
188958  -45.557  20.387  -15.038 0.0000000000
121061  -44.916  20.394  -15.083 0.0000000000
123443  -37.493  22.274  7.602 0.0000000000
124363  -37.483  23.168  6.458 0.0000000000
123466  -37.161  23.117  5.068 0.0000000000
124371  -37.675  24.037  5.375 0.0000000000
124377  -37.351  23.672  5.032 0.0000000000
163100  -37.205  23.532  4.469 0.0000000000
124386  -37.441  23.341  2.586 0.0000000000
124389  -37.924  23.810  2.049 0.0000000000
124394  -38.409  23.724  0.808 0.0000000000
125968  -39.949  25.544  4.077 0.0000000000
125975  -39.270  25.432  3.616 0.0000000000
125192  -38.985  25.079  2.328 0.0000000000
125995  -40.305  25.410  0.956 0.0000000000
125199  -39.623  25.093  1.140 0.0000000000
125198  -38.935  24.729  1.466 0.0000000000
125204  -39.152  24.643  0.696 0.0000000000
124395  -38.777  24.101  0.388 0.0000000000
124397  -38.895  23.745  -0.310 0.0000000000
124408  -39.565  23.737  -1.736 0.0000000000
124428  -40.475  24.462  -3.853 0.0000000000
187228  -40.735  25.716  -3.369 0.0000000000
125249  -40.650  25.260  -4.069 0.0000000000
160981  -40.704  24.614  -4.504 0.0000000000
161096  -40.931  25.263  -5.883 0.0000000000
126069  -41.055  25.272  -6.814 0.0000000000
125272  -41.314  25.502  -7.624 0.0000000000
126009  -45.768  25.099  -0.636 0.0000000000
126026  -45.716  25.560  -1.367 0.0000000000
126774  -45.020  25.953  -1.635 0.0000000000
126802  -46.811  26.514  -2.929 0.0000000000
126801  -46.039  26.743  -2.988 0.0000000000
126784  -44.845  26.451  -2.265 0.0000000000
126799  -44.703  26.916  -2.963 0.0000000000
127617  -44.706  27.329  -3.640 0.0000000000
174636  -44.156  27.518  -4.152 0.0000000000
128531  -47.580  28.176  -5.556 0.0000000000
128530  -46.757  28.205  -5.707 0.0000000000
128564  -46.527  28.306  -7.147 0.0000000000
128546  -46.620  28.272  -6.408 0.0000000000
182704  -46.188  28.092  -5.243 0.0000000000
128529  -45.486  28.126  -5.497 0.0000000000
162645  -44.415  27.816  -4.904 0.0000000000
127645  -43.654  27.615  -4.739 0.0000000000
162647  -43.153  27.575  -5.272 0.0000000000
127673  -42.534  27.323  -6.389 0.0000000000
128577  -43.651  28.007  -7.512 0.0000000000
126832  -41.948  26.840  -6.633 0.0000000000
191477  -41.915  26.696  -7.312 0.0000000000
126838  -41.663  26.241  -7.816 0.0000000000
161762  -41.471  24.854  -8.083 0.0000000000
164585  -41.811  25.350  -9.128 0.0000000000
125284  -42.073  24.735  -9.522 0.0000000000
125293  -42.424  24.532  -10.182 0.0000000000
163803  -43.700  23.793  -12.856 0.0000000000
123616  -44.138  23.292  -13.210 0.0000000000
127714  -44.204  27.717  -11.891 0.0000000000
127713  -43.845  27.053  -12.313 0.0000000000
194363  -43.594  26.517  -12.538 0.0000000000
126875  -43.713  26.088  -13.274 0.0000000000
125316  -43.478  25.066  -13.212 0.0000000000
191628  -43.994  23.856  -13.677 0.0000000000
124501  -44.488  23.620  -14.511 0.0000000000
123631  -45.063  22.906  -16.338 0.0000000000
123638  -44.842  22.738  -16.995 0.0000000000
124509  -44.237  24.039  -16.813 0.0000000000
124518  -44.513  22.985  -16.997 0.0000000000
122810  -44.664  22.312  -16.899 0.0000000000
121947  -44.641  21.563  -16.125 0.0000000000
126106  -42.003  25.486  -15.105 0.0000000000
126105  -41.139  25.683  -14.046 0.0000000000
130342  -48.726  30.392  -13.048 0.0000000000
165152  -47.809  30.805  -12.447 0.0000000000
131205  -46.009  30.569  -13.142 0.0000000000
131192  -46.936  30.907  -11.933 0.0000000000
131200  -46.397  30.839  -12.498 0.0000000000
131204  -45.138  30.655  -12.943 0.0000000000
130341  -44.463  30.544  -12.653 0.0000000000
129513  -42.788  29.237  -12.298 0.0000000000
131168  -46.199  31.115  -9.255 0.0000000000
131181  -45.256  31.407  -10.390 0.0000000000
131180  -44.548  31.559  -10.768 0.0000000000
132000  -43.873  31.547  -10.923 0.0000000000
131189  -44.399  31.230  -11.465 0.0000000000
130330  -43.464  30.540  -11.588 0.0000000000
130339  -43.139  29.896  -11.935 0.0000000000
129512  -42.145  28.879  -11.908 0.0000000000
128635  -41.230  27.988  -11.701 0.0000000000
127704  -40.698  27.555  -11.462 0.0000000000
127697  -40.487  27.754  -10.881 0.0000000000
127703  -39.933  27.102  -11.113 0.0000000000
126865  -39.194  26.589  -11.164 0.0000000000
129461  -39.436  30.182  -8.147 0.0000000000
130281  -37.552  30.116  -6.552 0.0000000000
131044  -50.455  31.344  -1.746 0.0000000000
131054  -47.583  31.361  -2.650 0.0000000000
188823  -47.058  31.262  -3.137 0.0000000000
131071  -46.451  31.305  -3.338 0.0000000000
131086  -45.318  31.104  -4.168 0.0000000000
131085  -44.434  31.129  -3.983 0.0000000000
131931  -45.273  31.768  -2.898 0.0000000000
186202  -44.101  31.018  -4.606 0.0000000000
131097  -43.317  31.034  -4.592 0.0000000000
131109  -41.894  31.182  -5.392 0.0000000000
131082  -41.985  31.368  -3.897 0.0000000000
131095  -41.601  31.273  -4.608 0.0000000000
131108  -41.164  31.422  -5.262 0.0000000000
131956  -40.706  31.832  -5.937 0.0000000000
131963  -40.128  32.485  -6.614 0.0000000000
111110  -42.851  11.412  8.608 0.0000000000
111112  -44.388  11.273  8.455 0.0000000000
112174  -48.526  12.299  9.447 0.0000000000
112186  -46.839  11.796  8.240 0.0000000000
112187  -47.502  12.085  8.321 0.0000000000
112193  -43.159  12.662  7.844 0.0000000000
113192  -42.472  12.871  8.084 0.0000000000
113194  -49.086  12.977  8.642 0.0000000000
113202  -44.811  12.851  7.142 0.0000000000
113207  -49.115  13.271  7.857 0.0000000000
114249  -44.634  13.974  6.755 0.0000000000
114264  -48.120  14.428  5.801 0.0000000000
115275  -43.706  15.154  7.790 0.0000000000
115289  -46.196  15.039  5.930 0.0000000000
115290  -47.168  15.673  5.449 0.0000000000
115299  -48.421  15.445  4.984 0.0000000000
116199  -43.426  15.778  9.431 0.0000000000
116214  -44.990  16.020  7.389 0.0000000000
116223  -44.930  15.315  6.972 0.0000000000
116225  -46.003  15.750  6.289 0.0000000000
117082  -43.716  16.705  11.638 0.0000000000
117126  -45.505  16.538  7.345 0.0000000000
117127  -46.021  16.544  6.751 0.0000000000
117135  -47.542  16.975  5.619 0.0000000000
118033  -45.426  17.698  11.064 0.0000000000
118034  -45.955  17.960  10.981 0.0000000000
118056  -46.877  18.041  9.400 0.0000000000
118070  -47.990  17.540  5.551 0.0000000000
118897  -46.380  18.509  10.866 0.0000000000
118898  -46.865  18.993  10.864 0.0000000000
118925  -47.387  18.537  9.163 0.0000000000
118926  -47.903  19.021  8.944 0.0000000000
118948  -42.535  18.798  2.791 0.0000000000
118952  -45.457  18.343  2.653 0.0000000000
118959  -42.741  18.593  2.089 0.0000000000
118961  -44.351  18.265  2.178 0.0000000000
118974  -44.516  18.174  1.486 0.0000000000
118979  -50.369  18.775  0.932 0.0000000000
118986  -46.435  18.189  1.027 0.0000000000
119001  -44.555  18.516  -0.107 0.0000000000
119003  -46.172  18.306  -0.120 0.0000000000
119006  -48.709  18.291  -0.267 0.0000000000
119018  -47.059  18.587  -1.492 0.0000000000
119030  -46.730  18.912  -2.045 0.0000000000
119795  -45.692  18.814  10.933 0.0000000000
119796  -47.323  19.401  10.731 0.0000000000
119797  -47.781  19.747  10.757 0.0000000000
119818  -48.356  19.457  8.709 0.0000000000
119835  -48.878  19.849  7.623 0.0000000000
119843  -42.124  19.769  4.694 0.0000000000
119845  -43.652  19.608  4.799 0.0000000000
119853  -40.720  19.837  4.391 0.0000000000
119858  -45.292  19.094  3.890 0.0000000000
119868  -42.820  19.018  3.383 0.0000000000
119869  -43.457  18.881  3.386 0.0000000000
119871  -45.363  18.619  3.241 0.0000000000
119872  -46.627  19.050  3.363 0.0000000000
119873  -47.390  19.205  3.181 0.0000000000
119882  -40.771  19.277  2.281 0.0000000000
119885  -48.985  19.433  2.542 0.0000000000
119892  -40.201  19.471  1.936 0.0000000000
119897  -50.707  19.349  1.381 0.0000000000
119918  -42.235  19.536  -0.262 0.0000000000
119920  -43.547  19.180  -0.688 0.0000000000
119921  -44.185  19.036  -0.884 0.0000000000
119932  -43.328  19.530  -1.168 0.0000000000
119933  -43.899  19.478  -1.554 0.0000000000
119949  -46.391  19.312  -2.519 0.0000000000
119994  -51.389  18.942  -6.158 0.0000000000
120076  -50.455  20.030  -11.617 0.0000000000
120724  -40.240  19.804  15.763 0.0000000000
120756  -38.358  20.955  9.960 0.0000000000
120758  -46.294  19.264  10.726 0.0000000000
120770  -48.572  20.455  10.312 0.0000000000
120771  -48.946  21.020  10.009 0.0000000000
120772  -49.447  20.996  9.751 0.0000000000
120791  -44.985  20.654  7.292 0.0000000000
120796  -39.207  19.685  6.783 0.0000000000
120798  -40.692  19.718  6.481 0.0000000000
120800  -43.367  20.194  6.559 0.0000000000
120809  -40.298  19.901  5.922 0.0000000000
120812  -42.548  20.107  5.737 0.0000000000
120832  -48.024  20.790  4.798 0.0000000000
120840  -47.338  20.042  4.254 0.0000000000
120849  -38.798  20.191  2.836 0.0000000000
120851  -48.941  19.904  3.130 0.0000000000
120868  -40.241  19.633  1.308 0.0000000000
120870  -51.625  20.108  1.546 0.0000000000
120877  -40.715  19.653  0.757 0.0000000000
120878  -41.148  19.877  0.147 0.0000000000
120891  -40.016  20.827  -0.386 0.0000000000
120928  -43.987  20.249  -2.822 0.0000000000
120942  -45.135  20.421  -3.666 0.0000000000
120987  -53.505  21.328  -7.579 0.0000000000
120994  -52.490  20.897  -8.612 0.0000000000
121003  -52.308  21.232  -9.436 0.0000000000
121013  -51.851  21.273  -10.023 0.0000000000
121702  -47.923  20.297  10.389 0.0000000000
121706  -38.109  21.236  9.371 0.0000000000
121707  -46.959  20.581  9.469 0.0000000000
121708  -47.718  20.878  9.635 0.0000000000
121711  -49.486  21.466  9.794 0.0000000000
121717  -37.662  21.520  8.374 0.0000000000
121720  -46.374  20.852  8.512 0.0000000000
121722  -48.296  21.424  9.264 0.0000000000
121730  -45.736  20.994  6.937 0.0000000000
121736  -37.235  21.672  6.408 0.0000000000
121738  -45.820  20.945  6.193 0.0000000000
121744  -37.372  21.317  5.669 0.0000000000
121746  -46.497  21.036  5.904 0.0000000000
121754  -37.889  20.759  5.165 0.0000000000
121755  -47.375  20.759  5.112 0.0000000000
121773  -37.444  21.607  3.347 0.0000000000
121775  -49.536  20.711  3.730 0.0000000000
121789  -38.210  21.725  1.234 0.0000000000
121808  -39.619  21.230  -0.398 0.0000000000
121840  -46.001  20.701  -4.404 0.0000000000
121851  -49.055  20.802  -5.265 0.0000000000
121879  -50.338  21.522  -6.575 0.0000000000
121889  -53.334  21.603  -8.066 0.0000000000
121950  -46.078  21.618  -15.865 0.0000000000
122499  -41.002  21.871  16.245 0.0000000000
122502  -42.494  21.967  16.061 0.0000000000
122519  -42.520  21.920  15.528 0.0000000000
122556  -37.719  22.137  8.217 0.0000000000
122559  -48.856  21.903  8.951 0.0000000000
122568  -48.556  22.073  7.992 0.0000000000
122575  -48.269  22.052  7.021 0.0000000000
122587  -37.128  22.278  5.092 0.0000000000
122589  -49.916  22.052  5.095 0.0000000000
122600  -37.342  22.220  3.088 0.0000000000
122601  -51.367  21.692  3.458 0.0000000000
122617  -38.288  22.173  0.769 0.0000000000
122633  -39.283  22.442  -0.980 0.0000000000
122659  -41.205  22.452  -3.683 0.0000000000
122660  -41.798  22.113  -3.983 0.0000000000
122661  -42.451  21.830  -4.198 0.0000000000
122662  -43.158  21.630  -4.417 0.0000000000
122671  -44.543  21.639  -5.271 0.0000000000
122683  -47.182  21.645  -6.202 0.0000000000
122698  -52.536  21.971  -7.682 0.0000000000
122712  -52.056  22.099  -8.185 0.0000000000
122713  -52.980  21.735  -8.539 0.0000000000
122726  -51.611  22.104  -8.781 0.0000000000
122728  -52.644  21.752  -9.030 0.0000000000
122737  -51.394  21.871  -10.028 0.0000000000
122747  -50.071  22.034  -10.394 0.0000000000
122749  -51.156  21.625  -10.596 0.0000000000
122759  -50.116  21.633  -11.608 0.0000000000
122771  -49.037  21.680  -12.647 0.0000000000
122803  -46.634  21.521  -15.634 0.0000000000
122815  -44.715  22.662  -17.045 0.0000000000
123370  -42.001  22.425  16.489 0.0000000000
123371  -42.682  22.465  16.419 0.0000000000
123430  -38.931  22.875  9.583 0.0000000000
123449  -37.464  22.657  7.113 0.0000000000
123454  -52.377  23.433  7.606 0.0000000000
123456  -53.378  23.685  6.609 0.0000000000
123460  -50.375  23.062  6.839 0.0000000000
123470  -52.575  23.682  5.066 0.0000000000
123474  -37.186  23.218  3.815 0.0000000000
123482  -54.456  23.502  3.786 0.0000000000
123489  -38.039  23.349  1.309 0.0000000000
123509  -39.945  23.023  -2.084 0.0000000000
123522  -40.744  22.920  -3.280 0.0000000000
123637  -44.393  22.954  -17.034 0.0000000000
124276  -42.289  23.119  16.561 0.0000000000
124284  -40.933  23.622  15.955 0.0000000000
124320  -42.826  23.688  12.264 0.0000000000
124340  -42.355  24.206  10.723 0.0000000000
124346  -40.555  24.085  9.605 0.0000000000
124349  -39.080  23.673  8.614 0.0000000000
124356  -38.256  23.521  7.556 0.0000000000
124357  -38.657  24.064  7.168 0.0000000000
124367  -52.510  23.645  7.303 0.0000000000
124368  -52.950  23.741  6.866 0.0000000000
124373  -53.151  23.867  6.344 0.0000000000
124374  -53.836  23.793  6.000 0.0000000000
124378  -37.555  24.110  4.663 0.0000000000
124379  -52.652  23.864  5.824 0.0000000000
124387  -37.725  24.073  2.856 0.0000000000
124407  -39.202  23.719  -1.084 0.0000000000
124421  -40.139  24.359  -3.104 0.0000000000
124446  -41.771  23.519  -6.858 0.0000000000
124458  -42.169  23.993  -8.997 0.0000000000
124485  -43.482  23.814  -12.164 0.0000000000
124492  -43.716  24.410  -13.533 0.0000000000
124514  -44.200  23.627  -16.981 0.0000000000
125151  -43.564  24.718  10.505 0.0000000000
125162  -40.373  24.782  8.346 0.0000000000
125167  -39.925  25.041  7.121 0.0000000000
125181  -38.213  24.415  5.792 0.0000000000
125182  -38.676  24.937  5.492 0.0000000000
125191  -38.279  24.670  2.670 0.0000000000
125193  -39.492  25.208  1.793 0.0000000000
125203  -46.339  25.075  1.150 0.0000000000
125207  -44.190  24.812  0.724 0.0000000000
125214  -39.640  24.832  -0.376 0.0000000000
125215  -45.110  25.002  -0.247 0.0000000000
125227  -39.479  24.354  -1.424 0.0000000000
125228  -47.027  24.804  -0.459 0.0000000000
125236  -39.962  24.689  -2.402 0.0000000000
125243  -40.394  24.997  -3.490 0.0000000000
125254  -40.838  24.856  -5.150 0.0000000000
125259  -41.034  24.699  -6.356 0.0000000000
125273  -41.262  24.745  -7.427 0.0000000000
125278  -41.779  24.756  -8.769 0.0000000000
125924  -44.017  25.140  10.008 0.0000000000
125937  -41.767  25.401  8.102 0.0000000000
125942  -40.555  25.414  6.719 0.0000000000
125946  -43.172  25.874  7.807 0.0000000000
125962  -39.208  25.340  5.152 0.0000000000
125963  -39.858  25.524  4.835 0.0000000000
125981  -39.364  25.395  2.948 0.0000000000
125985  -45.184  25.604  2.095 0.0000000000
125996  -40.542  25.517  0.252 0.0000000000
125999  -43.513  25.093  0.167 0.0000000000
126029  -48.653  25.031  -0.612 0.0000000000
126038  -40.700  25.779  -2.600 0.0000000000
126088  -42.313  25.743  -10.370 0.0000000000
126711  -45.814  26.277  9.371 0.0000000000
126721  -43.801  26.317  7.480 0.0000000000
126724  -42.959  26.195  6.429 0.0000000000
126739  -43.816  26.400  5.064 0.0000000000
126740  -44.552  26.789  4.555 0.0000000000
126785  -45.620  26.094  -2.028 0.0000000000
126788  -48.097  26.049  -2.479 0.0000000000
126800  -45.474  26.621  -2.674 0.0000000000
126812  -41.252  26.345  -4.324 0.0000000000
126813  -41.877  26.740  -4.006 0.0000000000
126818  -41.209  26.220  -4.984 0.0000000000
126824  -41.166  26.024  -5.656 0.0000000000
126853  -41.885  26.038  -9.094 0.0000000000
127580  -48.129  26.593  0.497 0.0000000000
127606  -54.002  27.897  -1.779 0.0000000000
127612  -54.016  27.718  -2.621 0.0000000000
127628  -42.589  27.158  -3.994 0.0000000000
127638  -53.447  27.315  -3.805 0.0000000000
127649  -48.580  27.845  -4.918 0.0000000000
127663  -42.598  27.355  -5.661 0.0000000000
127664  -43.331  27.706  -6.093 0.0000000000
127678  -42.406  27.197  -7.148 0.0000000000
128492  -53.521  27.975  0.048 0.0000000000
128522  -54.266  27.921  -3.821 0.0000000000
128537  -53.871  27.606  -5.391 0.0000000000
128545  -45.317  28.219  -6.209 0.0000000000
128547  -47.847  28.285  -6.294 0.0000000000
128548  -48.499  28.304  -6.603 0.0000000000
128580  -49.041  28.489  -7.705 0.0000000000
128585  -53.735  28.672  -7.375 0.0000000000
128593  -44.488  28.273  -8.802 0.0000000000
128599  -51.055  28.802  -8.173 0.0000000000
128622  -48.508  29.002  -10.804 0.0000000000
128664  -47.191  28.991  -14.292 0.0000000000
128677  -45.334  27.948  -15.770 0.0000000000
129435  -54.225  28.569  -3.310 0.0000000000
129455  -53.965  28.964  -6.934 0.0000000000
129464  -53.438  28.966  -7.810 0.0000000000
129482  -52.543  29.613  -9.793 0.0000000000
129488  -41.182  29.541  -10.146 0.0000000000
129492  -50.841  29.275  -10.976 0.0000000000
129493  -51.515  29.606  -11.108 0.0000000000
129494  -51.660  29.707  -10.966 0.0000000000
129503  -48.581  29.122  -12.180 0.0000000000
129504  -50.943  29.578  -11.741 0.0000000000
129518  -50.012  29.724  -12.788 0.0000000000
129519  -50.601  29.717  -12.133 0.0000000000
129532  -49.185  29.692  -13.621 0.0000000000
129542  -46.007  29.143  -15.064 0.0000000000
129545  -48.192  29.711  -14.053 0.0000000000
130277  -53.732  29.549  -6.700 0.0000000000
130295  -53.336  29.727  -7.952 0.0000000000
130323  -51.500  30.008  -10.904 0.0000000000
130332  -50.756  30.018  -11.762 0.0000000000
130343  -49.583  30.099  -13.085 0.0000000000
130354  -48.385  29.970  -13.763 0.0000000000
131081  -41.347  31.536  -4.123 0.0000000000
131110  -42.634  31.095  -5.596 0.0000000000
131115  -46.968  31.077  -6.267 0.0000000000
131153  -44.917  31.294  -8.340 0.0000000000
131172  -51.466  30.298  -10.339 0.0000000000
131179  -43.275  31.455  -10.798 0.0000000000
131998  -42.189  31.840  -10.028 0.0000000000
132745  -39.643  33.313  -8.472 0.0000000000
160783  -45.095  25.498  -1.000 0.0000000000
160923  -44.748  10.945  9.031 0.0000000000
161464  -45.737  28.318  -7.502 0.0000000000
161529  -48.326  30.897  -11.012 0.0000000000
161532  -48.159  30.941  -9.132 0.0000000000
161533  -47.423  30.993  -9.055 0.0000000000
161572  -47.351  22.104  -11.228 0.0000000000
161579  -45.776  18.189  0.625 0.0000000000
161581  -43.930  18.307  1.102 0.0000000000
161873  -47.924  22.185  -8.286 0.0000000000
161942  -40.340  25.513  -0.936 0.0000000000
161945  -43.773  20.216  7.076 0.0000000000
162078  -41.596  25.555  3.491 0.0000000000
162651  -42.856  25.294  2.476 0.0000000000
163121  -47.888  18.512  1.775 0.0000000000
163226  -39.041  20.357  1.609 0.0000000000
163286  -48.784  18.365  0.568 0.0000000000
163756  -50.474  22.086  4.704 0.0000000000
164404  -39.927  25.437  2.425 0.0000000000
164700  -37.222  22.409  6.448 0.0000000000
164713  -38.924  24.500  6.796 0.0000000000
165031  -46.627  18.428  -0.790 0.0000000000
165063  -46.575  18.268  1.753 0.0000000000
165411  -51.266  21.139  2.918 0.0000000000
165715  -41.372  25.430  2.091 0.0000000000
166096  -41.900  23.659  -7.619 0.0000000000
166855  -44.970  28.334  -11.009 0.0000000000
167397  -37.822  23.840  6.106 0.0000000000
169493  -37.790  21.195  2.964 0.0000000000
170211  -54.232  28.578  -2.513 0.0000000000
171299  -38.187  21.246  1.745 0.0000000000
171401  -39.198  20.495  11.730 0.0000000000
172287  -42.238  24.948  9.238 0.0000000000
172610  -53.189  29.620  -8.596 0.0000000000
173399  -45.059  27.952  -5.073 0.0000000000
174580  -47.174  21.128  5.656 0.0000000000
174930  -49.535  20.280  3.204 0.0000000000
175131  -39.679  24.333  -1.968 0.0000000000
175720  -53.559  21.475  -6.898 0.0000000000
175798  -47.088  17.102  6.041 0.0000000000
176103  -47.535  29.144  -13.413 0.0000000000
177093  -49.830  20.966  -12.549 0.0000000000
177773  -47.127  24.818  0.462 0.0000000000
178030  -47.949  13.082  7.118 0.0000000000
178433  -40.977  20.239  -0.394 0.0000000000
179138  -42.602  26.511  -2.174 0.0000000000
179277  -37.869  22.831  7.829 0.0000000000
179741  -46.788  15.090  5.567 0.0000000000
180013  -45.963  27.510  5.370 0.0000000000
180197  -50.871  30.682  -9.524 0.0000000000
180401  -44.350  28.209  -10.772 0.0000000000
180903  -38.543  23.492  0.261 0.0000000000
181679  -42.859  26.215  -1.454 0.0000000000
182097  -48.560  19.447  -12.441 0.0000000000
183039  -37.358  23.540  3.235 0.0000000000
183458  -52.319  22.767  3.866 0.0000000000
183597  -43.454  31.683  -10.521 0.0000000000
183917  -52.372  19.254  -6.344 0.0000000000
184259  -39.040  21.032  0.599 0.0000000000
184320  -52.869  21.096  1.741 0.0000000000
184336  -44.372  19.983  -2.564 0.0000000000
184621  -40.771  25.231  -4.679 0.0000000000
184752  -52.941  28.286  -7.035 0.0000000000
184853  -37.228  21.764  5.336 0.0000000000
184944  -38.678  24.310  0.938 0.0000000000
185000  -40.750  25.808  -1.927 0.0000000000
185174  -46.533  27.358  -4.020 0.0000000000
185340  -42.394  23.215  -7.750 0.0000000000
185508  -40.915  25.952  -3.980 0.0000000000
186211  -49.976  26.959  -3.523 0.0000000000
186802  -44.462  24.875  1.435 0.0000000000
188970  -48.740  19.962  9.353 0.0000000000
188976  -51.159  20.721  2.495 0.0000000000
189563  -39.082  21.569  15.548 0.0000000000
189668  -53.908  28.638  -7.086 0.0000000000
189698  -38.428  20.263  9.741 0.0000000000
189897  -48.084  21.911  6.311 0.0000000000
190089  -48.941  22.066  5.913 0.0000000000
190556  -41.676  23.396  -6.245 0.0000000000
190561  -49.265  30.489  -12.460 0.0000000000
190650  -50.024  26.213  0.920 0.0000000000
190662  -42.592  27.319  -5.074 0.0000000000
190798  -45.570  19.265  -2.043 0.0000000000
190912  -47.541  18.980  -2.495 0.0000000000
190937  -46.415  19.398  3.880 0.0000000000
191980  -47.923  18.618  -1.989 0.0000000000
191983  -49.709  18.873  -9.910 0.0000000000
192011  -43.689  22.972  -9.953 0.0000000000
192032  -47.226  28.265  -6.150 0.0000000000
192574  -38.470  20.385  3.368 0.0000000000
192634  -48.335  25.622  -1.940 0.0000000000
192666  -42.041  19.047  8.517 0.0000000000
193161  -49.686  22.238  5.597 0.0000000000
193690  -46.904  18.234  0.626 0.0000000000
193880  -44.130  26.512  7.076 0.0000000000
194229  -47.646  29.734  -14.192 0.0000000000
