#!ascii label  , from subject sub-v2s2x29078_ses-1 vox2ras=TkReg
1071
70478  -43.227  -9.237  22.847 0.0000000000
62076  -26.805  -15.499  27.429 0.0000000000
69356  -33.742  -10.557  23.368 0.0000000000
88411  -45.281  5.779  4.162 0.0000000000
148770  -50.341  7.087  -1.897 0.0000000000
61984  -19.171  -15.614  31.742 0.0000000000
86433  -43.137  3.693  7.343 0.0000000000
140241  -44.892  -6.388  20.903 0.0000000000
68223  -38.027  -11.153  22.675 0.0000000000
63206  -22.907  -14.369  29.033 0.0000000000
59720  -23.441  -16.904  32.260 0.0000000000
70489  -39.656  -9.329  21.211 0.0000000000
72777  -41.134  -7.807  20.719 0.0000000000
63304  -32.140  -14.805  24.725 0.0000000000
142038  -35.295  -7.593  23.202 0.0000000000
77092  -41.051  -4.031  9.985 0.0000000000
80253  -43.726  -0.894  8.043 0.0000000000
83392  -45.671  1.038  5.341 0.0000000000
54505  -16.241  -22.171  35.169 0.0000000000
52240  -12.256  -23.864  37.958 0.0000000000
157177  -39.560  -6.004  19.456 0.0000000000
74947  -38.166  -6.174  16.749 0.0000000000
140143  -38.622  -5.543  12.557 0.0000000000
56667  -19.918  -20.518  32.928 0.0000000000
62019  -27.189  -16.059  29.466 0.0000000000
134333  -30.002  -15.601  29.456 0.0000000000
69358  -40.985  -10.383  23.372 0.0000000000
65650  -25.546  -12.568  27.418 0.0000000000
63222  -24.731  -14.748  28.103 0.0000000000
62017  -24.696  -16.455  29.877 0.0000000000
72740  -39.346  -7.940  24.131 0.0000000000
71636  -37.474  -8.913  22.081 0.0000000000
80231  -40.011  -1.820  9.385 0.0000000000
79148  -42.351  -2.473  8.768 0.0000000000
81311  -41.446  -0.589  8.354 0.0000000000
84439  -43.391  2.550  5.818 0.0000000000
85468  -44.531  3.163  3.500 0.0000000000
84465  -47.222  2.364  3.997 0.0000000000
86484  -46.177  4.147  1.817 0.0000000000
87461  -47.932  5.061  1.154 0.0000000000
75980  -40.090  -5.092  22.118 0.0000000000
74886  -40.189  -5.980  20.679 0.0000000000
75989  -38.191  -5.168  21.249 0.0000000000
144332  -35.666  -5.326  17.882 0.0000000000
157134  -35.770  -4.291  15.223 0.0000000000
74975  -38.062  -5.944  14.757 0.0000000000
77059  -36.776  -3.914  13.607 0.0000000000
78063  -37.983  -3.284  11.882 0.0000000000
66957  -32.172  -12.148  23.675 0.0000000000
57662  -17.681  -19.788  33.094 0.0000000000
58670  -19.521  -18.679  31.346 0.0000000000
50096  -13.233  -26.086  39.354 0.0000000000
47809  -11.135  -28.202  40.285 0.0000000000
85404  -42.217  2.876  9.323 0.0000000000
156853  -43.875  -4.568  20.402 0.0000000000
68235  -35.715  -10.959  22.255 0.0000000000
136123  -20.860  -14.974  30.120 0.0000000000
59727  -21.179  -17.612  30.416 0.0000000000
60826  -22.708  -16.390  29.984 0.0000000000
89398  -52.165  6.336  -2.644 0.0000000000
69408  -41.564  -10.197  20.125 0.0000000000
70511  -42.389  -9.263  19.721 0.0000000000
71654  -41.315  -8.181  20.657 0.0000000000
63286  -27.837  -14.023  25.886 0.0000000000
62094  -29.300  -15.399  26.436 0.0000000000
65705  -29.491  -13.426  24.941 0.0000000000
68215  -30.472  -11.055  23.643 0.0000000000
71629  -31.008  -8.736  21.968 0.0000000000
73826  -32.862  -6.126  24.012 0.0000000000
71648  -33.930  -8.919  21.343 0.0000000000
148306  -36.131  -9.859  20.958 0.0000000000
69405  -39.049  -10.081  20.946 0.0000000000
76112  -42.867  -5.239  11.768 0.0000000000
83365  -42.741  1.064  7.475 0.0000000000
82352  -44.519  0.556  6.623 0.0000000000
87471  -49.185  5.276  0.597 0.0000000000
53432  -14.483  -23.026  36.929 0.0000000000
136806  -15.234  -24.055  38.785 0.0000000000
154694  -42.858  -7.566  19.317 0.0000000000
74901  -42.797  -5.952  19.398 0.0000000000
76011  -42.033  -5.334  18.637 0.0000000000
153738  -36.213  -5.466  20.289 0.0000000000
74925  -38.965  -5.980  18.458 0.0000000000
74928  -41.438  -5.554  17.600 0.0000000000
74951  -41.474  -5.426  16.466 0.0000000000
74979  -41.695  -5.450  14.983 0.0000000000
157515  -41.925  -5.635  13.590 0.0000000000
76119  -39.948  -4.994  11.001 0.0000000000
79133  -39.350  -2.669  10.722 0.0000000000
63209  -32.312  -15.033  28.604 0.0000000000
57648  -16.445  -19.653  35.142 0.0000000000
55574  -18.129  -21.715  33.699 0.0000000000
58662  -21.212  -19.070  32.157 0.0000000000
46762  -9.099  -28.883  41.937 0.0000000000
62036  -27.417  -16.089  28.519 0.0000000000
62021  -28.813  -15.706  29.770 0.0000000000
62057  -28.192  -15.946  28.151 0.0000000000
69378  -42.066  -10.035  23.194 0.0000000000
64436  -26.153  -13.737  26.826 0.0000000000
64434  -25.022  -13.115  27.644 0.0000000000
63224  -26.110  -15.235  27.589 0.0000000000
62055  -25.830  -15.843  28.224 0.0000000000
81295  -40.431  -0.140  10.116 0.0000000000
81310  -40.728  -0.799  8.785 0.0000000000
82313  -41.004  0.542  9.792 0.0000000000
88410  -44.905  5.286  4.631 0.0000000000
150672  -44.163  4.084  4.758 0.0000000000
87445  -44.702  4.429  3.554 0.0000000000
85482  -45.234  3.563  2.657 0.0000000000
87451  -45.326  4.921  2.628 0.0000000000
87452  -45.892  4.889  1.892 0.0000000000
136588  -39.565  -4.833  21.938 0.0000000000
77993  -35.445  -3.145  16.025 0.0000000000
77046  -36.280  -3.833  14.279 0.0000000000
79104  -36.336  -2.368  14.476 0.0000000000
79106  -37.320  -1.594  13.367 0.0000000000
149032  -32.740  -11.075  23.413 0.0000000000
68149  -32.942  -11.763  25.124 0.0000000000
68170  -33.260  -11.170  24.761 0.0000000000
59703  -19.094  -18.007  32.271 0.0000000000
60798  -19.496  -16.942  31.685 0.0000000000
88458  -50.202  5.486  -2.125 0.0000000000
48992  -12.118  -27.056  39.439 0.0000000000
73844  -45.494  -6.750  22.189 0.0000000000
74888  -44.556  -5.746  20.385 0.0000000000
68237  -37.275  -11.229  22.393 0.0000000000
134306  -38.448  -10.932  24.087 0.0000000000
65629  -22.615  -12.443  28.645 0.0000000000
65618  -21.085  -12.427  29.822 0.0000000000
65617  -20.501  -12.865  30.287 0.0000000000
64408  -21.403  -14.130  29.716 0.0000000000
62013  -21.408  -15.772  29.938 0.0000000000
63200  -22.574  -15.142  29.296 0.0000000000
61999  -25.961  -16.342  30.772 0.0000000000
61998  -25.254  -16.421  30.679 0.0000000000
69417  -40.443  -10.069  20.145 0.0000000000
70503  -41.247  -9.695  19.707 0.0000000000
71653  -40.473  -9.020  20.895 0.0000000000
65670  -28.462  -13.025  26.213 0.0000000000
64475  -28.468  -13.769  25.651 0.0000000000
66913  -29.523  -12.436  26.083 0.0000000000
69339  -30.082  -10.350  24.765 0.0000000000
150968  -29.916  -9.098  24.035 0.0000000000
69370  -30.384  -10.316  23.015 0.0000000000
72750  -30.300  -7.981  23.139 0.0000000000
72724  -34.719  -7.416  24.484 0.0000000000
72736  -34.095  -6.802  23.185 0.0000000000
72753  -33.229  -7.223  22.283 0.0000000000
72769  -34.609  -7.512  21.897 0.0000000000
71650  -35.496  -9.339  21.143 0.0000000000
151881  -35.934  -8.739  21.403 0.0000000000
70488  -38.692  -9.484  21.374 0.0000000000
70500  -38.239  -9.881  20.995 0.0000000000
70501  -39.218  -9.841  20.820 0.0000000000
69407  -40.586  -10.325  20.454 0.0000000000
76121  -41.757  -4.841  10.938 0.0000000000
76123  -43.303  -4.874  11.078 0.0000000000
77094  -42.518  -4.167  10.072 0.0000000000
79159  -42.779  -2.038  8.380 0.0000000000
79150  -44.149  -2.540  9.283 0.0000000000
85419  -42.720  3.275  8.452 0.0000000000
84419  -42.191  1.946  7.894 0.0000000000
84420  -42.589  2.531  7.289 0.0000000000
83391  -44.964  1.353  5.491 0.0000000000
82367  -44.063  1.081  6.380 0.0000000000
82369  -45.265  0.856  5.817 0.0000000000
81334  -46.004  -0.225  6.969 0.0000000000
87462  -48.727  5.016  1.166 0.0000000000
157675  -47.721  6.080  0.357 0.0000000000
88450  -48.750  6.213  -0.718 0.0000000000
54504  -15.499  -21.749  35.346 0.0000000000
54495  -14.748  -21.925  36.230 0.0000000000
53450  -15.450  -22.751  36.220 0.0000000000
52245  -16.351  -23.565  38.259 0.0000000000
51156  -15.423  -24.357  40.423 0.0000000000
71655  -41.917  -8.185  19.769 0.0000000000
72786  -42.956  -8.138  19.496 0.0000000000
72785  -42.427  -7.904  19.424 0.0000000000
74898  -40.062  -6.037  19.893 0.0000000000
74900  -42.210  -6.543  19.184 0.0000000000
138876  -41.519  -6.273  19.172 0.0000000000
74917  -42.263  -5.844  19.086 0.0000000000
74915  -41.313  -6.020  18.759 0.0000000000
76988  -35.648  -3.950  19.853 0.0000000000
137279  -37.414  -6.209  17.116 0.0000000000
74923  -37.223  -6.055  18.472 0.0000000000
133206  -38.574  -5.985  17.707 0.0000000000
134960  -40.716  -5.769  17.583 0.0000000000
134191  -40.341  -5.791  16.953 0.0000000000
74939  -41.479  -5.378  17.023 0.0000000000
74949  -40.081  -5.853  16.312 0.0000000000
74996  -39.111  -5.814  13.979 0.0000000000
74977  -39.782  -5.888  14.702 0.0000000000
74997  -39.887  -5.800  13.783 0.0000000000
74999  -41.807  -5.539  14.215 0.0000000000
153558  -41.071  -5.776  13.052 0.0000000000
75022  -41.186  -5.673  12.368 0.0000000000
142690  -39.609  -5.388  11.634 0.0000000000
80207  -38.681  -1.186  11.788 0.0000000000
79132  -38.896  -2.747  11.079 0.0000000000
80208  -39.200  -0.794  11.398 0.0000000000
62108  -30.929  -15.266  25.828 0.0000000000
62081  -30.912  -15.219  27.049 0.0000000000
63274  -32.245  -15.058  26.321 0.0000000000
56678  -18.601  -20.720  32.337 0.0000000000
56665  -17.883  -20.823  32.658 0.0000000000
55582  -19.457  -20.985  33.563 0.0000000000
59718  -22.117  -17.618  31.187 0.0000000000
58672  -21.660  -18.255  31.293 0.0000000000
59704  -22.221  -17.851  32.145 0.0000000000
62000  -27.217  -16.032  30.770 0.0000000000
62002  -28.993  -15.817  30.674 0.0000000000
62023  -30.355  -15.710  30.193 0.0000000000
149449  -31.182  -15.607  30.243 0.0000000000
68225  -39.490  -10.624  22.631 0.0000000000
68201  -39.084  -10.818  23.939 0.0000000000
66886  -24.300  -11.532  28.110 0.0000000000
65637  -24.304  -12.648  27.826 0.0000000000
63207  -23.629  -14.438  28.646 0.0000000000
148202  -23.378  -15.237  28.972 0.0000000000
62033  -24.825  -16.082  29.071 0.0000000000
139554  -26.433  -16.243  29.641 0.0000000000
71617  -39.313  -8.518  22.988 0.0000000000
71619  -40.370  -8.166  22.418 0.0000000000
72726  -36.290  -8.110  24.355 0.0000000000
134211  -36.751  -8.448  22.638 0.0000000000
71616  -38.382  -8.735  22.749 0.0000000000
79139  -40.300  -3.016  9.585 0.0000000000
78092  -41.696  -3.366  9.336 0.0000000000
79157  -40.957  -2.363  8.412 0.0000000000
80240  -41.120  -1.517  8.226 0.0000000000
80251  -42.458  -0.935  7.979 0.0000000000
85433  -43.223  3.542  6.620 0.0000000000
86452  -43.762  3.674  5.308 0.0000000000
84450  -44.004  2.605  4.683 0.0000000000
84451  -45.141  2.219  4.384 0.0000000000
84452  -46.519  1.661  4.492 0.0000000000
84463  -45.689  2.579  3.792 0.0000000000
85484  -46.928  3.205  3.034 0.0000000000
85493  -47.475  3.669  2.525 0.0000000000
86496  -46.728  4.520  1.421 0.0000000000
157012  -46.582  5.917  1.514 0.0000000000
54497  -18.360  -22.234  36.047 0.0000000000
53452  -17.068  -22.817  36.407 0.0000000000
53436  -18.240  -22.824  37.359 0.0000000000
74878  -40.162  -6.113  21.622 0.0000000000
73849  -40.574  -7.193  20.493 0.0000000000
74877  -40.192  -5.660  21.507 0.0000000000
74885  -39.660  -5.646  20.663 0.0000000000
74884  -38.743  -5.576  20.630 0.0000000000
159912  -35.507  -3.421  18.675 0.0000000000
77011  -35.335  -3.702  17.529 0.0000000000
76030  -35.510  -4.652  16.423 0.0000000000
74957  -36.525  -5.646  15.916 0.0000000000
135723  -38.619  -6.070  15.584 0.0000000000
74974  -37.209  -5.703  14.788 0.0000000000
74994  -37.489  -5.588  14.043 0.0000000000
76094  -37.626  -4.797  12.825 0.0000000000
77073  -38.185  -4.162  11.662 0.0000000000
78056  -37.591  -3.251  12.555 0.0000000000
138964  -32.739  -13.587  24.169 0.0000000000
156860  -33.322  -14.464  25.923 0.0000000000
65692  -33.348  -13.233  25.416 0.0000000000
58661  -18.886  -19.087  31.959 0.0000000000
157853  -19.858  -19.938  31.729 0.0000000000
50125  -12.368  -25.268  38.174 0.0000000000
51177  -11.427  -24.567  38.291 0.0000000000
50109  -11.966  -25.955  38.405 0.0000000000
48991  -10.436  -26.720  38.925 0.0000000000
47820  -9.301  -27.697  40.022 0.0000000000
152652  -42.562  -3.834  20.201 0.0000000000
69375  -34.252  -10.414  22.788 0.0000000000
69341  -34.549  -10.444  24.536 0.0000000000
64381  -19.873  -13.128  31.865 0.0000000000
63190  -19.902  -14.827  30.602 0.0000000000
60811  -20.063  -16.845  30.884 0.0000000000
61996  -20.597  -15.677  30.350 0.0000000000
60825  -21.898  -16.567  30.024 0.0000000000
60799  -23.246  -16.726  31.415 0.0000000000
62016  -23.927  -16.406  29.970 0.0000000000
60815  -23.803  -16.553  30.846 0.0000000000
60785  -24.164  -16.919  32.448 0.0000000000
90319  -51.194  7.113  -2.133 0.0000000000
69393  -42.089  -9.966  21.623 0.0000000000
157933  -42.942  -9.179  21.382 0.0000000000
70504  -42.003  -9.785  19.897 0.0000000000
71660  -41.777  -8.922  19.705 0.0000000000
72757  -40.262  -7.886  22.245 0.0000000000
143042  -39.770  -7.324  22.031 0.0000000000
73842  -40.045  -7.209  21.351 0.0000000000
75981  -40.186  -5.290  22.289 0.0000000000
63270  -26.976  -14.474  26.393 0.0000000000
62078  -28.402  -15.817  27.293 0.0000000000
63272  -28.175  -14.828  26.084 0.0000000000
63288  -29.241  -14.657  25.366 0.0000000000
64488  -30.404  -13.941  24.286 0.0000000000
66942  -29.996  -12.243  24.959 0.0000000000
66954  -30.471  -12.415  24.158 0.0000000000
155010  -30.903  -13.045  23.844 0.0000000000
66956  -31.479  -11.905  23.243 0.0000000000
68217  -31.557  -11.103  22.852 0.0000000000
69373  -32.553  -10.217  22.503 0.0000000000
73812  -31.324  -6.085  24.394 0.0000000000
140105  -31.538  -7.427  22.509 0.0000000000
71631  -32.609  -8.612  21.557 0.0000000000
70486  -33.577  -9.684  21.845 0.0000000000
69401  -34.749  -10.057  21.459 0.0000000000
69402  -36.025  -10.372  21.199 0.0000000000
68250  -37.285  -10.582  21.295 0.0000000000
71652  -37.091  -9.362  21.369 0.0000000000
146952  -37.543  -10.099  21.052 0.0000000000
68239  -38.554  -10.761  21.645 0.0000000000
69376  -40.079  -10.517  21.930 0.0000000000
69391  -40.707  -10.471  21.114 0.0000000000
65668  -26.690  -13.253  26.641 0.0000000000
78093  -43.461  -3.121  9.556 0.0000000000
83348  -41.835  1.842  9.366 0.0000000000
83364  -42.318  1.161  8.026 0.0000000000
82339  -43.189  0.366  7.453 0.0000000000
83389  -43.084  1.575  6.730 0.0000000000
82351  -43.802  0.624  6.947 0.0000000000
81322  -44.087  -0.412  7.637 0.0000000000
81324  -45.590  -0.614  7.360 0.0000000000
87472  -49.695  5.296  -0.088 0.0000000000
89379  -49.176  6.497  -1.267 0.0000000000
90305  -49.548  7.362  -1.612 0.0000000000
54489  -13.642  -22.363  37.176 0.0000000000
52248  -13.580  -23.411  37.484 0.0000000000
52251  -16.029  -23.355  37.507 0.0000000000
52243  -14.703  -23.807  37.984 0.0000000000
51180  -13.568  -24.492  38.206 0.0000000000
51167  -13.971  -24.931  38.966 0.0000000000
71656  -43.275  -8.651  20.837 0.0000000000
72779  -43.866  -7.810  20.753 0.0000000000
150582  -43.980  -7.111  20.427 0.0000000000
73857  -42.202  -7.245  19.319 0.0000000000
73858  -43.013  -6.799  19.376 0.0000000000
74903  -43.997  -6.009  20.119 0.0000000000
76003  -43.895  -5.202  20.063 0.0000000000
76002  -43.089  -5.211  19.767 0.0000000000
151662  -42.101  -4.322  19.067 0.0000000000
75988  -37.220  -5.174  21.224 0.0000000000
74896  -38.395  -5.889  19.939 0.0000000000
74909  -35.704  -5.492  19.062 0.0000000000
158864  -37.630  -6.104  18.985 0.0000000000
74913  -38.951  -5.987  19.346 0.0000000000
74927  -41.022  -5.863  18.220 0.0000000000
151682  -41.674  -5.633  18.276 0.0000000000
74960  -39.969  -5.910  15.578 0.0000000000
74961  -41.386  -5.539  15.769 0.0000000000
75024  -42.482  -5.462  12.248 0.0000000000
76110  -41.393  -5.388  11.584 0.0000000000
77084  -41.018  -4.415  10.436 0.0000000000
77074  -38.757  -4.236  11.052 0.0000000000
78073  -39.753  -3.550  10.361 0.0000000000
78081  -40.163  -3.378  9.943 0.0000000000
146309  -39.795  -1.937  10.401 0.0000000000
81289  -39.883  -0.550  10.911 0.0000000000
62079  -29.728  -15.537  27.620 0.0000000000
149223  -31.146  -15.349  28.991 0.0000000000
133841  -33.149  -14.746  27.590 0.0000000000
55565  -16.046  -20.991  34.730 0.0000000000
57661  -17.143  -19.739  33.791 0.0000000000
55573  -17.142  -21.574  33.575 0.0000000000
54512  -17.109  -22.051  34.374 0.0000000000
54507  -18.860  -21.855  35.532 0.0000000000
59726  -20.501  -17.754  30.582 0.0000000000
57690  -20.732  -19.281  31.414 0.0000000000
57675  -20.987  -19.498  32.749 0.0000000000
47786  -11.360  -28.079  42.578 0.0000000000
46774  -10.536  -28.476  40.967 0.0000000000
47808  -8.511  -27.864  41.225 0.0000000000
157864  -27.059  -16.090  27.822 0.0000000000
157183  -28.094  -15.922  28.750 0.0000000000
62077  -27.547  -15.877  27.476 0.0000000000
70477  -42.485  -9.720  22.466 0.0000000000
63250  -26.446  -14.636  26.823 0.0000000000
63249  -25.701  -14.440  27.223 0.0000000000
62056  -26.591  -16.035  28.026 0.0000000000
82305  -40.739  0.494  10.633 0.0000000000
155434  -41.268  0.964  10.380 0.0000000000
87437  -44.570  4.593  4.292 0.0000000000
87438  -44.955  5.132  3.873 0.0000000000
150262  -45.028  4.884  3.257 0.0000000000
88417  -45.323  5.656  3.309 0.0000000000
68219  -33.030  -10.582  23.116 0.0000000000
69340  -33.827  -10.687  24.241 0.0000000000
60784  -19.175  -16.148  32.405 0.0000000000
138084  -19.426  -16.256  31.493 0.0000000000
89384  -49.846  6.317  -1.860 0.0000000000
89396  -50.543  6.170  -2.372 0.0000000000
74879  -45.469  -6.191  21.481 0.0000000000
151160  -45.190  -5.519  20.911 0.0000000000
133100  -38.057  -11.055  23.486 0.0000000000
68200  -38.577  -10.967  23.291 0.0000000000
64413  -22.339  -13.468  28.950 0.0000000000
65628  -21.846  -12.511  29.134 0.0000000000
65627  -21.568  -13.448  29.346 0.0000000000
63199  -22.142  -14.298  29.384 0.0000000000
142922  -39.999  -9.738  20.452 0.0000000000
70502  -40.670  -9.592  20.126 0.0000000000
155033  -28.928  -13.172  25.629 0.0000000000
71591  -30.068  -8.282  25.250 0.0000000000
137580  -29.978  -9.056  24.804 0.0000000000
71600  -29.965  -8.453  24.291 0.0000000000
71611  -30.009  -8.764  23.343 0.0000000000
149385  -30.349  -7.462  23.794 0.0000000000
151648  -35.179  -7.635  23.955 0.0000000000
72737  -34.662  -7.278  23.607 0.0000000000
72754  -34.042  -6.941  22.319 0.0000000000
72755  -34.762  -7.077  22.666 0.0000000000
71634  -35.202  -8.331  21.505 0.0000000000
71613  -35.371  -7.683  22.279 0.0000000000
77093  -41.771  -4.229  10.205 0.0000000000
77085  -42.514  -4.617  10.585 0.0000000000
80242  -43.279  -1.512  8.204 0.0000000000
79160  -43.665  -2.000  8.618 0.0000000000
80254  -44.485  -0.949  7.952 0.0000000000
86413  -43.129  3.705  8.046 0.0000000000
85426  -42.751  3.215  7.713 0.0000000000
82370  -45.919  0.621  6.012 0.0000000000
89377  -47.596  6.759  0.264 0.0000000000
53463  -15.892  -22.482  35.677 0.0000000000
72778  -41.620  -7.579  19.783 0.0000000000
145747  -40.765  -6.155  19.345 0.0000000000
150821  -38.226  -6.128  17.270 0.0000000000
74936  -38.775  -5.950  17.088 0.0000000000
74937  -39.517  -5.833  17.538 0.0000000000
133099  -39.411  -5.872  16.759 0.0000000000
74948  -38.742  -6.074  16.442 0.0000000000
75008  -38.519  -5.679  13.322 0.0000000000
75009  -39.244  -5.707  13.187 0.0000000000
75011  -40.581  -5.805  13.427 0.0000000000
75010  -39.948  -5.714  12.975 0.0000000000
76097  -39.996  -5.588  12.267 0.0000000000
76096  -39.347  -5.580  12.381 0.0000000000
63303  -31.290  -14.757  24.675 0.0000000000
62097  -31.356  -15.257  26.362 0.0000000000
63291  -31.700  -15.223  25.424 0.0000000000
56666  -19.363  -20.359  32.096 0.0000000000
55588  -19.156  -20.860  32.691 0.0000000000
56651  -20.235  -20.566  34.061 0.0000000000
59719  -22.766  -17.169  31.832 0.0000000000
59705  -23.009  -17.392  32.632 0.0000000000
53416  -12.389  -23.064  37.879 0.0000000000
53414  -11.297  -23.397  38.288 0.0000000000
72758  -45.009  -7.434  22.208 0.0000000000
140714  -27.654  -15.891  30.158 0.0000000000
62001  -28.101  -15.911  30.965 0.0000000000
62020  -28.326  -15.792  30.195 0.0000000000
134334  -29.325  -15.663  29.369 0.0000000000
62022  -29.551  -15.723  30.057 0.0000000000
62039  -30.762  -15.521  29.548 0.0000000000
68226  -40.261  -10.498  22.976 0.0000000000
68203  -40.430  -10.586  23.929 0.0000000000
66896  -25.803  -11.717  27.476 0.0000000000
65638  -25.001  -11.949  27.588 0.0000000000
64421  -25.122  -14.156  27.642 0.0000000000
64420  -24.558  -13.814  28.007 0.0000000000
64419  -23.904  -13.565  28.289 0.0000000000
63221  -24.202  -14.426  28.315 0.0000000000
63208  -24.212  -15.263  28.600 0.0000000000
62054  -25.065  -15.563  28.427 0.0000000000
62035  -26.526  -16.275  28.804 0.0000000000
62034  -25.678  -16.252  28.963 0.0000000000
156630  -27.013  -16.079  30.118 0.0000000000
72741  -39.688  -8.086  23.454 0.0000000000
72739  -36.454  -8.301  23.592 0.0000000000
71594  -38.574  -8.282  24.439 0.0000000000
71603  -38.942  -8.415  23.619 0.0000000000
79145  -40.038  -2.296  9.826 0.0000000000
79146  -40.385  -2.562  9.028 0.0000000000
82326  -41.187  0.060  8.991 0.0000000000
80241  -41.899  -1.267  8.019 0.0000000000
81319  -42.133  -0.403  8.024 0.0000000000
86445  -43.720  4.060  6.101 0.0000000000
150600  -44.066  4.281  5.457 0.0000000000
85467  -44.309  3.744  3.796 0.0000000000
85457  -43.941  3.322  4.584 0.0000000000
133906  -44.253  2.951  4.034 0.0000000000
150772  -44.498  2.477  4.341 0.0000000000
84462  -44.781  2.654  3.776 0.0000000000
85491  -45.781  3.640  2.267 0.0000000000
85483  -45.902  3.150  2.896 0.0000000000
85492  -46.504  3.580  2.332 0.0000000000
86485  -46.989  4.053  1.879 0.0000000000
152718  -46.026  6.348  2.423 0.0000000000
88432  -46.188  5.769  1.932 0.0000000000
75979  -38.621  -4.735  21.850 0.0000000000
75991  -39.988  -5.339  21.369 0.0000000000
75990  -39.210  -5.166  21.279 0.0000000000
77028  -35.587  -3.808  15.567 0.0000000000
77016  -35.375  -3.946  16.234 0.0000000000
76044  -35.593  -4.448  15.752 0.0000000000
76031  -36.037  -5.364  16.571 0.0000000000
155058  -35.877  -4.995  15.976 0.0000000000
74973  -36.669  -5.517  15.221 0.0000000000
76045  -36.081  -4.930  15.305 0.0000000000
76082  -36.533  -4.552  14.090 0.0000000000
76083  -37.100  -4.814  13.504 0.0000000000
77064  -37.277  -4.008  12.959 0.0000000000
78055  -37.132  -3.172  13.167 0.0000000000
79115  -37.587  -2.307  12.790 0.0000000000
65722  -32.330  -12.987  23.869 0.0000000000
64477  -33.198  -13.669  24.829 0.0000000000
66943  -32.727  -12.368  24.340 0.0000000000
66928  -33.135  -11.841  25.973 0.0000000000
57688  -19.403  -19.626  31.680 0.0000000000
50110  -12.764  -25.763  38.635 0.0000000000
48993  -12.460  -26.409  39.019 0.0000000000
47823  -11.685  -27.691  39.838 0.0000000000
47833  -11.293  -27.327  39.177 0.0000000000
47822  -10.808  -28.023  39.482 0.0000000000
47831  -9.885  -27.298  39.295 0.0000000000
47821  -9.991  -28.045  39.481 0.0000000000
75993  -44.503  -4.792  20.622 0.0000000000
75992  -43.777  -4.014  20.853 0.0000000000
76992  -43.218  -4.394  20.259 0.0000000000
68234  -34.957  -10.743  22.475 0.0000000000
68220  -35.459  -10.849  23.106 0.0000000000
64407  -20.633  -13.718  30.053 0.0000000000
64395  -19.974  -13.140  31.105 0.0000000000
144481  -20.207  -14.030  30.387 0.0000000000
63181  -19.629  -13.875  31.192 0.0000000000
62014  -22.245  -15.837  29.659 0.0000000000
60813  -22.430  -16.797  30.321 0.0000000000
60814  -23.055  -16.693  30.537 0.0000000000
145125  -23.996  -15.942  29.234 0.0000000000
60817  -24.985  -16.483  31.335 0.0000000000
61997  -24.529  -16.481  30.688 0.0000000000
60816  -24.389  -16.551  31.325 0.0000000000
60800  -23.953  -16.700  31.752 0.0000000000
69409  -42.103  -10.007  20.679 0.0000000000
146625  -41.136  -8.870  20.287 0.0000000000
72756  -39.800  -7.734  22.898 0.0000000000
139844  -39.626  -7.381  22.555 0.0000000000
147226  -39.875  -5.825  22.971 0.0000000000
139527  -39.941  -6.326  22.268 0.0000000000
64457  -27.256  -14.062  26.178 0.0000000000
63271  -27.497  -14.639  26.246 0.0000000000
64476  -29.007  -13.935  25.256 0.0000000000
64487  -29.714  -14.173  24.774 0.0000000000
145024  -29.974  -13.557  24.507 0.0000000000
148586  -30.225  -11.029  24.380 0.0000000000
68169  -30.191  -11.704  24.706 0.0000000000
68192  -30.420  -11.636  24.057 0.0000000000
66955  -31.166  -12.524  23.653 0.0000000000
68193  -30.806  -11.821  23.567 0.0000000000
141499  -30.552  -9.988  22.353 0.0000000000
69371  -30.973  -10.522  22.572 0.0000000000
69385  -31.092  -9.980  22.090 0.0000000000
69372  -31.709  -10.426  22.462 0.0000000000
70483  -31.367  -9.389  21.782 0.0000000000
134913  -33.513  -6.193  24.472 0.0000000000
73800  -33.879  -6.021  25.259 0.0000000000
73813  -32.742  -5.669  24.432 0.0000000000
74854  -31.960  -5.594  24.973 0.0000000000
133734  -32.134  -5.945  24.116 0.0000000000
73825  -31.620  -6.450  23.619 0.0000000000
73836  -31.957  -6.889  22.932 0.0000000000
71632  -33.445  -8.410  21.495 0.0000000000
72767  -32.922  -7.861  21.773 0.0000000000
70485  -33.240  -9.167  21.522 0.0000000000
69387  -32.868  -9.704  21.975 0.0000000000
69400  -34.112  -9.942  21.829 0.0000000000
70496  -34.178  -9.522  21.494 0.0000000000
146377  -35.410  -10.050  21.141 0.0000000000
68249  -36.598  -10.726  21.379 0.0000000000
69403  -36.749  -10.212  21.070 0.0000000000
141722  -36.596  -8.801  21.739 0.0000000000
70499  -37.490  -9.766  21.079 0.0000000000
69404  -38.264  -10.150  21.095 0.0000000000
68251  -38.003  -10.479  21.278 0.0000000000
68252  -38.604  -10.361  21.221 0.0000000000
68240  -39.303  -10.611  21.776 0.0000000000
68253  -39.226  -10.380  21.213 0.0000000000
137226  -41.112  -10.385  20.434 0.0000000000
69392  -41.493  -10.322  21.142 0.0000000000
65669  -27.329  -13.405  26.281 0.0000000000
138986  -27.096  -12.674  26.935 0.0000000000
64456  -26.776  -13.905  26.435 0.0000000000
76099  -43.722  -5.039  12.922 0.0000000000
77096  -43.972  -4.357  10.702 0.0000000000
77075  -44.180  -4.702  11.521 0.0000000000
79147  -41.590  -2.840  8.772 0.0000000000
139454  -42.473  -3.034  9.372 0.0000000000
139333  -42.000  2.119  9.972 0.0000000000
84406  -42.026  2.521  9.539 0.0000000000
156721  -42.408  1.491  7.631 0.0000000000
82338  -42.542  0.391  7.884 0.0000000000
84428  -42.989  2.755  6.486 0.0000000000
150676  -43.222  2.094  6.300 0.0000000000
81331  -43.758  0.066  7.371 0.0000000000
81332  -44.341  0.064  7.152 0.0000000000
81323  -44.818  -0.495  7.475 0.0000000000
81333  -45.161  0.013  6.931 0.0000000000
81335  -46.855  -0.406  7.090 0.0000000000
84453  -47.121  1.772  4.395 0.0000000000
86498  -48.323  4.523  1.726 0.0000000000
87470  -48.299  5.588  0.511 0.0000000000
89378  -48.532  6.842  -0.817 0.0000000000
53449  -14.688  -22.557  36.385 0.0000000000
54494  -14.254  -22.145  36.681 0.0000000000
53448  -14.122  -22.632  36.814 0.0000000000
53430  -13.211  -22.931  37.520 0.0000000000
53431  -13.845  -22.980  37.187 0.0000000000
53435  -17.386  -22.979  37.149 0.0000000000
53434  -16.571  -23.099  36.944 0.0000000000
53417  -16.876  -23.275  37.723 0.0000000000
148161  -15.924  -23.821  38.673 0.0000000000
52244  -15.558  -23.675  38.076 0.0000000000
52242  -13.799  -23.902  37.861 0.0000000000
51181  -14.325  -24.241  38.535 0.0000000000
51168  -14.729  -24.513  39.273 0.0000000000
51142  -14.889  -24.690  40.754 0.0000000000
70505  -42.605  -9.354  20.486 0.0000000000
71661  -42.833  -8.713  19.854 0.0000000000
71662  -43.341  -8.213  19.976 0.0000000000
72787  -43.435  -7.530  19.798 0.0000000000
74887  -40.378  -6.448  20.579 0.0000000000
73856  -41.266  -6.882  19.637 0.0000000000
73850  -43.720  -6.640  20.008 0.0000000000
74902  -43.437  -5.972  19.781 0.0000000000
74916  -41.862  -5.810  18.796 0.0000000000
76012  -42.472  -5.158  19.190 0.0000000000
135081  -36.270  -4.982  21.012 0.0000000000
76001  -36.877  -5.607  20.499 0.0000000000
74883  -37.803  -5.626  20.588 0.0000000000
74895  -37.499  -5.925  19.758 0.0000000000
76018  -35.530  -4.909  18.545 0.0000000000
76009  -35.623  -4.906  19.422 0.0000000000
74922  -35.807  -5.623  18.462 0.0000000000
74924  -38.095  -6.112  18.379 0.0000000000
74912  -38.245  -6.056  19.152 0.0000000000
159261  -39.507  -5.963  18.912 0.0000000000
74926  -39.988  -5.884  18.267 0.0000000000
144197  -41.840  -4.692  18.457 0.0000000000
76019  -41.532  -5.164  17.569 0.0000000000
133352  -39.301  -5.974  15.372 0.0000000000
74978  -40.796  -5.793  15.086 0.0000000000
76068  -42.804  -5.065  14.660 0.0000000000
75000  -42.485  -5.327  13.952 0.0000000000
76085  -43.093  -5.186  13.413 0.0000000000
75013  -42.389  -5.538  13.023 0.0000000000
76109  -40.504  -5.455  11.735 0.0000000000
76120  -40.820  -4.933  11.007 0.0000000000
78064  -38.477  -3.339  11.232 0.0000000000
78072  -39.090  -3.433  10.786 0.0000000000
139669  -39.836  -2.661  10.251 0.0000000000
62093  -28.634  -15.446  26.574 0.0000000000
147566  -29.113  -15.669  27.101 0.0000000000
136304  -29.637  -15.505  26.873 0.0000000000
63225  -31.217  -15.088  27.774 0.0000000000
62059  -30.855  -15.278  28.345 0.0000000000
62060  -31.539  -15.136  28.471 0.0000000000
62040  -31.791  -15.273  29.147 0.0000000000
62041  -32.475  -15.271  29.421 0.0000000000
63276  -33.558  -14.272  26.454 0.0000000000
152155  -33.161  -14.590  26.948 0.0000000000
63253  -33.726  -14.516  27.247 0.0000000000
69326  -34.584  -10.480  25.415 0.0000000000
56636  -16.049  -20.231  35.178 0.0000000000
56649  -16.314  -20.334  34.526 0.0000000000
58648  -17.956  -18.719  33.430 0.0000000000
154716  -17.520  -19.034  33.850 0.0000000000
55581  -17.717  -21.346  33.090 0.0000000000
56664  -17.203  -20.713  33.154 0.0000000000
54513  -17.801  -21.971  34.237 0.0000000000
54506  -17.934  -22.134  35.121 0.0000000000
55566  -18.538  -21.759  34.643 0.0000000000
60812  -20.762  -17.063  30.291 0.0000000000
140726  -21.644  -18.517  31.922 0.0000000000
58671  -21.155  -18.821  31.342 0.0000000000
56679  -20.501  -19.700  31.961 0.0000000000
152562  -51.881  6.848  -2.446 0.0000000000
46763  -9.989  -28.718  41.817 0.0000000000
46773  -9.668  -28.617  41.025 0.0000000000
46781  -9.384  -28.336  40.450 0.0000000000
46772  -8.667  -28.593  41.470 0.0000000000
157557  -28.032  -15.843  29.405 0.0000000000
62037  -28.708  -15.764  28.871 0.0000000000
62038  -29.612  -15.578  28.633 0.0000000000
69377  -41.491  -10.236  23.005 0.0000000000
64435  -25.589  -13.478  27.291 0.0000000000
63223  -25.382  -15.011  27.823 0.0000000000
72728  -39.235  -7.726  24.849 0.0000000000
81302  -40.108  -0.928  9.481 0.0000000000
145806  -40.670  -0.236  9.422 0.0000000000
156064  -44.626  3.969  3.314 0.0000000000
85469  -45.054  3.082  3.203 0.0000000000
86470  -44.957  4.179  2.901 0.0000000000
86483  -45.505  4.150  2.262 0.0000000000
88426  -45.712  5.701  2.509 0.0000000000
78029  -35.734  -3.206  15.268 0.0000000000
76065  -36.087  -4.431  14.692 0.0000000000
78030  -36.091  -3.164  14.636 0.0000000000
78047  -36.593  -2.992  13.882 0.0000000000
79114  -37.063  -2.406  13.380 0.0000000000
79105  -36.777  -1.952  13.880 0.0000000000
68195  -32.766  -11.550  24.038 0.0000000000
68150  -33.270  -11.293  25.755 0.0000000000
60783  -19.246  -17.066  32.520 0.0000000000
59716  -19.430  -17.698  31.732 0.0000000000
87494  -50.188  5.131  -1.463 0.0000000000
87495  -50.792  5.113  -1.945 0.0000000000
50081  -13.507  -26.155  40.227 0.0000000000
48983  -12.885  -26.684  39.805 0.0000000000
48970  -13.039  -26.659  40.715 0.0000000000
48969  -12.508  -27.113  41.233 0.0000000000
47810  -11.940  -27.778  40.744 0.0000000000
136327  -36.822  -11.236  22.841 0.0000000000
68221  -36.211  -11.088  22.932 0.0000000000
68199  -37.790  -10.953  24.076 0.0000000000
66873  -22.409  -11.665  29.274 0.0000000000
65619  -21.786  -11.799  29.715 0.0000000000
154810  -20.933  -13.374  29.769 0.0000000000
63198  -21.002  -14.423  29.947 0.0000000000
146940  -21.721  -14.962  29.720 0.0000000000
62015  -23.151  -15.940  29.525 0.0000000000
62018  -25.620  -16.402  29.926 0.0000000000
60818  -25.736  -16.388  31.366 0.0000000000
69418  -41.118  -10.143  19.959 0.0000000000
69419  -41.571  -9.988  19.711 0.0000000000
71640  -40.741  -8.258  21.579 0.0000000000
65690  -28.085  -13.399  25.985 0.0000000000
65691  -29.629  -12.722  25.261 0.0000000000
69325  -30.113  -10.348  25.456 0.0000000000
145779  -30.031  -9.747  25.200 0.0000000000
70457  -29.938  -9.695  24.367 0.0000000000
69355  -30.127  -10.343  23.927 0.0000000000
70466  -29.985  -9.616  23.489 0.0000000000
70475  -30.233  -9.506  22.658 0.0000000000
71612  -30.390  -8.752  22.490 0.0000000000
73814  -34.254  -6.931  24.919 0.0000000000
72723  -34.078  -6.948  24.136 0.0000000000
73827  -33.331  -6.537  23.595 0.0000000000
73837  -32.802  -6.807  22.894 0.0000000000
150427  -33.498  -6.796  22.843 0.0000000000
72768  -33.768  -7.607  21.791 0.0000000000
71633  -34.273  -8.270  21.491 0.0000000000
71649  -34.641  -9.041  21.252 0.0000000000
71637  -38.282  -9.132  21.964 0.0000000000
70487  -37.835  -9.455  21.410 0.0000000000
69406  -39.873  -10.222  20.650 0.0000000000
69416  -39.755  -10.075  20.541 0.0000000000
76122  -42.538  -5.055  11.141 0.0000000000
77095  -43.198  -4.385  10.249 0.0000000000
79149  -43.138  -2.439  9.092 0.0000000000
85418  -42.339  2.956  8.809 0.0000000000
84413  -42.059  2.377  8.812 0.0000000000
84414  -42.334  2.756  8.130 0.0000000000
134880  -42.547  1.718  7.194 0.0000000000
84440  -43.850  2.280  5.374 0.0000000000
158596  -43.633  2.010  5.889 0.0000000000
137835  -44.201  1.612  5.786 0.0000000000
82368  -44.681  0.984  6.060 0.0000000000
82353  -45.199  0.546  6.352 0.0000000000
139686  -45.731  0.242  6.593 0.0000000000
82354  -46.436  0.218  6.606 0.0000000000
134787  -47.547  5.628  0.820 0.0000000000
88442  -48.894  5.739  -0.134 0.0000000000
88441  -48.145  6.303  -0.242 0.0000000000
90297  -48.011  7.195  -0.310 0.0000000000
54503  -15.075  -21.670  35.791 0.0000000000
53462  -15.180  -22.202  35.883 0.0000000000
52233  -15.373  -24.222  39.659 0.0000000000
140211  -42.426  -8.686  19.578 0.0000000000
74899  -40.719  -6.287  19.874 0.0000000000
76000  -35.794  -4.956  20.237 0.0000000000
74933  -36.278  -5.817  17.390 0.0000000000
150682  -36.433  -5.877  18.193 0.0000000000
74934  -37.070  -6.070  17.764 0.0000000000
74935  -37.816  -6.168  17.746 0.0000000000
74938  -41.190  -5.637  17.020 0.0000000000
74950  -40.914  -5.685  16.413 0.0000000000
74995  -38.302  -5.806  14.026 0.0000000000
74976  -38.871  -5.934  14.751 0.0000000000
74998  -40.619  -5.808  14.217 0.0000000000
155520  -41.250  -5.706  14.448 0.0000000000
143973  -41.289  -5.776  13.725 0.0000000000
75012  -41.642  -5.717  13.021 0.0000000000
75021  -40.559  -5.702  12.640 0.0000000000
79125  -38.450  -2.414  11.640 0.0000000000
79126  -39.021  -1.963  11.167 0.0000000000
140423  -39.474  -1.746  10.797 0.0000000000
62107  -30.282  -15.206  25.794 0.0000000000
143418  -30.190  -15.399  26.963 0.0000000000
62096  -30.582  -15.320  26.383 0.0000000000
63252  -31.747  -14.996  27.174 0.0000000000
159123  -32.153  -14.875  27.532 0.0000000000
57673  -18.189  -20.252  32.397 0.0000000000
141227  -18.541  -21.244  33.052 0.0000000000
55575  -19.004  -21.405  34.112 0.0000000000
55576  -19.839  -21.026  34.617 0.0000000000
59728  -21.882  -17.298  30.396 0.0000000000
58681  -21.586  -17.897  30.714 0.0000000000
58663  -21.950  -18.478  32.683 0.0000000000
73843  -45.014  -6.958  21.533 0.0000000000
145835  -27.448  -16.120  31.565 0.0000000000
142787  -28.780  -15.958  31.421 0.0000000000
142989  -29.460  -15.934  31.454 0.0000000000
62003  -29.891  -15.829  30.830 0.0000000000
68224  -38.746  -10.945  22.417 0.0000000000
134186  -39.091  -10.768  23.175 0.0000000000
65636  -23.478  -12.424  28.201 0.0000000000
64414  -23.125  -13.478  28.596 0.0000000000
140877  -26.489  -16.203  30.452 0.0000000000
71638  -39.232  -8.923  22.158 0.0000000000
71639  -40.221  -8.575  21.918 0.0000000000
71618  -39.930  -8.309  22.721 0.0000000000
72725  -35.522  -7.733  24.634 0.0000000000
72738  -35.766  -7.975  23.791 0.0000000000
71614  -35.912  -8.129  22.922 0.0000000000
71615  -37.548  -8.616  22.902 0.0000000000
71602  -38.024  -8.531  23.615 0.0000000000
78082  -40.670  -3.659  9.620 0.0000000000
78083  -41.373  -3.757  9.648 0.0000000000
78091  -40.943  -3.281  9.130 0.0000000000
147846  -40.927  -2.853  8.735 0.0000000000
80232  -40.380  -1.672  8.732 0.0000000000
79158  -41.860  -2.122  8.161 0.0000000000
79167  -42.517  -1.555  8.012 0.0000000000
80252  -43.016  -0.919  7.998 0.0000000000
85446  -43.392  3.259  5.891 0.0000000000
142145  -43.648  2.940  5.231 0.0000000000
84441  -44.574  2.025  5.011 0.0000000000
83401  -45.399  1.645  4.922 0.0000000000
83402  -46.139  1.368  4.859 0.0000000000
143535  -45.915  1.933  4.431 0.0000000000
84464  -46.515  2.172  4.108 0.0000000000
85470  -46.611  2.783  3.636 0.0000000000
85471  -47.413  2.882  3.586 0.0000000000
147476  -47.701  4.138  1.980 0.0000000000
86497  -47.461  4.527  1.500 0.0000000000
158313  -46.310  4.616  1.538 0.0000000000
87459  -46.556  5.154  1.456 0.0000000000
87460  -47.190  5.083  1.209 0.0000000000
88433  -46.988  5.723  1.131 0.0000000000
54496  -17.520  -22.455  35.854 0.0000000000
53464  -16.719  -22.590  35.740 0.0000000000
74897  -39.210  -5.880  20.010 0.0000000000
77978  -35.447  -3.184  18.129 0.0000000000
134020  -35.416  -4.540  17.708 0.0000000000
146262  -35.271  -3.416  16.798 0.0000000000
140414  -35.311  -4.214  16.956 0.0000000000
76024  -35.571  -4.998  17.147 0.0000000000
74945  -36.721  -5.967  16.645 0.0000000000
74946  -37.379  -6.137  16.342 0.0000000000
74959  -38.045  -6.164  16.050 0.0000000000
150943  -37.859  -6.057  15.361 0.0000000000
76066  -36.520  -5.054  14.659 0.0000000000
76067  -36.903  -5.146  14.169 0.0000000000
76084  -37.763  -5.496  13.352 0.0000000000
159138  -38.037  -5.413  12.804 0.0000000000
76095  -38.082  -4.886  12.259 0.0000000000
77065  -37.743  -4.060  12.340 0.0000000000
79124  -37.956  -2.610  12.229 0.0000000000
79116  -38.155  -1.768  12.262 0.0000000000
80195  -38.468  -0.754  12.511 0.0000000000
64491  -32.658  -14.275  24.370 0.0000000000
63292  -32.983  -14.782  25.331 0.0000000000
64458  -33.545  -13.892  25.679 0.0000000000
66927  -33.028  -12.620  25.201 0.0000000000
65672  -33.507  -12.832  25.975 0.0000000000
151712  -18.928  -17.310  33.325 0.0000000000
58649  -18.548  -18.337  32.866 0.0000000000
58660  -18.281  -19.393  32.533 0.0000000000
57674  -18.738  -20.002  32.050 0.0000000000
150359  -20.038  -20.186  32.197 0.0000000000
59706  -23.697  -17.256  32.878 0.0000000000
51178  -12.049  -24.613  38.118 0.0000000000
52239  -11.592  -23.958  38.165 0.0000000000
50124  -11.644  -25.289  38.263 0.0000000000
50108  -10.998  -26.031  38.578 0.0000000000
149234  -11.626  -26.634  38.801 0.0000000000
149409  -10.969  -26.838  38.841 0.0000000000
159057  -10.344  -26.136  38.895 0.0000000000
48981  -9.826  -26.361  39.373 0.0000000000
48980  -9.380  -27.023  39.825 0.0000000000
84390  -42.349  2.845  9.915 0.0000000000
85405  -42.742  3.182  9.232 0.0000000000
85420  -43.291  3.545  8.696 0.0000000000
86414  -43.664  3.902  8.281 0.0000000000
68197  -34.586  -10.556  23.492 0.0000000000
69357  -35.300  -10.529  24.076 0.0000000000
63169  -19.486  -13.787  32.003 0.0000000000
63180  -19.192  -14.694  31.574 0.0000000000
61995  -19.766  -15.739  30.948 0.0000000000
154913  -20.437  -16.333  30.480 0.0000000000
60824  -21.102  -16.452  30.153 0.0000000000
59737  -21.357  -17.056  30.164 0.0000000000
59729  -22.565  -17.019  30.892 0.0000000000
60827  -23.352  -16.447  30.123 0.0000000000
70491  -42.911  -9.330  22.064 0.0000000000
70490  -42.523  -9.601  21.468 0.0000000000
70510  -41.917  -9.492  19.716 0.0000000000
72770  -40.612  -7.870  21.566 0.0000000000
75969  -40.064  -4.873  22.985 0.0000000000
63251  -27.178  -15.069  26.837 0.0000000000
62092  -27.903  -15.304  26.737 0.0000000000
63273  -28.892  -15.018  25.944 0.0000000000
63287  -28.516  -14.389  25.559 0.0000000000
62106  -29.591  -15.165  25.813 0.0000000000
63289  -29.989  -14.845  25.234 0.0000000000
63302  -30.505  -14.569  24.638 0.0000000000
64489  -31.039  -14.222  24.191 0.0000000000
66926  -29.843  -12.153  25.626 0.0000000000
144275  -30.133  -10.998  25.180 0.0000000000
65719  -29.984  -12.941  24.623 0.0000000000
65720  -30.412  -13.279  24.141 0.0000000000
64502  -30.956  -13.635  23.926 0.0000000000
64503  -31.490  -13.869  23.888 0.0000000000
65721  -31.544  -13.249  23.659 0.0000000000
140686  -31.737  -12.557  23.620 0.0000000000
68216  -30.916  -11.175  23.052 0.0000000000
68194  -32.184  -11.462  23.251 0.0000000000
68218  -32.286  -10.791  22.947 0.0000000000
73811  -30.727  -6.606  24.678 0.0000000000
73824  -30.813  -6.810  23.835 0.0000000000
72751  -30.861  -7.854  22.545 0.0000000000
72752  -32.300  -7.438  22.250 0.0000000000
72766  -31.577  -8.002  22.017 0.0000000000
71630  -31.809  -8.718  21.691 0.0000000000
70484  -32.258  -9.255  21.653 0.0000000000
69374  -33.569  -10.134  22.464 0.0000000000
69388  -34.513  -10.288  22.061 0.0000000000
69389  -35.320  -10.545  21.631 0.0000000000
70497  -34.891  -9.662  21.219 0.0000000000
68248  -36.004  -10.820  21.604 0.0000000000
68236  -36.521  -11.100  22.126 0.0000000000
159186  -37.096  -10.990  21.748 0.0000000000
68238  -37.791  -10.970  21.829 0.0000000000
71635  -35.963  -8.326  22.036 0.0000000000
71651  -36.353  -9.336  21.192 0.0000000000
70498  -36.895  -9.804  20.984 0.0000000000
152298  -38.283  -11.011  22.115 0.0000000000
69390  -39.965  -10.425  21.120 0.0000000000
152050  -40.960  -10.365  22.272 0.0000000000
136561  -41.778  -10.107  22.316 0.0000000000
66897  -26.577  -11.909  27.527 0.0000000000
65651  -26.239  -12.698  27.144 0.0000000000
78084  -42.126  -3.676  9.797 0.0000000000
78085  -42.926  -3.689  9.836 0.0000000000
135273  -43.765  -3.881  9.984 0.0000000000
83339  -41.549  1.359  9.893 0.0000000000
82314  -41.583  0.950  9.212 0.0000000000
83357  -41.957  1.475  8.625 0.0000000000
82327  -41.860  0.433  8.449 0.0000000000
81320  -42.788  -0.307  7.854 0.0000000000
81321  -43.418  -0.337  7.732 0.0000000000
150240  -42.896  3.163  7.077 0.0000000000
153038  -42.848  2.121  6.770 0.0000000000
157279  -42.886  1.351  7.095 0.0000000000
83390  -43.631  1.580  6.279 0.0000000000
83374  -43.563  1.173  6.669 0.0000000000
82350  -43.211  1.020  7.040 0.0000000000
80255  -45.252  -1.050  7.803 0.0000000000
87483  -50.310  5.081  -0.566 0.0000000000
88451  -49.287  5.740  -0.785 0.0000000000
87482  -49.790  5.279  -0.916 0.0000000000
88457  -49.668  5.634  -1.480 0.0000000000
91207  -49.816  8.252  -1.398 0.0000000000
54481  -12.907  -22.315  37.797 0.0000000000
52241  -13.024  -23.682  37.782 0.0000000000
53451  -16.264  -22.882  36.266 0.0000000000
53433  -15.751  -23.112  36.787 0.0000000000
146126  -15.076  -22.997  36.691 0.0000000000
52250  -15.109  -23.370  37.310 0.0000000000
52249  -14.220  -23.456  37.406 0.0000000000
156880  -13.309  -24.159  37.923 0.0000000000
51166  -13.137  -25.115  38.420 0.0000000000
50097  -13.947  -25.554  39.725 0.0000000000
51155  -14.911  -24.666  40.013 0.0000000000
150416  -14.448  -25.099  40.324 0.0000000000
50082  -13.996  -25.575  40.687 0.0000000000
151321  -43.359  -8.898  21.924 0.0000000000
72780  -44.449  -7.101  20.953 0.0000000000
73851  -44.263  -6.524  20.483 0.0000000000
76991  -42.562  -4.434  19.762 0.0000000000
75978  -37.661  -4.709  21.829 0.0000000000
75977  -36.792  -4.578  21.788 0.0000000000
76010  -35.929  -5.526  19.685 0.0000000000
74910  -36.345  -5.806  19.013 0.0000000000
74911  -37.059  -5.955  19.214 0.0000000000
74894  -36.599  -5.761  19.778 0.0000000000
74914  -40.286  -6.015  18.975 0.0000000000
77000  -41.011  -3.750  18.642 0.0000000000
133098  -39.316  -5.971  16.070 0.0000000000
154076  -40.657  -5.792  15.851 0.0000000000
76098  -43.041  -5.314  12.583 0.0000000000
75023  -41.892  -5.607  12.285 0.0000000000
76111  -42.171  -5.358  11.595 0.0000000000
76107  -38.745  -5.088  11.702 0.0000000000
76108  -39.230  -4.909  11.096 0.0000000000
77082  -39.411  -4.328  10.629 0.0000000000
77083  -40.200  -4.450  10.456 0.0000000000
78074  -40.421  -3.988  10.018 0.0000000000
80225  -39.862  -1.528  10.097 0.0000000000
80217  -39.667  -1.240  10.691 0.0000000000
81294  -39.932  -0.713  10.402 0.0000000000
138403  -40.267  -0.101  10.920 0.0000000000
62058  -28.955  -15.761  27.944 0.0000000000
62080  -30.493  -15.286  27.663 0.0000000000
147188  -30.218  -15.420  28.234 0.0000000000
133012  -30.446  -15.431  28.879 0.0000000000
157310  -31.361  -15.437  29.551 0.0000000000
137380  -32.531  -14.792  27.113 0.0000000000
151964  -32.503  -14.854  27.860 0.0000000000
63228  -33.932  -14.866  28.050 0.0000000000
63227  -33.085  -14.969  28.324 0.0000000000
63210  -32.973  -15.153  28.985 0.0000000000
63201  -33.360  -15.384  29.686 0.0000000000
68171  -33.854  -10.802  25.180 0.0000000000
55564  -15.664  -20.873  35.335 0.0000000000
154685  -15.880  -21.529  34.928 0.0000000000
54511  -16.376  -21.829  34.635 0.0000000000
57649  -16.740  -19.647  34.473 0.0000000000
56650  -16.705  -20.543  33.836 0.0000000000
55572  -16.463  -21.273  34.155 0.0000000000
146801  -17.032  -22.315  35.118 0.0000000000
55567  -19.359  -21.406  35.115 0.0000000000
59717  -19.897  -17.789  31.084 0.0000000000
58680  -20.999  -18.336  30.785 0.0000000000
58679  -20.294  -18.541  30.961 0.0000000000
57689  -20.118  -19.324  31.334 0.0000000000
56680  -20.524  -19.974  32.819 0.0000000000
59694  -23.290  -17.656  33.297 0.0000000000
58664  -22.615  -17.914  33.067 0.0000000000
57663  -21.177  -19.659  33.662 0.0000000000
56668  -20.572  -20.171  33.589 0.0000000000
89397  -51.346  6.221  -2.631 0.0000000000
47795  -11.969  -27.601  41.831 0.0000000000
143914  -11.313  -28.131  41.337 0.0000000000
46764  -10.733  -28.455  41.889 0.0000000000
46782  -10.269  -28.363  40.089 0.0000000000
45740  -8.530  -29.040  41.784 0.0000000000
46771  -8.149  -28.503  41.485 0.0000000000
47832  -10.539  -27.454  39.092 0.0000000000
48982  -12.467  -27.263  40.261 0.0000000000
50111  -13.426  -25.505  39.026 0.0000000000
51154  -14.437  -24.977  39.660 0.0000000000
51179  -12.809  -24.477  38.021 0.0000000000
52232  -10.910  -23.918  38.636 0.0000000000
55553  -14.482  -21.591  36.610 0.0000000000
62095  -29.915  -15.376  26.352 0.0000000000
63226  -31.897  -14.943  27.918 0.0000000000
63275  -32.977  -14.695  26.357 0.0000000000
63290  -30.764  -15.045  25.229 0.0000000000
64401  -20.178  -13.239  30.515 0.0000000000
64490  -31.782  -14.343  24.199 0.0000000000
64504  -32.137  -13.758  23.902 0.0000000000
65706  -32.853  -13.058  24.421 0.0000000000
68196  -33.235  -10.917  23.844 0.0000000000
68222  -37.410  -11.162  23.274 0.0000000000
69386  -31.943  -9.846  22.002 0.0000000000
70476  -30.656  -9.461  22.087 0.0000000000
72735  -30.641  -7.393  23.234 0.0000000000
73823  -30.381  -7.085  24.315 0.0000000000
73835  -31.178  -7.070  23.052 0.0000000000
74846  -33.003  -5.492  25.073 0.0000000000
74958  -37.269  -5.973  15.601 0.0000000000
76998  -35.542  -4.051  18.991 0.0000000000
77004  -35.464  -3.964  18.254 0.0000000000
77045  -35.881  -3.801  14.935 0.0000000000
85481  -44.703  3.569  3.132 0.0000000000
146229  -30.103  -8.031  23.805 0.0000000000
148917  -11.732  -23.399  37.955 0.0000000000
150158  -32.461  -6.442  23.536 0.0000000000
152416  -20.654  -18.953  31.061 0.0000000000
155328  -32.205  -8.114  21.764 0.0000000000
158801  -35.961  -5.707  17.989 0.0000000000
