#!ascii label  , from subject sub-v2s2x29078_ses-1 vox2ras=TkReg
504
18029  -36.721  -56.819  -31.852 0.6999999881
132526  -38.327  -56.936  -31.051 0.6000000238
18885  -39.448  -56.727  -32.218 0.4000000060
20513  -34.977  -54.772  -25.708 0.6999999881
20501  -35.387  -54.788  -24.978 0.6999999881
19662  -35.042  -54.962  -26.303 0.6999999881
135636  -35.677  -55.275  -25.654 0.6000000238
19669  -34.721  -54.762  -27.223 0.6999999881
19670  -35.254  -55.537  -27.636 0.6000000238
19663  -36.366  -55.754  -26.164 0.6000000238
19691  -35.043  -55.378  -29.476 0.6000000238
18827  -35.836  -56.148  -27.336 0.6000000238
19671  -37.632  -55.724  -26.848 0.5000000000
18836  -36.350  -56.716  -28.017 0.5000000000
18829  -37.443  -56.206  -27.304 0.5000000000
18005  -37.716  -56.863  -28.486 0.6000000238
142654  -37.274  -57.113  -29.932 0.6000000238
18851  -38.411  -56.520  -28.825 0.6000000238
18859  -38.622  -56.712  -29.620 0.6000000238
18868  -38.718  -56.764  -30.346 0.6000000238
21352  -35.160  -54.173  -24.530 0.6000000238
136459  -36.382  -54.022  -24.290 0.6000000238
20487  -36.492  -54.633  -24.778 0.6000000238
19658  -36.617  -55.220  -25.481 0.6000000238
21361  -37.591  -53.679  -26.048 0.6000000238
153482  -37.297  -55.008  -25.923 0.6000000238
19664  -37.133  -55.531  -26.213 0.6000000238
20515  -38.091  -54.531  -26.892 0.6000000238
19672  -38.149  -55.246  -27.162 0.6000000238
18837  -37.787  -56.448  -27.821 0.6000000238
18830  -38.125  -55.907  -27.581 0.6999999881
19681  -38.671  -55.274  -27.820 0.6000000238
19682  -39.233  -55.293  -28.460 0.6000000238
18869  -39.205  -56.609  -30.860 0.5000000000
18870  -39.871  -56.343  -31.035 0.5000000000
21337  -35.742  -53.763  -23.929 0.6000000238
22199  -36.857  -52.625  -24.273 0.6000000238
21339  -36.906  -53.400  -24.528 0.6000000238
21353  -37.269  -53.539  -25.288 0.6000000238
22209  -37.254  -52.682  -25.181 0.6000000238
144525  -37.512  -53.024  -25.872 0.6000000238
22216  -37.841  -52.961  -26.631 0.6000000238
20514  -37.655  -54.459  -26.235 0.6000000238
21362  -37.975  -53.798  -26.742 0.6000000238
21371  -38.291  -53.948  -27.296 0.6999999881
18852  -39.131  -56.044  -29.114 0.6000000238
18853  -39.656  -55.953  -29.595 0.6000000238
18879  -39.476  -56.600  -31.541 0.4000000060
22187  -35.452  -52.507  -23.302 0.6000000238
21326  -35.910  -52.972  -23.469 0.6000000238
21327  -36.337  -52.501  -23.594 0.6000000238
23083  -37.081  -52.053  -24.780 0.6000000238
23093  -37.292  -51.859  -25.541 0.5000000000
23098  -37.483  -51.629  -26.390 0.6000000238
22226  -38.065  -52.589  -27.317 0.6999999881
22236  -38.850  -52.980  -28.372 0.6000000238
20522  -38.506  -54.526  -27.520 0.6000000238
20529  -39.032  -54.486  -28.075 0.6000000238
21379  -39.194  -53.647  -28.420 0.6000000238
20535  -39.614  -54.485  -28.558 0.6000000238
148267  -40.357  -55.089  -29.285 0.6000000238
19693  -40.177  -55.677  -29.691 0.6000000238
156877  -41.017  -55.690  -30.328 0.4000000060
18861  -39.777  -56.170  -30.257 0.5000000000
23071  -34.844  -51.963  -23.282 0.5000000000
23072  -35.571  -51.808  -23.072 0.6000000238
23073  -36.152  -51.820  -23.265 0.6000000238
146123  -36.567  -50.966  -24.320 0.6000000238
23092  -36.986  -51.393  -24.957 0.5000000000
23901  -36.760  -50.674  -25.255 0.5000000000
23902  -37.144  -51.144  -25.840 0.5000000000
23918  -37.267  -50.929  -26.690 0.6000000238
24781  -37.090  -50.104  -27.789 0.6000000238
23106  -37.648  -51.389  -27.250 0.6999999881
23107  -38.040  -51.956  -27.646 0.6999999881
148169  -38.189  -53.258  -27.341 0.6999999881
23952  -38.189  -51.067  -29.184 0.6000000238
22235  -38.410  -52.622  -27.979 0.6999999881
22240  -38.808  -52.245  -28.627 0.6000000238
23127  -39.159  -51.850  -29.178 0.6000000238
21380  -39.750  -53.644  -28.830 0.6000000238
19694  -40.842  -55.342  -29.733 0.5000000000
23861  -34.968  -51.074  -22.974 0.6000000238
24728  -35.446  -50.545  -23.150 0.6000000238
150295  -36.307  -51.256  -23.546 0.5000000000
24745  -36.318  -50.209  -24.570 0.6000000238
24757  -36.473  -49.971  -25.602 0.5000000000
23917  -36.878  -50.457  -26.165 0.6000000238
25640  -36.265  -49.104  -26.909 0.5000000000
24769  -37.017  -50.245  -26.992 0.6000000238
24780  -36.661  -49.612  -27.362 0.5000000000
24792  -37.164  -50.008  -28.595 0.5000000000
23942  -37.512  -50.685  -28.148 0.6000000238
24808  -36.535  -49.565  -30.030 0.5000000000
24801  -37.206  -49.982  -29.442 0.5000000000
23951  -37.632  -50.548  -28.949 0.6000000238
24816  -36.534  -49.606  -31.022 0.4000000060
24809  -37.227  -50.012  -30.355 0.4000000060
23960  -38.247  -50.834  -29.922 0.5000000000
23131  -38.699  -51.236  -29.589 0.6000000238
23961  -38.634  -50.921  -30.371 0.5000000000
154750  -39.210  -51.286  -29.892 0.5000000000
22242  -39.957  -52.883  -29.097 0.6000000238
20543  -41.382  -54.599  -29.452 0.5000000000
157621  -39.610  -51.761  -29.509 0.6000000238
22248  -40.172  -52.099  -29.453 0.6000000238
21385  -40.978  -53.694  -29.302 0.6000000238
23884  -36.058  -50.632  -23.618 0.5000000000
24756  -36.014  -49.454  -24.998 0.5000000000
25629  -36.178  -49.262  -26.010 0.4000000060
25651  -36.251  -48.989  -27.785 0.4000000060
25660  -36.130  -48.999  -28.655 0.5000000000
24791  -36.662  -49.501  -28.208 0.5000000000
25693  -35.325  -48.790  -32.053 0.4000000060
25678  -35.711  -49.156  -30.727 0.4000000060
140545  -36.690  -49.581  -31.749 0.5000000000
24817  -37.245  -49.987  -31.298 0.5000000000
24824  -37.246  -49.875  -32.112 0.5000000000
155860  -37.848  -50.344  -31.679 0.5000000000
23964  -38.479  -50.732  -31.246 0.5000000000
148494  -40.799  -52.254  -29.657 0.5000000000
22249  -41.252  -52.838  -29.551 0.5000000000
23132  -39.835  -51.424  -30.076 0.6000000238
22243  -40.569  -52.890  -29.327 0.5000000000
25670  -35.505  -48.610  -29.098 0.4000000060
25677  -35.216  -48.724  -30.030 0.5000000000
25676  -34.918  -48.738  -30.975 0.5000000000
25701  -36.187  -49.009  -32.078 0.4000000060
23133  -40.556  -51.671  -30.128 0.5000000000
22256  -41.369  -52.032  -30.150 0.3000000119
24831  -37.364  -49.687  -32.623 0.5000000000
141425  -38.954  -50.795  -31.838 0.5000000000
23138  -40.143  -51.148  -30.868 0.5000000000
26576  -34.713  -48.301  -30.329 0.4000000060
25684  -35.254  -48.941  -31.553 0.4000000060
27480  -34.542  -47.615  -31.534 0.4000000060
145196  -35.673  -47.507  -32.177 0.4000000060
26590  -34.976  -48.237  -32.314 0.4000000060
26599  -36.212  -48.792  -32.156 0.4000000060
27493  -36.724  -47.535  -31.603 0.4000000060
26600  -37.079  -48.834  -32.358 0.5000000000
23966  -40.540  -50.956  -31.748 0.4000000060
23139  -40.938  -51.392  -30.852 0.4000000060
144450  -38.353  -50.603  -32.017 0.5000000000
23972  -39.940  -50.838  -32.375 0.5000000000
24832  -38.039  -49.883  -33.176 0.5000000000
23971  -38.652  -50.639  -32.616 0.5000000000
23965  -39.683  -50.926  -31.709 0.5000000000
27482  -37.053  -46.792  -31.184 0.4000000060
26593  -37.379  -48.146  -31.945 0.4000000060
23979  -39.757  -50.763  -33.094 0.4000000060
135883  -39.328  -50.818  -32.518 0.5000000000
26601  -37.899  -48.594  -32.683 0.5000000000
23977  -38.461  -50.392  -33.225 0.5000000000
23986  -39.485  -50.506  -33.786 0.4000000060
24837  -39.967  -49.900  -34.103 0.3000000119
26606  -38.281  -48.909  -33.380 0.5000000000
23985  -38.890  -50.343  -33.669 0.5000000000
28465  -37.331  -45.991  -30.998 0.4000000060
24836  -39.048  -49.765  -34.079 0.3000000119
25710  -39.610  -49.007  -34.371 0.3000000119
27494  -37.713  -47.456  -31.266 0.4000000060
25708  -38.374  -49.449  -33.648 0.5000000000
27495  -38.637  -47.091  -31.665 0.4000000060
27501  -38.253  -47.838  -32.234 0.5000000000
26607  -38.570  -48.230  -33.214 0.5000000000
30580  -38.193  -44.645  -30.680 0.4000000060
26608  -39.473  -48.126  -34.267 0.3000000119
144070  -40.052  -47.508  -34.178 0.3000000119
28466  -38.133  -45.939  -30.576 0.4000000060
27502  -39.044  -47.426  -32.910 0.4000000060
28475  -38.977  -46.204  -31.171 0.4000000060
28483  -39.432  -46.650  -32.298 0.4000000060
154309  -37.925  -44.038  -31.001 0.5000000000
27509  -39.541  -47.418  -33.770 0.3000000119
27510  -40.085  -46.693  -33.782 0.4000000060
29609  -40.291  -45.810  -33.536 0.4000000060
29589  -38.661  -45.396  -30.483 0.4000000060
28476  -39.733  -45.858  -32.062 0.5000000000
28484  -39.884  -46.209  -32.973 0.4000000060
29597  -39.485  -45.394  -31.220 0.5000000000
30592  -39.750  -44.798  -31.242 0.5000000000
29598  -39.985  -45.105  -31.961 0.4000000060
29602  -40.127  -45.443  -32.782 0.4000000060
29603  -40.477  -45.069  -33.320 0.4000000060
28492  -40.604  -46.141  -34.159 0.3000000119
136792  -38.690  -44.056  -30.534 0.5000000000
31577  -39.261  -43.517  -30.642 0.5000000000
32551  -40.661  -43.154  -32.680 0.4000000060
134894  -40.774  -43.212  -33.575 0.3000000119
33467  -38.153  -41.932  -31.428 0.5000000000
31588  -40.404  -43.815  -32.184 0.4000000060
30599  -40.380  -44.632  -32.629 0.4000000060
30600  -40.658  -43.979  -33.142 0.4000000060
30606  -40.711  -44.601  -33.770 0.4000000060
30613  -40.908  -44.411  -34.386 0.3000000119
31576  -38.249  -43.367  -30.984 0.5000000000
31578  -39.982  -43.681  -31.246 0.5000000000
30593  -40.084  -44.392  -31.697 0.5000000000
32533  -39.036  -42.840  -30.767 0.5000000000
33477  -40.839  -41.769  -32.819 0.4000000060
136515  -40.810  -42.496  -33.199 0.4000000060
135555  -38.025  -41.274  -31.648 0.5000000000
31600  -40.798  -43.883  -33.988 0.3000000119
33458  -38.964  -42.156  -30.930 0.5000000000
33459  -39.694  -41.802  -30.906 0.5000000000
146105  -40.344  -42.149  -31.386 0.5000000000
32543  -40.336  -42.981  -31.588 0.5000000000
149096  -39.743  -43.091  -30.886 0.5000000000
34373  -40.937  -41.077  -33.359 0.4000000060
35239  -37.848  -40.013  -32.115 0.5000000000
35241  -39.612  -39.953  -31.146 0.5000000000
33483  -40.902  -41.881  -33.680 0.3000000119
32556  -40.855  -42.554  -34.004 0.3000000119
35240  -38.575  -39.969  -31.396 0.5000000000
152470  -39.070  -39.419  -31.256 0.5000000000
34348  -39.705  -41.149  -30.974 0.5000000000
18024  -37.611  -57.072  -30.699 0.6000000238
18031  -38.911  -56.810  -31.719 0.5000000000
154217  -36.049  -56.460  -27.671 0.6000000238
22225  -37.839  -52.130  -26.879 0.6999999881
20536  -40.130  -54.475  -28.939 0.6000000238
23117  -37.853  -51.299  -27.956 0.6999999881
21381  -40.330  -53.676  -29.103 0.6000000238
23118  -38.283  -51.690  -28.431 0.6999999881
23959  -37.756  -50.498  -29.760 0.5000000000
22241  -39.334  -52.780  -28.814 0.6000000238
25671  -35.936  -49.092  -29.591 0.5000000000
23137  -39.275  -50.977  -30.853 0.5000000000
26591  -35.485  -48.182  -32.273 0.4000000060
24830  -36.857  -49.241  -32.335 0.5000000000
27490  -34.794  -47.587  -32.178 0.4000000060
156694  -39.092  -47.974  -33.732 0.4000000060
29610  -40.675  -45.376  -33.968 0.3000000119
34355  -38.918  -40.681  -31.163 0.5000000000
143830  -39.880  -40.600  -31.111 0.5000000000
13959  -30.960  -61.368  -30.941 0.5000000000
14760  -32.061  -61.085  -29.712 0.5000000000
13952  -31.207  -61.449  -30.135 0.5000000000
14763  -34.018  -60.134  -29.134 0.5000000000
14762  -33.250  -60.451  -28.910 0.5000000000
147691  -32.554  -60.772  -29.038 0.4000000060
14795  -31.197  -60.833  -31.716 0.5000000000
14769  -32.737  -60.965  -30.477 0.6000000238
14782  -32.275  -60.977  -31.286 0.6000000238
14770  -33.499  -60.587  -29.900 0.5000000000
14761  -32.820  -60.775  -29.608 0.5000000000
15597  -35.839  -59.673  -29.213 0.4000000060
17207  -30.593  -57.641  -30.981 0.6999999881
16445  -30.683  -58.460  -31.587 0.6999999881
15627  -31.294  -60.315  -32.021 0.6999999881
14797  -32.596  -60.577  -31.861 0.5000000000
14796  -31.822  -60.715  -31.791 0.6999999881
14771  -34.191  -60.288  -29.869 0.5000000000
135161  -34.026  -60.596  -30.552 0.5000000000
14783  -33.087  -60.832  -31.304 0.5000000000
15605  -35.400  -60.014  -30.194 0.5000000000
15596  -34.863  -59.944  -29.379 0.5000000000
17199  -30.436  -57.356  -29.381 0.5000000000
17204  -30.294  -57.396  -30.248 0.6999999881
18021  -30.922  -57.084  -30.666 0.6999999881
16449  -31.339  -59.361  -32.128 0.6000000238
15629  -32.751  -59.848  -32.320 0.6999999881
153967  -32.696  -59.049  -32.479 0.6000000238
14784  -34.474  -60.511  -31.115 0.5000000000
14798  -34.295  -60.433  -31.783 0.6000000238
145989  -33.481  -60.404  -31.975 0.6000000238
15616  -35.038  -60.314  -30.914 0.5000000000
15618  -36.575  -59.900  -31.326 0.5000000000
18000  -31.290  -57.301  -29.026 0.5000000000
18014  -30.935  -56.978  -29.826 0.6999999881
17208  -31.174  -57.523  -31.482 0.6999999881
18873  -31.986  -56.267  -31.670 0.6999999881
18863  -31.905  -56.034  -30.836 0.6999999881
142335  -32.204  -58.387  -32.354 0.8000000119
17212  -32.383  -57.709  -32.384 0.6999999881
153369  -33.522  -59.341  -32.432 0.6000000238
145015  -33.571  -58.282  -32.614 0.6999999881
15631  -34.862  -60.015  -32.098 0.6999999881
16451  -34.355  -59.583  -32.368 0.6000000238
157362  -35.972  -60.062  -31.691 0.6000000238
15632  -35.555  -60.082  -31.898 0.6000000238
15634  -37.107  -59.854  -32.256 0.6000000238
134048  -31.388  -58.202  -27.832 0.5000000000
17187  -32.497  -57.435  -27.971 0.6000000238
17186  -30.876  -57.758  -28.565 0.5000000000
18001  -32.041  -57.113  -28.679 0.6000000238
18015  -31.621  -56.739  -29.430 0.6000000238
18022  -31.441  -56.589  -30.289 0.6999999881
18864  -32.501  -55.366  -31.396 0.6999999881
18856  -32.407  -55.380  -30.430 0.6000000238
18028  -31.678  -56.976  -31.764 0.6999999881
19712  -33.013  -55.156  -31.936 0.6999999881
146729  -32.899  -58.378  -32.540 0.6999999881
16452  -34.975  -59.286  -32.472 0.6999999881
15642  -36.573  -59.695  -32.554 0.6999999881
15641  -35.720  -59.723  -32.373 0.6999999881
158174  -32.185  -57.988  -27.589 0.5000000000
138447  -33.041  -55.632  -28.412 0.6000000238
18849  -32.594  -55.951  -29.082 0.6000000238
153469  -32.577  -55.475  -29.694 0.6000000238
18875  -33.473  -55.649  -32.285 0.8000000119
19713  -33.640  -54.804  -31.906 0.5000000000
20547  -33.401  -54.416  -30.806 0.6000000238
144500  -34.149  -57.486  -32.636 0.6999999881
18037  -34.459  -56.213  -32.410 0.6999999881
17218  -35.765  -57.772  -32.767 0.6999999881
17214  -35.126  -57.063  -32.615 0.6999999881
16459  -37.469  -59.198  -33.370 0.5000000000
16458  -36.813  -59.246  -33.024 0.6999999881
17225  -37.685  -58.546  -33.605 0.5000000000
154796  -32.497  -58.088  -26.950 0.5000000000
17995  -32.919  -56.929  -27.514 0.5000000000
134731  -33.368  -55.308  -27.580 0.6000000238
18834  -33.050  -56.175  -27.756 0.6000000238
19678  -33.507  -54.815  -28.509 0.6000000238
20528  -34.327  -54.500  -28.025 0.6000000238
20526  -33.506  -54.561  -29.437 0.6000000238
20527  -33.987  -54.409  -28.664 0.6000000238
18866  -35.331  -55.763  -31.008 0.6000000238
19707  -34.796  -55.107  -31.035 0.5000000000
20533  -34.090  -54.339  -29.385 0.5000000000
18038  -35.353  -56.277  -32.381 0.6000000238
18877  -35.408  -55.951  -31.825 0.6000000238
18040  -36.626  -56.960  -32.485 0.6000000238
18878  -36.028  -56.460  -32.137 0.6000000238
133399  -38.079  -57.179  -32.891 0.5000000000
137781  -33.030  -57.128  -26.873 0.5000000000
18826  -33.159  -56.335  -27.042 0.6000000238
20521  -34.253  -54.514  -27.245 0.6000000238
19699  -34.531  -54.666  -30.584 0.5000000000
19680  -35.128  -55.447  -28.584 0.5000000000
18858  -35.971  -56.504  -30.549 0.4000000060
18016  -35.936  -56.732  -29.635 0.5000000000
18850  -35.488  -56.240  -29.088 0.5000000000
18030  -37.510  -57.017  -31.499 0.6000000238
17993  -33.033  -56.907  -26.341 0.5000000000
19668  -33.272  -55.544  -26.879 0.6000000238
20511  -33.905  -54.605  -26.653 0.6000000238
18017  -36.617  -57.055  -29.343 0.5000000000
18004  -36.863  -57.031  -28.567 0.4000000060
17991  -32.884  -56.594  -25.755 0.5000000000
135530  -33.061  -55.248  -26.299 0.5000000000
20499  -33.831  -54.273  -25.837 0.6000000238
20512  -34.408  -54.526  -26.368 0.6000000238
17989  -32.696  -56.929  -25.067 0.5000000000
18819  -32.633  -55.761  -25.817 0.5000000000
20510  -33.198  -54.630  -25.991 0.6000000238
20500  -34.539  -54.249  -25.373 0.6000000238
140727  -32.197  -55.914  -25.301 0.5000000000
144072  -32.326  -54.915  -25.874 0.5000000000
20498  -32.578  -54.265  -25.742 0.5000000000
144871  -33.250  -54.005  -25.584 0.6000000238
151938  -33.928  -53.858  -25.438 0.6000000238
19657  -31.918  -55.358  -25.554 0.5000000000
19656  -31.192  -55.198  -25.409 0.5000000000
21336  -34.911  -53.428  -24.212 0.5000000000
20497  -31.820  -54.220  -25.816 0.5000000000
21350  -33.597  -53.468  -25.220 0.5000000000
20496  -30.965  -54.653  -25.759 0.5000000000
154769  -31.281  -53.933  -25.905 0.5000000000
21349  -32.696  -53.557  -25.528 0.5000000000
21335  -34.029  -52.974  -24.582 0.4000000060
22207  -32.662  -52.755  -25.311 0.5000000000
22196  -33.285  -52.346  -24.703 0.4000000060
22208  -33.266  -53.008  -25.086 0.4000000060
21348  -31.878  -53.260  -25.702 0.4000000060
138326  -33.521  -51.781  -24.140 0.4000000060
18023  -36.806  -56.916  -30.882 0.6000000238
18041  -37.390  -57.031  -32.335 0.5000000000
138939  -38.760  -57.134  -33.197 0.4000000060
20542  -34.268  -54.412  -29.996 0.6000000238
23081  -34.074  -52.204  -24.021 0.4000000060
23070  -34.123  -51.469  -23.481 0.4000000060
16446  -31.495  -58.388  -32.041 0.6999999881
145660  -33.616  -56.623  -32.450 0.6999999881
16456  -34.973  -58.198  -32.645 0.6999999881
19705  -33.697  -54.506  -31.332 0.6000000238
20540  -33.230  -54.497  -30.219 0.6000000238
17219  -36.328  -58.503  -32.917 0.6999999881
18876  -34.302  -55.282  -32.065 0.6999999881
18047  -36.505  -57.487  -32.933 0.6000000238
17220  -37.077  -58.285  -33.252 0.6000000238
14768  -31.801  -61.213  -30.687 0.5000000000
14781  -31.472  -61.098  -31.386 0.5000000000
14785  -34.992  -60.342  -31.570 0.6000000238
15604  -34.661  -60.315  -30.353 0.5000000000
15617  -35.695  -60.117  -31.150 0.6000000238
15628  -31.997  -60.092  -32.222 0.6999999881
15630  -34.124  -60.089  -32.178 0.6000000238
15633  -36.195  -59.928  -32.075 0.6000000238
16450  -32.078  -59.198  -32.379 0.6000000238
16457  -35.658  -58.868  -32.682 0.6999999881
17180  -32.772  -57.594  -27.214 0.5000000000
17206  -30.054  -57.999  -30.883 0.6999999881
17211  -31.766  -57.590  -32.105 0.6999999881
17213  -33.084  -57.399  -32.480 0.6999999881
17221  -37.764  -57.771  -33.430 0.5000000000
17996  -37.166  -56.676  -27.866 0.5000000000
18002  -32.673  -56.610  -28.358 0.6000000238
18003  -36.049  -56.845  -28.780 0.4000000060
18018  -37.304  -57.088  -29.113 0.5000000000
18019  -37.937  -56.991  -29.332 0.6000000238
18025  -38.093  -56.990  -30.152 0.6000000238
18035  -32.195  -56.819  -32.262 0.6999999881
18036  -32.907  -56.421  -32.390 0.8000000119
18039  -35.933  -56.884  -32.609 0.6999999881
18042  -38.181  -56.981  -32.020 0.5000000000
18048  -37.249  -57.346  -32.937 0.6000000238
18816  -32.215  -56.328  -24.677 0.5000000000
18817  -32.558  -56.326  -25.320 0.5000000000
18821  -33.026  -56.096  -26.405 0.5000000000
18822  -36.251  -56.064  -26.788 0.6000000238
18823  -36.974  -56.020  -26.686 0.5000000000
18828  -36.590  -56.401  -27.326 0.6000000238
18835  -35.661  -56.324  -28.120 0.6000000238
18838  -38.172  -56.336  -28.166 0.6000000238
18839  -38.676  -55.920  -28.288 0.6000000238
18848  -32.052  -56.077  -29.832 0.6000000238
18857  -35.429  -56.032  -30.020 0.5000000000
18860  -39.207  -56.387  -29.978 0.6000000238
18865  -34.854  -55.361  -31.655 0.6000000238
18867  -36.054  -56.332  -31.449 0.6000000238
18871  -40.415  -56.204  -31.257 0.4000000060
18874  -32.578  -55.865  -32.118 0.6999999881
18880  -39.985  -56.480  -31.783 0.4000000060
19653  -35.961  -55.027  -24.929 0.6000000238
19661  -33.590  -54.923  -26.805 0.6000000238
19665  -37.682  -55.143  -26.506 0.6000000238
19679  -34.732  -54.725  -28.238 0.6000000238
19689  -32.888  -54.870  -29.955 0.6000000238
19690  -34.662  -54.733  -29.793 0.6000000238
19692  -39.814  -55.334  -29.044 0.6000000238
19698  -32.849  -54.730  -30.755 0.6000000238
19700  -34.951  -55.249  -30.329 0.5000000000
19701  -40.468  -55.959  -30.446 0.4000000060
19704  -33.113  -54.667  -31.454 0.6000000238
19706  -34.310  -54.715  -31.442 0.5000000000
20486  -35.846  -54.547  -24.426 0.6000000238
20488  -36.910  -54.053  -24.762 0.6000000238
20502  -37.192  -54.413  -25.434 0.6000000238
20520  -33.920  -54.606  -27.696 0.6000000238
20534  -34.380  -54.471  -28.813 0.5000000000
20537  -40.696  -54.512  -29.202 0.6000000238
20541  -33.744  -54.353  -30.100 0.6000000238
20548  -34.036  -54.384  -30.758 0.6000000238
21338  -36.367  -53.264  -23.927 0.6000000238
21351  -34.374  -53.647  -24.923 0.5000000000
21375  -38.603  -53.635  -27.904 0.6000000238
22188  -35.930  -52.360  -23.190 0.6000000238
22197  -34.769  -52.709  -23.834 0.6000000238
22198  -35.398  -53.107  -23.695 0.6000000238
22215  -37.561  -52.365  -26.093 0.6000000238
22247  -39.644  -52.271  -29.181 0.6000000238
23082  -36.692  -51.792  -24.048 0.6000000238
23126  -38.631  -51.629  -29.018 0.6000000238
23862  -35.788  -51.180  -23.079 0.6000000238
23931  -37.356  -50.733  -27.441 0.6000000238
23943  -37.919  -51.048  -28.535 0.6000000238
23978  -39.077  -50.654  -33.215 0.5000000000
24768  -36.593  -49.777  -26.512 0.5000000000
24800  -36.631  -49.500  -29.071 0.5000000000
24823  -36.583  -49.336  -32.117 0.5000000000
24825  -37.942  -50.256  -32.571 0.5000000000
24835  -38.536  -50.001  -33.622 0.5000000000
25685  -35.945  -49.198  -31.719 0.4000000060
25692  -34.815  -48.590  -31.793 0.4000000060
25694  -35.876  -48.966  -32.038 0.4000000060
25700  -35.580  -48.681  -32.182 0.4000000060
25702  -37.671  -49.329  -32.976 0.5000000000
25709  -38.862  -48.761  -34.015 0.3000000119
26582  -34.582  -48.210  -31.214 0.5000000000
26592  -36.390  -48.255  -32.073 0.4000000060
27481  -36.018  -46.736  -31.957 0.4000000060
27503  -39.633  -46.879  -33.167 0.3000000119
28462  -34.792  -47.005  -31.817 0.4000000060
28474  -38.018  -46.717  -30.743 0.4000000060
29588  -37.676  -45.256  -30.793 0.4000000060
30581  -39.151  -44.770  -30.626 0.5000000000
30582  -39.599  -44.223  -30.854 0.5000000000
32534  -39.753  -42.488  -30.903 0.5000000000
32544  -40.705  -42.382  -32.263 0.4000000060
33468  -38.894  -41.467  -31.064 0.5000000000
33469  -40.239  -41.549  -31.247 0.5000000000
132349  -33.001  -55.156  -29.179 0.6000000238
132595  -38.803  -56.928  -32.534 0.4000000060
134043  -35.556  -55.614  -26.659 0.6000000238
136819  -37.920  -50.486  -30.667 0.5000000000
137683  -33.824  -60.700  -31.280 0.6000000238
140673  -37.902  -40.607  -31.903 0.5000000000
142089  -34.917  -55.707  -32.162 0.6000000238
143364  -34.247  -58.726  -32.576 0.6000000238
143523  -31.564  -54.909  -25.793 0.5000000000
144108  -34.721  -54.737  -29.042 0.6000000238
145934  -36.215  -59.350  -32.752 0.6999999881
148204  -31.768  -57.722  -28.302 0.5000000000
149090  -31.476  -56.743  -31.142 0.6999999881
151228  -36.493  -56.924  -30.060 0.4000000060
151781  -37.598  -51.030  -27.709 0.6000000238
151913  -33.448  -60.784  -30.722 0.5000000000
153462  -32.221  -56.540  -29.054 0.6000000238
155667  -34.419  -54.502  -29.380 0.6000000238
158551  -40.576  -44.564  -33.212 0.4000000060
159574  -34.673  -48.068  -31.896 0.4000000060
