#!ascii label  , from subject sub-v2s2x29060_ses-1 vox2ras=TkReg
939
62432  -15.364  -10.885  54.174 0.0000000000
63848  -39.316  -9.880  45.644 0.0000000000
77302  -42.036  -0.439  40.726 0.0000000000
72517  -52.262  -4.226  36.423 0.0000000000
57854  -38.272  -14.242  45.334 0.0000000000
74985  -48.054  -2.231  38.296 0.0000000000
80685  -51.466  2.552  29.757 0.0000000000
86379  -53.768  7.433  29.446 0.0000000000
65178  -42.824  -9.817  45.140 0.0000000000
72425  -43.028  -3.975  44.862 0.0000000000
72424  -39.875  -4.325  44.474 0.0000000000
67638  -17.591  -7.936  57.821 0.0000000000
63706  -21.441  -10.155  57.055 0.0000000000
60074  -24.494  -13.037  55.526 0.0000000000
58890  -28.453  -14.187  53.133 0.0000000000
56580  -31.867  -15.022  50.390 0.0000000000
56609  -36.640  -15.808  48.257 0.0000000000
56627  -40.759  -15.149  45.817 0.0000000000
72452  -46.310  -3.751  41.796 0.0000000000
88481  -55.053  8.968  28.169 0.0000000000
65154  -41.514  -9.680  46.496 0.0000000000
70111  -41.372  -6.520  46.881 0.0000000000
67761  -39.227  -7.011  45.388 0.0000000000
66376  -17.886  -8.331  54.323 0.0000000000
66359  -19.093  -8.544  57.582 0.0000000000
60187  -33.244  -13.728  48.534 0.0000000000
56598  -34.383  -15.136  49.351 0.0000000000
58978  -35.587  -13.933  48.388 0.0000000000
61392  -39.313  -12.285  44.476 0.0000000000
59020  -39.791  -14.465  46.837 0.0000000000
156757  -41.098  -12.864  46.394 0.0000000000
60239  -42.368  -12.915  45.402 0.0000000000
77253  -43.352  -0.850  44.394 0.0000000000
74936  -44.707  -2.046  43.572 0.0000000000
77283  -45.746  -0.699  42.533 0.0000000000
158464  -50.056  -4.256  37.908 0.0000000000
71350  -50.268  -5.144  39.974 0.0000000000
69085  -52.063  -6.111  37.594 0.0000000000
70300  -53.704  -5.878  34.916 0.0000000000
138563  -53.963  3.198  31.799 0.0000000000
78434  -53.837  1.954  32.579 0.0000000000
57827  -35.690  -14.493  45.600 0.0000000000
148655  -48.735  -5.273  34.807 0.0000000000
84233  -51.617  5.022  29.530 0.0000000000
83078  -54.356  4.872  30.619 0.0000000000
86409  -55.302  7.663  26.824 0.0000000000
65208  -42.419  -9.967  42.745 0.0000000000
146653  -42.689  -7.179  45.051 0.0000000000
73606  -41.815  -3.259  46.075 0.0000000000
65031  -16.437  -9.225  57.304 0.0000000000
60062  -21.700  -12.748  56.481 0.0000000000
62413  -22.799  -11.596  56.566 0.0000000000
58871  -22.993  -14.177  55.672 0.0000000000
56529  -24.325  -15.649  54.986 0.0000000000
56545  -26.305  -16.249  54.300 0.0000000000
54078  -28.931  -17.118  53.091 0.0000000000
57754  -30.233  -14.839  51.745 0.0000000000
158863  -32.465  -18.131  50.588 0.0000000000
159415  -37.903  -14.657  47.383 0.0000000000
55404  -38.884  -15.892  47.010 0.0000000000
55441  -38.355  -16.773  44.859 0.0000000000
56654  -40.378  -15.417  43.866 0.0000000000
60263  -42.164  -12.789  43.009 0.0000000000
74957  -48.226  -2.473  40.754 0.0000000000
77375  -52.592  -0.240  33.724 0.0000000000
73773  -53.985  -2.828  35.393 0.0000000000
63701  -15.128  -9.776  56.005 0.0000000000
65152  -40.092  -9.734  46.200 0.0000000000
66465  -39.728  -8.377  46.118 0.0000000000
66477  -39.192  -8.555  45.585 0.0000000000
58977  -33.260  -13.542  48.128 0.0000000000
58957  -34.374  -13.945  48.720 0.0000000000
58998  -34.725  -13.567  47.684 0.0000000000
62567  -39.006  -11.107  44.772 0.0000000000
61378  -40.162  -12.182  45.650 0.0000000000
62546  -40.284  -11.423  45.922 0.0000000000
63832  -41.614  -10.933  46.344 0.0000000000
145907  -44.290  -0.568  43.656 0.0000000000
78375  -44.052  0.298  41.785 0.0000000000
150506  -51.516  -4.834  37.407 0.0000000000
71372  -51.633  -5.354  38.226 0.0000000000
71385  -52.434  -5.120  37.057 0.0000000000
69118  -52.937  -6.605  36.100 0.0000000000
70293  -53.395  -5.184  36.043 0.0000000000
80686  -54.269  2.418  30.210 0.0000000000
79535  -54.356  2.053  31.801 0.0000000000
79557  -54.370  1.052  30.004 0.0000000000
84258  -51.309  5.252  28.070 0.0000000000
85339  -52.739  6.352  29.909 0.0000000000
85324  -53.642  5.528  31.134 0.0000000000
86357  -54.359  6.627  30.399 0.0000000000
85340  -54.575  5.659  29.628 0.0000000000
87409  -54.879  7.446  29.333 0.0000000000
87439  -55.934  8.337  27.324 0.0000000000
65185  -42.803  -9.828  43.971 0.0000000000
66495  -42.642  -8.587  43.792 0.0000000000
66486  -42.847  -8.510  44.902 0.0000000000
71258  -40.304  -5.127  46.217 0.0000000000
71259  -41.488  -5.132  46.624 0.0000000000
73629  -40.377  -3.607  44.984 0.0000000000
74921  -40.886  -2.529  44.064 0.0000000000
73641  -40.379  -3.140  43.510 0.0000000000
63688  -17.133  -9.382  57.524 0.0000000000
65018  -17.955  -8.686  58.129 0.0000000000
65032  -20.333  -9.270  57.338 0.0000000000
61262  -24.345  -12.027  55.031 0.0000000000
61249  -24.035  -12.214  55.857 0.0000000000
60054  -23.064  -12.531  56.534 0.0000000000
60066  -24.012  -13.173  55.880 0.0000000000
155337  -23.455  -14.806  55.420 0.0000000000
58872  -24.461  -13.916  55.326 0.0000000000
56556  -27.617  -15.830  53.790 0.0000000000
55307  -27.713  -16.631  53.829 0.0000000000
154067  -28.335  -16.069  53.512 0.0000000000
58925  -31.524  -13.822  50.252 0.0000000000
58914  -30.655  -14.256  51.219 0.0000000000
57755  -30.752  -15.007  51.293 0.0000000000
55342  -30.327  -16.912  52.164 0.0000000000
55353  -31.311  -16.589  51.205 0.0000000000
54108  -31.864  -18.002  51.214 0.0000000000
55364  -32.706  -16.777  50.250 0.0000000000
56600  -35.886  -15.627  48.688 0.0000000000
55375  -34.678  -17.286  48.850 0.0000000000
157544  -35.827  -16.961  48.087 0.0000000000
55401  -36.904  -17.048  47.315 0.0000000000
57805  -37.062  -14.277  46.358 0.0000000000
57830  -38.481  -14.324  46.380 0.0000000000
57809  -40.265  -14.744  46.553 0.0000000000
57808  -39.403  -14.963  46.842 0.0000000000
55433  -39.823  -15.830  46.083 0.0000000000
138316  -38.699  -16.596  46.242 0.0000000000
55443  -39.757  -16.092  45.348 0.0000000000
57855  -41.130  -15.004  44.895 0.0000000000
158055  -42.689  -11.546  45.107 0.0000000000
60252  -42.454  -12.725  43.824 0.0000000000
61404  -42.655  -11.894  43.795 0.0000000000
61417  -42.258  -11.790  42.285 0.0000000000
67645  -16.914  -7.522  56.852 0.0000000000
67637  -16.559  -7.472  57.683 0.0000000000
66346  -15.937  -7.856  58.240 0.0000000000
151298  -42.466  -5.255  44.197 0.0000000000
71302  -42.383  -4.381  43.210 0.0000000000
73666  -45.707  -3.032  42.316 0.0000000000
138722  -46.853  -0.967  38.827 0.0000000000
77317  -46.932  -0.722  39.961 0.0000000000
74965  -48.321  -2.173  39.441 0.0000000000
69062  -50.053  -7.001  39.502 0.0000000000
70213  -48.917  -5.518  40.624 0.0000000000
78426  -54.136  1.090  33.210 0.0000000000
77382  -52.964  0.553  32.805 0.0000000000
77370  -53.840  0.328  33.891 0.0000000000
76185  -52.686  -0.911  34.971 0.0000000000
75066  -54.489  -2.156  34.349 0.0000000000
72562  -54.796  -3.779  33.648 0.0000000000
87437  -52.979  7.616  27.286 0.0000000000
88473  -54.668  8.448  28.474 0.0000000000
87438  -53.566  8.327  26.490 0.0000000000
88492  -55.217  9.395  26.922 0.0000000000
63834  -42.399  -10.402  45.974 0.0000000000
157655  -42.462  -8.472  46.020 0.0000000000
66455  -41.245  -8.434  46.633 0.0000000000
68946  -39.917  -6.975  46.367 0.0000000000
71271  -39.453  -5.621  45.028 0.0000000000
67657  -17.473  -7.808  55.987 0.0000000000
66349  -18.278  -8.414  57.973 0.0000000000
65041  -20.361  -9.211  56.137 0.0000000000
138371  -32.583  -14.147  49.755 0.0000000000
159260  -33.091  -15.658  49.769 0.0000000000
57774  -34.113  -14.329  49.479 0.0000000000
141583  -35.146  -14.157  48.770 0.0000000000
56601  -36.496  -14.920  48.581 0.0000000000
59074  -38.889  -13.474  44.102 0.0000000000
59034  -39.112  -14.178  46.322 0.0000000000
59036  -40.070  -13.486  46.077 0.0000000000
60228  -41.003  -13.573  46.577 0.0000000000
59022  -41.592  -13.929  46.384 0.0000000000
158632  -41.615  -14.379  45.843 0.0000000000
61364  -41.930  -12.698  46.148 0.0000000000
152860  -42.141  -11.098  46.122 0.0000000000
66366  -16.655  -8.322  54.279 0.0000000000
74899  -43.274  -2.410  45.559 0.0000000000
148825  -43.749  -2.583  44.677 0.0000000000
161508  -44.166  -1.529  44.489 0.0000000000
74924  -45.224  -1.562  43.512 0.0000000000
73656  -46.192  -2.068  42.783 0.0000000000
73736  -48.947  -3.368  37.804 0.0000000000
73704  -49.291  -3.098  39.272 0.0000000000
72487  -50.305  -4.144  39.039 0.0000000000
71365  -51.310  -5.632  38.845 0.0000000000
81872  -53.215  3.487  31.686 0.0000000000
79546  -52.551  1.626  30.903 0.0000000000
80654  -53.823  2.655  32.319 0.0000000000
78435  -54.644  0.977  32.114 0.0000000000
63864  -38.461  -9.921  44.336 0.0000000000
61391  -38.789  -11.577  44.108 0.0000000000
77314  -44.240  0.066  39.960 0.0000000000
73734  -47.387  -2.520  36.885 0.0000000000
72503  -48.614  -4.158  37.160 0.0000000000
152859  -49.449  -5.132  36.350 0.0000000000
71405  -50.584  -4.840  36.093 0.0000000000
81885  -51.489  3.532  29.853 0.0000000000
83058  -53.378  4.256  31.506 0.0000000000
83060  -54.127  4.769  31.114 0.0000000000
81887  -54.114  3.210  30.079 0.0000000000
87417  -55.232  7.942  28.824 0.0000000000
86395  -54.837  6.963  27.955 0.0000000000
66504  -42.467  -8.641  43.154 0.0000000000
68973  -42.590  -7.123  44.532 0.0000000000
71273  -42.679  -5.148  45.224 0.0000000000
67750  -42.431  -6.960  46.027 0.0000000000
71261  -42.530  -4.984  45.911 0.0000000000
73608  -42.877  -3.580  45.903 0.0000000000
74897  -42.096  -2.183  45.513 0.0000000000
164289  -41.614  -1.602  43.688 0.0000000000
68971  -38.495  -7.294  43.736 0.0000000000
70169  -38.715  -6.228  43.501 0.0000000000
73651  -39.723  -3.651  42.315 0.0000000000
63702  -15.894  -9.807  56.143 0.0000000000
63703  -16.672  -9.916  56.482 0.0000000000
58878  -21.834  -13.982  54.513 0.0000000000
159592  -20.702  -9.868  54.481 0.0000000000
63718  -21.501  -9.978  55.944 0.0000000000
63707  -21.824  -10.787  57.206 0.0000000000
58860  -22.620  -13.528  55.998 0.0000000000
162016  -23.984  -16.252  54.637 0.0000000000
143887  -24.904  -16.577  54.030 0.0000000000
60109  -28.705  -13.501  52.190 0.0000000000
60123  -29.698  -13.691  51.229 0.0000000000
57744  -29.250  -14.796  52.600 0.0000000000
56564  -29.535  -15.804  52.568 0.0000000000
54079  -29.616  -17.245  52.539 0.0000000000
55365  -33.435  -16.988  49.836 0.0000000000
59018  -35.929  -13.818  47.173 0.0000000000
58980  -37.166  -14.489  47.850 0.0000000000
57781  -37.308  -14.842  47.977 0.0000000000
57807  -38.959  -14.716  46.944 0.0000000000
57791  -38.294  -15.065  47.388 0.0000000000
146073  -38.023  -15.777  47.596 0.0000000000
55418  -38.204  -16.726  46.592 0.0000000000
54211  -37.429  -17.258  45.688 0.0000000000
57882  -40.143  -14.914  42.832 0.0000000000
57874  -41.478  -14.594  44.506 0.0000000000
57884  -41.312  -14.440  43.648 0.0000000000
59122  -40.887  -13.711  42.093 0.0000000000
153327  -41.812  -12.376  41.892 0.0000000000
65030  -15.629  -9.236  56.989 0.0000000000
78385  -45.562  0.042  41.044 0.0000000000
76110  -46.846  -1.491  41.795 0.0000000000
148555  -47.782  -3.613  41.837 0.0000000000
72479  -49.186  -3.508  40.549 0.0000000000
72467  -48.193  -4.493  41.489 0.0000000000
71328  -47.521  -4.930  41.133 0.0000000000
73788  -50.078  -3.854  34.248 0.0000000000
73769  -51.147  -3.501  35.132 0.0000000000
78445  -52.748  1.058  31.329 0.0000000000
141373  -52.294  -0.263  32.110 0.0000000000
75065  -51.624  -1.368  34.293 0.0000000000
75035  -52.385  -2.008  35.439 0.0000000000
73751  -53.220  -3.381  35.950 0.0000000000
72533  -54.215  -4.163  35.107 0.0000000000
63725  -15.041  -10.575  54.749 0.0000000000
65151  -39.563  -9.128  45.925 0.0000000000
65166  -39.096  -9.185  45.411 0.0000000000
58996  -33.163  -13.637  47.733 0.0000000000
58997  -33.882  -13.576  47.837 0.0000000000
59016  -34.181  -13.982  47.026 0.0000000000
62545  -39.410  -10.811  45.480 0.0000000000
63849  -40.055  -10.436  46.061 0.0000000000
77293  -42.272  -0.517  41.545 0.0000000000
78364  -43.624  0.121  42.310 0.0000000000
78374  -43.348  0.189  41.542 0.0000000000
71395  -51.880  -4.685  36.955 0.0000000000
71384  -51.980  -5.079  37.515 0.0000000000
72506  -52.409  -4.736  36.796 0.0000000000
70287  -52.901  -5.139  36.608 0.0000000000
71396  -52.765  -4.725  36.601 0.0000000000
152200  -54.406  1.755  30.319 0.0000000000
87414  -53.077  7.299  28.614 0.0000000000
86378  -52.886  6.886  29.253 0.0000000000
160370  -53.663  6.487  30.547 0.0000000000
86363  -53.670  6.958  30.042 0.0000000000
86364  -54.417  7.214  29.858 0.0000000000
87408  -54.475  7.652  29.372 0.0000000000
65186  -42.833  -9.971  44.590 0.0000000000
65177  -42.825  -9.257  44.613 0.0000000000
145657  -42.825  -9.102  45.272 0.0000000000
156569  -39.657  -4.953  44.850 0.0000000000
72416  -40.087  -4.383  45.279 0.0000000000
73642  -40.513  -3.160  44.298 0.0000000000
137452  -40.121  -3.709  43.987 0.0000000000
66348  -17.639  -8.280  57.989 0.0000000000
65022  -20.771  -9.866  57.615 0.0000000000
63692  -20.428  -10.193  58.022 0.0000000000
61250  -24.549  -12.558  55.477 0.0000000000
61240  -24.145  -12.673  55.973 0.0000000000
165352  -23.904  -12.736  56.092 0.0000000000
58863  -23.882  -13.909  55.655 0.0000000000
58889  -27.994  -13.667  53.142 0.0000000000
57725  -26.998  -15.021  53.903 0.0000000000
57733  -27.951  -14.697  53.429 0.0000000000
57734  -28.689  -14.834  53.026 0.0000000000
57762  -32.013  -14.033  50.187 0.0000000000
149644  -31.287  -14.225  50.737 0.0000000000
56579  -31.273  -15.506  50.883 0.0000000000
56571  -30.908  -16.039  51.346 0.0000000000
55354  -31.899  -16.422  50.677 0.0000000000
56588  -32.395  -15.699  50.157 0.0000000000
54155  -36.222  -17.469  47.452 0.0000000000
55389  -36.628  -16.694  47.794 0.0000000000
57829  -37.669  -14.390  45.837 0.0000000000
57810  -40.916  -14.773  46.221 0.0000000000
56626  -40.367  -15.261  46.222 0.0000000000
56637  -40.329  -15.604  45.612 0.0000000000
56645  -40.208  -15.788  44.866 0.0000000000
56638  -40.759  -15.336  45.236 0.0000000000
62589  -42.784  -11.052  44.663 0.0000000000
62568  -42.720  -11.693  44.485 0.0000000000
63881  -42.823  -10.511  44.290 0.0000000000
63880  -42.735  -10.592  43.605 0.0000000000
139509  -17.102  -7.646  57.653 0.0000000000
66347  -16.838  -7.903  57.949 0.0000000000
71283  -42.756  -4.763  44.857 0.0000000000
71282  -42.775  -4.147  44.154 0.0000000000
73677  -45.299  -3.367  41.543 0.0000000000
143592  -46.482  -4.304  41.149 0.0000000000
76154  -47.344  -1.534  38.665 0.0000000000
76140  -47.781  -1.799  39.129 0.0000000000
74973  -48.196  -2.185  38.851 0.0000000000
79556  -51.451  1.659  29.549 0.0000000000
77384  -54.971  -0.631  32.549 0.0000000000
77377  -54.393  0.196  33.326 0.0000000000
76187  -54.105  -1.052  34.420 0.0000000000
65155  -42.131  -9.698  46.266 0.0000000000
66468  -41.766  -8.940  46.490 0.0000000000
66467  -41.051  -9.017  46.530 0.0000000000
68945  -39.404  -7.259  45.900 0.0000000000
67749  -39.838  -7.652  46.267 0.0000000000
70123  -39.517  -6.619  45.920 0.0000000000
70141  -39.323  -6.314  45.284 0.0000000000
144933  -39.174  -6.124  44.729 0.0000000000
66367  -17.982  -8.109  55.301 0.0000000000
152981  -20.249  -9.390  55.003 0.0000000000
60186  -32.600  -13.395  48.722 0.0000000000
60163  -32.128  -13.678  49.351 0.0000000000
159109  -32.560  -13.888  49.373 0.0000000000
58939  -33.376  -14.044  49.294 0.0000000000
58956  -33.737  -14.097  49.003 0.0000000000
60188  -34.799  -13.812  48.427 0.0000000000
57776  -35.709  -14.669  48.902 0.0000000000
58958  -36.138  -14.325  48.579 0.0000000000
60242  -39.322  -13.018  44.580 0.0000000000
59051  -39.330  -13.597  45.099 0.0000000000
60243  -39.730  -13.126  45.332 0.0000000000
61379  -40.818  -12.216  46.118 0.0000000000
60237  -40.333  -12.860  45.971 0.0000000000
139645  -41.648  -13.249  46.431 0.0000000000
60229  -41.905  -13.484  46.148 0.0000000000
61363  -41.476  -12.417  46.335 0.0000000000
151425  -41.235  -10.251  46.476 0.0000000000
63833  -41.885  -10.340  46.320 0.0000000000
67664  -17.378  -8.093  54.846 0.0000000000
76082  -43.274  -1.876  45.371 0.0000000000
74910  -44.053  -1.901  44.784 0.0000000000
162195  -43.825  -1.455  44.799 0.0000000000
77281  -44.692  -0.411  43.197 0.0000000000
77266  -45.016  -0.811  43.383 0.0000000000
77267  -45.455  -0.880  43.043 0.0000000000
74925  -45.697  -1.639  43.174 0.0000000000
76100  -45.906  -1.300  42.823 0.0000000000
72493  -49.639  -3.664  38.234 0.0000000000
72494  -50.260  -4.090  38.496 0.0000000000
70271  -51.675  -5.877  38.249 0.0000000000
71371  -51.178  -5.056  38.748 0.0000000000
69083  -51.019  -7.010  38.569 0.0000000000
69104  -51.891  -6.905  37.347 0.0000000000
154503  -53.742  3.315  32.050 0.0000000000
80665  -53.602  2.993  32.090 0.0000000000
160745  -53.867  3.053  32.169 0.0000000000
77391  -54.845  -0.158  31.685 0.0000000000
62566  -38.513  -10.636  44.276 0.0000000000
73735  -48.121  -3.137  37.253 0.0000000000
70309  -48.267  -5.353  35.233 0.0000000000
139515  -48.992  -5.289  35.601 0.0000000000
71404  -49.810  -5.136  35.854 0.0000000000
72528  -50.180  -4.795  35.354 0.0000000000
84241  -51.495  5.337  28.813 0.0000000000
83076  -51.209  4.254  29.301 0.0000000000
83067  -51.809  4.396  30.142 0.0000000000
81871  -52.398  3.918  30.856 0.0000000000
158361  -52.124  5.000  30.326 0.0000000000
84235  -54.427  5.457  30.827 0.0000000000
84230  -54.107  5.198  31.181 0.0000000000
81873  -54.148  4.086  30.860 0.0000000000
83077  -54.051  4.032  29.939 0.0000000000
84242  -54.228  4.860  29.773 0.0000000000
85358  -54.871  6.364  29.471 0.0000000000
87416  -54.890  8.095  29.037 0.0000000000
88474  -55.257  8.397  28.352 0.0000000000
86396  -55.359  7.755  27.837 0.0000000000
65207  -41.967  -9.920  42.093 0.0000000000
65193  -42.225  -9.261  42.639 0.0000000000
67773  -42.744  -7.841  44.696 0.0000000000
67772  -42.656  -7.913  44.172 0.0000000000
68974  -42.599  -6.434  44.952 0.0000000000
70143  -42.591  -5.801  45.303 0.0000000000
157724  -42.056  -7.934  46.436 0.0000000000
151547  -42.358  -7.769  46.132 0.0000000000
68936  -41.860  -6.634  46.688 0.0000000000
72404  -41.393  -3.830  46.250 0.0000000000
71260  -42.138  -5.027  46.375 0.0000000000
72406  -42.449  -4.195  46.173 0.0000000000
72407  -42.784  -4.292  45.747 0.0000000000
73607  -42.460  -3.398  46.106 0.0000000000
73618  -42.902  -2.894  45.888 0.0000000000
73617  -42.336  -2.747  45.951 0.0000000000
154046  -41.173  -2.038  43.427 0.0000000000
74922  -41.433  -1.831  44.283 0.0000000000
63716  -16.309  -10.339  55.265 0.0000000000
63689  -17.892  -9.321  57.985 0.0000000000
66350  -19.036  -8.972  58.188 0.0000000000
60061  -20.939  -12.312  56.410 0.0000000000
60073  -21.520  -12.985  55.808 0.0000000000
60083  -21.428  -13.188  54.911 0.0000000000
58869  -21.843  -13.620  55.193 0.0000000000
163656  -21.102  -10.194  54.063 0.0000000000
63708  -22.455  -11.090  56.606 0.0000000000
62400  -22.150  -11.393  57.083 0.0000000000
62401  -22.573  -11.795  56.786 0.0000000000
58861  -23.187  -13.659  56.094 0.0000000000
148891  -22.627  -13.174  56.277 0.0000000000
58870  -22.565  -13.976  55.574 0.0000000000
57711  -22.859  -14.775  55.200 0.0000000000
57722  -22.491  -15.109  54.730 0.0000000000
57713  -23.865  -15.081  55.236 0.0000000000
56527  -23.509  -15.379  55.119 0.0000000000
56528  -23.911  -15.708  55.004 0.0000000000
55302  -23.527  -16.331  54.387 0.0000000000
56542  -24.177  -16.076  54.822 0.0000000000
153167  -26.437  -15.730  54.256 0.0000000000
56531  -25.797  -15.683  54.479 0.0000000000
56544  -25.525  -16.130  54.505 0.0000000000
55304  -25.240  -16.366  54.363 0.0000000000
55305  -26.039  -16.492  54.170 0.0000000000
55315  -26.454  -16.738  53.812 0.0000000000
55317  -28.327  -16.892  53.519 0.0000000000
55316  -27.762  -16.947  53.619 0.0000000000
54064  -27.860  -17.206  53.184 0.0000000000
54076  -28.059  -17.317  52.557 0.0000000000
54077  -28.541  -17.333  52.828 0.0000000000
58924  -30.273  -13.831  51.053 0.0000000000
58913  -29.915  -14.028  51.693 0.0000000000
58904  -29.465  -14.088  52.225 0.0000000000
57745  -29.743  -14.766  52.210 0.0000000000
142899  -30.782  -17.484  51.826 0.0000000000
55331  -29.934  -17.071  52.515 0.0000000000
54091  -30.246  -17.445  52.063 0.0000000000
54090  -29.643  -17.593  52.026 0.0000000000
52956  -31.769  -18.242  50.832 0.0000000000
146172  -32.095  -18.374  50.156 0.0000000000
56589  -33.726  -15.072  49.545 0.0000000000
155347  -33.815  -16.037  49.427 0.0000000000
59017  -35.006  -13.902  46.987 0.0000000000
57804  -36.172  -14.198  46.326 0.0000000000
59001  -37.378  -14.360  47.423 0.0000000000
59000  -36.657  -14.079  47.721 0.0000000000
57790  -37.773  -14.799  47.611 0.0000000000
59035  -39.701  -13.900  46.199 0.0000000000
56617  -39.123  -15.490  46.979 0.0000000000
57792  -38.811  -15.087  47.151 0.0000000000
56616  -38.550  -15.473  47.273 0.0000000000
55403  -38.454  -16.196  47.146 0.0000000000
55402  -37.683  -16.701  47.119 0.0000000000
148816  -38.757  -16.321  46.790 0.0000000000
55431  -38.532  -16.756  45.539 0.0000000000
54192  -38.004  -16.984  45.921 0.0000000000
54212  -37.795  -17.050  45.249 0.0000000000
56653  -39.900  -15.795  43.990 0.0000000000
56664  -40.409  -15.106  43.459 0.0000000000
59037  -41.834  -14.032  45.616 0.0000000000
57856  -41.573  -14.534  45.294 0.0000000000
59052  -41.866  -14.096  44.920 0.0000000000
60251  -42.003  -13.362  43.575 0.0000000000
59100  -41.612  -13.825  43.233 0.0000000000
59099  -41.099  -14.094  42.844 0.0000000000
59123  -41.444  -13.469  42.510 0.0000000000
60278  -41.282  -12.999  41.768 0.0000000000
60279  -41.810  -12.875  42.397 0.0000000000
63896  -42.552  -10.615  42.905 0.0000000000
62617  -42.371  -11.119  42.459 0.0000000000
63912  -42.201  -10.578  42.265 0.0000000000
65017  -16.310  -8.431  57.941 0.0000000000
74935  -44.222  -2.327  43.535 0.0000000000
73643  -43.699  -2.733  43.604 0.0000000000
73653  -44.183  -2.550  42.735 0.0000000000
77325  -44.530  -0.401  39.231 0.0000000000
78390  -44.928  0.229  40.689 0.0000000000
76120  -47.814  -1.844  40.639 0.0000000000
77305  -46.793  -0.677  40.593 0.0000000000
76111  -47.440  -2.004  41.484 0.0000000000
155138  -47.913  -2.420  41.219 0.0000000000
73692  -49.843  -3.696  39.473 0.0000000000
73691  -49.410  -3.363  39.847 0.0000000000
72480  -49.731  -3.956  40.126 0.0000000000
71330  -48.670  -4.947  41.016 0.0000000000
70212  -48.362  -5.663  40.629 0.0000000000
71329  -47.986  -5.023  41.134 0.0000000000
70211  -47.845  -5.451  40.651 0.0000000000
72544  -50.478  -4.087  34.848 0.0000000000
73790  -51.285  -2.614  34.860 0.0000000000
79523  -53.395  2.181  32.057 0.0000000000
155439  -53.319  1.284  32.382 0.0000000000
77376  -53.085  0.412  33.670 0.0000000000
77381  -52.509  -0.216  33.170 0.0000000000
76211  -51.775  -0.836  32.578 0.0000000000
76204  -51.980  -0.819  33.512 0.0000000000
76196  -51.513  -1.337  33.707 0.0000000000
76197  -52.184  -0.762  34.118 0.0000000000
75050  -53.818  -1.556  35.004 0.0000000000
75049  -52.473  -1.360  35.194 0.0000000000
75036  -52.946  -1.914  35.594 0.0000000000
73771  -52.750  -2.671  35.743 0.0000000000
73772  -53.446  -2.688  35.724 0.0000000000
72532  -53.845  -3.561  35.662 0.0000000000
150858  -54.246  -3.483  35.122 0.0000000000
65153  -40.801  -9.683  46.467 0.0000000000
66466  -40.301  -9.035  46.320 0.0000000000
67760  -39.104  -7.506  45.171 0.0000000000
60208  -33.626  -13.641  48.309 0.0000000000
60219  -34.395  -13.644  48.157 0.0000000000
58999  -35.173  -13.688  48.075 0.0000000000
162974  -39.193  -11.732  44.592 0.0000000000
61393  -39.772  -12.588  45.112 0.0000000000
61377  -39.592  -11.787  45.115 0.0000000000
62527  -41.230  -11.566  46.265 0.0000000000
62526  -40.865  -10.765  46.334 0.0000000000
63831  -40.595  -10.158  46.382 0.0000000000
77263  -42.740  -0.705  43.429 0.0000000000
77264  -43.693  -0.491  43.698 0.0000000000
77279  -43.226  -0.204  42.856 0.0000000000
78365  -44.410  0.063  42.500 0.0000000000
78366  -45.014  -0.167  42.472 0.0000000000
137566  -50.863  -4.724  37.338 0.0000000000
72505  -50.654  -4.563  37.964 0.0000000000
71373  -52.089  -5.489  37.673 0.0000000000
156040  -52.507  -6.396  36.882 0.0000000000
70286  -52.528  -5.638  37.086 0.0000000000
143745  -52.998  -5.809  36.438 0.0000000000
144660  -53.787  -5.252  35.363 0.0000000000
80666  -54.079  2.692  32.014 0.0000000000
80677  -54.311  2.422  31.246 0.0000000000
79547  -54.513  1.490  30.873 0.0000000000
142396  -51.750  5.870  28.523 0.0000000000
85338  -51.940  5.758  29.307 0.0000000000
84234  -52.826  5.322  30.848 0.0000000000
85330  -53.153  5.946  30.682 0.0000000000
85331  -54.162  5.944  30.871 0.0000000000
85332  -54.772  6.111  30.541 0.0000000000
84243  -54.660  5.572  30.349 0.0000000000
85341  -54.838  6.108  30.037 0.0000000000
86365  -54.873  6.716  29.910 0.0000000000
86380  -54.976  7.021  29.222 0.0000000000
89571  -55.597  9.186  27.497 0.0000000000
88482  -55.636  8.816  27.811 0.0000000000
88493  -55.819  8.890  27.562 0.0000000000
87440  -56.041  8.979  27.086 0.0000000000
86416  -55.205  7.393  25.691 0.0000000000
148444  -42.663  -10.069  43.317 0.0000000000
65194  -42.623  -9.345  43.365 0.0000000000
148671  -42.742  -9.092  44.026 0.0000000000
66485  -42.751  -8.520  44.370 0.0000000000
67762  -42.769  -7.903  45.202 0.0000000000
145834  -40.384  -5.776  46.524 0.0000000000
70125  -41.101  -5.828  46.783 0.0000000000
140749  -40.844  -5.253  46.594 0.0000000000
73615  -40.636  -3.974  45.851 0.0000000000
73616  -41.042  -3.291  45.729 0.0000000000
74896  -41.535  -2.683  45.616 0.0000000000
73630  -40.886  -2.842  44.994 0.0000000000
74920  -40.682  -2.588  43.061 0.0000000000
148853  -17.182  -8.558  58.057 0.0000000000
61237  -21.408  -12.224  57.042 0.0000000000
61238  -23.056  -12.045  56.509 0.0000000000
61239  -23.669  -12.420  56.250 0.0000000000
60065  -23.538  -12.904  56.208 0.0000000000
58862  -23.432  -13.644  55.911 0.0000000000
57701  -23.255  -14.297  55.706 0.0000000000
57702  -23.594  -14.408  55.590 0.0000000000
57703  -23.997  -14.464  55.401 0.0000000000
57714  -24.393  -14.946  55.115 0.0000000000
56546  -27.023  -16.205  54.107 0.0000000000
55306  -27.141  -16.576  54.067 0.0000000000
55318  -28.818  -16.719  53.306 0.0000000000
60141  -31.231  -13.629  50.170 0.0000000000
161754  -30.826  -13.563  50.360 0.0000000000
60140  -30.880  -13.783  50.612 0.0000000000
56565  -29.996  -15.829  52.160 0.0000000000
55343  -31.163  -16.869  51.726 0.0000000000
54109  -32.345  -17.668  50.864 0.0000000000
54123  -33.028  -17.820  50.338 0.0000000000
56599  -35.135  -15.318  49.081 0.0000000000
152454  -34.464  -16.222  49.030 0.0000000000
55376  -35.160  -16.474  48.657 0.0000000000
55388  -35.182  -17.425  48.426 0.0000000000
54173  -36.979  -17.330  46.784 0.0000000000
163578  -36.339  -14.424  45.690 0.0000000000
57806  -38.061  -14.446  46.966 0.0000000000
56625  -39.730  -15.417  46.626 0.0000000000
55419  -39.241  -16.040  46.615 0.0000000000
55432  -39.258  -16.396  45.849 0.0000000000
55442  -39.087  -16.508  45.102 0.0000000000
56646  -40.595  -15.451  44.494 0.0000000000
61394  -42.623  -12.246  44.958 0.0000000000
60244  -42.467  -12.892  44.734 0.0000000000
147421  -42.623  -12.284  44.361 0.0000000000
61412  -42.468  -12.163  43.046 0.0000000000
61411  -42.137  -12.385  42.496 0.0000000000
143118  -42.628  -11.345  43.128 0.0000000000
139641  -16.356  -7.698  56.029 0.0000000000
67644  -16.226  -7.405  57.022 0.0000000000
67636  -15.958  -7.337  57.783 0.0000000000
161845  -16.588  -8.103  58.136 0.0000000000
73654  -45.211  -2.367  42.955 0.0000000000
73665  -44.570  -2.983  41.859 0.0000000000
161214  -46.202  -0.607  39.001 0.0000000000
77326  -46.028  -0.226  39.697 0.0000000000
77327  -46.734  -0.536  39.516 0.0000000000
76128  -47.822  -1.701  39.787 0.0000000000
144105  -48.316  -2.280  40.135 0.0000000000
70232  -50.323  -5.836  39.830 0.0000000000
71349  -49.838  -4.736  40.320 0.0000000000
78425  -53.888  1.534  32.981 0.0000000000
78424  -53.605  1.168  33.134 0.0000000000
158603  -53.763  1.163  33.248 0.0000000000
78419  -53.478  0.814  33.399 0.0000000000
77368  -52.746  -0.162  34.057 0.0000000000
76198  -52.514  -0.598  34.359 0.0000000000
77362  -53.564  -0.202  34.271 0.0000000000
73791  -54.396  -2.973  34.755 0.0000000000
163980  -53.223  7.640  28.065 0.0000000000
87415  -54.029  7.906  28.837 0.0000000000
87424  -53.710  8.151  27.949 0.0000000000
88480  -54.239  8.629  27.508 0.0000000000
157121  -54.977  9.085  27.421 0.0000000000
88491  -54.322  8.913  26.665 0.0000000000
89581  -55.789  9.462  26.910 0.0000000000
63850  -42.697  -10.416  45.482 0.0000000000
148031  -42.689  -8.844  45.732 0.0000000000
65156  -42.357  -9.034  46.167 0.0000000000
66457  -42.132  -8.404  46.377 0.0000000000
67739  -41.142  -7.728  46.747 0.0000000000
66454  -40.518  -8.227  46.567 0.0000000000
68934  -40.468  -7.365  46.697 0.0000000000
68947  -40.590  -6.540  46.734 0.0000000000
70142  -39.745  -5.802  45.901 0.0000000000
71281  -39.437  -5.082  44.118 0.0000000000
67646  -17.546  -7.694  57.159 0.0000000000
67647  -18.020  -7.884  57.483 0.0000000000
67658  -18.054  -7.877  56.484 0.0000000000
66358  -18.568  -8.074  57.092 0.0000000000
66370  -19.799  -8.767  56.888 0.0000000000
65033  -20.951  -9.611  56.640 0.0000000000
58937  -31.643  -13.798  49.874 0.0000000000
57768  -32.566  -14.704  49.986 0.0000000000
57769  -33.309  -14.424  49.656 0.0000000000
57770  -34.277  -14.139  49.080 0.0000000000
57775  -34.896  -14.454  49.224 0.0000000000
59050  -38.607  -13.950  44.605 0.0000000000
140916  -39.004  -13.971  45.452 0.0000000000
59021  -40.472  -14.157  46.641 0.0000000000
149496  -41.097  -14.351  46.533 0.0000000000
57832  -41.452  -14.387  46.195 0.0000000000
57831  -41.223  -14.811  45.689 0.0000000000
59023  -41.741  -13.979  46.058 0.0000000000
60230  -42.210  -12.879  45.861 0.0000000000
62528  -41.849  -11.802  46.209 0.0000000000
61365  -42.240  -11.997  45.944 0.0000000000
61380  -42.474  -12.132  45.519 0.0000000000
62547  -42.522  -11.204  45.670 0.0000000000
62548  -42.734  -10.933  45.184 0.0000000000
67656  -16.827  -7.875  55.457 0.0000000000
73631  -43.252  -3.319  45.183 0.0000000000
72436  -43.236  -3.291  44.324 0.0000000000
74923  -44.220  -2.099  44.157 0.0000000000
74911  -44.555  -1.548  44.041 0.0000000000
76087  -44.292  -1.253  44.199 0.0000000000
76092  -44.800  -1.188  43.737 0.0000000000
74937  -45.230  -1.825  43.574 0.0000000000
143505  -45.699  -1.977  43.217 0.0000000000
73655  -46.083  -2.561  42.799 0.0000000000
73667  -46.539  -3.208  42.384 0.0000000000
73718  -48.458  -2.644  38.030 0.0000000000
74986  -48.532  -2.446  38.559 0.0000000000
73719  -49.105  -2.933  38.547 0.0000000000
73720  -49.781  -3.534  38.870 0.0000000000
71363  -50.331  -4.426  39.669 0.0000000000
72495  -50.807  -4.554  38.598 0.0000000000
72488  -50.723  -4.657  39.090 0.0000000000
71364  -50.823  -5.222  39.410 0.0000000000
70253  -50.883  -6.035  39.344 0.0000000000
148370  -52.201  3.054  30.669 0.0000000000
150647  -52.082  2.083  30.318 0.0000000000
80676  -52.831  2.608  31.351 0.0000000000
80655  -54.025  2.428  32.317 0.0000000000
79524  -54.131  1.832  32.568 0.0000000000
147423  -54.266  1.319  32.782 0.0000000000
77383  -54.691  0.373  32.563 0.0000000000
63847  -38.763  -9.570  44.963 0.0000000000
65165  -38.808  -8.844  44.893 0.0000000000
65176  -38.523  -9.306  44.314 0.0000000000
59049  -37.815  -14.238  44.291 0.0000000000
60250  -38.891  -12.620  43.763 0.0000000000
63865  -38.813  -10.298  44.966 0.0000000000
77312  -42.420  -0.220  39.724 0.0000000000
78382  -43.223  0.162  40.836 0.0000000000
77324  -43.699  -0.312  39.330 0.0000000000
76136  -44.002  -0.881  38.724 0.0000000000
158988  -46.774  -1.458  37.900 0.0000000000
74984  -47.509  -1.902  38.048 0.0000000000
75005  -47.811  -2.326  37.627 0.0000000000
72504  -49.405  -4.275  37.528 0.0000000000
71381  -49.064  -4.886  36.840 0.0000000000
71382  -49.977  -4.788  37.152 0.0000000000
71393  -50.258  -4.945  36.555 0.0000000000
71394  -51.099  -4.744  36.807 0.0000000000
72516  -51.435  -4.470  36.316 0.0000000000
81884  -50.968  3.620  29.013 0.0000000000
81861  -53.774  3.667  31.817 0.0000000000
84229  -53.525  4.969  31.326 0.0000000000
83059  -53.968  4.510  31.537 0.0000000000
81862  -53.970  4.000  31.468 0.0000000000
144179  -54.156  3.239  31.053 0.0000000000
160242  -54.065  2.460  29.334 0.0000000000
86366  -55.113  7.441  29.019 0.0000000000
86381  -55.200  7.495  28.654 0.0000000000
87425  -55.500  8.358  28.149 0.0000000000
67785  -42.515  -8.035  43.593 0.0000000000
147712  -42.493  -7.373  43.924 0.0000000000
70157  -42.491  -6.261  44.509 0.0000000000
70158  -42.605  -5.643  44.879 0.0000000000
72417  -42.871  -4.321  45.363 0.0000000000
66478  -42.785  -8.504  45.338 0.0000000000
67751  -42.644  -7.315  45.617 0.0000000000
164024  -42.597  -6.782  45.717 0.0000000000
70126  -41.847  -5.884  46.648 0.0000000000
70127  -42.321  -5.715  46.119 0.0000000000
161423  -42.566  -6.072  45.520 0.0000000000
71262  -42.657  -5.039  45.550 0.0000000000
144197  -43.018  -3.710  45.606 0.0000000000
73619  -43.198  -3.040  45.628 0.0000000000
74898  -42.834  -2.304  45.716 0.0000000000
76086  -42.873  -1.373  44.921 0.0000000000
74908  -41.355  -2.171  44.980 0.0000000000
140365  -42.050  -1.394  44.290 0.0000000000
76091  -42.603  -1.023  44.203 0.0000000000
66475  -38.709  -8.329  44.487 0.0000000000
68957  -39.049  -7.083  44.856 0.0000000000
68988  -38.672  -6.715  43.768 0.0000000000
70155  -38.946  -6.317  44.215 0.0000000000
157612  -38.978  -6.006  43.944 0.0000000000
70170  -39.026  -5.662  43.699 0.0000000000
71291  -39.200  -5.007  43.281 0.0000000000
144120  -39.466  -4.289  42.795 0.0000000000
72434  -39.917  -3.696  43.128 0.0000000000
77311  -41.898  -0.419  40.019 0.0000000000
63715  -15.462  -10.171  55.279 0.0000000000
65019  -18.551  -9.026  58.241 0.0000000000
65042  -20.855  -9.681  55.459 0.0000000000
60052  -21.879  -12.531  56.789 0.0000000000
61228  -22.651  -12.158  56.721 0.0000000000
60063  -22.204  -12.980  56.403 0.0000000000
58859  -21.997  -13.278  55.858 0.0000000000
56526  -23.174  -15.261  55.080 0.0000000000
57715  -24.846  -14.690  54.926 0.0000000000
56530  -24.988  -15.527  54.803 0.0000000000
56543  -24.763  -16.062  54.712 0.0000000000
140339  -27.193  -16.971  53.531 0.0000000000
55328  -26.680  -16.912  53.361 0.0000000000
58902  -28.399  -13.576  52.650 0.0000000000
58912  -29.284  -13.759  51.909 0.0000000000
58903  -28.945  -13.931  52.526 0.0000000000
56557  -29.012  -15.887  53.020 0.0000000000
55330  -29.413  -16.801  52.869 0.0000000000
161298  -29.852  -16.639  52.534 0.0000000000
145631  -29.153  -17.393  52.515 0.0000000000
55374  -34.085  -17.183  49.353 0.0000000000
54124  -33.666  -17.922  49.782 0.0000000000
52967  -33.125  -18.169  49.983 0.0000000000
157499  -35.405  -13.577  47.651 0.0000000000
139054  -35.958  -13.827  48.006 0.0000000000
59019  -36.674  -14.055  47.072 0.0000000000
163110  -36.082  -14.092  48.313 0.0000000000
58979  -36.610  -14.337  48.182 0.0000000000
57780  -36.776  -14.689  48.331 0.0000000000
56610  -37.132  -15.142  48.223 0.0000000000
152713  -38.316  -14.854  47.278 0.0000000000
56612  -37.958  -15.135  47.681 0.0000000000
56611  -37.638  -15.284  47.937 0.0000000000
55390  -37.333  -16.061  47.842 0.0000000000
54191  -37.381  -17.234  46.296 0.0000000000
57873  -40.913  -15.031  44.015 0.0000000000
59053  -42.148  -13.476  44.432 0.0000000000
144677  -41.360  -12.394  41.195 0.0000000000
61427  -41.760  -11.822  41.472 0.0000000000
72435  -42.920  -3.468  43.374 0.0000000000
78389  -43.959  0.293  40.676 0.0000000000
147282  -45.122  0.159  41.424 0.0000000000
78377  -45.593  -0.135  41.577 0.0000000000
77316  -46.456  -0.320  40.193 0.0000000000
77304  -46.139  -0.260  41.001 0.0000000000
76109  -46.305  -1.013  42.167 0.0000000000
74938  -46.461  -1.639  42.395 0.0000000000
74946  -46.905  -2.342  42.223 0.0000000000
72453  -46.961  -3.757  42.043 0.0000000000
74974  -48.746  -2.538  39.068 0.0000000000
74966  -48.891  -2.776  39.833 0.0000000000
74958  -48.648  -2.898  40.608 0.0000000000
72468  -48.790  -4.122  41.174 0.0000000000
73678  -48.234  -3.078  41.320 0.0000000000
157779  -47.864  -4.166  41.723 0.0000000000
72454  -47.458  -4.008  41.866 0.0000000000
72466  -47.120  -4.335  41.578 0.0000000000
72543  -49.818  -4.572  34.599 0.0000000000
72529  -50.919  -4.338  35.582 0.0000000000
72530  -51.731  -3.854  35.766 0.0000000000
158761  -52.254  0.867  30.518 0.0000000000
78444  -52.159  0.314  30.709 0.0000000000
77390  -52.609  0.410  31.668 0.0000000000
77389  -51.945  -0.290  31.081 0.0000000000
75076  -50.911  -1.855  33.205 0.0000000000
75064  -51.024  -1.826  33.777 0.0000000000
76184  -52.176  -1.016  34.645 0.0000000000
75048  -51.789  -1.748  34.975 0.0000000000
73770  -51.941  -2.826  35.435 0.0000000000
72531  -52.521  -3.522  35.921 0.0000000000
72518  -52.914  -4.147  36.331 0.0000000000
72519  -53.423  -4.004  36.007 0.0000000000
71406  -53.770  -4.498  35.682 0.0000000000
70301  -54.050  -5.205  34.811 0.0000000000
72545  -54.547  -3.813  34.442 0.0000000000
71417  -54.347  -4.685  34.502 0.0000000000
70310  -53.723  -5.995  34.336 0.0000000000
54065  -28.298  -17.129  53.319 0.0000000000
55303  -24.503  -16.300  54.557 0.0000000000
58938  -32.027  -13.895  49.799 0.0000000000
59038  -42.159  -13.543  45.228 0.0000000000
59075  -41.782  -14.032  44.058 0.0000000000
60064  -23.152  -13.002  56.295 0.0000000000
60164  -32.987  -13.993  49.229 0.0000000000
60238  -42.059  -13.545  45.802 0.0000000000
61226  -21.781  -12.112  57.142 0.0000000000
62588  -42.773  -11.179  43.991 0.0000000000
63866  -42.819  -10.453  44.906 0.0000000000
65167  -42.637  -9.637  45.798 0.0000000000
66456  -41.668  -8.187  46.584 0.0000000000
66464  -39.275  -7.801  45.744 0.0000000000
66469  -42.655  -8.139  45.667 0.0000000000
66476  -38.982  -8.138  45.131 0.0000000000
67740  -41.657  -7.631  46.655 0.0000000000
67741  -42.032  -7.196  46.474 0.0000000000
67771  -38.844  -7.411  44.482 0.0000000000
68935  -40.942  -6.985  46.890 0.0000000000
68937  -42.208  -6.451  46.353 0.0000000000
68948  -42.531  -6.311  45.845 0.0000000000
68958  -42.606  -6.541  45.393 0.0000000000
68972  -38.855  -6.904  44.313 0.0000000000
69044  -50.361  -6.439  39.611 0.0000000000
69063  -50.705  -6.705  39.188 0.0000000000
69064  -51.287  -6.313  38.808 0.0000000000
70124  -39.983  -6.336  46.348 0.0000000000
70128  -42.561  -5.652  45.703 0.0000000000
70140  -39.096  -6.619  44.812 0.0000000000
70156  -39.187  -5.769  44.338 0.0000000000
70231  -49.606  -5.593  40.306 0.0000000000
70311  -54.085  -5.371  34.366 0.0000000000
71272  -39.890  -5.047  45.553 0.0000000000
71315  -47.706  -4.542  41.608 0.0000000000
71383  -51.352  -4.923  38.066 0.0000000000
71397  -53.240  -4.568  36.289 0.0000000000
71407  -54.104  -4.783  35.086 0.0000000000
71416  -49.474  -5.137  35.093 0.0000000000
72403  -40.955  -4.567  46.368 0.0000000000
72405  -41.780  -4.389  46.421 0.0000000000
72433  -39.667  -4.336  43.620 0.0000000000
72455  -48.293  -3.869  41.532 0.0000000000
72515  -47.993  -3.986  36.743 0.0000000000
73668  -47.099  -3.283  42.137 0.0000000000
73679  -48.709  -3.485  41.097 0.0000000000
74909  -42.013  -1.703  44.968 0.0000000000
74947  -47.606  -2.822  41.792 0.0000000000
75037  -53.574  -2.059  35.422 0.0000000000
75047  -51.106  -2.078  34.339 0.0000000000
75051  -54.079  -2.302  35.061 0.0000000000
76093  -45.343  -1.228  43.313 0.0000000000
76119  -47.159  -1.291  40.996 0.0000000000
76127  -47.329  -1.179  40.196 0.0000000000
76139  -47.300  -1.112  39.414 0.0000000000
76155  -47.771  -1.956  38.608 0.0000000000
76174  -53.101  -1.313  35.280 0.0000000000
76186  -53.313  -0.777  34.795 0.0000000000
76203  -51.353  -1.408  32.963 0.0000000000
77254  -44.117  -0.879  44.214 0.0000000000
77265  -44.535  -0.835  43.788 0.0000000000
77280  -44.022  -0.111  43.136 0.0000000000
77282  -45.219  -0.530  42.846 0.0000000000
77294  -42.898  -0.099  41.976 0.0000000000
77295  -45.467  -0.318  42.218 0.0000000000
77296  -45.982  -0.484  41.827 0.0000000000
77297  -46.557  -0.808  41.388 0.0000000000
77303  -42.674  -0.082  41.160 0.0000000000
77313  -43.244  0.035  40.047 0.0000000000
77361  -52.867  -0.287  34.356 0.0000000000
77369  -53.237  0.354  33.838 0.0000000000
78376  -44.744  0.150  41.898 0.0000000000
78383  -43.789  0.325  41.223 0.0000000000
78384  -44.439  0.333  41.294 0.0000000000
78420  -53.768  0.831  33.566 0.0000000000
78471  -54.271  0.383  29.761 0.0000000000
83068  -52.603  4.659  30.903 0.0000000000
83091  -51.136  4.780  28.705 0.0000000000
85329  -52.303  5.580  30.113 0.0000000000
85356  -52.233  6.304  29.036 0.0000000000
137488  -43.533  -2.497  45.202 0.0000000000
147819  -42.522  -0.067  40.393 0.0000000000
150991  -41.522  -7.134  46.795 0.0000000000
151367  -42.055  -1.202  43.553 0.0000000000
153375  -43.611  -1.992  45.160 0.0000000000
156491  -34.009  -13.758  48.488 0.0000000000
156599  -40.322  -4.575  45.907 0.0000000000
157064  -46.591  -2.736  42.558 0.0000000000
157511  -42.458  -6.773  44.169 0.0000000000
159714  -41.815  -13.259  42.918 0.0000000000
161622  -39.426  -5.367  44.580 0.0000000000
161693  -42.651  -1.841  45.400 0.0000000000
161920  -39.258  -7.380  45.589 0.0000000000
162697  -48.475  -5.316  35.686 0.0000000000
163765  -45.212  -0.064  41.922 0.0000000000
164130  -54.985  -0.567  31.982 0.0000000000
164784  -29.697  -13.590  50.818 0.0000000000
165126  -42.041  -3.790  46.299 0.0000000000
