#!ascii label  , from subject sub-v2s2x29088_ses-1 vox2ras=TkReg
1477
116741  39.276  34.991  -4.554 0.0000000000
119362  39.157  38.975  3.946 0.0000000000
113807  40.475  31.969  -2.834 0.0000000000
114555  34.225  32.976  -3.389 0.0000000000
112610  35.620  29.021  -6.619 0.0000000000
120829  42.466  40.532  -2.572 0.0000000000
123309  38.876  44.463  7.985 0.0000000000
126794  38.946  49.876  3.776 0.0000000000
111948  40.836  29.205  3.067 0.0000000000
110008  41.537  26.754  2.618 0.0000000000
116725  40.918  35.621  -2.263 0.0000000000
113861  42.857  31.021  -8.165 0.0000000000
116009  46.467  34.740  0.470 0.0000000000
148622  40.586  34.646  3.074 0.0000000000
127994  36.818  52.752  -1.518 0.0000000000
122192  36.659  42.927  -0.432 0.0000000000
111998  38.370  29.057  -2.043 0.0000000000
115306  36.988  34.015  -3.311 0.0000000000
113839  34.468  31.450  -5.093 0.0000000000
114587  36.628  31.774  -6.180 0.0000000000
118770  40.709  38.223  -5.527 0.0000000000
117405  37.537  36.379  -3.288 0.0000000000
123365  35.957  44.902  4.272 0.0000000000
111904  43.133  28.881  6.357 0.0000000000
111932  44.300  29.049  4.043 0.0000000000
111272  47.081  28.638  6.414 0.0000000000
125254  39.460  47.754  -6.551 0.0000000000
155484  39.921  36.499  0.677 0.0000000000
116030  43.557  34.812  -1.648 0.0000000000
117333  43.098  36.686  2.046 0.0000000000
115876  44.803  34.575  10.282 0.0000000000
116632  43.267  35.551  5.918 0.0000000000
115943  40.118  34.425  7.017 0.0000000000
113774  36.658  32.018  3.545 0.0000000000
123372  38.224  44.397  3.368 0.0000000000
124603  36.851  46.559  1.328 0.0000000000
161597  36.499  40.798  1.869 0.0000000000
119399  38.467  39.203  -0.006 0.0000000000
113836  42.945  31.200  -5.560 0.0000000000
112619  39.798  29.865  -6.039 0.0000000000
112004  41.249  29.325  -3.005 0.0000000000
112017  33.897  28.775  -4.529 0.0000000000
110736  35.316  27.196  -4.811 0.0000000000
123419  43.093  44.107  -1.666 0.0000000000
122206  40.959  42.703  -3.267 0.0000000000
122131  40.646  42.941  4.912 0.0000000000
119332  42.236  39.739  5.364 0.0000000000
152749  32.874  48.819  -0.192 0.0000000000
127940  34.507  52.038  2.609 0.0000000000
125122  38.925  47.137  5.720 0.0000000000
112571  39.313  30.448  -0.207 0.0000000000
111982  41.951  28.972  -1.101 0.0000000000
111962  42.890  28.813  1.158 0.0000000000
110000  43.634  26.797  3.534 0.0000000000
116750  41.677  35.984  -6.377 0.0000000000
115349  40.689  33.380  -7.116 0.0000000000
115317  43.561  33.819  -5.065 0.0000000000
114561  46.448  31.824  -4.449 0.0000000000
114524  43.370  32.967  -1.746 0.0000000000
117992  45.873  36.263  4.423 0.0000000000
116004  43.987  34.462  1.364 0.0000000000
115277  40.227  33.344  -0.131 0.0000000000
150057  37.774  31.495  1.200 0.0000000000
111312  38.915  28.638  4.324 0.0000000000
126889  38.299  51.218  -4.069 0.0000000000
148431  38.297  48.638  -2.759 0.0000000000
126286  35.474  48.492  -0.834 0.0000000000
123438  38.249  44.807  -1.896 0.0000000000
121529  40.420  41.651  -0.397 0.0000000000
118732  41.468  38.083  -2.703 0.0000000000
162302  37.167  29.519  -9.063 0.0000000000
112598  36.284  29.280  -4.731 0.0000000000
110718  36.536  27.495  -2.575 0.0000000000
110704  40.282  27.964  -0.331 0.0000000000
115319  38.196  33.964  -4.107 0.0000000000
115334  37.023  33.233  -4.601 0.0000000000
115332  38.477  33.625  -4.857 0.0000000000
150732  40.116  36.986  -5.798 0.0000000000
118087  39.084  37.209  -4.694 0.0000000000
116742  38.375  35.547  -3.667 0.0000000000
116057  37.317  34.678  -3.035 0.0000000000
111256  43.914  28.640  7.746 0.0000000000
111912  45.009  29.253  6.001 0.0000000000
111886  46.255  28.829  8.183 0.0000000000
109374  34.984  25.749  -3.739 0.0000000000
118020  38.640  37.647  2.759 0.0000000000
117347  41.036  36.488  1.250 0.0000000000
159214  40.761  37.356  2.914 0.0000000000
115167  41.752  34.116  10.043 0.0000000000
115903  42.648  34.671  8.688 0.0000000000
158831  38.165  41.497  3.712 0.0000000000
122152  36.988  43.125  2.748 0.0000000000
120056  37.534  39.478  3.133 0.0000000000
118701  37.556  38.644  1.635 0.0000000000
113813  41.619  31.865  -3.953 0.0000000000
113203  41.361  30.541  -4.322 0.0000000000
113196  41.086  30.186  -3.599 0.0000000000
114557  32.847  32.522  -2.772 0.0000000000
113829  33.164  31.361  -3.582 0.0000000000
113212  34.697  30.540  -5.353 0.0000000000
113213  34.041  30.539  -4.821 0.0000000000
112024  34.592  28.824  -5.369 0.0000000000
111369  34.583  27.645  -4.888 0.0000000000
148636  35.008  28.175  -5.812 0.0000000000
121536  42.864  42.427  -1.221 0.0000000000
122204  42.720  43.176  -2.401 0.0000000000
121544  41.646  42.076  -2.799 0.0000000000
116060  34.861  34.185  -2.538 0.0000000000
115311  33.025  33.152  -2.576 0.0000000000
122709  40.732  44.315  6.678 0.0000000000
122111  41.765  42.618  6.867 0.0000000000
148138  40.832  42.818  8.049 0.0000000000
123345  37.331  44.762  6.426 0.0000000000
124559  37.522  46.318  5.628 0.0000000000
123913  38.810  45.521  7.169 0.0000000000
123944  39.910  45.481  4.979 0.0000000000
111966  39.616  29.707  1.472 0.0000000000
111964  41.948  29.264  0.588 0.0000000000
142105  42.740  29.179  2.372 0.0000000000
110670  45.406  28.229  4.248 0.0000000000
110671  44.660  28.230  4.011 0.0000000000
109998  45.425  26.541  3.529 0.0000000000
116740  41.212  35.761  -3.917 0.0000000000
143433  42.111  35.111  -6.073 0.0000000000
116055  42.106  34.710  -3.107 0.0000000000
149636  45.704  34.677  -0.985 0.0000000000
115304  46.132  33.363  -3.288 0.0000000000
115294  46.650  33.172  -2.040 0.0000000000
114550  46.210  32.186  -3.118 0.0000000000
115284  45.851  33.093  -1.201 0.0000000000
118633  43.378  38.445  6.699 0.0000000000
118674  43.781  37.538  4.578 0.0000000000
117979  45.247  36.327  6.220 0.0000000000
163249  41.630  35.341  4.333 0.0000000000
116662  43.864  35.376  3.457 0.0000000000
115978  42.103  34.975  2.858 0.0000000000
115246  42.318  34.067  0.890 0.0000000000
115248  40.619  33.893  1.165 0.0000000000
114502  38.766  32.728  0.325 0.0000000000
115251  38.316  33.262  1.778 0.0000000000
112540  36.144  30.196  4.094 0.0000000000
111952  37.235  29.621  3.258 0.0000000000
128009  38.152  52.221  -2.574 0.0000000000
126874  39.749  51.318  -3.535 0.0000000000
126863  37.856  50.841  -1.856 0.0000000000
152861  36.490  51.551  4.176 0.0000000000
129096  36.366  53.404  2.997 0.0000000000
127387  37.677  51.227  2.655 0.0000000000
123389  35.952  44.642  0.666 0.0000000000
125187  36.239  47.506  0.780 0.0000000000
159675  35.763  45.675  -0.287 0.0000000000
124633  36.184  46.444  -1.855 0.0000000000
123426  36.825  44.487  -1.613 0.0000000000
149757  39.593  43.837  -1.028 0.0000000000
122190  38.552  42.403  -0.683 0.0000000000
117385  39.777  37.307  -1.413 0.0000000000
118718  40.351  38.564  -1.569 0.0000000000
149313  40.807  36.674  -2.848 0.0000000000
118086  41.852  37.257  -4.760 0.0000000000
114603  42.081  32.015  -7.928 0.0000000000
114597  39.322  31.822  -7.597 0.0000000000
113236  40.636  30.598  -8.415 0.0000000000
112588  38.675  29.831  -3.597 0.0000000000
112607  37.851  30.228  -5.967 0.0000000000
112589  37.487  29.861  -3.580 0.0000000000
112009  36.345  28.788  -3.257 0.0000000000
111358  36.919  28.125  -1.992 0.0000000000
110693  42.066  28.189  0.613 0.0000000000
153992  41.315  28.297  -0.901 0.0000000000
110695  40.585  27.587  0.674 0.0000000000
115323  34.894  33.225  -3.652 0.0000000000
114566  34.563  32.566  -4.086 0.0000000000
114565  35.225  32.768  -4.329 0.0000000000
114576  35.572  32.295  -5.091 0.0000000000
113838  35.560  30.641  -6.304 0.0000000000
119450  42.541  39.157  -3.995 0.0000000000
116059  35.690  34.363  -2.626 0.0000000000
111924  41.782  28.953  4.793 0.0000000000
141510  42.713  29.256  3.245 0.0000000000
111922  43.835  29.293  5.029 0.0000000000
111920  45.762  28.988  5.012 0.0000000000
117373  40.033  36.355  -0.822 0.0000000000
116042  41.951  34.877  -2.362 0.0000000000
116692  41.485  36.031  0.037 0.0000000000
116690  43.450  35.797  0.235 0.0000000000
117357  45.019  36.054  0.852 0.0000000000
116577  45.515  35.100  9.413 0.0000000000
117275  45.326  35.466  7.430 0.0000000000
115921  44.482  34.857  8.024 0.0000000000
116617  41.515  35.309  6.181 0.0000000000
115967  40.024  34.718  4.980 0.0000000000
115227  38.605  33.954  3.633 0.0000000000
115225  38.189  33.615  4.830 0.0000000000
113764  36.678  32.138  5.234 0.0000000000
154019  35.547  30.406  5.238 0.0000000000
129139  36.615  54.812  -0.142 0.0000000000
160145  39.176  47.342  3.091 0.0000000000
144572  38.346  48.565  1.959 0.0000000000
124595  37.841  46.180  2.370 0.0000000000
122758  36.382  43.755  1.756 0.0000000000
141674  36.345  42.266  0.766 0.0000000000
120817  37.765  41.008  -0.116 0.0000000000
120086  37.213  40.117  0.568 0.0000000000
118047  38.619  37.729  -0.090 0.0000000000
113835  43.726  30.731  -6.522 0.0000000000
112626  41.402  29.759  -7.634 0.0000000000
112603  42.023  29.613  -6.073 0.0000000000
112593  41.190  29.402  -4.623 0.0000000000
112006  39.760  29.272  -3.036 0.0000000000
108633  41.930  25.168  2.462 0.0000000000
109321  40.367  25.596  2.182 0.0000000000
111365  32.829  28.583  -3.286 0.0000000000
113204  33.576  30.907  -4.242 0.0000000000
112018  33.253  29.215  -3.792 0.0000000000
110726  33.397  27.728  -3.707 0.0000000000
110070  34.184  27.322  -4.342 0.0000000000
110069  34.606  26.495  -4.307 0.0000000000
110067  36.181  26.158  -4.624 0.0000000000
123443  43.846  44.219  -3.338 0.0000000000
138498  42.453  43.551  -4.523 0.0000000000
140184  39.739  41.457  4.237 0.0000000000
120040  40.554  39.544  4.231 0.0000000000
120760  41.670  41.116  5.290 0.0000000000
120746  42.576  40.839  6.737 0.0000000000
119316  43.334  39.050  8.127 0.0000000000
145954  43.658  37.266  10.122 0.0000000000
144802  44.166  35.898  11.117 0.0000000000
127402  33.745  50.494  1.073 0.0000000000
144530  34.509  50.626  3.326 0.0000000000
137189  37.443  50.212  4.665 0.0000000000
125695  38.855  48.774  4.952 0.0000000000
123953  39.631  45.975  4.279 0.0000000000
122743  38.990  43.793  4.115 0.0000000000
113184  39.426  31.333  -1.562 0.0000000000
144978  40.775  30.188  -2.367 0.0000000000
112560  41.381  29.531  -0.698 0.0000000000
111975  42.500  28.822  0.109 0.0000000000
110678  42.780  28.153  1.999 0.0000000000
111321  43.503  28.862  2.710 0.0000000000
140638  43.540  27.586  3.464 0.0000000000
110002  42.248  26.774  2.934 0.0000000000
116746  40.820  35.923  -6.331 0.0000000000
115330  40.042  34.213  -5.704 0.0000000000
116076  41.544  35.128  -6.573 0.0000000000
116081  42.331  34.078  -6.911 0.0000000000
115345  43.819  32.289  -7.269 0.0000000000
140400  43.245  34.425  -3.156 0.0000000000
115327  45.726  32.682  -5.300 0.0000000000
114581  45.605  31.494  -6.506 0.0000000000
162582  44.974  31.288  -5.095 0.0000000000
114562  43.381  32.179  -3.972 0.0000000000
114539  41.603  32.851  -2.434 0.0000000000
118012  42.602  37.632  3.714 0.0000000000
118015  43.996  37.243  3.270 0.0000000000
116681  46.491  35.222  1.891 0.0000000000
116647  45.305  35.495  5.216 0.0000000000
147147  45.868  35.015  3.055 0.0000000000
116011  45.902  34.153  0.655 0.0000000000
115256  43.859  33.788  0.161 0.0000000000
115275  42.091  33.390  -0.460 0.0000000000
114527  40.606  32.914  -1.597 0.0000000000
114517  39.030  32.451  -0.434 0.0000000000
113169  38.593  31.055  0.230 0.0000000000
111958  39.205  29.511  2.120 0.0000000000
156527  37.203  31.947  2.155 0.0000000000
112542  37.538  30.004  2.602 0.0000000000
163026  40.272  29.035  3.687 0.0000000000
111301  40.982  28.619  5.277 0.0000000000
126313  39.512  49.939  -5.532 0.0000000000
125776  40.628  48.551  -5.499 0.0000000000
125224  38.848  46.987  -3.862 0.0000000000
126826  37.053  49.862  1.345 0.0000000000
127427  36.165  51.090  -0.695 0.0000000000
126291  36.713  49.630  -1.692 0.0000000000
125214  37.187  47.144  -2.502 0.0000000000
124014  39.052  45.476  -2.623 0.0000000000
123436  40.476  44.932  -1.607 0.0000000000
122782  42.235  43.651  -0.269 0.0000000000
120813  42.298  41.430  -0.557 0.0000000000
120815  39.532  41.088  -0.411 0.0000000000
120096  40.715  39.757  -0.888 0.0000000000
119404  42.493  39.288  -2.486 0.0000000000
118749  42.557  38.660  -3.800 0.0000000000
118099  41.216  37.277  -6.064 0.0000000000
114584  38.940  32.589  -6.602 0.0000000000
141850  37.337  30.991  -7.661 0.0000000000
113220  36.427  29.412  -7.821 0.0000000000
152083  38.712  29.938  -7.847 0.0000000000
138591  36.608  29.284  -7.645 0.0000000000
112028  35.511  28.964  -6.427 0.0000000000
112016  35.537  28.268  -5.032 0.0000000000
110725  35.976  27.131  -4.411 0.0000000000
111995  41.494  29.074  -2.299 0.0000000000
111351  40.957  28.492  -1.712 0.0000000000
111353  38.515  28.306  -1.082 0.0000000000
110022  39.229  26.256  1.515 0.0000000000
110712  37.381  27.739  -1.193 0.0000000000
111270  48.004  27.917  7.428 0.0000000000
110657  48.097  27.314  6.101 0.0000000000
115318  38.947  34.258  -4.489 0.0000000000
143317  39.441  35.887  -4.907 0.0000000000
157999  38.916  35.486  -4.184 0.0000000000
116066  38.531  34.714  -3.872 0.0000000000
111894  44.658  28.869  7.623 0.0000000000
118691  39.032  37.925  3.307 0.0000000000
118019  39.447  37.382  2.799 0.0000000000
118679  39.478  38.325  3.749 0.0000000000
160725  38.521  40.256  3.858 0.0000000000
120771  37.558  41.170  3.364 0.0000000000
120043  38.085  39.905  3.639 0.0000000000
118693  37.746  38.666  2.940 0.0000000000
114554  41.084  32.320  -3.099 0.0000000000
113814  40.813  31.435  -3.624 0.0000000000
113197  40.513  31.224  -3.150 0.0000000000
114556  33.531  32.739  -3.103 0.0000000000
113816  32.772  31.834  -2.898 0.0000000000
113815  33.339  32.067  -3.348 0.0000000000
113211  35.373  29.925  -6.180 0.0000000000
112612  34.613  29.692  -5.276 0.0000000000
154801  35.009  28.770  -6.119 0.0000000000
112023  35.047  28.404  -6.126 0.0000000000
142927  35.269  28.763  -6.269 0.0000000000
120820  42.733  41.709  -1.430 0.0000000000
152877  42.410  42.475  -2.166 0.0000000000
121543  42.235  41.410  -2.362 0.0000000000
115309  34.518  33.594  -2.997 0.0000000000
115296  34.080  33.972  -2.462 0.0000000000
115310  33.780  33.373  -2.814 0.0000000000
123308  39.558  44.579  8.051 0.0000000000
162044  40.729  43.410  7.763 0.0000000000
122096  40.035  43.250  8.129 0.0000000000
123327  37.715  44.449  7.127 0.0000000000
123914  38.034  45.240  6.889 0.0000000000
123325  39.207  45.056  7.693 0.0000000000
123912  39.630  45.388  6.901 0.0000000000
139989  40.149  29.461  1.869 0.0000000000
111965  41.221  29.378  1.549 0.0000000000
111956  41.751  29.304  2.169 0.0000000000
160665  45.918  27.686  4.192 0.0000000000
116734  41.022  35.666  -3.046 0.0000000000
116739  41.488  35.195  -3.508 0.0000000000
116733  41.386  35.112  -2.697 0.0000000000
116699  46.296  34.968  -0.041 0.0000000000
116039  46.303  33.842  -1.868 0.0000000000
115270  46.368  33.652  -1.130 0.0000000000
114514  46.566  33.212  -1.552 0.0000000000
115271  46.288  33.590  -0.908 0.0000000000
118632  43.597  38.182  7.493 0.0000000000
148301  44.359  37.108  6.536 0.0000000000
117964  44.964  36.439  7.014 0.0000000000
162656  41.031  34.919  3.482 0.0000000000
115979  41.718  35.204  3.622 0.0000000000
145605  41.303  34.812  2.938 0.0000000000
116007  41.129  34.293  1.693 0.0000000000
115241  40.340  34.152  1.854 0.0000000000
115250  39.011  33.547  1.520 0.0000000000
115234  39.322  34.118  2.743 0.0000000000
111941  36.085  29.500  4.445 0.0000000000
128574  36.713  53.551  -1.534 0.0000000000
128589  36.776  53.506  -2.134 0.0000000000
138529  37.169  52.697  -2.207 0.0000000000
151218  38.396  51.738  -2.228 0.0000000000
141035  37.567  52.277  -1.942 0.0000000000
127362  37.809  50.738  4.284 0.0000000000
127925  37.398  51.556  3.292 0.0000000000
127374  37.963  51.056  3.476 0.0000000000
123398  35.968  44.304  0.191 0.0000000000
123977  35.888  45.408  0.418 0.0000000000
163898  36.203  44.465  -0.849 0.0000000000
123992  36.294  44.900  -1.247 0.0000000000
122198  36.743  43.456  -0.944 0.0000000000
122196  38.118  43.037  -0.957 0.0000000000
157280  37.736  42.499  -0.695 0.0000000000
117384  39.991  36.671  -1.389 0.0000000000
156076  40.221  37.504  -2.010 0.0000000000
117395  40.684  36.160  -2.550 0.0000000000
117403  40.981  36.211  -3.380 0.0000000000
114602  42.757  31.653  -8.016 0.0000000000
113864  40.521  31.016  -8.367 0.0000000000
113235  41.593  30.620  -8.389 0.0000000000
112007  38.324  29.453  -2.721 0.0000000000
111999  37.562  29.024  -2.198 0.0000000000
112008  37.131  29.269  -2.872 0.0000000000
162015  37.211  28.621  -2.007 0.0000000000
110686  41.255  27.577  1.204 0.0000000000
110694  41.607  28.039  0.315 0.0000000000
110009  40.769  26.841  2.083 0.0000000000
115307  36.100  33.887  -3.229 0.0000000000
115322  35.609  33.392  -3.826 0.0000000000
114575  37.179  32.715  -5.315 0.0000000000
140040  36.358  32.625  -5.097 0.0000000000
113837  35.888  31.469  -6.147 0.0000000000
119451  41.995  39.105  -4.732 0.0000000000
119461  41.042  38.777  -5.224 0.0000000000
117413  38.483  36.903  -4.045 0.0000000000
142090  38.938  37.827  -4.559 0.0000000000
116058  36.503  34.480  -2.825 0.0000000000
115308  35.269  33.782  -3.130 0.0000000000
111915  42.502  29.022  5.134 0.0000000000
111923  43.299  29.268  4.643 0.0000000000
111914  43.141  29.101  5.504 0.0000000000
111901  45.654  29.138  6.623 0.0000000000
111911  45.773  29.170  5.780 0.0000000000
111287  46.627  28.765  5.639 0.0000000000
111300  46.407  28.521  4.884 0.0000000000
111299  47.247  28.257  5.231 0.0000000000
125255  38.226  47.454  -6.114 0.0000000000
153880  37.965  46.690  -6.652 0.0000000000
117362  39.969  36.380  0.025 0.0000000000
117372  40.621  36.090  -0.344 0.0000000000
117361  40.660  36.327  0.511 0.0000000000
158098  42.295  36.694  1.980 0.0000000000
117346  41.973  36.438  1.246 0.0000000000
162872  42.736  36.491  1.511 0.0000000000
117358  43.933  36.159  0.829 0.0000000000
117344  44.404  36.425  1.411 0.0000000000
115887  45.364  34.883  9.676 0.0000000000
115919  45.457  34.839  8.806 0.0000000000
115902  43.944  34.594  8.880 0.0000000000
159353  41.172  34.796  7.545 0.0000000000
115941  41.602  35.163  7.004 0.0000000000
156870  41.015  35.034  6.523 0.0000000000
115956  40.858  35.060  5.936 0.0000000000
115957  40.226  34.754  5.750 0.0000000000
115968  39.334  34.394  4.698 0.0000000000
115944  39.825  34.431  6.322 0.0000000000
114468  37.905  33.056  6.148 0.0000000000
113761  36.876  32.125  6.135 0.0000000000
113770  36.182  31.536  4.799 0.0000000000
113765  36.273  31.629  5.717 0.0000000000
124585  38.570  46.105  3.038 0.0000000000
124594  38.679  46.850  2.779 0.0000000000
123963  37.859  45.384  2.716 0.0000000000
121491  36.688  42.267  2.629 0.0000000000
160482  36.650  43.426  2.257 0.0000000000
122158  36.440  42.892  2.052 0.0000000000
142859  36.243  43.193  1.375 0.0000000000
121509  36.347  41.791  1.388 0.0000000000
120809  36.675  40.702  0.792 0.0000000000
120080  36.937  39.947  1.146 0.0000000000
118032  38.375  37.525  1.344 0.0000000000
118703  37.958  38.191  1.006 0.0000000000
118038  38.953  37.178  0.116 0.0000000000
117374  39.468  36.738  -0.311 0.0000000000
113208  42.749  30.244  -6.321 0.0000000000
113209  42.175  30.270  -5.608 0.0000000000
140716  41.310  29.505  -4.073 0.0000000000
112014  41.080  29.310  -3.812 0.0000000000
112005  40.865  29.178  -3.304 0.0000000000
112011  32.303  29.068  -2.631 0.0000000000
112010  32.743  29.503  -3.152 0.0000000000
113827  34.225  31.911  -4.464 0.0000000000
113828  33.670  31.661  -4.054 0.0000000000
113840  34.034  31.226  -4.727 0.0000000000
112599  33.742  29.855  -4.392 0.0000000000
154755  33.425  28.496  -3.928 0.0000000000
111370  33.953  28.023  -4.474 0.0000000000
111376  35.070  27.674  -5.299 0.0000000000
110732  34.888  27.131  -4.795 0.0000000000
110073  35.264  26.682  -4.689 0.0000000000
110068  35.481  26.286  -4.602 0.0000000000
110731  35.719  26.638  -4.687 0.0000000000
154102  41.946  45.027  -2.015 0.0000000000
123433  43.515  44.147  -2.490 0.0000000000
122205  41.938  42.956  -2.845 0.0000000000
122804  42.463  43.346  -3.186 0.0000000000
122805  41.456  43.245  -3.505 0.0000000000
122806  40.493  43.187  -3.825 0.0000000000
121474  40.064  42.303  4.440 0.0000000000
120762  40.603  41.315  4.579 0.0000000000
121473  40.848  42.200  4.873 0.0000000000
120747  42.332  41.574  6.895 0.0000000000
119317  43.029  39.797  7.908 0.0000000000
118614  43.121  38.430  10.083 0.0000000000
117250  44.126  36.384  10.508 0.0000000000
127415  33.683  50.664  0.357 0.0000000000
126838  33.517  49.963  0.623 0.0000000000
126817  34.195  49.914  2.918 0.0000000000
126234  35.163  49.263  3.505 0.0000000000
126805  35.550  49.973  3.908 0.0000000000
124558  38.205  47.090  5.769 0.0000000000
125136  38.029  47.712  5.402 0.0000000000
125696  37.824  48.507  5.207 0.0000000000
125686  39.206  48.022  4.741 0.0000000000
125145  39.513  47.298  4.126 0.0000000000
124571  39.648  46.731  4.550 0.0000000000
150503  40.292  44.262  5.085 0.0000000000
123354  39.928  44.699  4.821 0.0000000000
122132  39.924  43.070  4.549 0.0000000000
152468  39.403  42.544  4.248 0.0000000000
162182  39.442  30.573  -0.649 0.0000000000
112570  40.254  30.138  -0.893 0.0000000000
111963  42.581  29.026  0.924 0.0000000000
111333  42.753  28.764  0.645 0.0000000000
111327  42.732  28.667  0.688 0.0000000000
111326  42.977  28.756  1.274 0.0000000000
111933  43.783  29.126  3.723 0.0000000000
111945  43.638  28.991  3.229 0.0000000000
111944  43.935  28.964  3.574 0.0000000000
109992  44.199  27.439  3.839 0.0000000000
110001  42.931  26.885  3.246 0.0000000000
109289  43.137  26.221  3.193 0.0000000000
162449  42.810  25.701  2.896 0.0000000000
109288  43.963  26.052  3.231 0.0000000000
116751  41.491  35.988  -6.641 0.0000000000
145357  41.053  35.575  -6.460 0.0000000000
151460  41.666  35.478  -6.473 0.0000000000
115329  42.655  34.336  -5.646 0.0000000000
116074  42.423  34.361  -6.487 0.0000000000
163371  42.894  33.673  -6.796 0.0000000000
115346  43.006  33.167  -7.257 0.0000000000
115338  43.927  32.916  -6.672 0.0000000000
116031  42.361  35.028  -1.664 0.0000000000
116041  42.794  34.678  -2.391 0.0000000000
116040  44.023  34.485  -2.481 0.0000000000
115314  46.586  32.378  -3.767 0.0000000000
115315  46.090  32.890  -4.288 0.0000000000
115326  46.394  32.058  -4.729 0.0000000000
114572  46.082  31.826  -5.652 0.0000000000
113843  46.059  31.302  -5.788 0.0000000000
113834  45.519  31.007  -5.729 0.0000000000
113822  46.353  31.555  -4.681 0.0000000000
149833  44.609  32.747  -2.041 0.0000000000
114551  44.234  32.305  -3.348 0.0000000000
114537  43.747  32.699  -2.589 0.0000000000
114552  42.965  32.602  -3.216 0.0000000000
114538  42.584  32.868  -2.475 0.0000000000
119341  41.758  39.761  4.890 0.0000000000
119359  41.735  38.984  4.399 0.0000000000
118655  42.423  38.604  4.636 0.0000000000
136747  44.695  37.212  4.439 0.0000000000
118011  44.387  37.278  3.926 0.0000000000
118014  45.063  37.010  3.347 0.0000000000
118023  45.439  36.613  2.639 0.0000000000
159104  46.135  36.081  3.036 0.0000000000
116614  44.465  35.366  6.521 0.0000000000
116629  45.510  35.707  6.100 0.0000000000
116631  44.472  35.468  5.659 0.0000000000
116672  44.232  35.105  2.659 0.0000000000
116655  45.026  35.382  3.914 0.0000000000
115991  44.712  34.756  1.974 0.0000000000
115990  45.918  34.706  1.980 0.0000000000
116003  45.303  34.475  1.298 0.0000000000
115255  45.186  33.807  0.074 0.0000000000
115258  41.764  33.691  0.328 0.0000000000
115276  41.109  33.430  -0.267 0.0000000000
115288  41.237  33.208  -1.004 0.0000000000
114515  40.427  33.129  -0.862 0.0000000000
114516  39.666  32.837  -0.685 0.0000000000
114503  38.191  32.396  0.723 0.0000000000
113789  38.150  31.705  0.704 0.0000000000
113170  38.217  30.993  0.934 0.0000000000
112553  38.363  30.338  1.293 0.0000000000
114482  37.541  33.122  3.595 0.0000000000
114489  37.604  33.030  2.829 0.0000000000
114490  37.116  32.544  3.171 0.0000000000
111939  38.030  29.104  3.374 0.0000000000
111938  38.861  28.940  3.621 0.0000000000
111950  38.806  29.227  2.836 0.0000000000
111937  39.607  28.889  3.983 0.0000000000
111926  40.279  28.880  4.297 0.0000000000
127456  37.697  51.746  -3.569 0.0000000000
127457  36.145  51.318  -3.473 0.0000000000
126890  36.794  50.700  -3.816 0.0000000000
126903  38.284  50.424  -4.584 0.0000000000
126297  39.930  50.596  -3.485 0.0000000000
126304  40.392  50.254  -4.580 0.0000000000
126305  39.969  49.593  -3.692 0.0000000000
153354  39.506  47.678  -4.343 0.0000000000
125767  39.522  48.372  -3.898 0.0000000000
125185  37.535  47.208  1.720 0.0000000000
126257  37.588  48.941  1.522 0.0000000000
125732  37.589  47.993  1.590 0.0000000000
125748  35.484  48.350  0.055 0.0000000000
126827  36.166  49.637  0.843 0.0000000000
126837  35.753  49.855  0.314 0.0000000000
126851  35.745  50.119  -0.474 0.0000000000
126864  36.347  50.448  -1.275 0.0000000000
126292  35.915  48.632  -1.517 0.0000000000
124632  36.613  45.964  -2.121 0.0000000000
155979  36.644  46.574  -2.236 0.0000000000
124029  37.679  45.949  -2.579 0.0000000000
124028  38.322  45.876  -2.820 0.0000000000
158274  38.553  45.323  -2.312 0.0000000000
124013  39.943  45.247  -2.352 0.0000000000
123437  39.361  44.978  -1.915 0.0000000000
122194  40.173  43.256  -0.598 0.0000000000
122783  41.299  43.482  -0.263 0.0000000000
122188  40.860  42.596  -0.327 0.0000000000
121527  42.501  42.237  -0.373 0.0000000000
121528  41.655  41.948  -0.298 0.0000000000
120091  38.382  39.960  -0.016 0.0000000000
120816  38.558  41.100  -0.290 0.0000000000
120090  39.107  39.625  -0.330 0.0000000000
119405  41.008  39.245  -1.423 0.0000000000
155775  41.949  39.396  -1.842 0.0000000000
118731  42.365  38.659  -2.973 0.0000000000
118750  41.878  37.923  -3.389 0.0000000000
146646  41.834  36.788  -5.200 0.0000000000
118092  41.726  37.264  -5.722 0.0000000000
117423  41.451  36.682  -6.293 0.0000000000
146341  41.072  36.467  -6.451 0.0000000000
115341  40.389  33.848  -6.420 0.0000000000
115342  39.526  33.471  -5.976 0.0000000000
114583  39.818  32.965  -6.845 0.0000000000
113855  38.760  30.457  -8.887 0.0000000000
113846  38.345  31.362  -7.611 0.0000000000
113856  37.521  30.060  -9.002 0.0000000000
113847  36.676  29.788  -8.672 0.0000000000
112630  36.903  29.378  -8.729 0.0000000000
112618  40.749  29.531  -6.221 0.0000000000
112627  40.646  29.791  -7.337 0.0000000000
139699  39.938  29.921  -7.087 0.0000000000
112597  36.762  29.829  -4.595 0.0000000000
112608  36.766  29.638  -5.976 0.0000000000
112621  35.933  29.230  -7.013 0.0000000000
112609  36.028  28.971  -6.008 0.0000000000
112021  35.673  28.705  -5.573 0.0000000000
112015  36.076  28.909  -4.263 0.0000000000
111359  36.421  28.170  -2.774 0.0000000000
111364  36.031  28.100  -3.642 0.0000000000
110719  36.290  27.455  -3.482 0.0000000000
110062  36.460  26.430  -4.304 0.0000000000
110054  36.613  26.863  -3.471 0.0000000000
112569  41.531  29.456  -1.439 0.0000000000
112576  41.507  29.388  -2.088 0.0000000000
111987  41.787  28.934  -1.770 0.0000000000
111342  40.649  28.294  -1.102 0.0000000000
111352  39.838  28.464  -1.337 0.0000000000
111343  39.374  28.101  -0.681 0.0000000000
108651  40.048  25.032  1.580 0.0000000000
158592  39.689  25.805  1.853 0.0000000000
109322  39.285  25.728  1.444 0.0000000000
116067  37.789  34.264  -3.467 0.0000000000
115321  36.451  33.460  -4.076 0.0000000000
115320  37.377  33.729  -3.974 0.0000000000
115333  37.708  33.409  -4.681 0.0000000000
114574  37.943  32.904  -5.451 0.0000000000
118094  40.520  37.531  -5.862 0.0000000000
118771  39.698  37.881  -5.181 0.0000000000
118095  39.764  37.263  -5.385 0.0000000000
117412  38.869  36.309  -4.287 0.0000000000
117404  38.140  36.313  -3.632 0.0000000000
116735  37.628  35.580  -3.138 0.0000000000
111273  43.323  28.683  7.178 0.0000000000
143519  43.730  29.150  5.872 0.0000000000
111895  44.081  28.944  7.054 0.0000000000
111893  45.501  28.984  7.487 0.0000000000
111892  46.333  28.929  7.314 0.0000000000
150622  38.980  37.111  1.550 0.0000000000
117348  40.203  36.571  1.250 0.0000000000
117336  39.666  36.885  1.960 0.0000000000
118027  41.031  37.040  2.464 0.0000000000
118026  41.844  37.029  2.507 0.0000000000
115878  42.948  34.252  10.165 0.0000000000
115889  43.125  34.477  9.407 0.0000000000
115890  42.197  34.444  9.392 0.0000000000
115925  40.504  34.439  7.746 0.0000000000
122744  38.309  43.778  3.617 0.0000000000
122751  37.658  43.825  3.083 0.0000000000
122151  37.321  42.432  3.148 0.0000000000
121490  37.075  41.686  3.018 0.0000000000
120057  36.985  40.117  2.573 0.0000000000
120071  36.883  39.871  1.856 0.0000000000
119387  37.302  39.190  2.302 0.0000000000
118029  38.388  37.604  2.080 0.0000000000
113826  42.586  31.846  -4.489 0.0000000000
113202  41.965  31.041  -4.882 0.0000000000
112586  41.262  29.421  -3.425 0.0000000000
111377  34.626  28.152  -5.263 0.0000000000
111375  35.123  27.759  -5.335 0.0000000000
122791  42.927  43.508  -1.437 0.0000000000
122799  43.344  43.663  -2.352 0.0000000000
122201  42.761  43.057  -1.948 0.0000000000
115297  33.306  33.781  -2.355 0.0000000000
114542  32.388  32.956  -2.322 0.0000000000
113817  32.303  32.333  -2.421 0.0000000000
122727  40.739  44.202  5.598 0.0000000000
122122  41.437  43.045  5.690 0.0000000000
122112  41.524  43.177  6.491 0.0000000000
122095  41.322  43.093  7.444 0.0000000000
123356  36.433  44.752  5.100 0.0000000000
123946  36.439  45.461  4.670 0.0000000000
123355  37.010  44.989  5.767 0.0000000000
123932  37.623  45.627  6.130 0.0000000000
124544  39.117  46.551  6.046 0.0000000000
142168  39.698  46.267  5.096 0.0000000000
123930  39.947  45.454  5.916 0.0000000000
123344  40.332  44.914  6.264 0.0000000000
112551  39.923  29.874  0.759 0.0000000000
112550  41.096  29.578  0.178 0.0000000000
157719  40.664  29.542  1.077 0.0000000000
140152  42.150  29.241  1.301 0.0000000000
111955  42.688  29.077  1.546 0.0000000000
111310  44.889  28.795  4.143 0.0000000000
111317  44.271  28.816  3.732 0.0000000000
109991  45.139  27.347  4.040 0.0000000000
109999  44.488  26.635  3.651 0.0000000000
117410  41.603  36.073  -4.929 0.0000000000
116745  41.805  35.644  -5.559 0.0000000000
162195  41.810  35.037  -4.750 0.0000000000
116065  42.002  34.779  -4.112 0.0000000000
138434  42.734  34.340  -4.555 0.0000000000
116029  44.515  34.890  -1.222 0.0000000000
138624  44.864  34.551  -1.807 0.0000000000
140386  45.996  34.167  -1.854 0.0000000000
115295  46.329  33.529  -2.365 0.0000000000
114549  46.434  32.555  -3.034 0.0000000000
113812  46.430  32.038  -3.949 0.0000000000
114535  46.359  32.760  -2.383 0.0000000000
114536  45.781  32.592  -2.255 0.0000000000
115285  44.907  33.197  -1.040 0.0000000000
118641  43.032  38.516  5.883 0.0000000000
118654  43.001  38.175  5.026 0.0000000000
118653  43.696  37.696  5.402 0.0000000000
117980  44.482  37.134  5.776 0.0000000000
140490  45.313  36.508  5.419 0.0000000000
116649  42.717  35.560  5.113 0.0000000000
116656  43.341  35.562  4.631 0.0000000000
116657  42.405  35.463  4.292 0.0000000000
116663  42.677  35.327  3.484 0.0000000000
115993  42.469  34.692  2.161 0.0000000000
116005  42.868  34.423  1.463 0.0000000000
116006  41.950  34.358  1.576 0.0000000000
115247  41.444  33.989  1.020 0.0000000000
115260  40.014  33.544  0.602 0.0000000000
114501  39.428  33.091  0.044 0.0000000000
115261  39.210  33.338  0.780 0.0000000000
114495  38.527  33.022  1.059 0.0000000000
114496  37.952  32.658  1.412 0.0000000000
113775  36.301  31.477  3.961 0.0000000000
113779  36.503  31.499  3.302 0.0000000000
112539  36.595  30.151  3.546 0.0000000000
111314  37.354  29.041  3.876 0.0000000000
128590  36.557  53.689  -2.387 0.0000000000
128010  37.248  52.702  -2.531 0.0000000000
128020  38.231  52.112  -3.066 0.0000000000
127455  39.025  51.549  -3.769 0.0000000000
127443  38.973  51.732  -3.008 0.0000000000
126875  39.157  51.144  -2.666 0.0000000000
126298  38.525  49.889  -2.461 0.0000000000
127915  35.420  52.222  3.923 0.0000000000
128526  35.398  53.049  3.294 0.0000000000
159307  36.298  52.829  3.509 0.0000000000
151457  36.997  52.017  2.668 0.0000000000
143026  36.400  45.739  1.143 0.0000000000
125186  36.911  47.372  1.243 0.0000000000
124612  36.184  46.272  0.705 0.0000000000
125197  35.948  46.891  0.389 0.0000000000
125754  35.424  47.674  -0.472 0.0000000000
125760  35.646  47.779  -1.225 0.0000000000
124625  35.829  46.353  -1.286 0.0000000000
123440  36.670  45.236  -1.891 0.0000000000
123425  37.507  44.300  -1.611 0.0000000000
153954  39.018  44.340  -1.494 0.0000000000
122794  38.609  43.648  -1.241 0.0000000000
122195  39.104  43.087  -0.850 0.0000000000
122189  39.648  42.352  -0.549 0.0000000000
118709  39.018  38.098  -0.615 0.0000000000
119398  39.054  38.817  -0.516 0.0000000000
118058  39.925  37.944  -1.584 0.0000000000
118733  40.618  38.003  -2.160 0.0000000000
118071  40.900  37.376  -2.690 0.0000000000
118080  41.412  37.029  -3.677 0.0000000000
117411  41.491  36.449  -4.329 0.0000000000
114595  40.982  32.714  -7.597 0.0000000000
114596  40.173  32.402  -7.529 0.0000000000
114605  40.539  31.879  -7.976 0.0000000000
113854  39.829  31.286  -8.159 0.0000000000
113228  38.797  30.264  -8.818 0.0000000000
112595  38.945  30.007  -4.544 0.0000000000
112606  39.097  30.085  -5.406 0.0000000000
112596  37.691  30.173  -4.556 0.0000000000
112590  36.632  29.446  -3.763 0.0000000000
111335  42.145  28.503  -0.237 0.0000000000
111341  41.900  28.582  -0.886 0.0000000000
111336  41.312  28.103  -0.258 0.0000000000
161378  40.474  27.778  0.124 0.0000000000
114567  33.932  32.335  -3.748 0.0000000000
114577  34.863  32.039  -4.946 0.0000000000
114564  35.841  32.939  -4.460 0.0000000000
140476  34.989  31.127  -5.639 0.0000000000
120104  42.585  39.706  -3.351 0.0000000000
156360  42.237  40.212  -3.322 0.0000000000
120122  41.388  39.729  -4.410 0.0000000000
116736  36.787  35.245  -2.764 0.0000000000
116043  36.067  35.046  -2.403 0.0000000000
122738  36.116  43.926  5.310 0.0000000000
123346  36.700  44.300  5.894 0.0000000000
122711  37.437  43.664  7.265 0.0000000000
111936  40.989  29.091  3.785 0.0000000000
111947  41.836  29.257  3.074 0.0000000000
138845  42.738  29.231  4.149 0.0000000000
159447  43.474  29.257  3.997 0.0000000000
146573  43.892  29.271  4.281 0.0000000000
111913  44.402  29.301  5.470 0.0000000000
148699  44.431  29.259  4.679 0.0000000000
111931  45.015  29.063  4.515 0.0000000000
111309  45.614  28.714  4.503 0.0000000000
110669  46.210  28.216  4.424 0.0000000000
116716  40.417  36.119  -1.680 0.0000000000
116724  41.474  35.203  -1.951 0.0000000000
116715  40.941  35.596  -1.506 0.0000000000
116714  41.693  35.397  -1.233 0.0000000000
154313  42.986  35.194  -1.150 0.0000000000
117360  41.438  36.282  0.720 0.0000000000
116691  42.459  35.854  0.140 0.0000000000
116712  43.782  35.201  -0.940 0.0000000000
116701  44.111  35.474  -0.333 0.0000000000
116700  45.318  35.315  -0.284 0.0000000000
116687  46.509  35.154  0.704 0.0000000000
117259  44.919  36.039  9.041 0.0000000000
117276  45.335  35.957  7.594 0.0000000000
117267  45.360  35.329  8.176 0.0000000000
115920  45.121  34.903  7.875 0.0000000000
116597  43.904  35.208  7.329 0.0000000000
115922  43.267  34.970  8.030 0.0000000000
116598  42.710  35.303  7.267 0.0000000000
116615  43.319  35.432  6.703 0.0000000000
116633  42.134  35.500  5.680 0.0000000000
116651  41.179  35.261  4.759 0.0000000000
115980  40.491  34.788  3.772 0.0000000000
115982  39.100  34.164  3.318 0.0000000000
115973  39.206  34.305  3.923 0.0000000000
115224  38.679  34.024  4.380 0.0000000000
114475  37.590  33.158  4.406 0.0000000000
114472  37.743  33.115  5.259 0.0000000000
113769  36.598  32.090  4.348 0.0000000000
111942  35.725  30.056  4.751 0.0000000000
111929  35.654  29.415  5.012 0.0000000000
128561  36.609  53.974  -0.463 0.0000000000
126232  39.298  49.097  3.275 0.0000000000
126814  38.859  49.808  2.638 0.0000000000
125715  38.985  48.349  2.481 0.0000000000
125173  38.118  47.022  2.232 0.0000000000
124602  37.479  46.570  1.866 0.0000000000
123378  37.332  44.776  2.410 0.0000000000
123970  37.237  45.336  2.110 0.0000000000
123971  36.611  45.189  1.539 0.0000000000
123388  36.237  44.491  1.290 0.0000000000
122765  36.032  43.823  0.894 0.0000000000
155024  36.395  42.743  0.231 0.0000000000
122191  37.163  42.289  -0.437 0.0000000000
121532  37.166  41.526  -0.071 0.0000000000
120092  37.720  40.336  0.143 0.0000000000
119400  37.838  39.625  0.359 0.0000000000
118704  37.608  38.855  1.060 0.0000000000
119394  37.978  38.811  0.493 0.0000000000
118710  38.518  38.435  -0.082 0.0000000000
118046  39.205  37.368  -0.649 0.0000000000
163931  39.663  36.871  -0.910 0.0000000000
113226  43.306  30.548  -7.657 0.0000000000
112633  41.992  30.307  -8.207 0.0000000000
113227  42.628  29.951  -7.511 0.0000000000
112617  41.434  29.475  -6.583 0.0000000000
112604  41.400  29.411  -5.523 0.0000000000
113210  41.677  29.703  -4.993 0.0000000000
112594  40.262  29.460  -4.702 0.0000000000
112587  40.047  29.368  -3.800 0.0000000000
111997  39.449  29.067  -2.312 0.0000000000
109304  41.648  26.042  2.892 0.0000000000
109305  40.822  26.159  2.598 0.0000000000
108634  41.113  25.396  2.397 0.0000000000
111366  32.331  28.195  -2.637 0.0000000000
113205  33.127  30.587  -3.687 0.0000000000
112600  33.101  29.909  -3.607 0.0000000000
110727  32.773  27.750  -3.076 0.0000000000
110065  33.023  26.885  -3.228 0.0000000000
109380  35.012  26.011  -4.310 0.0000000000
122803  43.563  43.631  -3.099 0.0000000000
122809  43.852  43.703  -3.660 0.0000000000
120830  41.572  41.065  -3.045 0.0000000000
120831  40.313  41.100  -3.564 0.0000000000
154930  39.391  40.202  4.080 0.0000000000
120041  39.798  39.770  4.135 0.0000000000
120768  39.893  40.629  4.220 0.0000000000
120030  41.419  40.413  4.857 0.0000000000
120024  41.975  40.467  5.372 0.0000000000
121472  41.767  41.794  5.652 0.0000000000
120754  42.187  41.218  5.989 0.0000000000
120023  42.413  40.334  5.974 0.0000000000
119323  42.941  39.224  6.600 0.0000000000
119322  43.258  39.118  7.314 0.0000000000
117949  43.786  37.577  8.768 0.0000000000
117260  44.496  36.215  9.816 0.0000000000
117249  44.881  35.417  10.389 0.0000000000
136323  44.812  34.812  10.753 0.0000000000
127941  34.211  51.295  2.210 0.0000000000
126818  33.778  49.842  2.266 0.0000000000
147090  34.104  50.612  2.606 0.0000000000
127389  34.457  51.449  3.099 0.0000000000
127364  35.461  51.540  4.121 0.0000000000
127363  37.006  50.885  4.405 0.0000000000
126795  38.293  50.140  4.563 0.0000000000
124573  36.776  46.745  4.583 0.0000000000
125697  37.036  48.696  4.626 0.0000000000
153054  37.874  49.498  5.124 0.0000000000
126224  38.807  49.417  4.661 0.0000000000
125705  39.471  47.822  3.796 0.0000000000
125158  39.420  47.348  3.531 0.0000000000
148822  39.188  45.416  3.896 0.0000000000
123363  39.533  45.139  4.384 0.0000000000
123364  38.886  44.591  3.888 0.0000000000
122141  38.445  43.073  3.824 0.0000000000
143398  38.817  41.431  3.984 0.0000000000
113191  39.717  31.875  -1.866 0.0000000000
154546  40.002  31.083  -2.211 0.0000000000
160895  40.025  30.746  -1.837 0.0000000000
112577  40.686  30.091  -1.732 0.0000000000
111976  42.096  29.051  -0.368 0.0000000000
111981  42.200  28.763  -0.555 0.0000000000
111334  42.538  28.712  0.141 0.0000000000
110680  41.938  27.614  1.816 0.0000000000
111946  43.315  29.051  2.779 0.0000000000
111954  43.163  28.833  1.912 0.0000000000
110675  44.018  28.360  3.618 0.0000000000
111319  43.618  28.530  2.980 0.0000000000
111322  43.316  28.705  2.170 0.0000000000
110676  42.994  27.709  2.860 0.0000000000
110679  42.285  27.345  2.528 0.0000000000
109303  42.288  25.633  2.807 0.0000000000
116747  39.988  35.405  -5.402 0.0000000000
116072  39.665  34.579  -5.104 0.0000000000
116071  40.439  35.017  -5.855 0.0000000000
116077  40.871  34.691  -6.314 0.0000000000
115340  41.154  34.135  -6.869 0.0000000000
116075  41.832  34.803  -6.528 0.0000000000
116082  41.864  34.337  -6.819 0.0000000000
115348  41.530  33.617  -7.197 0.0000000000
115347  42.261  33.593  -7.236 0.0000000000
114593  42.554  32.605  -7.541 0.0000000000
113860  43.550  31.333  -7.951 0.0000000000
116054  42.689  34.465  -3.746 0.0000000000
116064  43.755  33.997  -4.025 0.0000000000
116053  44.596  34.040  -3.255 0.0000000000
115316  44.864  33.482  -4.746 0.0000000000
115328  44.489  33.245  -5.724 0.0000000000
115337  45.317  32.364  -6.306 0.0000000000
114582  44.793  31.860  -7.091 0.0000000000
113853  44.214  31.118  -7.796 0.0000000000
113217  44.921  30.799  -7.058 0.0000000000
139937  44.307  31.107  -5.779 0.0000000000
113825  43.745  31.723  -4.890 0.0000000000
145150  45.478  31.974  -3.445 0.0000000000
113824  44.862  31.778  -4.228 0.0000000000
114563  42.410  32.348  -3.753 0.0000000000
114553  41.954  32.602  -3.174 0.0000000000
114540  40.817  32.656  -2.318 0.0000000000
118678  40.378  38.227  3.663 0.0000000000
118688  41.776  37.745  3.537 0.0000000000
147887  42.223  37.353  3.106 0.0000000000
118675  42.889  37.913  4.327 0.0000000000
138959  43.450  37.479  3.857 0.0000000000
118025  43.533  37.033  2.615 0.0000000000
117331  44.857  36.647  2.012 0.0000000000
117342  46.196  35.836  1.634 0.0000000000
116686  46.640  34.977  1.028 0.0000000000
117287  45.454  35.835  6.829 0.0000000000
117301  45.750  35.870  5.733 0.0000000000
157430  45.983  35.964  5.045 0.0000000000
136923  45.033  35.443  4.582 0.0000000000
136532  45.718  35.462  4.376 0.0000000000
116654  45.999  35.402  3.616 0.0000000000
116669  46.377  35.121  2.480 0.0000000000
115989  46.506  34.940  1.798 0.0000000000
116010  46.371  34.471  0.545 0.0000000000
115254  46.211  33.924  -0.114 0.0000000000
115273  44.400  33.518  -0.463 0.0000000000
154133  43.777  33.222  -1.022 0.0000000000
115257  42.731  33.729  0.225 0.0000000000
115274  43.216  33.461  -0.424 0.0000000000
115286  42.728  33.202  -1.071 0.0000000000
114525  42.222  33.062  -1.753 0.0000000000
114526  41.353  33.047  -1.725 0.0000000000
114541  40.173  32.359  -2.136 0.0000000000
114528  39.928  32.615  -1.404 0.0000000000
113798  38.993  31.612  -0.839 0.0000000000
113179  38.977  31.058  -0.440 0.0000000000
113788  38.606  31.918  0.017 0.0000000000
112562  39.019  30.308  0.575 0.0000000000
112552  39.106  30.004  1.176 0.0000000000
138517  39.673  29.320  2.499 0.0000000000
115244  38.156  33.428  2.507 0.0000000000
114492  37.756  32.873  2.107 0.0000000000
159477  37.427  31.699  1.658 0.0000000000
113159  36.738  31.165  2.845 0.0000000000
112548  37.241  30.731  2.364 0.0000000000
112547  37.918  30.241  1.964 0.0000000000
111959  38.330  29.642  2.319 0.0000000000
111925  41.007  28.909  4.533 0.0000000000
111289  41.646  28.621  5.684 0.0000000000
111274  42.538  28.527  6.886 0.0000000000
125799  39.461  48.497  -6.280 0.0000000000
147399  39.759  50.507  -5.138 0.0000000000
125786  40.456  49.239  -5.890 0.0000000000
125798  40.534  48.429  -6.270 0.0000000000
125235  40.177  47.678  -5.401 0.0000000000
124649  39.421  46.356  -4.591 0.0000000000
124034  39.545  45.708  -3.979 0.0000000000
128549  36.547  53.302  0.208 0.0000000000
127980  36.482  52.543  -0.453 0.0000000000
126815  38.274  50.546  2.621 0.0000000000
126816  37.589  50.596  1.979 0.0000000000
126258  36.533  48.968  0.998 0.0000000000
145189  36.227  51.663  -0.047 0.0000000000
127426  36.585  51.999  -1.092 0.0000000000
127435  37.154  51.495  -1.527 0.0000000000
126299  36.963  48.707  -2.055 0.0000000000
125769  36.195  47.840  -1.790 0.0000000000
125768  37.060  47.853  -2.312 0.0000000000
162103  37.964  47.808  -2.868 0.0000000000
125225  38.245  47.241  -3.217 0.0000000000
124641  38.921  46.048  -3.530 0.0000000000
124027  39.488  45.511  -3.096 0.0000000000
124026  40.371  45.323  -3.188 0.0000000000
123421  41.882  44.500  -0.821 0.0000000000
123423  40.052  44.526  -1.276 0.0000000000
122792  41.572  44.152  -0.460 0.0000000000
123407  42.124  44.142  -0.456 0.0000000000
122186  42.603  42.938  -0.448 0.0000000000
121537  42.738  41.872  -0.787 0.0000000000
120825  42.501  40.728  -1.863 0.0000000000
121531  37.940  41.777  -0.422 0.0000000000
121530  38.953  41.735  -0.481 0.0000000000
119406  39.926  39.206  -0.873 0.0000000000
120089  39.939  40.178  -0.502 0.0000000000
153130  40.437  40.861  -0.455 0.0000000000
120822  42.034  40.671  -0.825 0.0000000000
143611  42.343  40.463  -1.366 0.0000000000
120100  42.568  39.850  -2.644 0.0000000000
119431  42.637  39.218  -3.253 0.0000000000
118760  42.372  38.605  -4.617 0.0000000000
118769  41.679  38.455  -5.276 0.0000000000
118079  42.090  37.930  -4.280 0.0000000000
118768  41.929  37.909  -5.132 0.0000000000
118093  41.313  37.830  -5.739 0.0000000000
117424  40.795  36.941  -6.200 0.0000000000
117418  40.230  36.386  -5.874 0.0000000000
115331  39.258  33.878  -5.183 0.0000000000
114573  38.699  33.175  -5.677 0.0000000000
114586  37.365  31.979  -6.262 0.0000000000
114585  38.125  32.231  -6.414 0.0000000000
113848  36.275  30.490  -7.296 0.0000000000
154523  35.942  30.129  -7.023 0.0000000000
113221  35.924  29.330  -7.019 0.0000000000
112635  40.569  30.257  -8.136 0.0000000000
112628  39.520  30.173  -8.233 0.0000000000
154148  38.312  29.773  -8.839 0.0000000000
155082  38.598  30.205  -6.494 0.0000000000
112620  37.468  29.406  -7.896 0.0000000000
112022  35.002  28.417  -6.013 0.0000000000
164273  35.960  28.450  -4.036 0.0000000000
111368  35.562  27.871  -4.524 0.0000000000
149613  35.451  27.201  -4.765 0.0000000000
163888  36.115  26.431  -4.557 0.0000000000
113190  40.639  30.669  -2.863 0.0000000000
112581  41.337  29.513  -2.824 0.0000000000
111350  41.604  28.583  -1.523 0.0000000000
111988  41.430  28.681  -2.126 0.0000000000
111996  40.949  28.983  -2.636 0.0000000000
111989  40.445  28.672  -2.015 0.0000000000
111990  39.004  28.780  -1.662 0.0000000000
110020  40.329  27.113  1.480 0.0000000000
110687  39.514  27.029  1.185 0.0000000000
144476  39.723  27.515  0.419 0.0000000000
109335  38.870  25.640  0.983 0.0000000000
110696  38.778  27.120  0.603 0.0000000000
110705  39.026  27.600  -0.028 0.0000000000
111344  38.200  27.707  -0.500 0.0000000000
140894  37.738  28.633  -1.601 0.0000000000
110713  36.849  27.425  -1.862 0.0000000000
111254  47.029  28.633  8.033 0.0000000000
111271  47.640  28.302  6.893 0.0000000000
111285  47.974  27.868  6.524 0.0000000000
111286  47.479  28.311  6.034 0.0000000000
109290  42.421  26.254  3.064 0.0000000000
109306  40.209  26.213  2.255 0.0000000000
110021  39.883  26.590  1.831 0.0000000000
110032  38.706  26.486  0.995 0.0000000000
110685  42.637  28.355  1.237 0.0000000000
111253  47.640  28.310  7.776 0.0000000000
111288  42.443  28.754  6.036 0.0000000000
111306  36.328  28.515  5.102 0.0000000000
111318  43.837  28.844  3.265 0.0000000000
111349  41.920  28.821  -1.234 0.0000000000
111891  47.060  28.670  7.151 0.0000000000
111900  46.431  28.973  6.466 0.0000000000
111902  44.841  29.110  6.842 0.0000000000
111903  43.682  28.978  6.566 0.0000000000
111921  45.076  29.242  5.174 0.0000000000
111927  36.702  28.902  4.468 0.0000000000
111928  36.082  29.003  4.830 0.0000000000
111934  43.359  29.211  3.461 0.0000000000
111935  41.846  29.150  3.929 0.0000000000
111949  39.773  29.135  3.179 0.0000000000
111951  37.960  29.460  2.851 0.0000000000
111957  40.551  29.309  2.405 0.0000000000
112000  36.825  28.688  -2.422 0.0000000000
112531  35.374  29.821  5.387 0.0000000000
112543  36.864  30.445  3.004 0.0000000000
112544  36.374  30.879  3.598 0.0000000000
112546  38.734  29.856  1.712 0.0000000000
112561  40.152  30.013  -0.045 0.0000000000
112605  40.803  29.415  -5.312 0.0000000000
112611  35.206  29.287  -6.080 0.0000000000
112616  42.062  29.605  -7.094 0.0000000000
112624  42.524  30.265  -8.002 0.0000000000
112625  42.045  29.921  -7.882 0.0000000000
112629  37.500  29.430  -8.932 0.0000000000
112634  41.415  30.245  -8.210 0.0000000000
113153  35.784  31.031  5.341 0.0000000000
113154  35.918  30.818  4.497 0.0000000000
113161  37.099  31.389  2.191 0.0000000000
113164  37.648  30.991  1.629 0.0000000000
113183  39.579  30.790  -1.144 0.0000000000
113218  43.181  30.277  -7.128 0.0000000000
113219  42.539  29.798  -6.831 0.0000000000
113225  44.262  30.890  -7.547 0.0000000000
113229  37.763  29.734  -9.096 0.0000000000
113232  43.557  30.920  -7.891 0.0000000000
113233  42.905  30.659  -8.029 0.0000000000
113234  42.313  30.622  -8.307 0.0000000000
113237  39.772  30.503  -8.575 0.0000000000
113778  36.848  31.859  2.761 0.0000000000
113782  37.779  32.059  1.226 0.0000000000
113808  40.071  31.556  -2.575 0.0000000000
113823  46.124  31.712  -4.034 0.0000000000
113833  46.124  31.179  -5.413 0.0000000000
113844  45.581  30.999  -6.389 0.0000000000
113845  44.918  30.735  -6.596 0.0000000000
113852  44.972  31.120  -7.318 0.0000000000
113862  42.017  31.177  -8.417 0.0000000000
113863  41.215  30.927  -8.440 0.0000000000
113865  39.658  30.560  -8.621 0.0000000000
114473  37.282  32.628  5.683 0.0000000000
114476  37.134  32.646  4.806 0.0000000000
114483  37.071  32.615  3.965 0.0000000000
114493  37.270  32.453  2.435 0.0000000000
114497  37.466  32.311  1.778 0.0000000000
114522  46.655  33.133  -1.839 0.0000000000
114523  45.339  32.883  -1.607 0.0000000000
114529  39.336  32.144  -1.174 0.0000000000
114548  46.490  32.975  -2.200 0.0000000000
114571  46.356  31.496  -5.077 0.0000000000
114592  44.239  31.548  -7.678 0.0000000000
114594  41.786  32.803  -7.572 0.0000000000
114604  41.285  31.804  -8.188 0.0000000000
115221  38.859  34.010  5.226 0.0000000000
115228  38.084  33.597  4.013 0.0000000000
115235  38.653  33.858  2.946 0.0000000000
115236  38.073  33.531  3.245 0.0000000000
115242  39.562  33.961  2.040 0.0000000000
115243  38.816  33.722  2.251 0.0000000000
115249  39.800  33.750  1.328 0.0000000000
115253  46.382  34.079  -0.305 0.0000000000
115259  40.881  33.652  0.468 0.0000000000
115272  45.647  33.495  -0.594 0.0000000000
115283  46.617  33.327  -1.633 0.0000000000
115287  41.912  33.181  -1.178 0.0000000000
115303  46.486  32.899  -2.695 0.0000000000
115305  45.164  33.622  -3.948 0.0000000000
115339  43.296  33.731  -6.078 0.0000000000
115875  45.281  34.977  10.150 0.0000000000
115877  43.989  34.245  10.547 0.0000000000
115886  45.494  35.046  9.699 0.0000000000
115888  44.872  34.594  9.440 0.0000000000
115900  45.547  35.052  9.265 0.0000000000
115901  45.018  34.736  8.694 0.0000000000
115923  41.990  34.913  7.895 0.0000000000
115942  40.789  34.770  7.042 0.0000000000
115958  39.532  34.433  5.535 0.0000000000
115966  40.688  35.048  5.236 0.0000000000
115970  41.096  35.121  4.076 0.0000000000
115971  40.554  34.969  4.501 0.0000000000
115972  39.887  34.625  4.194 0.0000000000
115981  39.793  34.465  3.358 0.0000000000
115992  43.491  34.746  2.059 0.0000000000
115994  41.615  34.607  2.264 0.0000000000
115995  40.839  34.496  2.389 0.0000000000
115996  40.066  34.350  2.565 0.0000000000
116001  46.593  34.889  1.123 0.0000000000
116002  46.297  34.627  1.227 0.0000000000
116012  44.591  34.158  0.699 0.0000000000
116013  43.335  34.123  0.786 0.0000000000
116022  46.400  34.283  -0.532 0.0000000000
116052  45.377  34.085  -2.546 0.0000000000
116056  37.991  34.884  -3.321 0.0000000000
116070  42.103  34.804  -5.120 0.0000000000
116569  45.377  35.054  10.109 0.0000000000
116578  45.272  35.391  9.621 0.0000000000
116586  45.509  35.038  8.809 0.0000000000
116594  45.348  35.167  8.131 0.0000000000
116595  45.218  35.349  7.376 0.0000000000
116596  44.827  35.104  7.292 0.0000000000
116612  45.383  35.598  6.717 0.0000000000
116613  45.208  35.448  6.649 0.0000000000
116616  42.376  35.461  6.467 0.0000000000
116630  45.272  35.516  5.951 0.0000000000
116634  41.341  35.331  5.460 0.0000000000
116646  45.728  35.719  5.297 0.0000000000
116648  44.327  35.511  4.934 0.0000000000
116650  41.865  35.441  4.938 0.0000000000
116659  46.226  35.443  3.046 0.0000000000
116660  46.089  35.156  3.037 0.0000000000
116661  45.083  35.234  3.206 0.0000000000
116670  46.181  34.960  2.550 0.0000000000
116671  45.427  34.928  2.602 0.0000000000
116673  43.078  35.115  2.754 0.0000000000
116682  46.553  35.212  1.273 0.0000000000
116688  45.750  35.552  0.375 0.0000000000
116689  44.564  35.718  0.285 0.0000000000
116702  42.992  35.499  -0.504 0.0000000000
116703  42.010  35.635  -0.546 0.0000000000
116704  40.543  35.912  -1.047 0.0000000000
116711  44.713  35.167  -0.765 0.0000000000
116713  42.386  35.367  -1.013 0.0000000000
117258  45.444  35.383  9.151 0.0000000000
117268  45.095  36.167  8.301 0.0000000000
117286  45.544  35.786  6.265 0.0000000000
117314  46.050  35.685  4.346 0.0000000000
117324  46.199  35.748  3.569 0.0000000000
117327  46.303  35.486  2.555 0.0000000000
117330  46.173  35.997  2.292 0.0000000000
117332  43.951  36.706  2.039 0.0000000000
117334  41.442  36.695  1.902 0.0000000000
117335  40.578  36.732  1.912 0.0000000000
117343  45.377  36.280  1.428 0.0000000000
117345  43.476  36.449  1.444 0.0000000000
117356  46.040  35.731  1.011 0.0000000000
117359  42.861  36.227  0.845 0.0000000000
117363  39.385  36.684  0.417 0.0000000000
117417  41.764  36.548  -5.853 0.0000000000
117419  39.552  36.703  -5.197 0.0000000000
117941  44.115  36.932  9.250 0.0000000000
117948  44.445  36.730  8.492 0.0000000000
117965  44.177  37.228  7.260 0.0000000000
117993  45.336  36.694  4.727 0.0000000000
117994  44.571  37.200  5.028 0.0000000000
118009  45.892  36.344  3.747 0.0000000000
118010  45.250  36.899  4.088 0.0000000000
118016  43.073  37.321  3.203 0.0000000000
118017  41.415  37.368  3.000 0.0000000000
118018  40.230  37.578  3.128 0.0000000000
118024  44.476  36.995  2.640 0.0000000000
118028  38.954  37.305  2.181 0.0000000000
118031  39.465  36.695  1.144 0.0000000000
118039  38.433  37.607  0.561 0.0000000000
118640  43.701  37.752  6.175 0.0000000000
118676  42.143  38.215  4.059 0.0000000000
118677  41.328  38.318  3.833 0.0000000000
118680  38.791  38.408  3.688 0.0000000000
118689  40.967  37.754  3.352 0.0000000000
118690  39.693  37.843  3.363 0.0000000000
118692  38.353  38.222  3.225 0.0000000000
118696  38.069  38.063  2.548 0.0000000000
118697  37.660  38.489  2.272 0.0000000000
118700  37.941  38.045  1.798 0.0000000000
118719  39.549  38.400  -1.079 0.0000000000
119309  43.298  38.964  8.822 0.0000000000
119331  42.583  39.465  5.953 0.0000000000
119340  42.545  38.970  5.273 0.0000000000
119342  41.200  39.683  4.474 0.0000000000
119360  40.897  38.939  4.125 0.0000000000
119361  40.046  38.935  4.030 0.0000000000
119363  38.257  38.986  3.624 0.0000000000
119391  37.245  39.300  1.454 0.0000000000
119395  37.423  39.420  0.832 0.0000000000
119413  41.536  38.695  -2.161 0.0000000000
120011  42.799  40.400  7.439 0.0000000000
120017  42.724  40.021  6.616 0.0000000000
120031  40.695  40.351  4.432 0.0000000000
120042  38.853  39.790  3.954 0.0000000000
120044  37.470  40.352  3.254 0.0000000000
120072  36.662  40.390  2.047 0.0000000000
120081  36.612  40.437  1.511 0.0000000000
120088  41.057  40.367  -0.649 0.0000000000
120094  42.397  39.940  -1.952 0.0000000000
120095  41.706  39.946  -1.243 0.0000000000
120761  41.152  40.978  4.845 0.0000000000
120769  39.045  40.639  4.017 0.0000000000
120770  38.204  40.740  3.719 0.0000000000
120779  36.967  40.918  2.868 0.0000000000
120789  36.402  41.327  1.952 0.0000000000
120799  36.444  41.079  1.373 0.0000000000
120808  37.145  40.818  0.258 0.0000000000
120814  41.331  41.112  -0.489 0.0000000000
120821  42.561  41.122  -1.068 0.0000000000
121463  42.032  42.066  6.286 0.0000000000
121464  41.478  42.369  5.452 0.0000000000
121481  39.312  41.999  4.163 0.0000000000
121482  38.597  42.253  3.935 0.0000000000
121483  37.755  41.918  3.476 0.0000000000
121499  36.404  42.044  2.028 0.0000000000
121522  36.473  41.507  0.742 0.0000000000
121526  42.791  42.502  -0.715 0.0000000000
121533  36.750  41.309  0.356 0.0000000000
121540  42.724  42.409  -1.719 0.0000000000
121541  42.576  41.517  -1.978 0.0000000000
122121  41.724  42.605  6.043 0.0000000000
122130  41.171  42.837  5.247 0.0000000000
122140  39.181  43.094  4.204 0.0000000000
122142  37.957  42.542  3.565 0.0000000000
122150  37.750  43.114  3.352 0.0000000000
122166  36.296  42.531  1.415 0.0000000000
122178  36.212  43.009  0.798 0.0000000000
122185  42.826  42.994  -1.113 0.0000000000
122187  42.000  42.833  -0.157 0.0000000000
122197  37.240  43.082  -0.881 0.0000000000
122200  42.978  43.322  -1.868 0.0000000000
122203  43.237  43.463  -2.512 0.0000000000
122689  41.058  43.687  7.058 0.0000000000
122690  40.250  44.043  7.770 0.0000000000
122691  38.537  43.719  7.950 0.0000000000
122708  41.191  43.677  6.054 0.0000000000
122710  38.101  44.138  7.662 0.0000000000
122726  41.048  43.426  5.354 0.0000000000
122728  37.042  43.940  6.644 0.0000000000
122729  36.321  43.429  6.096 0.0000000000
122736  40.442  43.646  5.008 0.0000000000
122737  39.766  43.861  4.614 0.0000000000
122752  37.044  44.007  2.449 0.0000000000
122773  36.218  43.489  0.064 0.0000000000
122781  42.682  43.383  -0.746 0.0000000000
122784  36.478  43.584  -0.641 0.0000000000
122793  40.622  44.054  -0.701 0.0000000000
122795  37.728  43.638  -1.294 0.0000000000
122796  37.027  43.812  -1.274 0.0000000000
122797  36.535  44.068  -1.093 0.0000000000
122802  43.976  43.794  -3.629 0.0000000000
122810  42.973  43.509  -3.828 0.0000000000
123307  39.987  44.811  7.338 0.0000000000
123326  38.414  44.898  7.569 0.0000000000
123353  40.258  44.818  5.363 0.0000000000
123357  35.774  44.218  4.550 0.0000000000
123373  37.752  44.608  2.914 0.0000000000
123379  36.756  44.587  1.935 0.0000000000
123408  35.897  44.886  -0.387 0.0000000000
123420  42.566  44.031  -0.831 0.0000000000
123422  41.023  44.595  -0.984 0.0000000000
123424  38.208  44.142  -1.528 0.0000000000
123434  42.377  44.642  -1.358 0.0000000000
123435  41.448  44.902  -1.404 0.0000000000
123439  37.311  44.961  -1.968 0.0000000000
123442  43.762  43.963  -3.061 0.0000000000
123931  38.464  46.020  6.642 0.0000000000
123945  36.985  45.538  5.358 0.0000000000
123954  38.534  45.239  3.356 0.0000000000
123962  39.183  46.061  3.609 0.0000000000
123993  35.867  45.618  -0.942 0.0000000000
124000  36.216  45.741  -1.595 0.0000000000
124015  37.828  45.422  -2.320 0.0000000000
124016  37.141  45.616  -2.298 0.0000000000
124545  38.247  46.486  6.142 0.0000000000
124560  36.911  46.157  4.946 0.0000000000
124583  39.465  46.707  3.879 0.0000000000
124584  39.160  46.770  3.326 0.0000000000
124596  37.074  45.920  1.711 0.0000000000
124613  35.777  46.231  0.065 0.0000000000
124620  35.668  46.295  -0.606 0.0000000000
124631  37.289  46.395  -2.560 0.0000000000
124642  38.069  46.474  -3.039 0.0000000000
124650  39.159  46.733  -4.348 0.0000000000
125134  39.294  47.318  4.999 0.0000000000
125135  38.758  47.715  5.589 0.0000000000
125159  39.374  48.013  3.181 0.0000000000
125172  38.870  47.556  2.589 0.0000000000
125196  36.414  46.903  0.900 0.0000000000
125204  35.593  46.943  -0.207 0.0000000000
125209  35.559  47.005  -0.934 0.0000000000
125215  36.422  47.123  -2.053 0.0000000000
125216  35.870  47.068  -1.554 0.0000000000
125243  39.945  47.200  -5.453 0.0000000000
125245  39.556  48.056  -6.511 0.0000000000
125687  38.559  48.391  5.421 0.0000000000
125716  38.263  47.778  2.072 0.0000000000
125733  36.801  48.153  1.138 0.0000000000
125734  35.933  48.249  0.688 0.0000000000
125787  38.550  48.927  -5.401 0.0000000000
126215  38.418  49.017  5.246 0.0000000000
126223  39.285  48.567  4.059 0.0000000000
126225  36.812  49.400  4.431 0.0000000000
126244  38.905  49.038  2.373 0.0000000000
126245  38.462  49.267  2.005 0.0000000000
126259  35.774  49.044  0.514 0.0000000000
126273  35.544  49.188  -0.243 0.0000000000
126312  40.457  50.111  -5.416 0.0000000000
126796  36.000  50.805  4.270 0.0000000000
126803  38.521  50.477  3.577 0.0000000000
126804  36.466  50.106  4.304 0.0000000000
126806  34.802  49.918  3.465 0.0000000000
126825  38.081  49.848  1.942 0.0000000000
126839  33.259  49.469  0.063 0.0000000000
126852  33.493  50.253  -0.177 0.0000000000
126888  39.342  51.057  -4.538 0.0000000000
126902  40.150  50.668  -4.756 0.0000000000
127365  34.884  51.917  3.738 0.0000000000
127375  37.289  51.338  3.964 0.0000000000
127376  35.105  50.671  3.905 0.0000000000
127377  34.741  51.253  3.777 0.0000000000
127390  33.879  50.505  1.834 0.0000000000
127454  39.789  51.080  -4.180 0.0000000000
127914  36.063  52.236  3.979 0.0000000000
127926  36.790  52.082  3.567 0.0000000000
127927  35.169  52.490  3.669 0.0000000000
127928  34.794  52.340  3.255 0.0000000000
127953  34.017  51.183  1.387 0.0000000000
128524  36.689  52.821  2.976 0.0000000000
128525  35.756  52.743  3.729 0.0000000000
137282  43.591  35.568  5.247 0.0000000000
137311  36.646  42.054  0.107 0.0000000000
138096  43.217  35.478  4.014 0.0000000000
138976  46.255  32.915  -1.825 0.0000000000
140076  45.108  32.384  -2.769 0.0000000000
140294  43.428  43.548  -3.011 0.0000000000
140471  38.956  40.424  -0.255 0.0000000000
140875  45.790  35.225  3.533 0.0000000000
141693  38.875  37.097  0.837 0.0000000000
141907  41.178  35.729  -0.765 0.0000000000
141916  43.595  37.745  9.487 0.0000000000
142429  36.194  44.115  -0.481 0.0000000000
142594  45.908  31.211  -4.869 0.0000000000
142669  43.307  32.073  -7.598 0.0000000000
144108  40.256  37.122  2.543 0.0000000000
144340  44.152  30.661  -7.204 0.0000000000
144520  44.026  34.371  9.838 0.0000000000
146373  44.278  29.157  6.301 0.0000000000
147673  41.290  41.650  5.110 0.0000000000
147815  35.777  49.400  -1.121 0.0000000000
148270  36.357  46.034  4.317 0.0000000000
148342  39.393  46.831  5.290 0.0000000000
148613  45.637  36.377  1.958 0.0000000000
148955  42.963  39.737  7.161 0.0000000000
149099  42.842  44.638  -2.095 0.0000000000
149100  36.609  41.500  2.501 0.0000000000
150242  35.620  47.593  0.277 0.0000000000
150656  39.293  45.914  6.489 0.0000000000
151406  38.283  38.126  0.377 0.0000000000
151546  40.569  49.557  -5.093 0.0000000000
151815  39.389  43.948  8.175 0.0000000000
152144  40.461  34.754  6.437 0.0000000000
152482  36.596  53.244  -0.829 0.0000000000
153206  38.266  40.566  -0.107 0.0000000000
153299  45.090  34.993  10.541 0.0000000000
153479  46.546  32.824  -1.967 0.0000000000
153513  39.440  44.428  4.392 0.0000000000
153580  42.674  37.026  2.577 0.0000000000
153645  36.695  30.946  -7.303 0.0000000000
153947  44.357  32.969  -1.458 0.0000000000
154254  41.608  35.394  -4.444 0.0000000000
154913  46.631  34.991  1.393 0.0000000000
155345  39.428  25.224  1.259 0.0000000000
155448  46.339  33.998  -1.290 0.0000000000
155495  41.750  42.220  5.840 0.0000000000
156569  44.114  35.506  4.248 0.0000000000
156668  39.414  37.834  -1.127 0.0000000000
157469  40.107  50.789  -4.133 0.0000000000
157913  36.642  40.831  2.318 0.0000000000
157961  42.165  39.242  4.877 0.0000000000
158664  40.300  36.811  -2.106 0.0000000000
159098  36.133  45.082  1.019 0.0000000000
159531  42.805  42.914  -1.583 0.0000000000
160011  42.050  36.170  0.596 0.0000000000
160044  43.757  37.722  6.820 0.0000000000
160193  38.629  37.351  1.781 0.0000000000
160712  40.347  41.833  4.488 0.0000000000
161432  35.835  44.800  0.233 0.0000000000
163123  39.618  41.701  -0.459 0.0000000000
163439  38.539  46.455  -3.445 0.0000000000
163615  45.338  34.855  9.019 0.0000000000
163714  35.322  31.627  -5.677 0.0000000000
163735  45.632  36.554  3.207 0.0000000000
163786  44.824  35.176  10.836 0.0000000000
163803  39.721  45.979  5.702 0.0000000000
163807  38.644  46.931  6.093 0.0000000000
164064  42.060  43.445  -3.785 0.0000000000
164147  34.919  28.267  -5.838 0.0000000000
164392  36.029  53.222  3.387 0.0000000000
