#!ascii label  , from subject sub-v2s2x29092_ses-1 vox2ras=TkReg
1607
114461  -41.747  20.301  -5.116 0.0000000000
111892  -50.503  18.064  -18.721 0.0000000000
121770  -47.651  28.284  -6.824 0.0000000000
115346  -48.441  21.139  -10.313 0.0000000000
111709  -50.528  17.279  -1.220 0.0000000000
117898  -43.850  23.333  -15.320 0.0000000000
123678  -48.454  30.514  -19.478 0.0000000000
157304  -45.507  32.672  -14.348 0.0000000000
111621  -42.198  18.218  5.096 0.0000000000
114485  -44.265  20.383  -8.012 0.0000000000
116232  -44.802  21.747  -11.647 0.0000000000
117850  -41.835  24.093  -9.295 0.0000000000
122758  -53.394  29.351  -10.652 0.0000000000
124414  -48.997  30.921  -14.119 0.0000000000
125895  -52.145  32.937  -16.447 0.0000000000
126612  -47.119  33.744  -18.178 0.0000000000
127289  -51.081  35.012  -14.462 0.0000000000
159520  -46.986  17.343  -20.371 0.0000000000
116119  -41.928  21.344  -1.537 0.0000000000
120159  -42.969  26.053  -4.383 0.0000000000
116192  -54.241  22.119  -9.478 0.0000000000
183224  -50.187  17.896  -6.634 0.0000000000
109672  -44.691  15.567  -4.960 0.0000000000
109601  -44.281  14.181  0.852 0.0000000000
113748  -47.347  19.182  -18.574 0.0000000000
116312  -45.305  22.579  -21.657 0.0000000000
182741  -44.924  28.944  -10.882 0.0000000000
161675  -46.375  27.008  -17.539 0.0000000000
187619  -45.249  26.247  -22.330 0.0000000000
122800  -45.113  29.161  -17.941 0.0000000000
125190  -41.950  31.995  -17.598 0.0000000000
114477  -42.186  20.187  -6.911 0.0000000000
117028  -43.512  22.733  -7.950 0.0000000000
117018  -41.652  23.017  -6.789 0.0000000000
125155  -53.775  31.078  -11.862 0.0000000000
123629  -53.545  30.515  -13.936 0.0000000000
125872  -53.142  32.964  -14.689 0.0000000000
127301  -51.540  34.753  -16.118 0.0000000000
111898  -48.874  17.454  -19.889 0.0000000000
117787  -40.950  23.602  -0.993 0.0000000000
171250  -44.442  21.449  -0.816 0.0000000000
167361  -50.660  17.548  -4.198 0.0000000000
110704  -47.819  16.469  -5.882 0.0000000000
109640  -48.004  15.742  -2.536 0.0000000000
180221  -43.340  16.268  2.991 0.0000000000
111700  -38.520  17.203  -0.798 0.0000000000
114433  -38.157  19.954  -1.973 0.0000000000
113544  -36.439  19.508  0.260 0.0000000000
116249  -48.603  22.224  -12.619 0.0000000000
173806  -43.424  21.673  -13.863 0.0000000000
113698  -45.862  19.632  -15.252 0.0000000000
114586  -44.627  20.700  -16.473 0.0000000000
115445  -45.352  20.834  -19.893 0.0000000000
117098  -44.593  22.689  -17.738 0.0000000000
120944  -45.107  27.720  -5.644 0.0000000000
121766  -43.764  28.077  -7.199 0.0000000000
122699  -46.414  29.139  -9.312 0.0000000000
123656  -48.958  30.761  -17.039 0.0000000000
122790  -46.957  29.529  -15.863 0.0000000000
121896  -47.811  28.628  -18.671 0.0000000000
120292  -46.948  26.466  -20.851 0.0000000000
121919  -47.638  28.666  -21.456 0.0000000000
121060  -45.443  27.655  -19.825 0.0000000000
123677  -46.940  30.371  -20.006 0.0000000000
125881  -46.864  32.894  -15.975 0.0000000000
126621  -44.023  33.311  -18.362 0.0000000000
126591  -43.390  33.703  -17.020 0.0000000000
125889  -40.185  32.739  -17.174 0.0000000000
125865  -42.908  33.084  -14.624 0.0000000000
114497  -46.527  20.326  -8.770 0.0000000000
163762  -46.961  22.264  -10.718 0.0000000000
117036  -45.187  22.720  -8.821 0.0000000000
117048  -42.921  22.727  -10.451 0.0000000000
118655  -42.567  24.442  -12.031 0.0000000000
122703  -50.232  28.775  -8.862 0.0000000000
122737  -48.840  29.451  -10.265 0.0000000000
123599  -51.355  30.035  -12.247 0.0000000000
124429  -50.718  31.030  -15.361 0.0000000000
125198  -50.307  32.268  -18.357 0.0000000000
125920  -48.315  33.168  -19.489 0.0000000000
172997  -50.165  34.017  -17.979 0.0000000000
126581  -49.364  33.589  -15.866 0.0000000000
126553  -48.321  33.269  -13.740 0.0000000000
113767  -44.673  19.119  -20.448 0.0000000000
114454  -42.599  20.202  -3.782 0.0000000000
117007  -41.449  23.028  -4.731 0.0000000000
116128  -44.223  21.499  -3.690 0.0000000000
118598  -44.761  24.363  -3.595 0.0000000000
120164  -47.240  26.322  -3.928 0.0000000000
119382  -49.033  25.407  -3.023 0.0000000000
121754  -49.701  28.040  -6.044 0.0000000000
115335  -50.798  21.136  -9.973 0.0000000000
114486  -51.970  20.096  -7.705 0.0000000000
113637  -48.988  19.152  -8.777 0.0000000000
112751  -47.032  18.080  -8.113 0.0000000000
175276  -44.420  17.475  -6.820 0.0000000000
111684  -49.969  17.383  1.436 0.0000000000
111639  -46.308  18.158  4.073 0.0000000000
109567  -46.832  16.091  2.933 0.0000000000
109605  -48.194  15.847  0.036 0.0000000000
107599  -44.812  14.267  -1.675 0.0000000000
112707  -41.465  18.258  -4.083 0.0000000000
114605  -51.445  20.609  -18.988 0.0000000000
114552  -47.161  20.387  -13.691 0.0000000000
113724  -48.833  19.423  -17.258 0.0000000000
177453  -49.747  19.295  -20.655 0.0000000000
113780  -47.792  19.249  -21.858 0.0000000000
113790  -46.228  19.911  -23.350 0.0000000000
115464  -44.488  21.728  -22.844 0.0000000000
185845  -41.129  26.120  -6.899 0.0000000000
120206  -42.456  26.750  -10.254 0.0000000000
120230  -44.252  26.729  -13.245 0.0000000000
168785  -47.042  30.154  -12.581 0.0000000000
122781  -45.675  28.606  -14.529 0.0000000000
119473  -45.166  25.846  -15.960 0.0000000000
118704  -45.819  24.965  -18.843 0.0000000000
118726  -45.377  24.677  -22.144 0.0000000000
117934  -43.723  23.561  -21.737 0.0000000000
125203  -45.578  32.064  -18.652 0.0000000000
124449  -44.094  30.623  -17.084 0.0000000000
122775  -43.305  28.887  -14.450 0.0000000000
166692  -41.250  30.244  -14.093 0.0000000000
123621  -39.044  30.876  -14.120 0.0000000000
114476  -41.759  20.176  -6.362 0.0000000000
116158  -42.067  21.674  -6.963 0.0000000000
116147  -41.326  21.660  -5.904 0.0000000000
125163  -53.698  31.606  -13.355 0.0000000000
126569  -53.030  34.165  -14.763 0.0000000000
111899  -49.638  17.796  -19.790 0.0000000000
111728  -50.698  17.401  -2.688 0.0000000000
110667  -49.057  16.479  -3.409 0.0000000000
110659  -49.419  16.569  -1.730 0.0000000000
160573  -38.314  17.643  0.919 0.0000000000
112675  -37.738  18.344  0.041 0.0000000000
116204  -49.088  21.502  -10.825 0.0000000000
116220  -48.580  21.973  -11.417 0.0000000000
117076  -43.343  22.949  -14.224 0.0000000000
115399  -44.243  20.956  -15.146 0.0000000000
116279  -44.072  22.123  -15.818 0.0000000000
116287  -44.476  22.038  -17.231 0.0000000000
117904  -44.544  23.576  -16.660 0.0000000000
161573  -46.961  28.193  -6.400 0.0000000000
121787  -45.914  28.443  -7.389 0.0000000000
121806  -47.347  28.776  -8.380 0.0000000000
123670  -48.855  30.504  -18.294 0.0000000000
123662  -48.340  29.991  -17.873 0.0000000000
187253  -48.304  29.528  -19.277 0.0000000000
121905  -48.130  28.885  -20.307 0.0000000000
122821  -48.008  29.263  -20.776 0.0000000000
122820  -47.443  29.407  -21.138 0.0000000000
124478  -47.577  30.937  -19.630 0.0000000000
125869  -45.791  32.732  -15.015 0.0000000000
125890  -44.746  33.383  -16.393 0.0000000000
125878  -44.515  33.061  -15.599 0.0000000000
126565  -43.116  33.348  -15.322 0.0000000000
185771  -44.081  32.775  -14.218 0.0000000000
114496  -45.836  20.519  -8.450 0.0000000000
116180  -46.052  22.077  -8.739 0.0000000000
115318  -45.509  21.534  -8.314 0.0000000000
117846  -42.408  23.566  -8.645 0.0000000000
117041  -43.229  23.095  -8.952 0.0000000000
117851  -42.338  23.439  -9.497 0.0000000000
158932  -42.251  23.458  -11.385 0.0000000000
118647  -41.905  24.433  -10.559 0.0000000000
122739  -51.870  29.069  -9.823 0.0000000000
122755  -50.576  29.486  -10.767 0.0000000000
177750  -51.910  29.475  -11.150 0.0000000000
125183  -52.788  31.464  -15.739 0.0000000000
160691  -52.199  30.867  -14.927 0.0000000000
124453  -51.486  31.411  -16.447 0.0000000000
157191  -50.800  31.313  -16.740 0.0000000000
125191  -51.297  32.508  -17.448 0.0000000000
126629  -50.128  33.637  -18.536 0.0000000000
126617  -51.224  33.911  -17.439 0.0000000000
127294  -51.357  34.962  -15.339 0.0000000000
126582  -50.138  34.083  -16.389 0.0000000000
126567  -50.017  33.916  -15.371 0.0000000000
125883  -48.666  33.131  -15.402 0.0000000000
126555  -49.805  33.865  -14.387 0.0000000000
112875  -45.986  18.039  -20.579 0.0000000000
114437  -42.292  20.217  -2.546 0.0000000000
115264  -43.283  20.423  -3.389 0.0000000000
115265  -43.870  20.559  -3.000 0.0000000000
116109  -46.261  21.695  -1.640 0.0000000000
116130  -45.584  21.724  -3.094 0.0000000000
117810  -46.685  23.161  -3.199 0.0000000000
163411  -46.141  25.239  -3.555 0.0000000000
119380  -47.132  24.760  -3.370 0.0000000000
119373  -49.152  25.279  -2.397 0.0000000000
120166  -49.083  26.405  -3.801 0.0000000000
120937  -50.314  27.483  -4.579 0.0000000000
158031  -50.921  28.242  -6.595 0.0000000000
121756  -51.510  28.281  -5.447 0.0000000000
116191  -52.311  21.915  -10.134 0.0000000000
115337  -52.618  21.680  -9.371 0.0000000000
182037  -52.100  19.416  -6.508 0.0000000000
113610  -50.948  18.873  -7.319 0.0000000000
157390  -50.365  19.295  -8.290 0.0000000000
112754  -49.473  18.273  -7.956 0.0000000000
112764  -48.258  18.695  -8.589 0.0000000000
111793  -48.276  17.564  -7.673 0.0000000000
109674  -46.238  15.684  -4.970 0.0000000000
110718  -45.895  16.776  -6.610 0.0000000000
110700  -44.586  16.468  -6.031 0.0000000000
177686  -43.984  18.680  4.147 0.0000000000
110624  -45.287  15.693  2.942 0.0000000000
109576  -45.786  15.285  2.307 0.0000000000
109579  -47.996  15.963  1.359 0.0000000000
168563  -45.804  14.742  0.853 0.0000000000
108578  -46.456  14.844  -0.900 0.0000000000
109614  -44.850  14.135  -0.367 0.0000000000
113574  -40.932  18.911  -3.247 0.0000000000
174453  -39.718  18.732  -2.527 0.0000000000
115440  -52.244  20.873  -18.640 0.0000000000
116233  -45.599  21.953  -11.562 0.0000000000
169396  -46.833  21.762  -12.215 0.0000000000
115364  -46.149  21.150  -12.587 0.0000000000
113722  -46.579  19.316  -16.543 0.0000000000
165056  -47.045  19.365  -15.939 0.0000000000
113735  -47.550  19.168  -17.640 0.0000000000
113750  -49.237  19.439  -18.910 0.0000000000
113749  -48.844  19.374  -19.518 0.0000000000
113772  -49.336  19.175  -20.942 0.0000000000
113758  -48.015  19.369  -20.532 0.0000000000
183201  -45.135  21.445  -20.135 0.0000000000
114629  -46.169  20.738  -22.107 0.0000000000
115459  -45.792  21.411  -22.717 0.0000000000
114637  -45.531  20.823  -23.547 0.0000000000
116325  -45.183  21.959  -23.291 0.0000000000
118603  -41.777  24.174  -4.227 0.0000000000
119392  -41.006  24.989  -5.325 0.0000000000
120169  -41.778  26.136  -5.184 0.0000000000
121822  -44.450  28.589  -9.549 0.0000000000
121820  -43.214  28.045  -9.273 0.0000000000
121831  -43.770  28.129  -10.551 0.0000000000
169654  -43.616  26.747  -12.189 0.0000000000
121004  -44.301  27.814  -12.415 0.0000000000
123596  -48.445  30.271  -12.293 0.0000000000
123581  -48.003  30.016  -11.497 0.0000000000
123612  -47.758  30.438  -12.994 0.0000000000
122794  -46.682  28.824  -16.322 0.0000000000
122789  -46.416  29.041  -15.500 0.0000000000
121033  -46.020  27.547  -16.214 0.0000000000
121026  -45.339  27.204  -15.093 0.0000000000
120259  -46.024  26.646  -17.045 0.0000000000
119487  -45.526  25.410  -17.357 0.0000000000
120268  -46.277  26.458  -17.875 0.0000000000
120307  -46.287  26.801  -22.414 0.0000000000
118719  -46.271  25.400  -21.005 0.0000000000
119520  -45.469  25.613  -22.471 0.0000000000
117936  -44.582  23.543  -22.527 0.0000000000
118724  -44.087  24.809  -21.789 0.0000000000
118716  -42.990  24.273  -20.270 0.0000000000
172484  -44.245  25.556  -21.321 0.0000000000
121053  -45.292  27.898  -18.682 0.0000000000
120274  -44.435  26.384  -18.763 0.0000000000
126625  -47.385  33.655  -18.930 0.0000000000
169036  -46.826  32.913  -19.171 0.0000000000
126624  -46.056  33.428  -18.841 0.0000000000
125201  -43.095  32.672  -18.457 0.0000000000
125197  -44.221  31.877  -18.257 0.0000000000
124448  -43.459  30.967  -16.943 0.0000000000
123646  -43.914  29.693  -16.095 0.0000000000
123644  -43.059  30.291  -15.700 0.0000000000
123625  -42.488  29.682  -14.481 0.0000000000
155737  -41.474  31.173  -15.802 0.0000000000
125888  -39.604  32.834  -16.747 0.0000000000
124424  -39.519  31.525  -15.379 0.0000000000
179865  -38.419  31.946  -15.193 0.0000000000
124411  -38.249  31.272  -14.296 0.0000000000
113620  -43.177  19.733  -7.549 0.0000000000
115308  -43.906  21.146  -7.889 0.0000000000
115307  -43.150  21.074  -7.610 0.0000000000
117019  -42.383  22.626  -7.230 0.0000000000
117839  -41.647  24.044  -7.615 0.0000000000
123618  -53.613  30.080  -12.787 0.0000000000
124406  -54.014  30.727  -13.239 0.0000000000
124431  -53.520  31.199  -14.546 0.0000000000
181874  -52.625  32.303  -15.763 0.0000000000
126600  -51.716  33.921  -16.842 0.0000000000
126584  -52.386  34.355  -15.941 0.0000000000
182050  -52.289  35.439  -15.377 0.0000000000
111897  -47.561  17.175  -20.027 0.0000000000
116103  -41.396  22.219  -1.343 0.0000000000
115248  -43.311  20.922  -1.430 0.0000000000
160659  -42.551  22.227  -0.696 0.0000000000
111761  -50.365  17.709  -5.721 0.0000000000
111759  -48.996  16.987  -6.327 0.0000000000
110687  -48.806  16.553  -4.959 0.0000000000
109676  -47.679  15.919  -4.678 0.0000000000
109651  -46.572  15.300  -3.900 0.0000000000
111655  -42.742  17.997  3.578 0.0000000000
109574  -41.974  15.875  2.376 0.0000000000
111707  -38.882  17.428  -1.578 0.0000000000
112691  -39.021  18.624  -2.187 0.0000000000
112682  -38.071  18.728  -1.402 0.0000000000
113551  -37.252  19.368  -0.669 0.0000000000
115372  -43.837  21.240  -12.750 0.0000000000
114539  -45.110  20.481  -13.443 0.0000000000
115387  -44.297  20.795  -14.353 0.0000000000
114587  -45.043  20.201  -16.254 0.0000000000
166360  -45.474  19.994  -17.521 0.0000000000
113746  -45.983  19.631  -18.801 0.0000000000
115431  -44.918  20.639  -17.866 0.0000000000
116300  -44.651  21.961  -18.937 0.0000000000
117111  -44.829  22.627  -19.451 0.0000000000
120172  -44.215  26.829  -4.667 0.0000000000
120942  -43.516  27.487  -5.938 0.0000000000
121749  -44.821  28.004  -6.310 0.0000000000
183316  -45.082  28.738  -8.765 0.0000000000
122733  -45.521  29.200  -10.446 0.0000000000
124438  -48.576  30.895  -15.418 0.0000000000
123639  -47.774  30.670  -14.782 0.0000000000
161242  -47.903  30.346  -16.198 0.0000000000
161171  -47.461  29.251  -17.290 0.0000000000
121047  -47.040  27.783  -18.163 0.0000000000
120275  -46.673  26.615  -18.690 0.0000000000
121061  -47.566  27.613  -19.966 0.0000000000
121067  -47.584  27.651  -21.003 0.0000000000
121078  -46.568  27.562  -22.287 0.0000000000
120291  -45.124  26.723  -21.078 0.0000000000
121916  -46.304  27.888  -21.794 0.0000000000
121903  -46.137  28.763  -20.419 0.0000000000
123675  -45.684  29.794  -19.164 0.0000000000
125893  -47.139  33.236  -16.675 0.0000000000
126611  -46.093  33.660  -18.274 0.0000000000
166583  -44.981  33.639  -17.236 0.0000000000
126608  -43.613  33.544  -17.887 0.0000000000
125901  -42.355  32.774  -18.102 0.0000000000
125189  -41.220  32.010  -17.248 0.0000000000
126589  -41.474  33.450  -17.245 0.0000000000
126576  -41.280  33.748  -16.329 0.0000000000
126562  -40.798  33.919  -15.381 0.0000000000
114508  -47.499  20.553  -9.344 0.0000000000
116202  -47.434  22.000  -10.609 0.0000000000
115330  -46.685  21.756  -9.181 0.0000000000
156918  -45.806  22.720  -9.806 0.0000000000
116200  -45.061  22.639  -10.352 0.0000000000
117035  -44.670  22.648  -8.439 0.0000000000
177238  -44.549  22.814  -9.876 0.0000000000
116215  -43.714  22.035  -11.224 0.0000000000
116230  -42.920  22.114  -11.977 0.0000000000
117069  -42.824  22.661  -13.038 0.0000000000
117877  -43.196  24.049  -13.426 0.0000000000
121808  -49.427  28.640  -8.457 0.0000000000
122702  -48.783  28.869  -8.811 0.0000000000
177033  -49.351  29.211  -9.775 0.0000000000
123583  -49.916  29.801  -11.293 0.0000000000
123615  -49.999  30.465  -12.868 0.0000000000
123617  -52.075  30.402  -13.496 0.0000000000
124405  -50.903  30.574  -13.432 0.0000000000
161369  -49.584  30.960  -14.275 0.0000000000
124440  -50.103  31.053  -16.053 0.0000000000
124462  -49.570  31.005  -17.376 0.0000000000
125205  -49.094  32.046  -19.032 0.0000000000
125210  -48.364  32.284  -19.217 0.0000000000
126637  -49.473  33.275  -19.303 0.0000000000
126627  -48.936  33.656  -19.058 0.0000000000
126614  -48.773  33.841  -18.400 0.0000000000
126599  -50.747  34.123  -17.412 0.0000000000
165269  -49.418  33.838  -16.875 0.0000000000
126596  -48.525  33.732  -17.399 0.0000000000
125882  -48.037  33.010  -15.800 0.0000000000
125871  -47.981  32.883  -14.992 0.0000000000
125856  -47.125  32.803  -13.848 0.0000000000
114453  -42.073  20.040  -4.359 0.0000000000
115279  -41.437  21.825  -5.220 0.0000000000
115271  -42.358  20.825  -4.453 0.0000000000
117003  -42.495  22.667  -4.150 0.0000000000
117816  -43.220  23.901  -3.828 0.0000000000
115266  -44.471  20.678  -2.635 0.0000000000
117809  -44.754  23.380  -3.582 0.0000000000
119377  -44.069  24.976  -3.740 0.0000000000
120161  -44.657  26.350  -4.182 0.0000000000
120934  -46.132  27.437  -4.941 0.0000000000
120946  -47.394  27.772  -5.366 0.0000000000
117811  -47.768  23.610  -2.868 0.0000000000
119390  -47.709  25.499  -3.538 0.0000000000
120935  -48.571  27.449  -5.000 0.0000000000
121771  -48.474  28.162  -6.489 0.0000000000
121791  -50.327  28.274  -7.246 0.0000000000
121810  -51.113  28.460  -7.777 0.0000000000
122706  -53.370  29.241  -8.431 0.0000000000
115348  -50.450  21.402  -10.477 0.0000000000
173324  -49.241  20.755  -10.124 0.0000000000
114488  -53.387  20.904  -7.192 0.0000000000
115322  -52.893  21.378  -8.627 0.0000000000
114513  -51.283  20.580  -8.954 0.0000000000
114499  -50.116  19.933  -8.989 0.0000000000
114509  -48.229  20.123  -9.435 0.0000000000
113635  -47.614  19.808  -9.121 0.0000000000
112762  -46.601  18.762  -8.383 0.0000000000
113623  -45.427  19.186  -8.115 0.0000000000
111777  -47.108  17.126  -7.125 0.0000000000
111789  -45.514  17.932  -7.492 0.0000000000
112748  -44.193  18.787  -7.589 0.0000000000
112737  -43.531  18.333  -7.070 0.0000000000
111641  -47.768  17.872  4.171 0.0000000000
110583  -45.079  17.470  3.685 0.0000000000
110585  -46.784  17.197  3.850 0.0000000000
182039  -48.552  17.092  3.078 0.0000000000
163111  -48.971  16.776  1.882 0.0000000000
159346  -48.994  16.573  1.018 0.0000000000
110646  -49.140  16.450  -0.583 0.0000000000
109628  -47.830  15.593  -1.519 0.0000000000
108590  -46.659  14.990  -2.279 0.0000000000
108602  -45.023  14.928  -3.721 0.0000000000
113584  -41.566  18.954  -4.248 0.0000000000
113575  -41.420  19.236  -3.514 0.0000000000
114444  -41.032  19.593  -2.992 0.0000000000
115256  -40.841  20.836  -2.377 0.0000000000
116991  -40.552  22.294  -1.836 0.0000000000
113739  -52.782  20.239  -17.921 0.0000000000
113738  -52.341  19.756  -18.498 0.0000000000
112864  -51.357  19.538  -19.632 0.0000000000
157519  -47.515  22.063  -11.961 0.0000000000
115376  -48.015  21.788  -12.981 0.0000000000
114551  -46.394  20.189  -13.770 0.0000000000
114575  -48.242  19.736  -15.435 0.0000000000
161136  -49.164  20.099  -15.768 0.0000000000
113726  -50.088  20.028  -18.071 0.0000000000
114614  -50.829  19.853  -19.885 0.0000000000
112870  -50.759  19.122  -20.032 0.0000000000
112878  -49.816  18.929  -20.862 0.0000000000
111913  -48.597  18.106  -20.962 0.0000000000
111911  -47.605  18.065  -21.511 0.0000000000
113769  -47.336  19.626  -21.753 0.0000000000
113779  -47.149  19.756  -22.635 0.0000000000
112885  -46.667  18.319  -21.943 0.0000000000
113778  -45.633  18.966  -22.040 0.0000000000
114628  -44.570  20.277  -22.105 0.0000000000
114627  -44.060  20.615  -21.374 0.0000000000
117010  -41.083  22.966  -5.735 0.0000000000
118617  -40.970  24.841  -6.611 0.0000000000
118630  -41.149  25.428  -7.952 0.0000000000
120958  -42.396  27.390  -6.884 0.0000000000
120984  -41.962  27.066  -8.744 0.0000000000
119428  -41.929  26.118  -9.860 0.0000000000
168994  -42.441  25.711  -11.049 0.0000000000
119449  -43.538  25.643  -12.879 0.0000000000
166445  -44.002  25.367  -14.021 0.0000000000
122736  -47.848  29.475  -10.211 0.0000000000
122754  -46.900  29.752  -11.091 0.0000000000
122752  -45.712  29.419  -11.528 0.0000000000
123626  -46.900  30.159  -13.827 0.0000000000
173622  -46.198  29.667  -13.658 0.0000000000
121848  -45.112  28.858  -12.534 0.0000000000
121861  -44.902  27.827  -13.656 0.0000000000
119464  -44.630  25.972  -14.783 0.0000000000
118682  -44.478  24.707  -15.619 0.0000000000
117905  -44.865  24.414  -16.889 0.0000000000
117112  -45.223  23.244  -20.053 0.0000000000
118705  -46.300  25.629  -19.219 0.0000000000
118718  -45.832  24.601  -20.574 0.0000000000
117119  -45.305  23.208  -21.212 0.0000000000
117130  -44.870  22.875  -22.975 0.0000000000
116319  -43.868  22.219  -22.103 0.0000000000
119500  -44.287  25.973  -19.624 0.0000000000
125209  -47.677  32.136  -19.255 0.0000000000
124470  -46.285  31.568  -18.892 0.0000000000
123667  -45.344  30.263  -18.590 0.0000000000
126623  -45.384  33.286  -18.728 0.0000000000
124468  -44.948  31.568  -18.296 0.0000000000
122793  -44.666  29.355  -17.179 0.0000000000
122788  -44.292  29.234  -16.374 0.0000000000
159595  -43.664  27.937  -15.290 0.0000000000
121023  -42.934  27.191  -14.397 0.0000000000
124435  -40.668  31.367  -15.766 0.0000000000
124412  -40.457  30.670  -14.365 0.0000000000
125844  -46.978  32.984  -13.093 0.0000000000
125842  -45.357  32.799  -12.865 0.0000000000
125840  -43.387  32.771  -13.203 0.0000000000
125851  -41.975  33.095  -13.750 0.0000000000
126549  -39.926  34.065  -14.157 0.0000000000
114466  -41.624  20.265  -5.742 0.0000000000
115297  -41.523  20.912  -6.155 0.0000000000
115286  -41.497  20.993  -5.484 0.0000000000
111891  -49.789  17.575  -19.001 0.0000000000
111710  -51.159  17.684  -1.377 0.0000000000
111719  -51.281  17.759  -2.234 0.0000000000
111718  -50.603  17.305  -1.882 0.0000000000
111727  -49.966  16.871  -2.363 0.0000000000
111717  -50.055  16.913  -1.471 0.0000000000
111681  -38.097  17.688  1.281 0.0000000000
116203  -48.134  21.759  -10.804 0.0000000000
117081  -43.615  22.798  -14.908 0.0000000000
116269  -43.717  22.088  -15.124 0.0000000000
117087  -43.921  22.754  -15.562 0.0000000000
117088  -44.282  22.783  -16.210 0.0000000000
117899  -44.211  23.442  -15.861 0.0000000000
158813  -46.771  28.383  -7.136 0.0000000000
121788  -47.540  28.485  -7.612 0.0000000000
123679  -48.781  30.708  -18.906 0.0000000000
123669  -48.495  30.070  -18.979 0.0000000000
122813  -48.299  29.669  -19.931 0.0000000000
123686  -47.938  30.084  -20.246 0.0000000000
124479  -48.105  31.185  -19.417 0.0000000000
125855  -46.324  32.672  -14.304 0.0000000000
125868  -45.031  32.783  -14.900 0.0000000000
125867  -44.308  32.864  -14.828 0.0000000000
159810  -44.811  32.711  -14.076 0.0000000000
114495  -45.076  20.516  -8.212 0.0000000000
117856  -41.953  23.867  -10.068 0.0000000000
118641  -41.746  24.640  -9.886 0.0000000000
122740  -53.033  29.138  -9.856 0.0000000000
122757  -52.376  29.261  -10.582 0.0000000000
181653  -52.745  29.455  -11.292 0.0000000000
185080  -52.318  31.909  -16.200 0.0000000000
124442  -52.210  31.423  -16.130 0.0000000000
125182  -51.802  32.096  -16.742 0.0000000000
167913  -51.252  31.786  -17.015 0.0000000000
125904  -51.141  33.329  -17.825 0.0000000000
167810  -51.624  33.162  -17.201 0.0000000000
127293  -50.789  34.497  -15.892 0.0000000000
127288  -50.573  34.424  -14.882 0.0000000000
127281  -50.273  34.515  -13.890 0.0000000000
111896  -46.926  17.067  -19.620 0.0000000000
111895  -46.295  17.442  -19.886 0.0000000000
111903  -46.564  17.599  -20.678 0.0000000000
115257  -41.722  20.728  -2.099 0.0000000000
114438  -43.189  20.348  -2.584 0.0000000000
115258  -42.629  20.678  -1.851 0.0000000000
116993  -46.695  22.082  -2.106 0.0000000000
116992  -46.294  21.872  -2.602 0.0000000000
116998  -46.818  22.432  -2.774 0.0000000000
118599  -46.401  24.214  -3.339 0.0000000000
118600  -47.248  23.745  -3.150 0.0000000000
120928  -50.854  27.593  -3.862 0.0000000000
121745  -50.873  27.970  -5.117 0.0000000000
156660  -53.401  22.078  -9.994 0.0000000000
116181  -53.544  21.960  -9.160 0.0000000000
112755  -50.279  18.444  -7.446 0.0000000000
112739  -49.715  17.879  -7.338 0.0000000000
111794  -49.062  17.673  -7.548 0.0000000000
109673  -45.495  15.593  -4.986 0.0000000000
109691  -45.854  15.929  -5.541 0.0000000000
109690  -45.039  15.922  -5.557 0.0000000000
109689  -44.204  16.010  -5.476 0.0000000000
111622  -42.787  18.416  4.418 0.0000000000
110634  -44.904  15.061  2.290 0.0000000000
157751  -45.358  14.845  1.578 0.0000000000
109590  -46.238  15.123  1.571 0.0000000000
109602  -44.998  14.434  0.912 0.0000000000
109615  -45.342  14.415  0.208 0.0000000000
186359  -44.673  14.158  0.340 0.0000000000
111725  -40.618  17.584  -2.848 0.0000000000
112697  -40.222  18.176  -2.650 0.0000000000
112692  -39.589  18.060  -2.344 0.0000000000
114577  -50.748  21.177  -16.599 0.0000000000
115363  -45.438  21.439  -12.138 0.0000000000
113734  -46.692  19.209  -17.849 0.0000000000
177058  -46.823  19.222  -17.165 0.0000000000
156804  -48.225  19.237  -18.616 0.0000000000
177355  -48.070  19.282  -19.509 0.0000000000
159942  -47.200  19.243  -19.499 0.0000000000
115452  -45.239  21.963  -20.828 0.0000000000
115453  -45.580  21.243  -21.160 0.0000000000
165755  -45.473  21.957  -22.116 0.0000000000
162178  -45.452  22.009  -22.866 0.0000000000
119385  -42.663  25.325  -4.086 0.0000000000
119384  -41.861  25.020  -4.273 0.0000000000
119394  -42.132  25.784  -4.540 0.0000000000
122715  -44.791  28.852  -10.087 0.0000000000
157451  -44.134  28.425  -10.024 0.0000000000
121832  -44.357  28.508  -10.687 0.0000000000
121838  -43.998  28.117  -11.225 0.0000000000
121847  -44.645  28.459  -12.108 0.0000000000
123614  -49.100  30.509  -12.871 0.0000000000
123613  -48.453  30.579  -13.072 0.0000000000
172796  -48.177  30.702  -13.576 0.0000000000
121882  -46.497  28.012  -16.807 0.0000000000
121877  -46.212  28.278  -15.913 0.0000000000
121040  -46.223  27.255  -16.905 0.0000000000
121039  -45.803  26.910  -16.358 0.0000000000
120267  -45.755  26.052  -17.230 0.0000000000
120306  -45.811  26.489  -22.580 0.0000000000
158910  -45.836  26.048  -22.601 0.0000000000
120305  -45.401  25.959  -22.536 0.0000000000
119519  -44.990  25.428  -22.368 0.0000000000
119515  -44.784  25.802  -22.139 0.0000000000
119514  -43.810  25.081  -21.208 0.0000000000
121895  -45.233  28.489  -18.150 0.0000000000
121052  -44.764  27.283  -18.249 0.0000000000
121894  -44.919  27.958  -17.805 0.0000000000
121888  -44.860  28.595  -17.439 0.0000000000
125918  -46.878  33.368  -19.125 0.0000000000
161041  -46.655  33.615  -18.809 0.0000000000
125195  -42.499  32.296  -18.247 0.0000000000
124458  -42.960  31.698  -17.661 0.0000000000
162041  -42.606  31.297  -16.815 0.0000000000
124437  -43.178  30.646  -16.245 0.0000000000
124436  -42.410  30.892  -15.854 0.0000000000
124447  -41.753  31.534  -16.641 0.0000000000
125876  -39.159  33.029  -16.360 0.0000000000
125178  -39.094  32.494  -16.363 0.0000000000
114484  -43.503  20.340  -7.743 0.0000000000
114483  -42.811  20.276  -7.399 0.0000000000
179038  -41.701  22.254  -6.732 0.0000000000
117026  -42.186  23.437  -7.369 0.0000000000
117830  -41.427  23.755  -6.935 0.0000000000
179674  -54.157  30.230  -12.234 0.0000000000
124395  -54.245  30.559  -12.297 0.0000000000
125859  -53.354  32.454  -13.898 0.0000000000
125169  -53.749  31.321  -13.968 0.0000000000
159625  -53.436  31.920  -14.570 0.0000000000
125175  -53.186  31.734  -15.200 0.0000000000
178258  -52.920  32.709  -15.279 0.0000000000
125884  -52.514  33.322  -15.853 0.0000000000
126568  -52.809  33.776  -15.342 0.0000000000
127290  -53.106  35.201  -14.669 0.0000000000
127296  -52.672  34.923  -15.360 0.0000000000
127924  -52.237  35.744  -15.013 0.0000000000
182355  -48.542  16.936  -18.952 0.0000000000
110835  -48.359  17.105  -19.453 0.0000000000
110845  -48.207  17.278  -19.960 0.0000000000
116977  -41.379  22.960  -1.015 0.0000000000
116978  -41.975  22.579  -0.825 0.0000000000
112708  -51.135  17.939  -4.546 0.0000000000
111749  -50.518  17.605  -4.923 0.0000000000
163966  -49.883  17.289  -5.217 0.0000000000
111748  -50.058  17.239  -4.440 0.0000000000
109654  -48.433  16.042  -3.100 0.0000000000
109665  -48.558  16.231  -3.793 0.0000000000
109664  -47.910  15.846  -3.877 0.0000000000
109663  -47.169  15.637  -4.249 0.0000000000
186693  -47.274  15.521  -3.680 0.0000000000
109609  -39.343  15.870  -0.265 0.0000000000
110645  -38.862  16.601  -0.371 0.0000000000
110651  -39.154  16.505  -1.073 0.0000000000
111706  -38.247  17.966  -1.181 0.0000000000
112674  -37.458  18.835  -0.295 0.0000000000
113550  -36.763  19.796  -0.376 0.0000000000
116247  -43.317  21.600  -13.148 0.0000000000
167372  -44.528  20.708  -13.740 0.0000000000
115386  -43.839  21.136  -13.674 0.0000000000
115411  -44.355  21.123  -15.921 0.0000000000
114573  -44.610  20.532  -15.700 0.0000000000
113721  -45.504  19.858  -16.745 0.0000000000
114596  -45.000  20.371  -17.007 0.0000000000
114595  -44.682  20.860  -17.152 0.0000000000
116294  -44.567  21.986  -18.041 0.0000000000
117105  -44.676  22.650  -18.563 0.0000000000
120932  -44.643  27.323  -5.125 0.0000000000
120943  -44.330  27.613  -5.796 0.0000000000
167010  -46.439  28.938  -8.661 0.0000000000
121805  -45.643  28.679  -8.230 0.0000000000
122698  -45.681  29.031  -9.109 0.0000000000
122717  -46.030  29.226  -9.837 0.0000000000
124450  -48.562  30.834  -16.182 0.0000000000
123655  -48.367  30.406  -16.957 0.0000000000
122806  -48.123  29.345  -18.559 0.0000000000
122802  -47.851  29.453  -17.717 0.0000000000
122801  -47.578  28.930  -17.919 0.0000000000
121890  -47.280  28.343  -18.020 0.0000000000
182946  -47.432  28.116  -18.670 0.0000000000
121055  -47.306  27.639  -18.977 0.0000000000
121904  -47.851  28.263  -19.516 0.0000000000
121912  -48.002  28.773  -20.925 0.0000000000
171235  -47.919  28.221  -20.579 0.0000000000
121068  -47.650  28.239  -21.369 0.0000000000
121079  -46.820  27.764  -22.219 0.0000000000
121918  -47.184  28.261  -21.760 0.0000000000
122826  -46.918  28.422  -21.680 0.0000000000
123684  -46.968  29.738  -20.748 0.0000000000
122812  -46.476  29.303  -20.711 0.0000000000
123676  -46.303  29.882  -20.012 0.0000000000
122811  -45.964  29.236  -19.767 0.0000000000
125892  -46.339  33.201  -16.618 0.0000000000
126593  -45.791  33.556  -17.362 0.0000000000
126579  -43.996  33.461  -16.250 0.0000000000
126592  -44.190  33.689  -17.126 0.0000000000
126607  -42.676  33.434  -17.779 0.0000000000
126606  -41.846  33.193  -17.739 0.0000000000
126590  -42.664  33.677  -16.836 0.0000000000
126564  -42.449  33.458  -15.196 0.0000000000
184807  -42.040  33.678  -15.827 0.0000000000
126563  -41.751  33.681  -15.228 0.0000000000
115320  -46.894  20.924  -9.083 0.0000000000
115331  -47.265  21.325  -9.587 0.0000000000
116189  -45.733  22.614  -9.026 0.0000000000
116190  -46.332  22.396  -9.414 0.0000000000
162974  -45.789  22.567  -10.495 0.0000000000
117050  -45.193  22.819  -9.493 0.0000000000
116168  -43.596  22.024  -7.764 0.0000000000
116169  -44.289  21.887  -7.959 0.0000000000
116177  -44.209  22.470  -8.024 0.0000000000
161641  -42.841  23.031  -9.780 0.0000000000
117049  -43.701  22.833  -9.760 0.0000000000
116199  -44.121  22.470  -10.490 0.0000000000
177508  -43.398  22.432  -10.650 0.0000000000
180610  -43.273  21.851  -11.730 0.0000000000
116198  -43.000  22.288  -11.208 0.0000000000
117869  -42.514  23.444  -12.210 0.0000000000
117075  -43.040  23.167  -13.568 0.0000000000
118662  -42.856  24.196  -12.764 0.0000000000
163141  -49.415  28.949  -9.154 0.0000000000
122720  -50.095  29.084  -9.591 0.0000000000
123584  -51.073  29.719  -11.415 0.0000000000
123598  -50.419  30.098  -12.093 0.0000000000
178142  -50.803  30.292  -12.689 0.0000000000
164071  -52.436  30.048  -12.684 0.0000000000
171540  -53.216  30.273  -13.494 0.0000000000
186741  -51.341  30.907  -14.918 0.0000000000
124416  -51.632  30.706  -14.231 0.0000000000
124415  -50.543  30.905  -14.388 0.0000000000
124428  -49.812  31.016  -15.075 0.0000000000
124464  -50.740  31.853  -17.565 0.0000000000
124452  -50.143  31.159  -17.043 0.0000000000
124463  -50.063  31.479  -17.860 0.0000000000
184293  -49.585  31.163  -18.037 0.0000000000
124472  -49.684  31.782  -18.505 0.0000000000
125922  -49.724  32.739  -18.991 0.0000000000
126628  -49.517  33.526  -19.058 0.0000000000
126615  -49.538  33.813  -18.537 0.0000000000
126597  -49.476  33.953  -17.807 0.0000000000
126583  -51.847  34.535  -16.382 0.0000000000
127304  -51.303  34.377  -16.870 0.0000000000
127300  -50.852  34.366  -16.758 0.0000000000
126580  -48.667  33.396  -16.301 0.0000000000
125894  -47.914  33.306  -16.601 0.0000000000
125858  -48.532  33.108  -14.527 0.0000000000
125857  -47.849  32.908  -14.177 0.0000000000
160874  -47.243  32.744  -14.652 0.0000000000
112874  -45.164  18.488  -20.033 0.0000000000
115273  -43.780  20.861  -3.644 0.0000000000
116136  -43.334  21.790  -3.965 0.0000000000
117004  -43.210  22.956  -3.891 0.0000000000
116995  -43.898  22.349  -3.767 0.0000000000
115249  -44.306  20.839  -1.503 0.0000000000
116121  -45.136  20.982  -2.356 0.0000000000
162257  -45.404  22.664  -3.388 0.0000000000
118597  -43.990  24.134  -3.693 0.0000000000
119387  -44.306  25.686  -3.913 0.0000000000
119378  -44.732  25.142  -3.650 0.0000000000
119389  -46.729  25.771  -3.681 0.0000000000
166942  -45.962  25.985  -3.812 0.0000000000
120923  -46.391  27.110  -4.501 0.0000000000
163147  -46.867  27.420  -4.864 0.0000000000
167879  -47.007  26.950  -4.338 0.0000000000
117806  -48.082  23.769  -2.423 0.0000000000
117812  -48.178  24.271  -2.940 0.0000000000
119381  -47.873  24.704  -3.273 0.0000000000
185788  -48.421  25.076  -3.267 0.0000000000
120936  -49.339  27.402  -4.861 0.0000000000
120925  -48.595  26.939  -4.375 0.0000000000
120947  -48.173  27.748  -5.432 0.0000000000
182242  -49.021  28.056  -6.160 0.0000000000
121772  -49.371  28.199  -6.772 0.0000000000
121792  -51.716  28.458  -6.697 0.0000000000
185292  -51.187  28.350  -7.160 0.0000000000
121793  -52.017  28.612  -7.357 0.0000000000
122705  -52.358  28.873  -8.510 0.0000000000
121812  -52.920  29.020  -7.788 0.0000000000
156543  -52.513  22.118  -11.203 0.0000000000
115336  -51.541  21.237  -9.561 0.0000000000
115349  -51.321  21.734  -10.386 0.0000000000
115334  -50.104  20.835  -10.033 0.0000000000
113612  -52.077  19.732  -7.112 0.0000000000
114487  -52.639  20.428  -7.429 0.0000000000
115309  -53.152  21.112  -7.923 0.0000000000
114502  -52.356  20.692  -8.119 0.0000000000
115321  -52.020  20.970  -8.796 0.0000000000
114501  -51.508  20.199  -8.297 0.0000000000
113638  -49.825  19.331  -8.620 0.0000000000
164440  -50.395  19.650  -8.570 0.0000000000
113648  -49.405  19.702  -9.159 0.0000000000
114510  -48.989  20.147  -9.570 0.0000000000
113647  -48.769  19.674  -9.211 0.0000000000
113636  -48.248  19.423  -9.009 0.0000000000
112763  -47.406  18.668  -8.542 0.0000000000
112761  -45.940  18.822  -8.168 0.0000000000
112750  -46.175  18.181  -7.874 0.0000000000
110705  -48.568  16.612  -5.746 0.0000000000
110721  -48.268  16.778  -6.487 0.0000000000
110720  -47.486  16.731  -6.546 0.0000000000
110717  -44.993  16.992  -6.630 0.0000000000
111775  -45.620  17.340  -7.082 0.0000000000
111774  -44.945  17.670  -7.126 0.0000000000
111788  -44.879  18.284  -7.531 0.0000000000
112738  -44.283  18.017  -7.163 0.0000000000
111694  -50.508  17.482  0.371 0.0000000000
112631  -45.483  18.912  4.086 0.0000000000
112632  -46.239  19.102  4.306 0.0000000000
112633  -47.040  18.660  4.390 0.0000000000
173880  -43.089  17.093  3.150 0.0000000000
111656  -43.620  17.728  3.467 0.0000000000
182008  -44.323  17.347  3.469 0.0000000000
109566  -46.160  15.906  2.960 0.0000000000
110604  -45.645  16.496  3.485 0.0000000000
110605  -46.469  16.547  3.456 0.0000000000
111657  -47.535  17.224  3.745 0.0000000000
163517  -48.005  16.866  3.177 0.0000000000
110607  -48.443  16.709  2.526 0.0000000000
159552  -47.864  16.464  2.738 0.0000000000
184148  -47.954  15.794  0.736 0.0000000000
109592  -48.442  16.138  0.800 0.0000000000
109606  -48.933  16.380  0.125 0.0000000000
109619  -48.644  16.082  -0.620 0.0000000000
109629  -48.444  15.941  -1.319 0.0000000000
109618  -48.017  15.690  -0.808 0.0000000000
108582  -45.921  14.640  -1.450 0.0000000000
108583  -46.610  14.930  -1.647 0.0000000000
108589  -46.053  14.760  -2.100 0.0000000000
108596  -45.623  14.838  -3.172 0.0000000000
108595  -44.972  14.704  -2.979 0.0000000000
111736  -41.382  17.620  -3.820 0.0000000000
111737  -41.717  17.597  -4.436 0.0000000000
112715  -41.735  18.305  -4.847 0.0000000000
113583  -41.303  18.728  -3.691 0.0000000000
114443  -40.383  19.554  -2.805 0.0000000000
113557  -38.180  19.247  -1.785 0.0000000000
113564  -38.652  19.330  -2.130 0.0000000000
161960  -39.501  21.544  -2.295 0.0000000000
116117  -40.302  21.613  -2.276 0.0000000000
116990  -39.762  22.254  -2.007 0.0000000000
112850  -53.522  19.685  -17.162 0.0000000000
114598  -52.727  20.996  -18.031 0.0000000000
115439  -51.950  20.956  -18.639 0.0000000000
114607  -52.308  20.462  -18.709 0.0000000000
114606  -51.797  20.444  -19.094 0.0000000000
112857  -51.682  19.170  -18.821 0.0000000000
113762  -51.428  20.026  -19.529 0.0000000000
116219  -47.664  22.061  -11.265 0.0000000000
164378  -46.940  22.159  -11.459 0.0000000000
183216  -46.875  21.284  -12.753 0.0000000000
115375  -47.427  21.725  -12.594 0.0000000000
114550  -45.619  20.151  -13.915 0.0000000000
114561  -46.149  19.850  -14.490 0.0000000000
113710  -47.817  19.365  -16.108 0.0000000000
187159  -47.477  19.521  -15.466 0.0000000000
113711  -48.754  19.552  -16.432 0.0000000000
114588  -49.532  20.023  -16.512 0.0000000000
113725  -49.483  19.749  -17.197 0.0000000000
113759  -49.671  19.481  -20.068 0.0000000000
113751  -50.223  19.830  -19.716 0.0000000000
113760  -50.293  19.508  -20.329 0.0000000000
113761  -50.899  19.720  -19.969 0.0000000000
112879  -50.257  19.294  -20.447 0.0000000000
112869  -50.179  18.641  -20.394 0.0000000000
113773  -49.781  19.211  -20.698 0.0000000000
113771  -48.602  19.210  -21.269 0.0000000000
113782  -48.920  19.094  -21.164 0.0000000000
113781  -48.268  19.093  -21.594 0.0000000000
111912  -48.121  18.089  -21.230 0.0000000000
112887  -48.001  18.720  -21.801 0.0000000000
114612  -45.757  20.044  -19.502 0.0000000000
114613  -46.420  19.723  -20.592 0.0000000000
114630  -46.520  20.241  -22.760 0.0000000000
113786  -46.872  19.667  -22.955 0.0000000000
112893  -46.900  18.962  -22.640 0.0000000000
113785  -46.458  19.331  -22.980 0.0000000000
112892  -46.277  18.814  -22.467 0.0000000000
174833  -45.894  19.364  -22.963 0.0000000000
115465  -45.030  21.025  -23.265 0.0000000000
114633  -45.043  20.487  -23.042 0.0000000000
115458  -44.471  20.948  -22.446 0.0000000000
116141  -41.561  22.371  -4.860 0.0000000000
117006  -41.235  22.647  -5.174 0.0000000000
119396  -40.972  25.287  -6.062 0.0000000000
118609  -40.932  24.545  -5.881 0.0000000000
119404  -41.000  25.540  -6.765 0.0000000000
118625  -41.009  25.121  -7.309 0.0000000000
119408  -41.076  25.815  -7.409 0.0000000000
120959  -43.237  27.675  -6.659 0.0000000000
120941  -42.682  27.306  -6.091 0.0000000000
120968  -43.013  27.787  -7.396 0.0000000000
120990  -42.834  27.534  -9.892 0.0000000000
120976  -42.412  27.542  -8.319 0.0000000000
120201  -42.159  26.956  -9.509 0.0000000000
120200  -41.730  26.378  -9.087 0.0000000000
119429  -42.261  26.098  -10.534 0.0000000000
120212  -42.716  26.470  -10.970 0.0000000000
120229  -43.801  26.414  -12.794 0.0000000000
120221  -43.412  26.125  -12.301 0.0000000000
119457  -43.815  25.470  -13.583 0.0000000000
119458  -44.271  25.859  -14.029 0.0000000000
167147  -48.543  29.190  -9.510 0.0000000000
122719  -47.663  29.223  -9.519 0.0000000000
123595  -47.535  30.158  -12.088 0.0000000000
123580  -47.341  29.958  -11.468 0.0000000000
123594  -46.800  29.942  -11.815 0.0000000000
122753  -46.293  29.621  -11.308 0.0000000000
122764  -46.145  29.704  -11.971 0.0000000000
123647  -47.396  30.233  -15.458 0.0000000000
123638  -47.171  30.256  -14.578 0.0000000000
121869  -45.954  28.477  -15.145 0.0000000000
122782  -46.165  29.229  -14.601 0.0000000000
122776  -45.640  28.983  -13.874 0.0000000000
122770  -45.596  29.252  -13.038 0.0000000000
121862  -45.335  28.242  -14.108 0.0000000000
120253  -45.361  26.581  -15.712 0.0000000000
120246  -45.007  26.549  -14.971 0.0000000000
119465  -44.965  26.100  -15.365 0.0000000000
119472  -44.658  25.420  -15.377 0.0000000000
118683  -44.877  25.059  -16.228 0.0000000000
118689  -44.505  24.212  -16.092 0.0000000000
119494  -45.653  25.174  -18.023 0.0000000000
164885  -45.386  24.516  -18.147 0.0000000000
157512  -45.446  24.192  -18.874 0.0000000000
117922  -45.481  23.956  -19.750 0.0000000000
120284  -46.789  26.339  -19.566 0.0000000000
119501  -46.537  25.834  -20.267 0.0000000000
177318  -45.937  25.042  -21.770 0.0000000000
170835  -45.604  24.412  -21.517 0.0000000000
117928  -45.480  23.859  -20.820 0.0000000000
164506  -45.279  23.884  -22.025 0.0000000000
117127  -45.207  23.111  -22.422 0.0000000000
117937  -44.955  23.494  -22.698 0.0000000000
117126  -44.232  22.923  -22.500 0.0000000000
117125  -43.621  22.825  -21.685 0.0000000000
117118  -43.114  23.015  -20.790 0.0000000000
121066  -45.592  27.396  -21.155 0.0000000000
120290  -44.644  26.353  -20.398 0.0000000000
120283  -45.084  26.928  -20.171 0.0000000000
120273  -43.942  25.967  -18.117 0.0000000000
119493  -43.915  25.701  -18.919 0.0000000000
183634  -47.945  32.759  -19.384 0.0000000000
125204  -46.234  32.516  -18.891 0.0000000000
125208  -47.036  32.004  -19.109 0.0000000000
124469  -45.519  31.162  -18.607 0.0000000000
126622  -44.822  33.400  -18.459 0.0000000000
184662  -45.483  33.479  -18.556 0.0000000000
125909  -44.540  33.095  -18.574 0.0000000000
124459  -43.809  31.359  -17.661 0.0000000000
124460  -44.411  31.015  -17.774 0.0000000000
123660  -44.536  30.235  -17.414 0.0000000000
123653  -44.261  29.917  -16.706 0.0000000000
122780  -43.596  28.949  -15.062 0.0000000000
121867  -43.489  28.311  -14.769 0.0000000000
121024  -43.431  27.580  -14.881 0.0000000000
121017  -43.243  27.880  -14.323 0.0000000000
121860  -43.035  28.476  -14.011 0.0000000000
123624  -42.010  29.549  -13.913 0.0000000000
123610  -41.288  29.678  -13.359 0.0000000000
125188  -40.538  32.247  -17.226 0.0000000000
125181  -40.956  31.708  -16.537 0.0000000000
125180  -40.207  31.886  -16.435 0.0000000000
155757  -39.646  31.019  -14.635 0.0000000000
123622  -39.826  30.507  -13.898 0.0000000000
123608  -39.277  30.321  -13.385 0.0000000000
125828  -45.103  32.916  -12.171 0.0000000000
125841  -44.643  32.769  -12.745 0.0000000000
163058  -43.930  32.749  -12.626 0.0000000000
125839  -42.579  32.823  -12.926 0.0000000000
126537  -41.254  33.365  -13.645 0.0000000000
115298  -41.838  20.886  -6.680 0.0000000000
116157  -41.534  21.604  -6.460 0.0000000000
116156  -41.243  22.405  -6.269 0.0000000000
167069  -53.833  31.182  -12.661 0.0000000000
125847  -53.243  32.548  -13.209 0.0000000000
126556  -53.190  33.486  -14.143 0.0000000000
172202  -53.217  34.390  -14.069 0.0000000000
127283  -53.329  35.447  -13.866 0.0000000000
118578  -41.199  24.272  -0.653 0.0000000000
117788  -41.808  23.425  -0.624 0.0000000000
111729  -51.365  17.869  -2.998 0.0000000000
173817  -50.822  17.550  -3.479 0.0000000000
110678  -49.675  16.832  -3.826 0.0000000000
111738  -50.168  17.090  -3.200 0.0000000000
110658  -49.116  16.428  -2.554 0.0000000000
109641  -48.548  16.034  -2.397 0.0000000000
111692  -38.444  17.235  0.154 0.0000000000
111699  -38.076  17.872  -0.390 0.0000000000
111691  -38.033  17.891  0.344 0.0000000000
116205  -49.958  21.707  -10.979 0.0000000000
116221  -49.406  21.996  -11.481 0.0000000000
116235  -48.218  22.098  -11.957 0.0000000000
116260  -43.072  22.258  -13.574 0.0000000000
115398  -43.722  21.415  -14.579 0.0000000000
171963  -43.436  22.152  -14.373 0.0000000000
115410  -43.942  21.503  -15.426 0.0000000000
181342  -44.229  21.636  -16.076 0.0000000000
115421  -44.435  21.381  -16.707 0.0000000000
116280  -44.332  22.111  -16.493 0.0000000000
117092  -44.485  22.766  -16.951 0.0000000000
121751  -46.384  28.047  -5.971 0.0000000000
121750  -45.600  28.049  -6.146 0.0000000000
121769  -46.147  28.246  -6.651 0.0000000000
162473  -46.589  28.614  -7.900 0.0000000000
184736  -48.751  30.479  -17.582 0.0000000000
121897  -48.171  29.045  -19.434 0.0000000000
122828  -47.763  28.995  -21.245 0.0000000000
122827  -47.443  28.888  -21.444 0.0000000000
123692  -47.697  29.432  -21.089 0.0000000000
123685  -47.508  29.959  -20.664 0.0000000000
125880  -46.063  32.889  -15.827 0.0000000000
125879  -45.262  32.966  -15.717 0.0000000000
126578  -43.276  33.563  -16.106 0.0000000000
125877  -43.799  33.174  -15.476 0.0000000000
125866  -43.599  32.977  -14.763 0.0000000000
115319  -46.272  21.223  -8.707 0.0000000000
116179  -45.400  22.380  -8.481 0.0000000000
117033  -43.100  23.107  -8.216 0.0000000000
117034  -43.871  22.820  -8.340 0.0000000000
156163  -42.567  22.867  -10.932 0.0000000000
117857  -42.343  23.211  -10.339 0.0000000000
117863  -42.044  23.692  -10.741 0.0000000000
118648  -42.128  24.332  -11.228 0.0000000000
122721  -51.000  28.942  -9.328 0.0000000000
157782  -50.771  29.207  -10.094 0.0000000000
122756  -51.394  29.341  -10.649 0.0000000000
123600  -52.099  29.750  -11.791 0.0000000000
124430  -53.129  31.168  -15.066 0.0000000000
123628  -52.797  30.560  -14.257 0.0000000000
124443  -52.574  31.162  -15.446 0.0000000000
157633  -51.679  31.114  -15.664 0.0000000000
124441  -50.953  31.166  -16.074 0.0000000000
167307  -50.823  32.763  -18.077 0.0000000000
125913  -50.343  33.085  -18.648 0.0000000000
125903  -50.671  33.388  -18.265 0.0000000000
126616  -50.689  33.812  -17.955 0.0000000000
126566  -49.233  33.471  -14.915 0.0000000000
126554  -49.018  33.533  -14.032 0.0000000000
112868  -45.599  17.919  -19.759 0.0000000000
113768  -45.407  18.685  -20.991 0.0000000000
114446  -42.694  20.196  -3.149 0.0000000000
116107  -45.108  21.190  -1.307 0.0000000000
116122  -45.784  21.328  -2.069 0.0000000000
116997  -46.130  22.511  -3.111 0.0000000000
178608  -45.682  23.568  -3.424 0.0000000000
119379  -45.476  24.748  -3.521 0.0000000000
120156  -49.397  26.076  -3.248 0.0000000000
178628  -48.768  25.775  -3.444 0.0000000000
120926  -49.566  26.980  -4.201 0.0000000000
120949  -49.976  27.817  -5.345 0.0000000000
156440  -50.181  28.172  -6.513 0.0000000000
121755  -50.662  28.109  -5.883 0.0000000000
121773  -51.551  28.346  -6.084 0.0000000000
116208  -52.877  22.112  -10.706 0.0000000000
113611  -51.479  19.060  -6.832 0.0000000000
113626  -51.361  19.493  -7.620 0.0000000000
113639  -50.852  19.619  -8.227 0.0000000000
113625  -50.647  19.082  -7.844 0.0000000000
113624  -50.026  18.844  -8.119 0.0000000000
112765  -48.972  18.571  -8.390 0.0000000000
112753  -48.653  18.075  -8.127 0.0000000000
112752  -47.852  18.032  -8.210 0.0000000000
111792  -47.476  17.554  -7.689 0.0000000000
109692  -46.631  15.975  -5.482 0.0000000000
110703  -47.052  16.368  -5.982 0.0000000000
110702  -46.269  16.323  -6.051 0.0000000000
110701  -45.440  16.371  -6.087 0.0000000000
111773  -43.775  17.646  -6.740 0.0000000000
110716  -44.131  17.046  -6.425 0.0000000000
110622  -43.619  15.603  2.794 0.0000000000
110602  -43.875  16.535  3.190 0.0000000000
110623  -44.413  15.577  2.881 0.0000000000
109577  -46.712  15.668  2.268 0.0000000000
109578  -47.459  15.814  1.837 0.0000000000
162513  -46.958  15.473  1.534 0.0000000000
109603  -46.767  15.121  0.767 0.0000000000
109604  -47.535  15.502  0.355 0.0000000000
155808  -47.002  15.103  -0.203 0.0000000000
109616  -46.167  14.748  0.018 0.0000000000
108577  -45.646  14.484  -0.621 0.0000000000
108581  -45.179  14.296  -1.179 0.0000000000
110666  -41.469  16.542  -3.425 0.0000000000
111726  -41.014  17.627  -3.305 0.0000000000
112706  -41.129  18.247  -3.519 0.0000000000
112698  -40.717  18.250  -3.057 0.0000000000
113573  -40.389  18.890  -2.829 0.0000000000
113566  -39.894  19.315  -2.639 0.0000000000
115433  -52.346  21.351  -18.176 0.0000000000
115432  -51.810  21.423  -17.975 0.0000000000
114597  -51.462  20.997  -18.349 0.0000000000
116218  -46.208  22.319  -11.036 0.0000000000
116234  -46.187  21.858  -11.860 0.0000000000
114541  -46.636  20.660  -13.156 0.0000000000
113709  -46.304  19.458  -15.881 0.0000000000
113699  -46.760  19.574  -15.140 0.0000000000
113723  -47.300  19.243  -16.703 0.0000000000
159800  -48.111  19.271  -16.963 0.0000000000
113737  -49.336  19.520  -17.972 0.0000000000
113736  -48.552  19.291  -17.848 0.0000000000
160553  -49.015  19.375  -20.543 0.0000000000
113770  -47.938  19.380  -21.408 0.0000000000
114622  -45.945  20.403  -20.751 0.0000000000
115460  -46.103  20.762  -23.254 0.0000000000
114638  -45.873  20.439  -23.586 0.0000000000
115471  -45.779  20.947  -23.564 0.0000000000
115470  -45.440  21.430  -23.475 0.0000000000
116324  -45.076  21.905  -23.338 0.0000000000
117814  -41.833  23.320  -4.316 0.0000000000
117819  -41.308  23.810  -4.636 0.0000000000
118607  -41.266  24.626  -4.676 0.0000000000
119393  -41.436  25.411  -4.865 0.0000000000
120174  -41.589  26.414  -5.890 0.0000000000
158083  -44.150  28.361  -8.341 0.0000000000
163216  -43.534  28.141  -7.994 0.0000000000
121821  -43.905  28.344  -9.406 0.0000000000
121830  -43.505  28.078  -9.928 0.0000000000
120991  -43.304  27.731  -10.418 0.0000000000
120997  -42.970  27.201  -10.698 0.0000000000
120998  -43.499  27.626  -11.042 0.0000000000
121003  -43.810  27.529  -11.844 0.0000000000
121010  -44.041  27.105  -12.617 0.0000000000
123582  -48.883  29.975  -11.472 0.0000000000
123569  -48.382  29.765  -10.855 0.0000000000
122783  -46.767  29.730  -15.069 0.0000000000
121876  -45.746  27.768  -15.512 0.0000000000
121868  -45.508  27.968  -14.799 0.0000000000
121032  -45.628  27.196  -15.793 0.0000000000
120258  -45.564  26.291  -16.502 0.0000000000
119479  -45.360  25.618  -16.685 0.0000000000
179333  -45.950  25.770  -17.904 0.0000000000
187736  -46.035  25.514  -18.486 0.0000000000
120300  -46.744  26.640  -21.927 0.0000000000
184267  -46.598  26.057  -21.328 0.0000000000
119516  -46.233  25.935  -22.149 0.0000000000
119521  -45.693  25.421  -22.364 0.0000000000
186532  -45.041  24.222  -22.412 0.0000000000
118731  -45.161  24.912  -22.329 0.0000000000
118729  -44.237  24.266  -22.100 0.0000000000
117926  -43.169  23.782  -20.811 0.0000000000
117927  -43.547  24.413  -21.212 0.0000000000
120282  -44.962  27.095  -19.172 0.0000000000
126634  -47.814  33.404  -19.299 0.0000000000
125919  -47.532  33.038  -19.384 0.0000000000
125911  -46.023  33.111  -18.974 0.0000000000
125908  -43.715  32.989  -18.429 0.0000000000
125202  -43.882  32.609  -18.521 0.0000000000
125196  -43.318  32.125  -18.322 0.0000000000
123652  -43.768  30.300  -16.472 0.0000000000
123645  -43.504  30.086  -15.975 0.0000000000
123636  -43.455  29.653  -15.445 0.0000000000
122774  -42.804  29.133  -14.143 0.0000000000
123635  -42.597  30.165  -15.114 0.0000000000
123634  -41.903  30.256  -14.591 0.0000000000
123633  -41.145  30.838  -14.952 0.0000000000
126587  -39.999  33.210  -16.921 0.0000000000
125187  -39.740  32.328  -16.872 0.0000000000
125179  -39.507  31.965  -16.177 0.0000000000
125174  -38.906  31.981  -15.698 0.0000000000
124423  -38.842  31.431  -14.892 0.0000000000
187268  -38.360  31.605  -14.776 0.0000000000
160823  -38.019  31.906  -14.698 0.0000000000
113621  -43.832  19.618  -7.775 0.0000000000
115306  -42.431  20.960  -7.196 0.0000000000
116167  -42.776  21.821  -7.416 0.0000000000
158396  -43.068  22.538  -7.630 0.0000000000
117027  -42.843  23.083  -7.750 0.0000000000
117840  -42.368  23.576  -7.943 0.0000000000
117845  -41.676  24.257  -8.443 0.0000000000
123585  -53.478  29.602  -11.436 0.0000000000
123602  -53.872  29.954  -12.038 0.0000000000
159651  -54.097  30.286  -12.720 0.0000000000
123619  -53.884  30.389  -13.407 0.0000000000
124418  -53.737  30.759  -13.910 0.0000000000
124417  -53.358  30.800  -14.441 0.0000000000
126601  -52.175  33.891  -16.373 0.0000000000
127295  -52.128  35.072  -15.891 0.0000000000
173267  -51.970  35.308  -15.487 0.0000000000
127923  -51.783  35.538  -14.913 0.0000000000
116120  -42.591  21.275  -1.311 0.0000000000
116104  -42.209  21.872  -1.057 0.0000000000
116105  -42.905  21.651  -0.903 0.0000000000
116106  -43.687  21.489  -0.808 0.0000000000
116965  -42.545  22.826  -0.454 0.0000000000
116979  -43.200  22.249  -0.437 0.0000000000
111760  -49.693  17.365  -6.057 0.0000000000
111780  -49.409  17.448  -6.867 0.0000000000
110706  -49.258  16.904  -5.509 0.0000000000
110686  -48.112  16.301  -5.178 0.0000000000
110677  -48.992  16.529  -4.176 0.0000000000
110676  -48.363  16.207  -4.449 0.0000000000
109675  -46.948  15.780  -4.880 0.0000000000
160255  -46.575  15.533  -4.493 0.0000000000
160057  -45.974  15.360  -4.440 0.0000000000
111635  -42.088  18.101  4.186 0.0000000000
111654  -41.886  17.723  3.490 0.0000000000
110601  -42.327  17.327  3.044 0.0000000000
172214  -42.008  16.786  2.676 0.0000000000
110621  -42.767  16.058  2.750 0.0000000000
110632  -43.256  14.975  2.259 0.0000000000
111715  -39.511  17.424  -2.092 0.0000000000
172126  -39.073  17.939  -2.041 0.0000000000
112683  -38.568  18.225  -1.757 0.0000000000
113556  -37.678  19.486  -1.375 0.0000000000
166643  -37.825  18.454  -0.735 0.0000000000
112681  -37.609  18.950  -0.939 0.0000000000
115362  -44.617  21.227  -12.378 0.0000000000
115374  -45.298  20.895  -12.792 0.0000000000
115373  -44.530  20.907  -13.124 0.0000000000
114560  -45.379  20.023  -14.665 0.0000000000
114559  -44.692  20.387  -14.900 0.0000000000
114574  -45.156  20.051  -15.476 0.0000000000
113708  -45.615  19.712  -16.010 0.0000000000
173782  -46.110  19.457  -17.179 0.0000000000
113733  -45.989  19.553  -18.058 0.0000000000
113747  -46.555  19.265  -18.672 0.0000000000
114603  -45.514  20.098  -18.386 0.0000000000
115438  -45.139  20.698  -18.876 0.0000000000
115430  -44.575  21.333  -17.566 0.0000000000
115437  -44.700  21.285  -18.439 0.0000000000
115444  -44.874  21.331  -19.330 0.0000000000
116304  -44.874  21.968  -19.820 0.0000000000
116311  -45.082  22.587  -20.451 0.0000000000
120171  -43.387  26.669  -4.816 0.0000000000
120930  -42.987  27.076  -5.402 0.0000000000
120931  -43.830  27.221  -5.258 0.0000000000
120960  -44.038  27.875  -6.484 0.0000000000
121767  -44.553  28.193  -7.014 0.0000000000
121768  -45.342  28.247  -6.844 0.0000000000
121786  -45.088  28.400  -7.578 0.0000000000
121785  -44.311  28.305  -7.730 0.0000000000
121803  -44.427  28.523  -8.922 0.0000000000
124427  -48.954  30.955  -14.807 0.0000000000
124413  -48.344  30.857  -14.245 0.0000000000
124426  -48.311  30.855  -14.951 0.0000000000
123648  -48.055  30.692  -15.495 0.0000000000
123654  -47.408  29.884  -16.220 0.0000000000
122796  -47.778  29.813  -16.972 0.0000000000
122795  -47.200  29.338  -16.635 0.0000000000
121883  -47.083  28.662  -17.188 0.0000000000
121889  -46.891  28.048  -17.519 0.0000000000
121046  -46.610  27.527  -17.550 0.0000000000
121054  -46.777  27.144  -18.286 0.0000000000
120276  -47.119  27.032  -19.277 0.0000000000
120285  -47.285  27.010  -20.367 0.0000000000
120293  -47.165  27.148  -21.448 0.0000000000
120301  -46.878  27.346  -22.154 0.0000000000
120308  -46.550  27.377  -22.335 0.0000000000
121077  -46.229  27.087  -22.396 0.0000000000
120299  -45.540  26.803  -22.077 0.0000000000
121073  -45.985  27.312  -22.068 0.0000000000
121910  -45.945  28.150  -20.696 0.0000000000
122819  -47.045  29.073  -21.255 0.0000000000
121902  -45.679  28.454  -19.483 0.0000000000
122805  -45.504  29.022  -18.757 0.0000000000
126594  -46.648  33.570  -17.425 0.0000000000
126609  -44.443  33.621  -17.945 0.0000000000
125891  -45.531  33.254  -16.517 0.0000000000
125902  -43.223  33.119  -18.263 0.0000000000
170959  -41.847  32.441  -18.012 0.0000000000
125900  -41.540  32.734  -17.782 0.0000000000
126605  -41.239  33.078  -17.536 0.0000000000
125899  -40.850  32.721  -17.531 0.0000000000
170907  -42.018  33.672  -16.612 0.0000000000
126588  -40.653  33.314  -17.231 0.0000000000
126575  -40.310  33.679  -16.443 0.0000000000
176110  -39.967  33.869  -15.812 0.0000000000
115332  -47.939  20.872  -9.785 0.0000000000
115345  -47.649  21.537  -10.219 0.0000000000
115344  -46.976  22.084  -9.960 0.0000000000
116201  -46.385  22.482  -10.208 0.0000000000
116217  -45.346  22.264  -11.034 0.0000000000
115317  -44.676  21.287  -8.063 0.0000000000
116178  -44.855  22.146  -8.151 0.0000000000
117042  -44.071  22.966  -8.880 0.0000000000
117043  -44.601  22.904  -9.170 0.0000000000
116216  -44.530  22.161  -11.052 0.0000000000
184209  -44.211  21.832  -11.457 0.0000000000
116231  -43.896  21.551  -11.910 0.0000000000
168726  -43.279  21.647  -12.350 0.0000000000
116246  -42.926  22.085  -12.732 0.0000000000
117056  -42.606  22.708  -11.640 0.0000000000
117063  -42.684  22.662  -12.407 0.0000000000
117884  -43.462  23.849  -14.102 0.0000000000
121789  -48.488  28.350  -7.250 0.0000000000
121807  -48.443  28.610  -8.148 0.0000000000
122738  -49.819  29.401  -10.380 0.0000000000
123570  -49.186  29.673  -10.851 0.0000000000
123597  -49.460  30.185  -12.143 0.0000000000
177422  -49.441  30.730  -13.315 0.0000000000
123601  -53.133  29.757  -12.024 0.0000000000
123616  -51.481  30.262  -12.896 0.0000000000
124404  -49.957  30.796  -13.640 0.0000000000
124439  -49.184  30.980  -15.663 0.0000000000
124451  -49.376  30.961  -16.529 0.0000000000
123663  -49.176  30.809  -17.797 0.0000000000
124471  -49.147  31.173  -18.527 0.0000000000
124480  -48.673  31.315  -19.103 0.0000000000
125921  -49.014  32.946  -19.358 0.0000000000
126636  -48.976  33.370  -19.346 0.0000000000
125912  -49.871  33.328  -19.001 0.0000000000
126635  -48.471  33.456  -19.334 0.0000000000
126626  -48.208  33.690  -19.015 0.0000000000
126613  -47.901  33.768  -18.282 0.0000000000
126598  -50.198  34.156  -17.297 0.0000000000
126595  -47.527  33.591  -17.428 0.0000000000
186302  -47.489  32.977  -16.094 0.0000000000
164286  -47.394  32.807  -15.455 0.0000000000
125870  -46.639  32.709  -15.202 0.0000000000
115280  -41.821  20.989  -4.969 0.0000000000
116134  -41.909  21.722  -4.746 0.0000000000
117002  -41.903  22.489  -4.474 0.0000000000
115272  -43.069  20.800  -3.962 0.0000000000
116135  -42.509  21.690  -4.329 0.0000000000
117815  -42.471  23.620  -4.022 0.0000000000
118604  -42.508  24.499  -3.978 0.0000000000
118605  -43.302  24.762  -3.843 0.0000000000
186160  -43.253  20.555  -1.969 0.0000000000
156333  -44.301  20.930  -3.322 0.0000000000
116996  -44.714  22.281  -3.579 0.0000000000
117808  -43.952  23.202  -3.716 0.0000000000
119386  -43.497  25.538  -4.002 0.0000000000
120160  -43.814  26.224  -4.283 0.0000000000
120921  -45.010  26.956  -4.543 0.0000000000
119388  -45.229  25.701  -3.780 0.0000000000
120162  -45.474  26.467  -4.120 0.0000000000
120933  -45.407  27.396  -5.017 0.0000000000
120945  -46.619  27.793  -5.390 0.0000000000
177840  -47.063  28.002  -5.816 0.0000000000
121752  -47.765  28.048  -6.025 0.0000000000
185005  -47.699  24.160  -3.133 0.0000000000
120165  -48.179  26.219  -3.804 0.0000000000
184837  -47.704  26.762  -4.215 0.0000000000
120924  -47.734  27.322  -4.760 0.0000000000
121790  -49.388  28.400  -7.668 0.0000000000
121809  -50.265  28.509  -8.104 0.0000000000
122704  -51.222  28.666  -8.556 0.0000000000
163984  -51.830  28.891  -9.079 0.0000000000
122722  -52.751  29.015  -9.125 0.0000000000
116207  -52.052  22.116  -10.776 0.0000000000
187356  -51.421  22.094  -10.966 0.0000000000
116206  -50.756  21.931  -10.964 0.0000000000
115347  -49.770  21.205  -10.504 0.0000000000
114500  -50.791  20.077  -8.729 0.0000000000
114512  -50.617  20.552  -9.408 0.0000000000
114511  -49.738  20.272  -9.570 0.0000000000
115333  -48.575  20.567  -9.862 0.0000000000
114498  -47.100  20.221  -9.031 0.0000000000
180601  -47.698  19.191  -8.849 0.0000000000
175768  -46.994  19.488  -8.780 0.0000000000
113634  -46.098  19.556  -8.455 0.0000000000
113633  -45.429  19.860  -8.286 0.0000000000
113622  -44.721  19.573  -8.032 0.0000000000
111779  -48.676  17.178  -7.065 0.0000000000
111778  -47.897  17.114  -7.136 0.0000000000
111791  -46.690  17.601  -7.584 0.0000000000
110719  -46.701  16.718  -6.575 0.0000000000
111776  -46.352  17.171  -7.087 0.0000000000
112749  -45.470  18.532  -7.842 0.0000000000
171084  -44.923  18.840  -7.862 0.0000000000
113609  -43.310  19.092  -7.372 0.0000000000
113608  -42.666  19.557  -7.132 0.0000000000
112736  -42.702  18.749  -6.767 0.0000000000
113607  -42.113  19.480  -6.572 0.0000000000
179934  -41.694  19.750  -5.315 0.0000000000
111702  -50.740  17.470  -0.714 0.0000000000
112634  -48.007  18.545  4.678 0.0000000000
111642  -48.532  17.927  4.129 0.0000000000
111636  -43.482  18.363  3.927 0.0000000000
111637  -44.296  18.189  3.764 0.0000000000
111638  -45.556  18.047  3.907 0.0000000000
110603  -44.765  16.443  3.362 0.0000000000
110584  -45.974  17.276  3.823 0.0000000000
111640  -47.092  17.785  4.103 0.0000000000
111658  -48.222  17.390  3.635 0.0000000000
111659  -48.962  17.550  3.410 0.0000000000
111660  -49.496  17.524  2.835 0.0000000000
111673  -49.623  17.324  2.082 0.0000000000
110625  -48.037  16.266  2.094 0.0000000000
110626  -49.540  16.982  1.282 0.0000000000
110641  -49.538  16.805  0.506 0.0000000000
110647  -49.582  16.718  -0.251 0.0000000000
110653  -49.571  16.656  -0.979 0.0000000000
110652  -49.000  16.334  -1.181 0.0000000000
159457  -48.807  16.192  -1.854 0.0000000000
184678  -47.729  15.561  -2.082 0.0000000000
109617  -47.278  15.238  -1.071 0.0000000000
109627  -47.244  15.243  -1.865 0.0000000000
109639  -47.282  15.344  -2.562 0.0000000000
108597  -46.278  15.011  -3.279 0.0000000000
108603  -45.778  15.037  -3.838 0.0000000000
109662  -45.221  15.228  -4.398 0.0000000000
163016  -43.938  13.921  -0.014 0.0000000000
170823  -44.384  14.043  -1.031 0.0000000000
109638  -44.092  14.241  -1.920 0.0000000000
109637  -43.112  14.345  -1.966 0.0000000000
164204  -44.335  14.590  -2.658 0.0000000000
109650  -44.095  14.859  -3.483 0.0000000000
109661  -44.389  15.197  -4.332 0.0000000000
113589  -41.717  19.099  -5.106 0.0000000000
165127  -41.772  19.578  -4.676 0.0000000000
164263  -41.749  19.471  -3.938 0.0000000000
114445  -41.855  19.797  -3.235 0.0000000000
113565  -39.290  19.344  -2.441 0.0000000000
176076  -40.015  20.865  -2.506 0.0000000000
116118  -41.098  21.508  -1.931 0.0000000000
160140  -40.737  22.960  -1.367 0.0000000000
117800  -40.171  23.619  -1.286 0.0000000000
175830  -39.415  23.485  -1.439 0.0000000000
118589  -40.400  24.310  -0.925 0.0000000000
113727  -52.684  19.587  -17.707 0.0000000000
112848  -52.054  18.991  -17.710 0.0000000000
176427  -51.098  18.484  -18.545 0.0000000000
112863  -51.061  18.745  -19.333 0.0000000000
116248  -47.961  22.029  -12.410 0.0000000000
114540  -45.856  20.460  -13.219 0.0000000000
114563  -48.134  20.100  -14.689 0.0000000000
114564  -48.810  20.333  -14.928 0.0000000000
159569  -50.286  20.387  -17.143 0.0000000000
171106  -50.865  20.580  -18.252 0.0000000000
177902  -49.932  19.774  -18.773 0.0000000000
114604  -50.741  20.188  -19.148 0.0000000000
114615  -51.299  20.147  -19.551 0.0000000000
111900  -50.353  18.269  -19.574 0.0000000000
111907  -49.426  18.143  -20.425 0.0000000000
112889  -49.359  19.039  -21.043 0.0000000000
112877  -49.177  18.530  -20.975 0.0000000000
111906  -48.737  17.725  -20.471 0.0000000000
111905  -48.111  17.524  -20.574 0.0000000000
111904  -47.552  17.531  -20.850 0.0000000000
111910  -47.015  17.814  -21.241 0.0000000000
113757  -46.408  19.436  -19.554 0.0000000000
156058  -47.134  19.410  -20.556 0.0000000000
114623  -46.608  20.109  -21.845 0.0000000000
112894  -47.464  19.281  -22.265 0.0000000000
112886  -47.300  18.503  -22.011 0.0000000000
112876  -46.489  17.949  -21.228 0.0000000000
112884  -46.114  18.386  -21.595 0.0000000000
165020  -45.022  19.249  -21.378 0.0000000000
113784  -45.641  20.079  -23.368 0.0000000000
113777  -45.144  19.687  -22.413 0.0000000000
114621  -44.386  19.806  -21.137 0.0000000000
116146  -41.173  22.288  -5.653 0.0000000000
117017  -41.169  23.331  -6.321 0.0000000000
118606  -40.969  24.210  -5.177 0.0000000000
117821  -40.985  23.764  -5.776 0.0000000000
117829  -41.042  24.114  -6.454 0.0000000000
117838  -41.161  24.439  -7.134 0.0000000000
118626  -41.282  24.719  -7.838 0.0000000000
118631  -41.341  25.006  -8.436 0.0000000000
120175  -42.190  26.822  -5.579 0.0000000000
120940  -41.952  27.011  -6.265 0.0000000000
120957  -41.790  26.983  -6.897 0.0000000000
121784  -42.856  27.816  -7.974 0.0000000000
120966  -41.924  27.156  -7.369 0.0000000000
120187  -41.430  26.555  -7.447 0.0000000000
120194  -41.543  26.500  -8.337 0.0000000000
119415  -41.404  25.736  -8.633 0.0000000000
118636  -41.560  24.956  -9.133 0.0000000000
119435  -41.957  25.339  -10.401 0.0000000000
181288  -42.150  24.986  -10.970 0.0000000000
119441  -42.562  25.184  -11.556 0.0000000000
120220  -42.963  26.056  -11.689 0.0000000000
119442  -43.048  25.435  -12.210 0.0000000000
118656  -43.105  24.955  -12.629 0.0000000000
118663  -43.401  24.880  -13.201 0.0000000000
118668  -43.700  24.798  -13.943 0.0000000000
118677  -43.878  24.423  -14.651 0.0000000000
122701  -47.978  28.977  -8.901 0.0000000000
122700  -47.109  29.091  -9.101 0.0000000000
122718  -46.921  29.306  -9.875 0.0000000000
123568  -47.583  29.788  -10.926 0.0000000000
122735  -47.110  29.556  -10.530 0.0000000000
122734  -46.365  29.438  -10.574 0.0000000000
166377  -45.853  29.384  -10.978 0.0000000000
122763  -45.086  29.044  -11.669 0.0000000000
123627  -47.589  30.590  -13.917 0.0000000000
186940  -47.187  30.298  -13.297 0.0000000000
123637  -46.620  29.858  -14.368 0.0000000000
123611  -46.623  30.041  -13.043 0.0000000000
122771  -46.082  29.708  -12.706 0.0000000000
158068  -45.593  29.370  -12.226 0.0000000000
121855  -44.733  28.178  -12.881 0.0000000000
121011  -44.478  27.435  -13.119 0.0000000000
121018  -44.668  27.053  -13.885 0.0000000000
121025  -44.967  26.954  -14.538 0.0000000000
120238  -44.374  26.426  -13.752 0.0000000000
118669  -44.217  25.243  -14.540 0.0000000000
118678  -44.284  24.778  -15.093 0.0000000000
117892  -44.118  24.078  -15.348 0.0000000000
117911  -44.739  23.465  -17.518 0.0000000000
118697  -45.295  24.779  -17.465 0.0000000000
119488  -46.352  26.043  -18.589 0.0000000000
118712  -46.145  25.126  -19.847 0.0000000000
118711  -45.746  24.561  -19.527 0.0000000000
116320  -45.266  22.400  -22.806 0.0000000000
117131  -44.989  22.670  -23.065 0.0000000000
181582  -44.993  22.342  -23.223 0.0000000000
116323  -44.670  22.395  -23.034 0.0000000000
115457  -43.874  21.393  -21.779 0.0000000000
120298  -44.754  26.205  -21.492 0.0000000000
119508  -44.213  25.785  -20.493 0.0000000000
119499  -43.749  25.522  -19.698 0.0000000000
124477  -46.852  31.082  -19.374 0.0000000000
186052  -47.250  32.571  -19.232 0.0000000000
123668  -46.085  30.612  -19.257 0.0000000000
168394  -45.304  29.602  -18.450 0.0000000000
125910  -45.423  32.906  -18.752 0.0000000000
157853  -44.781  32.455  -18.548 0.0000000000
124461  -44.848  30.641  -18.119 0.0000000000
123661  -44.930  29.849  -17.941 0.0000000000
121881  -44.536  28.591  -16.709 0.0000000000
121875  -44.192  28.513  -16.038 0.0000000000
122787  -43.917  29.115  -15.732 0.0000000000
121874  -43.807  28.454  -15.454 0.0000000000
121031  -43.930  27.927  -15.794 0.0000000000
122769  -42.481  28.830  -13.579 0.0000000000
181932  -42.200  28.530  -13.141 0.0000000000
181136  -40.023  31.572  -15.774 0.0000000000
174620  -40.240  31.143  -15.140 0.0000000000
124402  -38.487  30.669  -13.566 0.0000000000
127916  -51.475  35.686  -14.184 0.0000000000
126540  -48.748  33.718  -13.278 0.0000000000
125845  -47.686  33.061  -13.447 0.0000000000
162607  -46.419  32.744  -13.568 0.0000000000
125830  -46.542  33.104  -12.554 0.0000000000
125843  -46.110  32.840  -12.998 0.0000000000
162115  -45.617  32.709  -13.630 0.0000000000
159031  -44.919  32.733  -13.343 0.0000000000
125854  -44.190  32.737  -13.444 0.0000000000
125853  -43.487  32.832  -14.015 0.0000000000
187229  -43.286  32.757  -12.490 0.0000000000
125852  -42.732  32.930  -13.863 0.0000000000
126552  -42.212  33.254  -14.501 0.0000000000
126551  -41.483  33.574  -14.435 0.0000000000
126550  -40.695  33.838  -14.342 0.0000000000
108587  -44.931  14.504  -2.296 0.0000000000
108588  -45.442  14.539  -1.908 0.0000000000
109568  -47.397  16.093  2.561 0.0000000000
109591  -47.469  15.613  1.111 0.0000000000
109626  -43.516  13.985  -1.113 0.0000000000
109652  -46.967  15.271  -3.234 0.0000000000
109653  -47.666  15.621  -3.160 0.0000000000
109693  -47.386  16.094  -5.360 0.0000000000
110606  -47.290  16.588  3.241 0.0000000000
110635  -48.495  16.379  1.539 0.0000000000
110668  -49.608  16.710  -3.065 0.0000000000
110673  -41.308  17.107  -3.537 0.0000000000
110688  -49.470  16.843  -4.686 0.0000000000
111672  -49.024  17.138  2.627 0.0000000000
111685  -50.535  17.665  1.176 0.0000000000
111693  -50.013  17.242  0.797 0.0000000000
111701  -50.039  17.110  0.083 0.0000000000
111708  -50.145  17.055  -0.679 0.0000000000
111790  -46.059  17.630  -7.440 0.0000000000
112690  -38.468  18.815  -1.887 0.0000000000
112766  -49.471  18.802  -8.397 0.0000000000
112888  -48.751  18.799  -21.413 0.0000000000
113752  -51.850  19.965  -19.161 0.0000000000
114549  -44.894  20.341  -14.139 0.0000000000
114634  -46.485  20.098  -23.142 0.0000000000
114639  -46.089  20.423  -23.455 0.0000000000
115259  -43.780  20.540  -2.168 0.0000000000
115466  -45.640  21.447  -23.438 0.0000000000
116108  -45.689  21.485  -1.174 0.0000000000
116129  -44.837  21.271  -3.259 0.0000000000
116999  -47.329  23.016  -2.822 0.0000000000
117818  -41.102  23.415  -5.154 0.0000000000
117876  -42.766  23.342  -12.920 0.0000000000
117891  -43.672  23.587  -14.777 0.0000000000
118690  -45.214  25.045  -16.906 0.0000000000
118725  -44.395  25.260  -21.927 0.0000000000
118730  -44.641  24.822  -22.249 0.0000000000
119397  -41.230  25.716  -5.585 0.0000000000
119414  -41.199  26.039  -7.987 0.0000000000
119421  -41.643  25.720  -9.312 0.0000000000
119450  -44.022  26.090  -13.375 0.0000000000
120163  -46.338  26.548  -4.099 0.0000000000
120170  -42.526  26.470  -4.953 0.0000000000
120173  -41.130  25.982  -6.289 0.0000000000
120183  -41.461  26.538  -6.607 0.0000000000
120213  -43.278  26.865  -11.502 0.0000000000
120245  -44.654  26.483  -14.344 0.0000000000
120922  -45.765  27.040  -4.477 0.0000000000
120948  -49.036  27.795  -5.548 0.0000000000
120967  -42.398  27.494  -7.650 0.0000000000
120975  -41.869  27.119  -7.987 0.0000000000
120985  -42.551  27.578  -9.069 0.0000000000
121019  -45.133  27.519  -14.352 0.0000000000
121074  -47.215  27.786  -21.839 0.0000000000
121753  -48.500  27.969  -5.935 0.0000000000
121801  -43.019  27.976  -8.569 0.0000000000
121802  -43.700  28.270  -8.754 0.0000000000
121804  -44.780  28.513  -8.259 0.0000000000
121811  -51.916  28.669  -8.025 0.0000000000
121823  -44.951  28.841  -9.354 0.0000000000
121839  -44.534  28.553  -11.384 0.0000000000
121846  -44.235  28.124  -11.797 0.0000000000
121856  -45.200  28.574  -13.343 0.0000000000
121911  -46.547  28.602  -21.373 0.0000000000
121917  -46.792  28.083  -22.036 0.0000000000
122716  -45.381  29.073  -9.750 0.0000000000
122751  -45.408  29.206  -11.094 0.0000000000
124403  -48.825  30.793  -13.555 0.0000000000
124425  -41.916  30.719  -15.208 0.0000000000
125194  -41.242  32.343  -17.716 0.0000000000
126574  -39.561  33.450  -16.354 0.0000000000
126577  -42.606  33.613  -15.944 0.0000000000
126610  -45.236  33.647  -18.042 0.0000000000
158018  -47.631  15.479  -0.345 0.0000000000
161091  -45.548  14.694  -2.529 0.0000000000
164522  -44.845  24.186  -22.451 0.0000000000
164713  -45.864  27.771  -5.508 0.0000000000
167174  -49.354  30.872  -13.757 0.0000000000
171222  -41.719  25.356  -9.746 0.0000000000
173272  -48.244  15.845  -1.948 0.0000000000
174569  -44.997  18.344  3.894 0.0000000000
174786  -42.220  23.239  -10.833 0.0000000000
175171  -45.981  19.514  -16.462 0.0000000000
179641  -52.887  30.877  -14.845 0.0000000000
179726  -46.512  29.946  -12.390 0.0000000000
180452  -44.656  26.521  -19.606 0.0000000000
181145  -46.125  14.857  -2.690 0.0000000000
183583  -48.306  25.612  -3.531 0.0000000000
183663  -40.692  19.255  -2.979 0.0000000000
184061  -44.789  23.921  -17.180 0.0000000000
184076  -48.495  16.537  2.019 0.0000000000
185280  -53.167  32.293  -14.915 0.0000000000
186002  -50.256  17.242  -3.814 0.0000000000
187069  -46.660  15.046  -2.809 0.0000000000
187553  -45.439  28.460  -18.693 0.0000000000
187874  -42.100  33.529  -17.346 0.0000000000
188037  -43.338  26.442  -11.946 0.0000000000
