#!ascii label  , from subject sub-v2s2x29092_ses-1 vox2ras=TkReg
1135
121768  36.241  27.193  0.484 0.0000000000
166732  44.639  23.713  -7.156 0.0000000000
121826  47.468  27.710  -7.171 0.0000000000
116376  45.839  21.307  -18.009 0.0000000000
117953  36.444  22.945  -3.020 0.0000000000
124751  49.776  30.767  0.389 0.0000000000
118056  46.214  23.141  -14.215 0.0000000000
120292  37.011  25.676  -12.047 0.0000000000
122536  45.293  28.780  -1.580 0.0000000000
121807  40.136  26.975  -2.945 0.0000000000
115335  41.711  20.113  -6.819 0.0000000000
122604  41.648  28.062  -6.457 0.0000000000
120340  42.429  25.679  -13.737 0.0000000000
157060  49.488  26.583  -7.218 0.0000000000
175037  47.729  27.143  -16.192 0.0000000000
121083  36.755  26.757  -8.568 0.0000000000
121763  41.094  26.779  1.800 0.0000000000
120984  39.475  25.677  1.384 0.0000000000
183147  39.684  21.454  -4.899 0.0000000000
124065  45.985  29.976  -3.200 0.0000000000
158005  43.318  30.084  -3.751 0.0000000000
121829  44.647  27.619  -6.837 0.0000000000
120266  42.487  25.713  -10.123 0.0000000000
120263  45.216  25.866  -10.171 0.0000000000
121024  45.340  26.527  -4.092 0.0000000000
121812  46.868  27.122  -3.910 0.0000000000
120230  46.939  25.384  -7.737 0.0000000000
167068  47.967  22.606  -18.497 0.0000000000
119562  48.073  25.725  -15.265 0.0000000000
119596  47.155  24.416  -18.691 0.0000000000
120379  44.372  26.661  -18.896 0.0000000000
118080  44.745  22.855  -16.334 0.0000000000
115392  42.980  20.056  -13.716 0.0000000000
119463  34.543  25.200  1.198 0.0000000000
180749  37.060  24.310  0.449 0.0000000000
123322  48.338  29.594  -3.429 0.0000000000
117224  43.841  21.710  -10.961 0.0000000000
118744  45.481  23.571  -11.286 0.0000000000
116358  45.470  20.886  -14.121 0.0000000000
115409  47.865  20.592  -17.423 0.0000000000
123991  45.205  30.047  2.708 0.0000000000
122500  43.262  28.236  1.905 0.0000000000
122555  42.844  28.456  -1.979 0.0000000000
120212  43.516  25.270  -4.651 0.0000000000
120198  38.439  25.432  -3.039 0.0000000000
118696  41.249  23.543  -4.788 0.0000000000
117184  42.841  22.012  -7.613 0.0000000000
114386  43.256  19.315  -10.556 0.0000000000
120163  31.287  25.703  1.311 0.0000000000
124797  40.863  31.324  -4.099 0.0000000000
122607  39.185  28.426  -6.462 0.0000000000
120252  39.902  25.917  -9.402 0.0000000000
157976  39.252  25.635  -12.751 0.0000000000
120366  39.042  25.676  -15.983 0.0000000000
123271  48.327  29.446  0.174 0.0000000000
122560  50.462  28.879  -3.021 0.0000000000
169214  51.214  28.081  -7.350 0.0000000000
119539  47.959  24.904  -11.435 0.0000000000
120299  50.754  26.272  -12.041 0.0000000000
157752  48.699  26.657  -11.224 0.0000000000
120355  44.367  26.063  -14.746 0.0000000000
121186  41.209  26.264  -17.791 0.0000000000
121881  36.030  27.048  -8.782 0.0000000000
121859  37.039  27.618  -7.743 0.0000000000
121765  39.100  26.987  1.813 0.0000000000
120975  38.520  25.766  2.082 0.0000000000
122575  46.857  28.689  -5.365 0.0000000000
123353  45.088  28.756  -5.386 0.0000000000
166048  45.847  27.367  -7.335 0.0000000000
121073  45.072  26.523  -8.597 0.0000000000
121072  46.523  26.966  -8.338 0.0000000000
119497  45.378  24.781  -5.683 0.0000000000
120215  46.396  25.582  -5.761 0.0000000000
119515  45.671  24.504  -7.754 0.0000000000
117274  47.494  22.258  -19.243 0.0000000000
168577  47.700  23.802  -18.668 0.0000000000
118085  46.998  23.407  -19.047 0.0000000000
188928  46.204  23.701  -18.445 0.0000000000
117263  45.434  21.784  -17.354 0.0000000000
173256  44.457  20.645  -15.830 0.0000000000
115411  44.762  19.810  -16.802 0.0000000000
157722  35.051  23.349  2.043 0.0000000000
124774  47.946  30.816  -0.959 0.0000000000
124042  49.402  30.262  -1.474 0.0000000000
115380  44.058  20.061  -12.063 0.0000000000
116354  44.655  21.003  -12.745 0.0000000000
115389  45.258  19.946  -13.993 0.0000000000
114429  47.229  19.746  -16.741 0.0000000000
114436  48.557  19.512  -18.404 0.0000000000
172170  48.024  20.021  -19.163 0.0000000000
121785  40.791  27.476  -0.542 0.0000000000
122526  41.813  28.002  -0.038 0.0000000000
121794  41.482  27.975  -2.429 0.0000000000
177262  43.025  26.661  -3.747 0.0000000000
121027  42.226  26.235  -3.934 0.0000000000
119476  36.627  24.392  -1.617 0.0000000000
120190  37.598  25.289  -1.607 0.0000000000
119482  37.397  24.341  -3.217 0.0000000000
116283  41.308  21.222  -5.550 0.0000000000
165664  40.648  22.321  -4.986 0.0000000000
117167  41.873  21.678  -5.863 0.0000000000
166398  42.375  22.695  -5.592 0.0000000000
116313  42.333  21.591  -7.015 0.0000000000
116333  42.719  20.710  -9.546 0.0000000000
114364  42.112  19.742  -8.498 0.0000000000
112315  44.228  17.282  -10.288 0.0000000000
123356  42.531  28.958  -5.519 0.0000000000
124796  41.988  30.847  -3.648 0.0000000000
123349  41.328  29.608  -5.145 0.0000000000
124088  39.905  30.018  -5.365 0.0000000000
121834  40.472  27.647  -6.919 0.0000000000
121062  39.641  26.765  -7.978 0.0000000000
121061  40.499  26.798  -8.033 0.0000000000
157985  42.341  25.517  -11.454 0.0000000000
120289  40.973  25.559  -11.170 0.0000000000
161368  41.084  25.666  -13.387 0.0000000000
174117  39.201  25.954  -14.547 0.0000000000
120359  40.387  26.217  -15.021 0.0000000000
123274  45.296  29.351  0.862 0.0000000000
124003  46.399  29.986  1.986 0.0000000000
123293  46.580  29.195  -0.345 0.0000000000
121035  48.863  26.970  -5.618 0.0000000000
121799  48.989  27.978  -3.469 0.0000000000
172963  50.055  27.487  -5.332 0.0000000000
122579  51.211  28.067  -5.761 0.0000000000
121043  51.374  27.443  -7.501 0.0000000000
118757  45.864  23.377  -12.769 0.0000000000
119540  46.892  24.479  -11.478 0.0000000000
119553  46.620  24.096  -13.313 0.0000000000
120353  48.468  26.680  -15.374 0.0000000000
120318  49.800  26.175  -13.583 0.0000000000
121130  49.578  26.556  -13.603 0.0000000000
121116  49.843  26.686  -11.902 0.0000000000
121132  47.864  26.726  -13.976 0.0000000000
120320  46.782  26.206  -13.119 0.0000000000
121140  46.505  26.581  -14.718 0.0000000000
119579  43.215  25.020  -17.471 0.0000000000
121184  42.763  26.893  -18.455 0.0000000000
119569  41.568  24.859  -16.885 0.0000000000
118796  40.653  24.188  -15.824 0.0000000000
124715  49.261  31.558  3.230 0.0000000000
121109  36.260  26.201  -9.982 0.0000000000
120255  37.079  25.883  -9.921 0.0000000000
123260  41.270  28.253  1.815 0.0000000000
122504  40.615  27.467  1.981 0.0000000000
121764  40.528  26.438  1.460 0.0000000000
121786  39.788  26.935  -1.055 0.0000000000
117957  38.134  22.489  -4.192 0.0000000000
124077  44.806  29.840  -3.798 0.0000000000
123354  44.270  28.829  -5.427 0.0000000000
121831  42.844  27.588  -6.901 0.0000000000
121059  42.091  26.824  -8.015 0.0000000000
121075  43.371  26.441  -8.559 0.0000000000
120247  43.963  25.730  -9.932 0.0000000000
120306  43.827  25.568  -11.758 0.0000000000
121793  45.218  27.817  -2.893 0.0000000000
122551  46.443  28.061  -2.523 0.0000000000
121023  46.253  26.646  -4.171 0.0000000000
120214  47.191  26.039  -6.143 0.0000000000
158360  47.948  25.819  -7.993 0.0000000000
118074  46.942  22.856  -16.022 0.0000000000
118779  46.702  23.870  -14.844 0.0000000000
118790  47.231  24.679  -16.593 0.0000000000
162777  47.239  25.392  -17.131 0.0000000000
120371  47.060  26.493  -17.268 0.0000000000
121169  46.039  27.005  -17.218 0.0000000000
160913  45.785  25.614  -18.547 0.0000000000
158709  45.121  24.918  -18.229 0.0000000000
118075  44.194  23.523  -15.824 0.0000000000
115405  43.794  19.894  -15.046 0.0000000000
120987  35.941  26.388  0.821 0.0000000000
160740  37.650  24.901  2.022 0.0000000000
119449  36.069  24.001  1.979 0.0000000000
118673  35.844  23.451  1.004 0.0000000000
118681  35.634  23.300  -1.361 0.0000000000
124775  46.270  30.805  -1.216 0.0000000000
124074  47.258  29.604  -3.657 0.0000000000
122574  48.109  28.765  -5.236 0.0000000000
117991  44.183  23.112  -8.903 0.0000000000
118732  44.720  23.543  -9.379 0.0000000000
118021  44.516  22.646  -11.103 0.0000000000
117230  44.975  22.179  -12.539 0.0000000000
189419  45.779  22.078  -14.154 0.0000000000
176556  45.926  19.689  -15.085 0.0000000000
116370  46.614  21.000  -15.999 0.0000000000
117255  47.106  21.668  -16.556 0.0000000000
117262  47.763  21.681  -17.478 0.0000000000
115419  47.412  20.649  -19.218 0.0000000000
179150  45.833  20.038  -18.339 0.0000000000
114438  45.050  18.953  -17.734 0.0000000000
123248  44.109  29.200  2.335 0.0000000000
164274  44.021  28.961  0.707 0.0000000000
122514  42.188  27.445  1.754 0.0000000000
123297  43.090  28.602  0.374 0.0000000000
122537  44.350  28.766  -1.605 0.0000000000
121804  43.856  27.356  -3.264 0.0000000000
120202  44.073  25.916  -4.434 0.0000000000
118702  44.484  24.141  -5.536 0.0000000000
120170  38.561  25.024  1.188 0.0000000000
121007  38.611  26.108  -1.554 0.0000000000
121020  39.263  26.304  -2.864 0.0000000000
118691  38.849  23.634  -4.202 0.0000000000
159916  39.603  24.917  -3.984 0.0000000000
120205  40.831  25.630  -3.998 0.0000000000
168474  42.237  24.324  -4.784 0.0000000000
117968  43.338  23.175  -5.822 0.0000000000
189919  43.773  22.858  -7.572 0.0000000000
117205  43.283  22.073  -9.202 0.0000000000
115367  43.386  20.334  -10.790 0.0000000000
113373  43.923  18.860  -11.903 0.0000000000
113341  43.244  17.958  -9.884 0.0000000000
112328  43.792  18.081  -11.004 0.0000000000
121770  34.150  27.010  0.559 0.0000000000
120173  33.248  25.775  0.842 0.0000000000
119454  30.417  24.909  1.708 0.0000000000
126251  41.630  32.963  -2.990 0.0000000000
125519  39.927  31.970  -4.700 0.0000000000
121857  38.384  27.263  -7.587 0.0000000000
121100  37.943  26.122  -8.960 0.0000000000
120270  38.777  25.625  -10.279 0.0000000000
120250  41.272  25.831  -9.806 0.0000000000
158135  39.530  25.568  -10.885 0.0000000000
157981  38.576  25.603  -12.225 0.0000000000
124024  49.034  29.943  0.721 0.0000000000
122550  47.406  28.198  -2.426 0.0000000000
122532  49.206  28.809  -1.684 0.0000000000
123289  50.041  29.760  -1.024 0.0000000000
123320  50.445  29.065  -3.298 0.0000000000
122580  50.421  28.346  -6.037 0.0000000000
121846  48.648  27.972  -7.235 0.0000000000
118730  45.948  24.406  -9.429 0.0000000000
119523  47.202  25.080  -9.284 0.0000000000
120244  49.073  25.714  -9.598 0.0000000000
119552  48.051  24.993  -13.562 0.0000000000
159102  50.418  25.803  -11.488 0.0000000000
120243  51.220  26.554  -9.489 0.0000000000
121106  51.305  26.981  -10.325 0.0000000000
121880  50.533  27.325  -9.744 0.0000000000
121092  48.038  27.172  -9.143 0.0000000000
120262  46.700  26.321  -10.672 0.0000000000
120322  44.915  25.650  -13.009 0.0000000000
120339  43.760  25.732  -14.064 0.0000000000
121160  44.622  26.926  -16.613 0.0000000000
183755  43.287  26.543  -15.788 0.0000000000
121150  41.636  26.486  -15.753 0.0000000000
120373  40.108  25.851  -16.811 0.0000000000
116349  42.530  20.918  -12.755 0.0000000000
122622  36.697  28.182  -7.664 0.0000000000
123373  36.994  28.767  -7.225 0.0000000000
121767  37.086  27.251  0.667 0.0000000000
121766  37.812  27.318  0.936 0.0000000000
120985  37.853  26.323  1.663 0.0000000000
122598  46.779  27.923  -6.553 0.0000000000
122583  46.414  28.310  -5.917 0.0000000000
121827  46.576  27.516  -7.240 0.0000000000
121848  46.325  27.225  -7.752 0.0000000000
121847  47.154  27.368  -7.889 0.0000000000
118709  45.007  24.078  -6.723 0.0000000000
184927  45.352  24.499  -6.328 0.0000000000
118717  45.097  24.054  -7.470 0.0000000000
116382  46.847  21.769  -18.959 0.0000000000
117269  46.947  22.564  -19.065 0.0000000000
117270  46.058  22.128  -18.217 0.0000000000
116377  45.184  21.158  -16.917 0.0000000000
115410  45.381  20.458  -17.554 0.0000000000
125446  49.696  31.472  1.884 0.0000000000
124752  49.224  31.167  0.356 0.0000000000
124773  49.000  30.704  -0.954 0.0000000000
124765  49.508  30.832  -0.306 0.0000000000
113382  44.563  18.898  -13.007 0.0000000000
114406  44.558  19.704  -12.967 0.0000000000
113390  44.917  18.918  -13.574 0.0000000000
113416  48.666  18.820  -18.689 0.0000000000
113425  48.525  18.581  -19.076 0.0000000000
114435  48.331  19.421  -19.060 0.0000000000
120309  36.642  25.759  -13.313 0.0000000000
121795  40.693  27.748  -1.714 0.0000000000
160324  40.702  27.502  -2.699 0.0000000000
165447  41.445  27.379  -3.159 0.0000000000
121018  40.873  26.938  -3.359 0.0000000000
118688  36.392  23.568  -2.645 0.0000000000
118683  36.726  24.133  -2.535 0.0000000000
118687  36.856  23.633  -3.150 0.0000000000
115318  41.553  20.232  -6.154 0.0000000000
116282  41.654  20.953  -6.008 0.0000000000
163336  41.771  20.688  -6.514 0.0000000000
179546  42.329  21.769  -6.356 0.0000000000
116314  41.929  20.810  -7.201 0.0000000000
116328  41.995  20.548  -8.008 0.0000000000
115344  41.838  19.991  -7.596 0.0000000000
122588  42.066  28.519  -5.987 0.0000000000
123348  42.135  29.449  -5.066 0.0000000000
122589  41.266  28.564  -5.998 0.0000000000
123358  40.892  29.166  -5.616 0.0000000000
122605  40.871  28.108  -6.460 0.0000000000
121854  40.886  27.218  -7.471 0.0000000000
121853  41.666  27.203  -7.470 0.0000000000
157979  42.202  25.513  -12.233 0.0000000000
157978  41.391  25.543  -12.492 0.0000000000
161369  41.927  25.592  -13.106 0.0000000000
120342  40.744  25.915  -14.212 0.0000000000
120341  41.554  25.803  -13.998 0.0000000000
123295  44.756  29.223  0.118 0.0000000000
123294  45.684  29.250  -0.124 0.0000000000
123306  45.994  29.019  -1.014 0.0000000000
160091  49.061  26.700  -6.310 0.0000000000
121034  49.787  27.189  -5.932 0.0000000000
121044  50.281  27.154  -6.560 0.0000000000
121825  51.434  27.693  -6.683 0.0000000000
121054  50.669  26.671  -8.034 0.0000000000
118046  46.021  23.259  -13.478 0.0000000000
118756  46.319  23.911  -12.420 0.0000000000
118767  46.552  23.906  -14.078 0.0000000000
121144  48.356  27.025  -15.451 0.0000000000
120352  48.873  26.761  -14.609 0.0000000000
121138  48.772  26.963  -14.638 0.0000000000
121131  48.903  26.769  -13.814 0.0000000000
121139  47.824  27.028  -14.858 0.0000000000
121145  47.469  27.159  -15.614 0.0000000000
119568  43.044  24.548  -16.556 0.0000000000
119580  42.316  25.002  -17.194 0.0000000000
118794  42.425  24.388  -16.065 0.0000000000
118795  41.506  24.352  -15.940 0.0000000000
121103  35.707  26.725  -9.515 0.0000000000
121102  36.425  26.508  -9.208 0.0000000000
121101  37.157  26.254  -9.140 0.0000000000
122515  39.815  28.528  1.013 0.0000000000
189021  39.919  27.658  1.719 0.0000000000
120974  39.191  25.751  2.027 0.0000000000
120973  39.919  26.088  1.837 0.0000000000
120995  39.983  26.075  0.950 0.0000000000
121778  40.322  26.788  0.038 0.0000000000
121005  39.735  26.429  -0.173 0.0000000000
160360  45.602  30.181  -2.694 0.0000000000
124054  44.893  30.346  -2.482 0.0000000000
124066  45.223  30.043  -3.213 0.0000000000
122600  45.057  28.016  -6.350 0.0000000000
123345  44.722  29.157  -4.885 0.0000000000
122601  44.295  28.039  -6.378 0.0000000000
122586  43.779  28.402  -5.991 0.0000000000
121830  43.738  27.662  -6.812 0.0000000000
121851  43.300  27.186  -7.411 0.0000000000
121850  44.190  27.221  -7.392 0.0000000000
121094  45.377  26.249  -9.402 0.0000000000
120246  44.622  25.891  -9.673 0.0000000000
120264  44.419  25.694  -10.371 0.0000000000
188035  43.660  25.580  -11.167 0.0000000000
189575  44.516  25.616  -11.494 0.0000000000
121014  45.051  26.872  -3.746 0.0000000000
121813  45.837  27.069  -3.610 0.0000000000
121032  45.729  26.234  -4.365 0.0000000000
120222  46.689  25.468  -6.699 0.0000000000
121037  46.695  26.008  -5.359 0.0000000000
120229  47.489  25.895  -7.127 0.0000000000
117254  47.613  22.455  -17.263 0.0000000000
118073  47.347  23.541  -16.968 0.0000000000
118078  47.872  23.214  -18.022 0.0000000000
118814  47.556  23.824  -18.961 0.0000000000
118809  47.474  24.326  -18.524 0.0000000000
119587  47.048  25.029  -18.215 0.0000000000
119577  47.108  25.739  -17.540 0.0000000000
120377  46.764  25.902  -17.956 0.0000000000
120378  46.044  26.130  -18.304 0.0000000000
120384  46.584  25.251  -18.422 0.0000000000
118079  45.374  23.517  -17.461 0.0000000000
118810  45.774  24.355  -18.116 0.0000000000
118806  44.673  23.883  -16.705 0.0000000000
117256  44.503  21.964  -15.738 0.0000000000
115404  44.381  19.978  -15.932 0.0000000000
115398  44.105  20.442  -15.317 0.0000000000
159374  35.455  25.547  1.210 0.0000000000
158389  36.251  24.647  1.889 0.0000000000
120160  35.354  24.456  1.846 0.0000000000
118661  35.738  23.574  1.821 0.0000000000
117940  35.300  23.021  0.404 0.0000000000
118678  35.707  23.495  -0.216 0.0000000000
172440  35.302  22.994  -0.574 0.0000000000
158504  47.928  29.973  -2.735 0.0000000000
183383  47.407  29.189  -4.454 0.0000000000
177670  48.044  29.107  -4.585 0.0000000000
118009  43.899  22.476  -10.056 0.0000000000
117997  44.265  23.008  -9.719 0.0000000000
117215  44.079  22.284  -10.682 0.0000000000
116353  45.150  21.261  -13.330 0.0000000000
117238  44.911  21.613  -12.827 0.0000000000
117237  45.289  22.004  -13.188 0.0000000000
117244  45.524  21.735  -13.857 0.0000000000
114416  45.897  19.091  -15.128 0.0000000000
175323  46.747  19.007  -16.244 0.0000000000
176192  48.207  19.884  -17.746 0.0000000000
115403  46.909  20.397  -16.400 0.0000000000
116375  47.411  21.127  -16.971 0.0000000000
116374  48.158  21.254  -17.918 0.0000000000
157326  47.602  20.140  -19.416 0.0000000000
115418  47.951  20.649  -18.986 0.0000000000
115420  46.647  19.997  -19.099 0.0000000000
114437  45.647  19.288  -18.397 0.0000000000
123249  43.512  29.011  2.343 0.0000000000
123993  43.923  29.798  2.523 0.0000000000
123258  43.679  28.628  2.142 0.0000000000
123257  44.245  28.988  2.011 0.0000000000
123276  43.849  28.631  1.668 0.0000000000
122503  41.457  27.393  2.046 0.0000000000
122502  42.039  27.537  2.065 0.0000000000
122539  42.158  28.398  -1.039 0.0000000000
122525  42.518  28.377  -0.016 0.0000000000
122538  42.784  28.646  -1.042 0.0000000000
123309  43.198  28.835  -0.513 0.0000000000
166573  43.503  28.760  -1.452 0.0000000000
122562  44.100  27.776  -2.938 0.0000000000
122563  43.329  27.984  -2.822 0.0000000000
168565  43.239  25.998  -4.217 0.0000000000
121026  43.856  26.445  -3.986 0.0000000000
119490  44.571  24.836  -5.060 0.0000000000
118693  43.995  24.204  -5.146 0.0000000000
119447  37.361  24.575  1.743 0.0000000000
120158  38.056  24.885  1.774 0.0000000000
119461  37.688  24.578  1.048 0.0000000000
120194  37.660  25.223  -2.226 0.0000000000
120189  38.156  25.594  -0.920 0.0000000000
120193  38.101  25.600  -2.140 0.0000000000
121012  39.093  26.478  -2.095 0.0000000000
120197  39.050  25.753  -3.221 0.0000000000
117160  39.261  22.002  -4.664 0.0000000000
165138  38.111  23.204  -4.073 0.0000000000
117965  39.565  22.528  -4.635 0.0000000000
157007  40.566  23.029  -4.752 0.0000000000
118697  40.360  23.754  -4.463 0.0000000000
119486  40.172  24.404  -4.237 0.0000000000
158576  40.445  24.977  -4.141 0.0000000000
119494  40.854  24.305  -4.404 0.0000000000
119485  41.258  24.933  -4.286 0.0000000000
119493  41.614  24.274  -4.614 0.0000000000
117178  42.827  22.191  -6.575 0.0000000000
117969  42.855  22.672  -5.917 0.0000000000
179459  43.302  22.712  -6.325 0.0000000000
117978  43.788  23.144  -6.415 0.0000000000
117979  43.471  22.645  -7.076 0.0000000000
117992  43.612  22.579  -8.666 0.0000000000
117194  43.062  22.078  -8.480 0.0000000000
115362  42.696  19.933  -9.595 0.0000000000
116337  43.062  20.774  -10.208 0.0000000000
115368  42.951  20.078  -10.123 0.0000000000
114396  43.551  19.642  -11.178 0.0000000000
113363  43.633  18.813  -11.249 0.0000000000
112305  42.947  17.745  -9.105 0.0000000000
112327  44.260  17.549  -11.026 0.0000000000
112326  44.902  17.173  -11.478 0.0000000000
164593  33.482  27.631  0.816 0.0000000000
120978  31.771  26.279  1.133 0.0000000000
120989  32.976  26.555  0.812 0.0000000000
161569  32.023  25.502  1.169 0.0000000000
124080  41.411  30.676  -4.204 0.0000000000
124789  41.522  31.850  -3.203 0.0000000000
124790  41.014  31.914  -3.685 0.0000000000
126257  41.135  33.191  -3.651 0.0000000000
126258  40.754  32.534  -3.857 0.0000000000
126259  40.267  32.591  -4.408 0.0000000000
124798  40.286  31.323  -4.546 0.0000000000
123360  39.223  29.177  -5.982 0.0000000000
122608  38.323  28.432  -6.689 0.0000000000
122620  37.982  27.871  -7.124 0.0000000000
121836  38.783  27.803  -7.012 0.0000000000
121080  39.149  26.415  -8.481 0.0000000000
120238  38.700  26.069  -8.947 0.0000000000
120253  38.340  25.802  -9.519 0.0000000000
179481  39.123  25.800  -9.509 0.0000000000
121097  42.204  26.222  -9.152 0.0000000000
121098  41.485  26.190  -9.204 0.0000000000
120249  41.972  25.895  -9.693 0.0000000000
157983  40.814  25.548  -11.950 0.0000000000
120269  40.340  25.592  -10.646 0.0000000000
157982  39.400  25.560  -11.768 0.0000000000
157975  38.387  25.726  -13.384 0.0000000000
120361  38.937  25.998  -15.436 0.0000000000
123980  45.771  30.570  3.253 0.0000000000
124026  46.822  29.763  1.150 0.0000000000
123989  47.066  30.323  2.596 0.0000000000
124025  47.931  29.834  0.947 0.0000000000
124001  48.700  30.197  1.588 0.0000000000
185307  46.888  27.801  -2.937 0.0000000000
122534  47.075  28.516  -1.801 0.0000000000
121810  50.157  28.227  -3.934 0.0000000000
160249  49.044  28.254  -2.889 0.0000000000
122548  49.834  28.627  -2.456 0.0000000000
123302  49.871  29.360  -1.338 0.0000000000
122547  50.293  29.166  -2.584 0.0000000000
124049  50.153  29.435  -2.291 0.0000000000
123319  50.520  28.962  -3.264 0.0000000000
122595  51.300  28.103  -6.708 0.0000000000
122572  50.854  28.465  -5.019 0.0000000000
122596  49.165  28.261  -6.608 0.0000000000
122619  50.223  28.162  -7.170 0.0000000000
171955  45.374  23.907  -9.784 0.0000000000
118736  46.061  24.289  -10.186 0.0000000000
119535  46.967  24.657  -10.632 0.0000000000
157581  47.350  24.936  -10.031 0.0000000000
157211  47.981  25.466  -9.211 0.0000000000
119534  48.110  25.142  -10.650 0.0000000000
118778  47.260  24.768  -15.564 0.0000000000
184710  47.218  24.570  -14.051 0.0000000000
119559  48.119  25.369  -14.439 0.0000000000
120300  50.663  26.081  -12.403 0.0000000000
120301  50.204  25.999  -12.991 0.0000000000
120281  50.429  25.878  -12.251 0.0000000000
120260  51.027  26.001  -10.967 0.0000000000
121090  51.471  26.886  -9.565 0.0000000000
120279  50.903  26.499  -11.140 0.0000000000
157180  49.901  27.002  -11.012 0.0000000000
170793  48.621  26.792  -10.469 0.0000000000
121868  49.264  27.427  -9.022 0.0000000000
121108  47.609  26.585  -10.553 0.0000000000
157753  46.808  26.534  -9.951 0.0000000000
171045  47.558  26.456  -11.286 0.0000000000
120337  45.618  25.994  -13.872 0.0000000000
120304  45.761  25.735  -12.387 0.0000000000
120323  43.926  25.578  -13.181 0.0000000000
120338  44.619  25.764  -13.883 0.0000000000
164328  45.152  26.891  -17.854 0.0000000000
166859  45.053  27.043  -17.350 0.0000000000
189846  44.615  27.105  -17.950 0.0000000000
121185  41.921  26.521  -18.054 0.0000000000
175114  43.080  27.149  -17.431 0.0000000000
121162  42.645  26.829  -16.596 0.0000000000
186809  42.151  26.644  -16.132 0.0000000000
121163  41.091  26.574  -16.718 0.0000000000
121164  40.452  26.375  -16.553 0.0000000000
121174  40.833  26.332  -17.288 0.0000000000
167828  40.877  23.859  -14.833 0.0000000000
118797  39.752  24.217  -16.002 0.0000000000
115391  43.356  20.689  -13.996 0.0000000000
116355  42.888  20.810  -13.354 0.0000000000
121872  35.720  27.792  -8.547 0.0000000000
121871  36.470  27.498  -8.153 0.0000000000
121870  37.194  27.088  -8.060 0.0000000000
122516  39.340  27.798  1.377 0.0000000000
188819  38.390  26.951  1.517 0.0000000000
121756  38.824  26.277  2.017 0.0000000000
120156  39.020  25.400  1.540 0.0000000000
123343  46.365  29.048  -4.861 0.0000000000
123344  45.531  29.092  -4.877 0.0000000000
122576  45.923  28.645  -5.434 0.0000000000
122599  45.852  28.018  -6.316 0.0000000000
121828  45.430  27.635  -6.828 0.0000000000
121056  44.685  26.832  -7.948 0.0000000000
121055  45.647  26.918  -7.989 0.0000000000
161346  45.938  26.623  -8.800 0.0000000000
121093  46.188  26.480  -9.470 0.0000000000
120210  45.469  25.688  -4.791 0.0000000000
120216  45.776  25.283  -5.337 0.0000000000
119506  45.944  24.979  -6.252 0.0000000000
119514  46.197  24.954  -7.216 0.0000000000
117268  47.826  22.294  -19.013 0.0000000000
118084  47.765  23.190  -19.004 0.0000000000
118091  47.561  22.905  -19.269 0.0000000000
168338  47.503  23.452  -19.176 0.0000000000
118815  47.082  24.013  -19.109 0.0000000000
118816  46.566  24.224  -18.772 0.0000000000
169379  45.393  22.508  -17.329 0.0000000000
117264  45.012  21.893  -16.534 0.0000000000
116371  44.703  21.207  -16.110 0.0000000000
171461  44.772  20.520  -16.483 0.0000000000
114423  44.360  19.271  -16.330 0.0000000000
120161  33.738  24.976  1.241 0.0000000000
159427  34.974  23.907  1.987 0.0000000000
119450  34.152  23.937  1.845 0.0000000000
124767  47.501  31.077  -0.349 0.0000000000
124766  48.566  31.028  -0.343 0.0000000000
124043  48.398  30.416  -1.512 0.0000000000
124063  49.227  29.827  -2.769 0.0000000000
116344  43.752  21.017  -11.265 0.0000000000
116343  44.179  21.610  -11.593 0.0000000000
116348  44.185  20.826  -12.016 0.0000000000
115386  44.895  20.388  -13.324 0.0000000000
113410  47.456  19.005  -16.912 0.0000000000
113409  48.344  18.852  -17.754 0.0000000000
115408  48.340  20.707  -18.286 0.0000000000
115414  48.411  20.119  -18.682 0.0000000000
114444  47.825  19.566  -19.456 0.0000000000
184222  43.074  28.340  2.160 0.0000000000
121777  41.005  26.937  0.779 0.0000000000
121776  41.637  27.275  1.170 0.0000000000
183683  41.299  27.598  0.044 0.0000000000
122540  41.382  28.075  -1.127 0.0000000000
122564  42.419  28.046  -2.641 0.0000000000
121805  42.931  27.406  -3.256 0.0000000000
121806  42.081  27.628  -3.033 0.0000000000
121017  42.219  27.045  -3.495 0.0000000000
120203  42.577  25.430  -4.371 0.0000000000
119471  36.755  24.386  -0.548 0.0000000000
177819  37.399  24.688  -0.174 0.0000000000
119479  37.232  24.791  -2.238 0.0000000000
119487  38.212  24.781  -3.494 0.0000000000
117158  40.549  21.513  -5.179 0.0000000000
117159  39.959  22.072  -4.860 0.0000000000
117168  41.312  21.960  -5.319 0.0000000000
117970  41.899  22.363  -5.479 0.0000000000
117962  41.949  23.037  -5.212 0.0000000000
117166  42.401  22.200  -5.943 0.0000000000
181000  42.618  21.591  -8.347 0.0000000000
173603  42.292  21.273  -7.824 0.0000000000
115354  42.486  20.120  -9.128 0.0000000000
114387  42.855  19.326  -9.852 0.0000000000
112303  44.184  17.059  -9.607 0.0000000000
165999  45.225  16.831  -10.340 0.0000000000
123347  42.993  29.304  -4.963 0.0000000000
124068  42.731  30.454  -3.501 0.0000000000
124085  42.582  29.791  -4.541 0.0000000000
124086  41.772  30.020  -4.659 0.0000000000
124087  41.005  30.249  -4.789 0.0000000000
164379  40.211  30.574  -4.952 0.0000000000
123350  40.554  29.803  -5.237 0.0000000000
122590  40.489  28.659  -6.031 0.0000000000
122606  40.081  28.201  -6.469 0.0000000000
121856  39.231  27.244  -7.468 0.0000000000
121855  40.070  27.220  -7.451 0.0000000000
121079  40.040  26.357  -8.681 0.0000000000
120287  42.405  25.570  -10.758 0.0000000000
120267  41.833  25.678  -10.300 0.0000000000
157984  41.590  25.518  -11.678 0.0000000000
157977  40.593  25.610  -12.844 0.0000000000
161366  39.189  25.760  -13.678 0.0000000000
161367  40.336  25.754  -13.674 0.0000000000
120343  40.000  25.990  -14.412 0.0000000000
121153  39.494  26.138  -15.944 0.0000000000
124004  45.441  29.753  2.199 0.0000000000
123990  46.008  30.226  2.701 0.0000000000
123255  45.835  29.599  1.442 0.0000000000
123273  46.218  29.429  0.541 0.0000000000
123272  47.220  29.426  0.322 0.0000000000
169322  47.727  27.211  -4.303 0.0000000000
121800  47.815  27.557  -3.706 0.0000000000
121031  48.724  27.273  -4.893 0.0000000000
121816  50.301  27.865  -4.608 0.0000000000
121809  50.893  28.587  -4.527 0.0000000000
158868  50.984  28.174  -5.337 0.0000000000
121824  51.567  27.820  -7.061 0.0000000000
121844  51.430  27.662  -7.560 0.0000000000
118750  45.572  23.373  -12.061 0.0000000000
118743  46.141  24.111  -10.964 0.0000000000
118749  46.173  23.926  -11.694 0.0000000000
177841  46.795  24.343  -12.078 0.0000000000
177722  47.683  24.726  -12.143 0.0000000000
119567  47.775  25.963  -16.196 0.0000000000
119558  49.155  25.867  -14.025 0.0000000000
120335  48.847  26.237  -14.764 0.0000000000
120333  49.624  26.436  -13.684 0.0000000000
120317  50.155  26.262  -12.985 0.0000000000
121115  50.684  26.604  -11.608 0.0000000000
121123  49.849  26.581  -12.891 0.0000000000
121124  48.902  26.667  -13.128 0.0000000000
120302  47.904  26.475  -12.486 0.0000000000
120282  47.461  26.371  -11.872 0.0000000000
120319  47.866  26.533  -13.142 0.0000000000
120336  46.712  26.411  -13.940 0.0000000000
120354  45.341  26.244  -14.652 0.0000000000
119589  43.545  25.768  -18.463 0.0000000000
120386  43.314  26.900  -18.912 0.0000000000
178624  43.108  26.415  -18.706 0.0000000000
119590  42.431  25.807  -18.159 0.0000000000
119591  41.547  25.571  -17.709 0.0000000000
119582  40.682  25.428  -17.089 0.0000000000
119570  40.897  24.780  -16.680 0.0000000000
118782  41.385  23.984  -15.226 0.0000000000
159191  49.633  31.098  1.956 0.0000000000
120273  36.587  25.853  -10.591 0.0000000000
120272  37.297  25.669  -10.880 0.0000000000
180140  41.092  26.917  2.094 0.0000000000
122505  39.889  27.025  2.074 0.0000000000
158482  40.471  26.593  2.121 0.0000000000
179026  40.266  27.328  -1.110 0.0000000000
121796  40.011  27.265  -2.043 0.0000000000
117958  37.494  22.699  -3.862 0.0000000000
117152  37.813  21.953  -4.029 0.0000000000
117151  38.530  21.826  -4.390 0.0000000000
173737  39.352  20.860  -4.720 0.0000000000
175877  40.069  20.808  -5.020 0.0000000000
116271  40.792  20.673  -5.317 0.0000000000
114353  41.721  19.381  -7.130 0.0000000000
114365  41.900  19.283  -7.798 0.0000000000
124055  44.134  30.457  -2.598 0.0000000000
124078  43.991  29.960  -3.768 0.0000000000
123333  45.171  29.448  -4.332 0.0000000000
123334  44.357  29.525  -4.333 0.0000000000
123335  43.458  29.664  -4.325 0.0000000000
123355  43.389  28.871  -5.463 0.0000000000
122587  42.904  28.477  -5.968 0.0000000000
122603  42.450  28.052  -6.450 0.0000000000
121852  42.450  27.177  -7.445 0.0000000000
121058  42.897  26.777  -7.971 0.0000000000
121096  42.957  26.130  -9.156 0.0000000000
121074  44.228  26.459  -8.540 0.0000000000
121095  43.881  26.048  -9.250 0.0000000000
120248  43.195  25.746  -9.871 0.0000000000
120286  43.119  25.559  -11.182 0.0000000000
157980  42.985  25.522  -11.987 0.0000000000
161327  42.830  25.533  -12.840 0.0000000000
122553  44.838  28.316  -2.270 0.0000000000
122552  45.647  28.212  -2.359 0.0000000000
121792  45.814  27.737  -2.908 0.0000000000
121801  46.199  27.469  -3.220 0.0000000000
185661  46.111  26.276  -4.494 0.0000000000
161114  46.633  26.387  -4.743 0.0000000000
180050  46.907  26.824  -4.365 0.0000000000
161115  48.023  26.529  -5.924 0.0000000000
121045  48.169  26.358  -6.710 0.0000000000
120228  48.363  26.225  -7.463 0.0000000000
118067  46.478  23.056  -15.058 0.0000000000
118791  46.982  23.787  -15.774 0.0000000000
118804  47.514  24.262  -17.871 0.0000000000
162929  47.999  26.939  -16.120 0.0000000000
121157  47.457  26.952  -16.687 0.0000000000
121158  46.969  27.089  -16.675 0.0000000000
121168  46.800  26.872  -17.187 0.0000000000
162900  45.982  26.660  -17.733 0.0000000000
119599  44.820  26.106  -18.809 0.0000000000
119598  45.659  25.215  -18.566 0.0000000000
119588  44.566  25.698  -18.656 0.0000000000
119578  44.340  24.815  -17.612 0.0000000000
118792  43.880  24.316  -16.522 0.0000000000
183237  43.768  22.586  -14.776 0.0000000000
116359  43.632  21.350  -14.391 0.0000000000
116365  44.320  21.196  -15.442 0.0000000000
115399  43.706  20.534  -14.675 0.0000000000
168718  43.401  19.846  -14.364 0.0000000000
120986  36.810  26.365  1.156 0.0000000000
120171  36.488  25.515  1.552 0.0000000000
120159  37.055  24.783  1.919 0.0000000000
119462  36.979  24.171  1.349 0.0000000000
178862  35.498  23.768  1.975 0.0000000000
118660  36.356  23.862  1.558 0.0000000000
118677  36.431  23.892  0.404 0.0000000000
118680  36.171  23.921  -0.935 0.0000000000
166780  35.957  23.155  -2.308 0.0000000000
124781  45.674  30.483  -1.989 0.0000000000
124053  46.265  30.169  -2.545 0.0000000000
124044  47.278  30.500  -1.562 0.0000000000
124052  47.082  30.180  -2.327 0.0000000000
124075  46.407  29.668  -3.733 0.0000000000
123331  46.866  29.314  -4.278 0.0000000000
122582  47.398  28.374  -5.944 0.0000000000
122597  47.941  28.143  -6.579 0.0000000000
180789  44.353  23.347  -8.390 0.0000000000
118725  44.681  23.636  -8.648 0.0000000000
118738  44.797  23.413  -10.131 0.0000000000
118007  44.900  23.226  -10.853 0.0000000000
118034  44.621  22.297  -11.798 0.0000000000
118033  45.151  22.764  -12.216 0.0000000000
118047  45.448  22.733  -12.908 0.0000000000
118057  45.696  22.491  -13.748 0.0000000000
117243  46.062  22.428  -14.465 0.0000000000
114417  45.483  19.298  -14.535 0.0000000000
115397  45.683  20.191  -14.703 0.0000000000
114422  46.394  19.524  -15.793 0.0000000000
115396  46.239  20.296  -15.465 0.0000000000
116364  46.074  20.932  -15.022 0.0000000000
174287  46.435  21.596  -15.577 0.0000000000
117249  46.384  22.266  -15.279 0.0000000000
184995  46.876  22.147  -16.110 0.0000000000
117261  48.024  21.912  -18.261 0.0000000000
116380  48.007  21.360  -18.628 0.0000000000
116381  47.601  21.473  -19.173 0.0000000000
115415  46.546  20.823  -18.839 0.0000000000
114430  45.199  19.593  -17.624 0.0000000000
113417  45.195  18.512  -18.074 0.0000000000
123992  44.560  29.880  2.636 0.0000000000
123256  44.967  29.296  1.802 0.0000000000
123275  44.475  29.080  1.303 0.0000000000
184560  44.618  29.084  -0.877 0.0000000000
168996  41.853  27.925  2.125 0.0000000000
157327  42.415  28.095  2.167 0.0000000000
122501  42.606  27.830  2.033 0.0000000000
158230  42.217  27.757  0.903 0.0000000000
122513  42.761  28.052  1.298 0.0000000000
122512  43.437  28.550  1.074 0.0000000000
123296  43.605  28.929  0.090 0.0000000000
123308  43.898  29.028  -0.827 0.0000000000
121803  44.710  27.377  -3.257 0.0000000000
121016  43.625  26.923  -3.594 0.0000000000
121015  44.328  26.870  -3.689 0.0000000000
121025  44.674  26.374  -4.159 0.0000000000
160612  44.907  25.521  -4.780 0.0000000000
119498  44.955  24.593  -5.404 0.0000000000
118710  44.434  23.688  -6.387 0.0000000000
120976  38.058  25.315  2.071 0.0000000000
120157  38.645  25.240  1.912 0.0000000000
120181  39.088  25.388  0.986 0.0000000000
120183  38.081  24.996  0.122 0.0000000000
120182  38.694  25.437  0.197 0.0000000000
120996  39.314  25.877  0.275 0.0000000000
121006  39.210  26.450  -1.037 0.0000000000
121787  39.455  26.888  -1.801 0.0000000000
121019  39.755  26.514  -3.079 0.0000000000
118686  37.432  23.539  -3.682 0.0000000000
158821  38.084  24.036  -3.863 0.0000000000
158535  38.840  24.473  -3.967 0.0000000000
118698  39.698  23.201  -4.486 0.0000000000
118690  39.586  24.072  -4.228 0.0000000000
119481  38.890  25.192  -3.636 0.0000000000
120207  39.410  25.528  -3.654 0.0000000000
120206  40.013  25.598  -3.822 0.0000000000
121028  40.330  26.326  -3.546 0.0000000000
189133  41.251  26.269  -3.819 0.0000000000
120204  41.698  25.555  -4.157 0.0000000000
119492  42.758  24.735  -4.740 0.0000000000
117961  42.693  23.279  -5.388 0.0000000000
184459  42.769  24.043  -5.022 0.0000000000
161028  43.426  24.457  -4.967 0.0000000000
165752  43.903  23.653  -5.731 0.0000000000
117985  44.116  23.217  -7.228 0.0000000000
162001  44.023  23.021  -8.081 0.0000000000
117998  43.761  22.576  -9.389 0.0000000000
168973  43.529  22.104  -9.754 0.0000000000
117195  42.786  21.501  -9.046 0.0000000000
183121  43.148  21.485  -9.829 0.0000000000
165449  43.458  21.220  -10.563 0.0000000000
115373  43.755  20.243  -11.531 0.0000000000
114402  44.220  19.407  -12.373 0.0000000000
113372  44.313  18.491  -12.308 0.0000000000
180010  42.412  18.948  -8.832 0.0000000000
113342  42.758  18.578  -9.411 0.0000000000
113353  43.064  18.691  -10.076 0.0000000000
184045  43.749  17.472  -9.939 0.0000000000
112316  43.752  17.761  -10.465 0.0000000000
113352  43.456  18.398  -10.541 0.0000000000
113362  44.098  18.126  -11.613 0.0000000000
121769  35.554  27.129  0.459 0.0000000000
158401  35.067  26.592  0.601 0.0000000000
159458  34.462  26.036  0.723 0.0000000000
163994  33.400  26.975  0.730 0.0000000000
120988  33.672  26.325  0.683 0.0000000000
120172  33.911  25.657  0.866 0.0000000000
120162  32.813  25.236  1.113 0.0000000000
189769  30.943  25.192  1.480 0.0000000000
119453  31.060  24.586  1.611 0.0000000000
118665  31.228  23.901  1.787 0.0000000000
126267  39.339  32.456  -5.589 0.0000000000
124804  39.623  31.269  -5.000 0.0000000000
124806  38.895  31.212  -5.598 0.0000000000
122621  37.307  28.043  -7.343 0.0000000000
121858  37.620  27.435  -7.619 0.0000000000
121082  37.527  26.569  -8.485 0.0000000000
121063  38.845  26.800  -7.952 0.0000000000
121081  38.333  26.508  -8.383 0.0000000000
120254  37.675  25.890  -9.503 0.0000000000
175480  37.884  25.694  -10.114 0.0000000000
120271  38.136  25.602  -10.786 0.0000000000
121060  41.317  26.828  -8.034 0.0000000000
121078  40.976  26.468  -8.638 0.0000000000
121099  40.703  26.093  -9.282 0.0000000000
120268  41.112  25.638  -10.467 0.0000000000
120251  40.502  25.742  -9.940 0.0000000000
157415  39.691  25.670  -10.094 0.0000000000
159703  38.737  25.569  -11.226 0.0000000000
120291  37.920  25.580  -11.594 0.0000000000
120308  37.665  25.662  -12.687 0.0000000000
120344  38.623  25.834  -14.186 0.0000000000
124726  48.807  30.970  2.902 0.0000000000
123987  49.204  30.714  2.144 0.0000000000
123999  49.876  30.538  0.650 0.0000000000
122535  46.221  28.597  -1.756 0.0000000000
123305  46.837  28.924  -1.134 0.0000000000
123292  47.591  29.143  -0.532 0.0000000000
122561  47.848  27.958  -3.045 0.0000000000
122533  48.033  28.570  -1.757 0.0000000000
123291  48.672  29.202  -0.573 0.0000000000
123270  49.332  29.584  -0.009 0.0000000000
123269  49.822  29.941  -0.335 0.0000000000
124022  49.909  30.417  0.033 0.0000000000
124041  49.954  29.891  -1.455 0.0000000000
124050  49.801  29.885  -2.151 0.0000000000
123321  49.703  29.363  -3.350 0.0000000000
123339  50.875  28.720  -4.318 0.0000000000
123340  50.377  28.927  -4.519 0.0000000000
123329  49.120  29.215  -4.096 0.0000000000
122581  48.751  28.436  -5.934 0.0000000000
174534  48.071  27.607  -7.724 0.0000000000
118724  45.186  24.058  -8.239 0.0000000000
119525  45.917  24.542  -8.594 0.0000000000
119524  46.701  25.031  -8.547 0.0000000000
119530  46.631  24.694  -9.780 0.0000000000
160366  47.475  25.449  -8.591 0.0000000000
168419  48.545  25.774  -8.782 0.0000000000
120237  49.269  26.284  -8.212 0.0000000000
119547  47.225  24.505  -12.733 0.0000000000
119546  48.293  25.008  -12.867 0.0000000000
119551  49.285  25.662  -13.352 0.0000000000
119545  49.080  25.410  -12.431 0.0000000000
119533  49.211  25.492  -11.481 0.0000000000
120261  49.506  25.651  -10.587 0.0000000000
120236  49.912  26.167  -9.176 0.0000000000
177701  50.638  26.491  -8.741 0.0000000000
121070  51.502  26.865  -8.710 0.0000000000
121089  51.477  27.107  -8.760 0.0000000000
121866  51.277  27.438  -8.471 0.0000000000
121107  51.034  26.946  -10.848 0.0000000000
121867  50.581  27.498  -8.819 0.0000000000
171414  49.355  27.710  -8.058 0.0000000000
161378  48.127  27.415  -8.401 0.0000000000
121071  47.284  27.152  -8.581 0.0000000000
172470  46.906  26.764  -9.124 0.0000000000
120284  45.837  25.880  -10.860 0.0000000000
120283  46.706  26.127  -11.385 0.0000000000
162140  46.066  25.833  -11.634 0.0000000000
178809  45.283  25.688  -11.544 0.0000000000
120305  44.695  25.607  -12.114 0.0000000000
186015  43.383  25.545  -12.983 0.0000000000
182924  43.224  25.585  -13.500 0.0000000000
121159  45.903  27.021  -16.496 0.0000000000
121147  45.056  26.570  -15.566 0.0000000000
121170  43.982  27.226  -17.780 0.0000000000
121161  43.604  26.921  -16.638 0.0000000000
121148  44.065  26.495  -15.656 0.0000000000
120356  43.504  26.119  -14.954 0.0000000000
175493  42.932  25.831  -14.362 0.0000000000
120357  42.042  26.021  -14.668 0.0000000000
120358  41.178  26.169  -14.873 0.0000000000
121152  40.079  26.311  -15.820 0.0000000000
121176  39.733  25.977  -16.443 0.0000000000
177041  40.149  25.406  -16.803 0.0000000000
173491  39.594  24.858  -16.357 0.0000000000
114431  44.700  19.092  -17.106 0.0000000000
112304  43.548  17.363  -9.364 0.0000000000
112409  48.077  18.787  -19.406 0.0000000000
113393  46.251  18.514  -15.521 0.0000000000
114376  42.550  19.435  -9.239 0.0000000000
114403  43.808  19.505  -11.738 0.0000000000
114411  45.148  19.263  -13.911 0.0000000000
115319  41.274  20.451  -5.694 0.0000000000
115379  44.424  20.250  -12.586 0.0000000000
115387  42.589  20.082  -13.000 0.0000000000
115390  44.875  19.535  -13.463 0.0000000000
116272  39.083  21.429  -4.649 0.0000000000
116298  41.997  21.258  -6.482 0.0000000000
116327  42.374  20.809  -8.661 0.0000000000
117216  43.636  21.890  -10.309 0.0000000000
117231  44.557  21.604  -12.262 0.0000000000
117250  45.955  21.680  -14.603 0.0000000000
117956  38.860  22.713  -4.415 0.0000000000
117963  41.299  22.700  -5.070 0.0000000000
117964  40.089  22.635  -4.741 0.0000000000
117986  43.474  22.530  -7.912 0.0000000000
118008  44.391  22.854  -10.429 0.0000000000
118020  45.018  22.981  -11.550 0.0000000000
118086  46.125  22.957  -18.337 0.0000000000
118684  36.206  23.785  -1.957 0.0000000000
118694  43.361  23.787  -5.316 0.0000000000
118695  42.084  23.734  -4.966 0.0000000000
118701  44.949  24.245  -5.969 0.0000000000
118718  44.556  23.599  -7.897 0.0000000000
118731  45.302  24.022  -9.025 0.0000000000
118737  45.434  23.760  -10.540 0.0000000000
118766  47.236  24.645  -14.727 0.0000000000
118805  45.120  24.289  -17.462 0.0000000000
119448  36.768  24.184  1.922 0.0000000000
119475  37.174  24.821  -1.189 0.0000000000
119478  37.803  25.066  -2.799 0.0000000000
119484  42.023  24.875  -4.499 0.0000000000
119489  45.196  25.110  -5.114 0.0000000000
119491  44.009  24.829  -4.898 0.0000000000
119507  45.528  24.506  -6.973 0.0000000000
119571  40.254  24.753  -16.538 0.0000000000
119581  41.079  25.334  -17.314 0.0000000000
119583  39.579  25.511  -16.497 0.0000000000
119592  41.043  25.907  -17.714 0.0000000000
119597  46.566  24.652  -18.633 0.0000000000
120164  30.474  25.762  1.536 0.0000000000
120174  32.495  26.031  0.924 0.0000000000
120192  38.738  25.971  -2.539 0.0000000000
120196  39.598  26.050  -3.414 0.0000000000
120201  45.135  26.085  -4.493 0.0000000000
120209  46.102  25.867  -4.924 0.0000000000
120211  44.312  25.392  -4.738 0.0000000000
120242  51.255  26.588  -10.295 0.0000000000
120245  48.100  25.363  -9.874 0.0000000000
120265  43.621  25.617  -10.597 0.0000000000
120280  50.893  26.120  -11.828 0.0000000000
120285  44.126  25.607  -11.071 0.0000000000
120288  41.718  25.561  -10.966 0.0000000000
120290  40.193  25.555  -11.425 0.0000000000
120303  46.882  26.126  -12.244 0.0000000000
120307  40.030  25.582  -12.306 0.0000000000
120316  50.620  26.261  -12.418 0.0000000000
120321  45.906  25.881  -13.235 0.0000000000
120324  39.869  25.675  -13.214 0.0000000000
120334  49.370  26.431  -14.048 0.0000000000
120360  39.639  26.181  -15.211 0.0000000000
120372  40.609  25.986  -17.316 0.0000000000
120380  42.480  26.534  -18.433 0.0000000000
120381  41.612  26.199  -18.142 0.0000000000
120385  43.907  26.546  -19.045 0.0000000000
120977  37.349  25.482  1.883 0.0000000000
120997  38.783  25.932  -0.617 0.0000000000
121011  39.584  26.775  -2.524 0.0000000000
121036  47.291  26.408  -5.392 0.0000000000
121053  51.329  26.927  -8.036 0.0000000000
121057  43.768  26.769  -7.940 0.0000000000
121069  51.444  27.209  -8.126 0.0000000000
121076  42.533  26.490  -8.575 0.0000000000
121077  41.766  26.509  -8.602 0.0000000000
121091  49.246  27.202  -9.955 0.0000000000
121122  50.506  26.415  -12.368 0.0000000000
121137  49.259  26.664  -14.072 0.0000000000
121146  46.206  26.788  -15.521 0.0000000000
121149  42.606  26.362  -15.407 0.0000000000
121151  40.776  26.419  -15.778 0.0000000000
121165  39.955  26.235  -16.376 0.0000000000
121171  43.065  27.158  -18.158 0.0000000000
121172  42.288  26.947  -17.737 0.0000000000
121173  41.434  26.617  -17.552 0.0000000000
121175  40.296  26.127  -16.869 0.0000000000
121180  46.594  26.469  -17.687 0.0000000000
121181  45.112  26.591  -18.376 0.0000000000
121182  44.325  27.075  -18.612 0.0000000000
121183  43.515  27.105  -18.750 0.0000000000
121191  43.835  26.965  -19.088 0.0000000000
121754  41.560  27.215  1.923 0.0000000000
121755  39.631  26.359  2.099 0.0000000000
121802  45.501  27.283  -3.363 0.0000000000
121811  48.979  27.624  -4.125 0.0000000000
121817  47.494  26.804  -4.842 0.0000000000
121818  51.490  27.889  -6.593 0.0000000000
121819  51.389  27.936  -6.039 0.0000000000
121832  42.037  27.580  -6.922 0.0000000000
121833  41.259  27.604  -6.926 0.0000000000
121835  39.637  27.714  -6.917 0.0000000000
121845  50.808  28.043  -8.201 0.0000000000
121849  45.086  27.260  -7.383 0.0000000000
121865  51.367  27.450  -8.090 0.0000000000
121869  37.888  26.909  -7.989 0.0000000000
121879  51.399  27.156  -9.521 0.0000000000
121890  51.213  27.136  -10.290 0.0000000000
121891  50.576  27.189  -10.428 0.0000000000
122531  49.991  29.164  -1.975 0.0000000000
122549  48.546  28.368  -2.358 0.0000000000
122554  43.938  28.309  -2.308 0.0000000000
122567  50.639  28.924  -3.789 0.0000000000
122568  50.013  28.436  -3.185 0.0000000000
122571  50.858  28.482  -4.980 0.0000000000
122573  49.805  28.700  -5.224 0.0000000000
122584  45.406  28.355  -5.866 0.0000000000
122585  44.661  28.402  -5.885 0.0000000000
122591  39.799  28.742  -6.105 0.0000000000
122594  51.491  27.975  -7.047 0.0000000000
122602  43.234  28.058  -6.433 0.0000000000
122618  51.339  27.894  -7.672 0.0000000000
123247  44.722  29.453  2.312 0.0000000000
123290  49.624  29.423  -0.664 0.0000000000
123301  50.174  29.538  -1.783 0.0000000000
123303  48.997  29.087  -1.047 0.0000000000
123304  47.644  28.873  -1.233 0.0000000000
123307  45.269  29.119  -0.756 0.0000000000
123327  50.725  28.884  -3.737 0.0000000000
123328  50.554  28.975  -3.853 0.0000000000
123330  47.775  29.331  -4.090 0.0000000000
123332  45.978  29.380  -4.314 0.0000000000
123341  49.086  29.001  -4.746 0.0000000000
123342  47.213  29.035  -4.814 0.0000000000
123346  43.859  29.223  -4.908 0.0000000000
123357  41.692  29.047  -5.565 0.0000000000
123359  40.025  29.339  -5.703 0.0000000000
123363  38.504  29.039  -6.253 0.0000000000
124000  49.625  30.462  1.271 0.0000000000
124002  47.497  30.114  1.775 0.0000000000
124023  49.719  30.195  0.367 0.0000000000
124038  49.834  30.167  -0.642 0.0000000000
124045  46.497  30.401  -1.933 0.0000000000
124051  48.804  30.117  -2.118 0.0000000000
124061  50.325  29.128  -2.914 0.0000000000
124062  50.086  29.482  -2.793 0.0000000000
124064  46.887  29.933  -3.085 0.0000000000
124067  44.417  30.157  -3.180 0.0000000000
124076  45.597  29.757  -3.789 0.0000000000
124079  42.860  30.038  -4.043 0.0000000000
124081  40.761  30.836  -4.530 0.0000000000
124725  49.431  31.209  2.590 0.0000000000
124732  49.713  30.931  1.194 0.0000000000
124764  49.861  30.541  -0.274 0.0000000000
124772  49.702  30.430  -0.830 0.0000000000
124776  45.307  30.951  -1.221 0.0000000000
125465  49.589  31.305  1.108 0.0000000000
125512  40.484  31.950  -4.180 0.0000000000
125520  39.361  31.952  -5.247 0.0000000000
126252  41.223  32.473  -3.288 0.0000000000
126265  40.350  33.185  -4.724 0.0000000000
156902  46.238  27.077  -3.705 0.0000000000
157182  48.625  26.600  -12.142 0.0000000000
158096  38.355  26.840  -7.964 0.0000000000
158185  44.645  26.217  -9.090 0.0000000000
158221  44.146  25.569  -12.500 0.0000000000
158929  50.832  26.852  -7.071 0.0000000000
161347  42.966  25.619  -10.513 0.0000000000
161405  45.803  26.714  -3.939 0.0000000000
161445  44.905  25.676  -10.898 0.0000000000
162877  41.409  31.305  -3.657 0.0000000000
162928  47.069  30.869  -0.904 0.0000000000
163407  46.889  27.459  -3.397 0.0000000000
163530  42.207  30.294  -4.108 0.0000000000
164227  50.625  26.079  -9.980 0.0000000000
164502  46.456  24.756  -9.129 0.0000000000
166023  47.250  24.901  -17.935 0.0000000000
168267  50.977  27.620  -5.903 0.0000000000
168408  47.447  26.423  -16.783 0.0000000000
172468  45.993  26.214  -10.075 0.0000000000
172469  47.804  26.797  -9.821 0.0000000000
174712  46.994  27.196  -16.160 0.0000000000
175413  44.595  27.930  -2.797 0.0000000000
175453  42.010  28.294  -1.910 0.0000000000
175852  41.611  26.805  -3.599 0.0000000000
177272  46.079  27.665  -6.841 0.0000000000
177698  41.806  26.757  -16.835 0.0000000000
177893  48.447  28.937  -1.205 0.0000000000
177924  43.749  28.054  -6.402 0.0000000000
177925  42.557  25.909  -9.597 0.0000000000
179176  45.152  26.227  -18.664 0.0000000000
179429  34.524  24.498  1.648 0.0000000000
179612  36.998  23.072  -3.484 0.0000000000
179904  43.517  25.531  -12.524 0.0000000000
181316  41.835  31.328  -3.236 0.0000000000
181705  48.024  26.758  -5.331 0.0000000000
182309  39.726  25.819  -13.911 0.0000000000
183013  45.522  26.893  -3.785 0.0000000000
183976  44.259  22.108  -11.219 0.0000000000
184644  46.274  24.877  -7.971 0.0000000000
185563  44.165  29.106  -0.192 0.0000000000
186496  47.557  29.798  -3.255 0.0000000000
186915  48.055  29.046  -0.894 0.0000000000
187381  39.376  26.076  -8.987 0.0000000000
187526  44.644  25.893  -4.565 0.0000000000
187975  37.625  25.159  -0.797 0.0000000000
188277  45.882  28.322  -5.881 0.0000000000
188449  36.732  26.189  -9.536 0.0000000000
188582  47.867  30.220  -2.049 0.0000000000
188718  44.063  19.914  -15.453 0.0000000000
189845  45.474  23.046  -12.470 0.0000000000
