#!ascii label  , from subject sub-v2s2x29092_ses-1 vox2ras=TkReg
1209
98410  10.925  5.397  52.601 0.0000000000
80137  2.841  -8.930  37.944 0.0000000000
164915  4.609  -4.426  51.757 0.0000000000
91252  5.428  0.547  45.893 0.0000000000
174812  2.286  0.989  37.434 0.0000000000
92456  7.097  0.127  52.996 0.0000000000
93702  4.890  3.025  51.096 0.0000000000
93710  13.712  2.703  49.931 0.0000000000
90053  9.636  -0.575  51.641 0.0000000000
162627  5.956  -5.968  51.922 0.0000000000
96135  2.231  3.722  44.608 0.0000000000
90159  3.286  0.397  41.152 0.0000000000
171279  2.306  5.029  41.084 0.0000000000
180316  1.648  -7.143  48.442 0.0000000000
85501  4.304  -4.784  45.807 0.0000000000
88914  6.327  -1.012  49.302 0.0000000000
96071  2.505  3.358  48.600 0.0000000000
85536  6.859  -4.199  41.619 0.0000000000
85617  6.794  -4.129  35.686 0.0000000000
169592  3.017  -2.259  32.712 0.0000000000
93851  4.915  2.198  35.292 0.0000000000
94881  9.134  3.583  52.442 0.0000000000
98408  7.219  4.807  52.040 0.0000000000
96057  12.779  4.333  51.195 0.0000000000
91213  11.592  1.057  50.479 0.0000000000
93696  10.422  2.896  51.962 0.0000000000
91206  8.497  -0.789  52.373 0.0000000000
97342  2.298  4.325  42.991 0.0000000000
84388  3.099  -5.376  49.940 0.0000000000
85483  3.920  -4.249  48.485 0.0000000000
86584  4.859  -3.062  50.318 0.0000000000
98439  4.622  5.834  50.802 0.0000000000
94905  3.617  3.237  49.951 0.0000000000
164376  5.565  -4.836  52.496 0.0000000000
79932  4.110  -7.319  51.122 0.0000000000
82149  3.600  -6.932  51.208 0.0000000000
79952  1.984  -8.863  49.795 0.0000000000
179637  6.517  -2.659  45.717 0.0000000000
85520  5.855  -4.505  43.570 0.0000000000
88957  7.231  -1.392  43.494 0.0000000000
90170  2.984  0.273  39.214 0.0000000000
170161  5.165  -0.944  38.745 0.0000000000
89044  4.210  -1.081  36.568 0.0000000000
86751  4.820  -3.430  33.872 0.0000000000
90195  3.085  -0.505  35.249 0.0000000000
88902  6.656  -1.292  52.794 0.0000000000
90054  6.129  -0.290  52.230 0.0000000000
93697  6.138  2.263  52.252 0.0000000000
98416  5.447  5.446  51.451 0.0000000000
92487  14.480  1.635  47.971 0.0000000000
90085  12.766  -0.291  46.914 0.0000000000
90063  12.562  0.393  48.648 0.0000000000
88909  10.795  -1.276  49.700 0.0000000000
85465  8.124  -3.524  52.578 0.0000000000
86565  7.528  -3.001  52.898 0.0000000000
92530  2.379  1.805  45.416 0.0000000000
91293  4.542  0.379  43.447 0.0000000000
176680  2.239  1.914  43.567 0.0000000000
93803  2.244  2.059  41.418 0.0000000000
172155  2.321  3.647  39.269 0.0000000000
98456  12.131  5.728  49.825 0.0000000000
92525  17.185  1.824  45.313 0.0000000000
94942  17.505  3.147  45.751 0.0000000000
96069  15.389  3.971  48.904 0.0000000000
97250  14.127  5.333  50.329 0.0000000000
79998  0.738  -8.801  47.302 0.0000000000
82216  1.742  -7.262  45.239 0.0000000000
84417  2.786  -5.621  46.975 0.0000000000
86595  5.146  -3.583  47.144 0.0000000000
90072  6.531  -0.406  47.620 0.0000000000
91220  5.268  1.324  50.664 0.0000000000
92488  4.253  1.731  48.644 0.0000000000
92514  3.266  1.575  46.674 0.0000000000
96108  2.166  3.406  46.196 0.0000000000
82239  2.387  -7.082  43.488 0.0000000000
82258  3.669  -6.681  41.351 0.0000000000
82281  4.579  -6.725  39.763 0.0000000000
88998  6.997  -1.240  40.928 0.0000000000
85562  7.525  -3.857  38.883 0.0000000000
82323  4.904  -7.259  36.589 0.0000000000
83445  4.325  -6.205  33.873 0.0000000000
84578  2.657  -5.337  32.046 0.0000000000
99694  2.469  6.408  38.867 0.0000000000
97389  3.459  4.791  38.183 0.0000000000
97406  5.266  4.825  37.543 0.0000000000
93844  3.272  2.168  36.317 0.0000000000
179057  3.316  0.630  33.407 0.0000000000
97223  10.194  4.739  52.832 0.0000000000
98412  9.732  5.423  52.715 0.0000000000
98433  9.924  5.669  51.568 0.0000000000
97239  12.178  5.202  51.630 0.0000000000
94891  11.606  3.690  51.735 0.0000000000
97222  11.282  4.559  52.356 0.0000000000
94888  10.063  3.170  52.157 0.0000000000
78909  2.118  -10.046  37.091 0.0000000000
81246  2.789  -8.406  37.011 0.0000000000
85478  3.882  -4.772  50.767 0.0000000000
85477  3.961  -4.330  50.232 0.0000000000
86580  5.117  -3.053  51.295 0.0000000000
90106  14.241  0.244  44.905 0.0000000000
85471  4.945  -4.562  52.288 0.0000000000
82139  3.882  -5.913  51.865 0.0000000000
84378  3.846  -5.461  51.475 0.0000000000
83275  3.377  -5.944  50.978 0.0000000000
90096  6.740  -0.559  45.535 0.0000000000
165594  7.066  -1.666  44.786 0.0000000000
168308  6.612  -0.458  44.225 0.0000000000
91323  2.593  0.520  38.753 0.0000000000
90173  3.707  -0.354  38.292 0.0000000000
90179  2.879  0.049  37.474 0.0000000000
89045  3.687  -0.819  36.369 0.0000000000
90187  2.712  0.164  36.616 0.0000000000
90046  7.009  -0.691  52.989 0.0000000000
187724  6.767  0.067  52.875 0.0000000000
176116  6.902  1.046  52.887 0.0000000000
98415  6.515  5.109  51.700 0.0000000000
98437  5.302  6.139  50.916 0.0000000000
93715  14.043  2.385  49.355 0.0000000000
91221  13.751  1.445  48.617 0.0000000000
92479  13.246  1.631  49.331 0.0000000000
164180  10.705  0.488  51.032 0.0000000000
90058  10.969  -0.344  50.254 0.0000000000
87737  10.355  -1.268  50.438 0.0000000000
86572  9.001  -2.277  52.072 0.0000000000
92454  7.684  0.695  52.642 0.0000000000
179208  8.020  -1.286  52.875 0.0000000000
174478  7.668  -0.937  52.976 0.0000000000
169017  6.689  -2.805  53.014 0.0000000000
175657  2.151  2.824  45.048 0.0000000000
179718  2.509  1.483  44.422 0.0000000000
94946  2.187  3.156  44.124 0.0000000000
178584  2.310  5.053  42.113 0.0000000000
96170  2.260  3.588  42.063 0.0000000000
96183  2.274  3.622  41.131 0.0000000000
172857  2.261  3.372  40.285 0.0000000000
162479  2.303  4.462  40.473 0.0000000000
94914  15.751  3.141  47.990 0.0000000000
162259  0.936  -8.211  47.603 0.0000000000
82197  1.482  -7.129  46.778 0.0000000000
83306  2.298  -6.045  47.895 0.0000000000
86591  4.925  -3.196  48.638 0.0000000000
86592  4.481  -3.879  48.202 0.0000000000
87748  5.653  -2.617  48.173 0.0000000000
87750  6.653  -1.726  47.362 0.0000000000
88913  6.492  -0.626  48.435 0.0000000000
91212  5.635  1.328  51.649 0.0000000000
90056  5.955  -0.227  51.653 0.0000000000
92471  5.126  1.817  51.212 0.0000000000
94906  3.212  3.146  49.475 0.0000000000
179984  3.790  2.433  49.654 0.0000000000
92482  3.380  2.185  48.457 0.0000000000
92502  3.993  1.617  47.821 0.0000000000
93724  2.675  2.396  47.709 0.0000000000
92505  2.665  1.957  46.726 0.0000000000
174667  2.280  3.183  47.242 0.0000000000
87756  11.539  -1.692  46.335 0.0000000000
88939  12.035  -1.298  45.683 0.0000000000
81061  6.671  -5.900  51.491 0.0000000000
78731  5.758  -7.659  49.859 0.0000000000
79940  5.037  -7.199  51.051 0.0000000000
79943  3.865  -8.017  50.994 0.0000000000
78724  3.581  -8.459  50.451 0.0000000000
82168  2.094  -7.577  49.647 0.0000000000
79967  1.358  -8.851  49.060 0.0000000000
83329  2.455  -6.107  45.618 0.0000000000
82228  2.258  -6.871  44.161 0.0000000000
83344  2.924  -6.093  44.061 0.0000000000
85529  6.022  -4.651  42.792 0.0000000000
84450  4.532  -5.596  42.839 0.0000000000
84460  5.608  -5.468  41.645 0.0000000000
83380  4.194  -6.748  40.328 0.0000000000
83379  5.797  -5.877  40.239 0.0000000000
178529  3.560  0.422  42.215 0.0000000000
90140  5.785  -0.021  42.526 0.0000000000
90156  5.315  0.040  41.030 0.0000000000
87872  6.503  -2.220  37.147 0.0000000000
87860  6.779  -1.997  38.365 0.0000000000
84507  7.316  -4.269  37.152 0.0000000000
83410  6.649  -5.769  37.413 0.0000000000
83431  6.322  -5.858  35.792 0.0000000000
82333  4.988  -6.969  35.669 0.0000000000
84545  5.930  -5.002  34.609 0.0000000000
86753  3.465  -2.714  33.045 0.0000000000
85659  3.926  -4.011  32.951 0.0000000000
85668  2.852  -3.822  32.037 0.0000000000
100715  2.761  7.270  38.524 0.0000000000
98561  2.937  5.772  38.395 0.0000000000
98560  3.238  5.855  38.019 0.0000000000
96251  6.371  3.864  36.555 0.0000000000
96252  5.475  3.561  36.806 0.0000000000
96254  4.118  3.325  37.136 0.0000000000
95051  4.130  2.511  36.183 0.0000000000
92617  3.339  1.452  35.281 0.0000000000
178569  4.184  1.652  34.859 0.0000000000
94882  8.278  2.757  52.481 0.0000000000
96046  7.620  3.227  52.562 0.0000000000
97225  8.761  4.619  52.522 0.0000000000
94900  13.149  3.487  50.681 0.0000000000
161289  12.393  2.127  50.109 0.0000000000
93703  12.156  2.981  50.849 0.0000000000
92461  11.072  2.014  51.190 0.0000000000
91208  10.015  0.725  51.546 0.0000000000
161594  9.049  -0.813  52.107 0.0000000000
189829  9.374  1.477  51.988 0.0000000000
165793  9.239  2.478  52.178 0.0000000000
98506  2.395  5.101  44.383 0.0000000000
177039  2.302  4.504  43.590 0.0000000000
98514  2.529  6.103  43.225 0.0000000000
98521  2.384  5.942  42.418 0.0000000000
99675  2.364  6.740  41.810 0.0000000000
83288  2.415  -6.306  49.470 0.0000000000
84405  2.633  -5.580  48.459 0.0000000000
85481  3.462  -4.746  49.596 0.0000000000
86585  4.384  -3.689  49.821 0.0000000000
87744  5.866  -1.873  49.702 0.0000000000
96058  4.663  4.128  50.829 0.0000000000
174482  4.184  2.978  50.506 0.0000000000
97248  4.247  4.587  50.481 0.0000000000
97257  3.196  4.057  49.675 0.0000000000
97278  2.680  4.710  48.869 0.0000000000
98465  2.617  5.094  48.091 0.0000000000
161180  5.510  -5.692  52.165 0.0000000000
81052  4.999  -6.455  51.843 0.0000000000
173570  4.414  -6.334  51.845 0.0000000000
187622  3.946  -7.189  51.493 0.0000000000
79934  3.400  -7.884  50.725 0.0000000000
181305  2.451  -8.711  50.116 0.0000000000
81069  2.852  -7.477  50.563 0.0000000000
168838  2.645  -6.830  50.275 0.0000000000
86607  5.441  -3.867  45.782 0.0000000000
85510  5.002  -4.699  44.716 0.0000000000
86619  6.248  -3.500  44.612 0.0000000000
182491  6.883  -3.260  43.419 0.0000000000
86638  7.437  -2.437  42.244 0.0000000000
90165  3.362  0.183  39.999 0.0000000000
90163  4.579  -0.135  39.825 0.0000000000
90168  3.990  -0.352  38.824 0.0000000000
89033  4.973  -1.236  37.459 0.0000000000
87890  5.819  -2.411  35.817 0.0000000000
86741  5.763  -3.292  34.801 0.0000000000
87884  4.679  -1.789  35.504 0.0000000000
87900  3.753  -1.739  34.425 0.0000000000
89067  3.267  -1.315  34.031 0.0000000000
95061  5.685  2.359  35.059 0.0000000000
175041  5.067  1.629  34.051 0.0000000000
93872  5.661  1.837  33.945 0.0000000000
86574  5.535  -3.280  52.478 0.0000000000
87736  5.514  -2.759  52.083 0.0000000000
88904  6.293  -1.216  52.513 0.0000000000
91207  6.357  0.578  52.567 0.0000000000
93698  5.682  2.397  51.853 0.0000000000
96050  6.683  3.558  52.323 0.0000000000
96052  5.782  3.700  51.765 0.0000000000
97237  5.183  4.601  51.400 0.0000000000
98427  4.911  5.530  51.033 0.0000000000
92501  14.675  1.376  47.261 0.0000000000
91250  13.945  0.466  46.328 0.0000000000
91239  13.402  0.494  47.406 0.0000000000
91218  12.013  0.844  49.958 0.0000000000
90061  11.350  -0.582  49.381 0.0000000000
87746  10.893  -2.134  48.451 0.0000000000
82154  7.499  -5.541  51.016 0.0000000000
83261  7.049  -5.007  52.363 0.0000000000
87728  8.460  -2.217  52.644 0.0000000000
86569  8.176  -2.949  53.071 0.0000000000
84368  6.822  -4.810  52.986 0.0000000000
85463  6.062  -3.867  52.910 0.0000000000
174188  5.746  -4.072  52.844 0.0000000000
91267  3.683  0.994  45.245 0.0000000000
91281  4.688  0.525  44.737 0.0000000000
91282  3.429  0.838  44.445 0.0000000000
91295  2.939  0.900  43.623 0.0000000000
187337  2.652  0.829  42.162 0.0000000000
94950  2.203  3.024  43.351 0.0000000000
93790  2.220  2.095  42.361 0.0000000000
91308  2.434  0.961  41.325 0.0000000000
92558  2.377  1.011  40.698 0.0000000000
93822  2.244  2.043  39.199 0.0000000000
186155  2.314  2.535  38.398 0.0000000000
98431  11.722  5.662  51.124 0.0000000000
92527  16.173  1.415  45.684 0.0000000000
186679  18.606  2.894  44.495 0.0000000000
96115  17.975  3.871  45.577 0.0000000000
176234  17.679  2.632  45.288 0.0000000000
162775  17.272  2.549  45.716 0.0000000000
92498  16.272  2.093  46.436 0.0000000000
92512  15.925  1.683  46.320 0.0000000000
187570  15.046  2.808  48.642 0.0000000000
94903  14.421  3.554  49.741 0.0000000000
96065  14.545  4.282  49.867 0.0000000000
96066  14.049  3.976  50.216 0.0000000000
96056  13.269  4.696  50.905 0.0000000000
98417  12.719  5.390  51.179 0.0000000000
82204  1.977  -6.685  45.761 0.0000000000
186437  3.200  -5.349  46.175 0.0000000000
85488  3.549  -4.695  47.985 0.0000000000
85492  4.163  -4.490  47.113 0.0000000000
85495  4.818  -4.288  46.168 0.0000000000
87759  6.339  -2.618  46.443 0.0000000000
88919  6.791  -0.985  46.953 0.0000000000
90087  6.131  0.220  46.453 0.0000000000
87739  5.666  -2.099  51.526 0.0000000000
90059  5.909  -0.192  50.848 0.0000000000
163296  6.011  -0.159  49.951 0.0000000000
92477  4.314  2.143  50.062 0.0000000000
177936  5.114  1.326  49.967 0.0000000000
90062  6.118  -0.000  49.056 0.0000000000
91228  5.474  0.831  47.776 0.0000000000
171740  4.610  1.268  47.407 0.0000000000
91253  4.580  1.011  46.134 0.0000000000
92515  2.784  1.689  46.357 0.0000000000
180759  2.272  2.442  46.210 0.0000000000
96124  2.199  3.536  45.393 0.0000000000
97305  2.254  4.143  46.586 0.0000000000
97317  2.264  4.247  45.765 0.0000000000
182932  2.460  5.315  44.817 0.0000000000
77438  5.113  -8.695  48.920 0.0000000000
172087  4.160  -7.854  50.701 0.0000000000
84451  4.016  -5.626  43.489 0.0000000000
82249  3.005  -6.798  42.437 0.0000000000
81210  3.619  -7.703  38.656 0.0000000000
165023  6.271  -0.206  43.150 0.0000000000
181889  7.174  -1.137  42.376 0.0000000000
177445  7.514  -2.183  40.940 0.0000000000
89010  6.012  -0.836  39.920 0.0000000000
87829  7.441  -2.394  39.485 0.0000000000
85554  7.053  -4.567  40.108 0.0000000000
171257  6.445  -5.872  38.796 0.0000000000
82303  5.181  -6.836  38.525 0.0000000000
81232  3.595  -7.794  37.242 0.0000000000
81244  3.690  -7.751  36.478 0.0000000000
84560  4.976  -4.673  33.772 0.0000000000
83456  3.955  -5.774  33.195 0.0000000000
99682  2.353  6.677  40.740 0.0000000000
101650  2.612  8.386  39.815 0.0000000000
99688  2.368  6.561  39.677 0.0000000000
97364  2.514  5.343  39.211 0.0000000000
162220  2.688  3.891  38.494 0.0000000000
95033  2.822  2.927  37.558 0.0000000000
97408  3.700  4.576  37.946 0.0000000000
95032  3.304  3.243  37.488 0.0000000000
93845  2.802  1.997  36.568 0.0000000000
92618  2.861  1.187  35.552 0.0000000000
166149  2.838  0.365  34.533 0.0000000000
89075  2.801  -1.020  32.736 0.0000000000
90236  3.018  -0.144  32.137 0.0000000000
97233  10.562  5.181  52.816 0.0000000000
98411  10.301  5.404  52.809 0.0000000000
98420  10.373  5.588  52.400 0.0000000000
98409  11.651  5.371  52.209 0.0000000000
97231  11.686  4.994  52.063 0.0000000000
97232  11.142  5.105  52.516 0.0000000000
162385  10.790  4.705  52.744 0.0000000000
78891  2.631  -9.451  38.196 0.0000000000
78908  2.435  -9.438  37.552 0.0000000000
185658  2.290  -9.330  36.993 0.0000000000
158336  2.622  -8.884  37.288 0.0000000000
85475  4.099  -4.906  51.326 0.0000000000
85474  4.303  -4.331  51.076 0.0000000000
86578  4.805  -3.805  51.525 0.0000000000
91264  14.900  0.684  45.451 0.0000000000
90105  15.164  0.523  44.665 0.0000000000
85472  4.387  -5.035  51.928 0.0000000000
90097  6.292  0.031  45.516 0.0000000000
90108  6.657  -0.490  44.887 0.0000000000
90109  6.153  -0.071  44.615 0.0000000000
92589  2.298  1.034  38.209 0.0000000000
91332  2.538  0.465  37.936 0.0000000000
176811  2.504  0.487  37.250 0.0000000000
91202  6.937  -0.179  52.959 0.0000000000
92457  6.986  0.473  53.006 0.0000000000
174477  7.021  0.762  53.011 0.0000000000
92478  13.798  1.924  49.163 0.0000000000
92473  13.480  2.152  49.680 0.0000000000
90052  10.158  0.249  51.370 0.0000000000
88906  10.448  -0.149  50.995 0.0000000000
180426  10.038  -0.944  51.087 0.0000000000
87738  9.784  -1.781  50.944 0.0000000000
182317  9.454  -1.382  51.636 0.0000000000
87735  9.227  -2.106  51.642 0.0000000000
92455  7.396  0.637  52.896 0.0000000000
90044  7.588  -0.648  52.970 0.0000000000
179764  7.317  -0.288  53.013 0.0000000000
90045  7.349  -0.587  53.020 0.0000000000
163032  2.188  2.490  44.468 0.0000000000
169977  2.288  4.262  41.497 0.0000000000
81093  1.299  -7.654  47.995 0.0000000000
82188  1.513  -7.072  47.609 0.0000000000
83296  1.939  -6.595  48.132 0.0000000000
87745  5.410  -2.526  49.127 0.0000000000
166418  6.097  -1.927  48.827 0.0000000000
179079  6.473  -1.358  48.496 0.0000000000
93701  5.201  2.412  51.428 0.0000000000
92468  4.978  2.218  51.164 0.0000000000
94910  2.797  3.036  48.870 0.0000000000
94909  3.100  2.746  49.075 0.0000000000
93717  2.735  2.619  48.384 0.0000000000
93716  3.015  2.355  48.265 0.0000000000
94915  2.471  2.806  47.989 0.0000000000
81050  6.250  -5.745  52.023 0.0000000000
79939  5.746  -6.926  50.912 0.0000000000
81063  5.436  -6.644  51.549 0.0000000000
78726  2.991  -8.642  50.490 0.0000000000
78725  3.370  -8.499  50.462 0.0000000000
82178  1.881  -7.357  49.158 0.0000000000
81083  1.659  -8.105  49.242 0.0000000000
163052  1.521  -7.689  48.692 0.0000000000
79980  1.224  -8.321  48.483 0.0000000000
84420  3.076  -5.560  45.580 0.0000000000
83328  2.647  -6.040  44.839 0.0000000000
84429  3.250  -5.637  44.756 0.0000000000
85537  6.210  -4.808  42.036 0.0000000000
84459  6.396  -4.930  41.289 0.0000000000
84470  5.870  -5.586  40.830 0.0000000000
84469  6.574  -4.968  40.661 0.0000000000
90152  3.679  0.347  41.579 0.0000000000
166993  4.413  0.298  41.283 0.0000000000
90158  3.881  0.263  40.871 0.0000000000
87881  6.735  -2.787  36.627 0.0000000000
86708  7.116  -2.972  37.287 0.0000000000
86721  6.948  -3.514  36.266 0.0000000000
84520  7.151  -4.441  36.452 0.0000000000
83430  6.769  -4.958  35.729 0.0000000000
84532  6.364  -5.230  35.198 0.0000000000
84531  6.473  -4.548  35.100 0.0000000000
86761  2.993  -3.074  32.377 0.0000000000
100708  2.985  8.161  38.839 0.0000000000
181479  3.161  7.758  38.450 0.0000000000
99699  2.794  6.487  38.255 0.0000000000
161495  3.210  7.118  38.148 0.0000000000
96267  5.879  3.171  36.190 0.0000000000
95039  5.026  2.988  36.365 0.0000000000
95040  4.375  2.917  36.548 0.0000000000
95050  4.649  2.535  35.945 0.0000000000
157391  4.069  1.882  35.313 0.0000000000
93863  4.508  1.815  34.905 0.0000000000
96045  8.353  3.397  52.535 0.0000000000
97219  8.987  4.140  52.552 0.0000000000
98421  9.445  5.548  52.230 0.0000000000
96062  13.216  4.020  50.831 0.0000000000
178275  12.774  3.073  50.565 0.0000000000
164680  12.672  3.592  51.020 0.0000000000
94892  11.056  3.344  51.972 0.0000000000
93699  11.561  2.744  51.222 0.0000000000
93700  10.875  2.548  51.623 0.0000000000
92466  10.685  1.333  51.229 0.0000000000
92462  10.349  1.606  51.478 0.0000000000
91204  9.503  0.919  51.855 0.0000000000
92458  10.014  1.990  51.753 0.0000000000
94880  9.657  3.378  52.311 0.0000000000
172236  8.793  2.673  52.361 0.0000000000
167001  2.428  5.368  43.795 0.0000000000
161174  2.467  6.854  42.747 0.0000000000
100703  2.411  7.579  42.215 0.0000000000
84389  2.742  -5.947  49.874 0.0000000000
84396  2.663  -5.731  49.264 0.0000000000
86587  4.821  -3.091  49.468 0.0000000000
87742  5.293  -2.500  49.984 0.0000000000
97247  4.597  5.166  50.802 0.0000000000
97242  4.566  4.557  50.720 0.0000000000
98440  4.228  5.324  50.548 0.0000000000
98450  3.803  5.503  50.174 0.0000000000
97267  3.175  4.840  49.617 0.0000000000
98458  3.022  5.479  49.060 0.0000000000
183688  5.733  -5.276  52.321 0.0000000000
83255  5.156  -5.517  52.219 0.0000000000
83262  3.627  -6.153  51.538 0.0000000000
82148  4.055  -6.578  51.655 0.0000000000
81055  3.666  -7.229  51.110 0.0000000000
81064  3.011  -7.223  50.847 0.0000000000
81065  2.911  -7.953  50.498 0.0000000000
184805  3.109  -7.037  51.104 0.0000000000
84383  3.030  -5.914  50.423 0.0000000000
83276  2.957  -6.447  50.609 0.0000000000
83282  2.536  -6.180  49.765 0.0000000000
82167  2.307  -6.937  49.721 0.0000000000
85499  5.547  -4.013  45.054 0.0000000000
86606  6.086  -3.347  45.364 0.0000000000
87781  7.189  -1.952  44.148 0.0000000000
86628  6.862  -2.917  44.048 0.0000000000
87792  7.289  -2.391  43.275 0.0000000000
86639  7.075  -3.251  42.735 0.0000000000
91310  2.907  0.420  39.973 0.0000000000
159518  3.664  -0.092  39.444 0.0000000000
171231  3.264  0.141  39.544 0.0000000000
89026  3.944  -0.604  37.693 0.0000000000
89025  4.365  -0.737  38.088 0.0000000000
89034  4.328  -0.959  37.277 0.0000000000
87874  5.303  -1.566  36.777 0.0000000000
89043  4.737  -1.302  36.709 0.0000000000
87883  5.208  -1.793  36.071 0.0000000000
179527  4.579  -1.410  36.135 0.0000000000
89053  3.553  -0.941  35.636 0.0000000000
183531  3.837  -1.349  35.184 0.0000000000
89060  3.443  -1.130  34.892 0.0000000000
183435  3.126  -0.801  34.567 0.0000000000
96278  6.968  3.337  35.192 0.0000000000
95060  6.517  2.742  34.785 0.0000000000
93861  6.055  2.232  34.361 0.0000000000
95068  6.865  2.682  34.075 0.0000000000
87731  6.076  -2.874  52.833 0.0000000000
87734  5.872  -2.646  52.520 0.0000000000
87733  6.300  -2.105  52.701 0.0000000000
92459  6.573  1.378  52.633 0.0000000000
92463  6.088  1.237  52.269 0.0000000000
92464  5.786  1.922  52.027 0.0000000000
92460  5.954  1.879  52.169 0.0000000000
97221  7.548  3.917  52.473 0.0000000000
174557  7.056  2.951  52.534 0.0000000000
97227  6.968  4.216  52.277 0.0000000000
183369  5.923  4.675  51.764 0.0000000000
97236  5.477  4.802  51.585 0.0000000000
174746  5.499  4.318  51.613 0.0000000000
97240  5.120  5.182  51.309 0.0000000000
98426  5.196  5.666  51.178 0.0000000000
91226  13.966  1.120  47.748 0.0000000000
91222  12.960  1.037  48.988 0.0000000000
91227  13.243  0.772  48.234 0.0000000000
92470  11.872  1.870  50.423 0.0000000000
92475  12.201  1.529  50.049 0.0000000000
162420  11.669  0.186  49.712 0.0000000000
88912  11.115  -1.372  48.905 0.0000000000
87743  10.655  -2.041  49.217 0.0000000000
172552  10.477  -2.744  48.803 0.0000000000
167682  9.438  -4.792  49.119 0.0000000000
85469  8.475  -3.534  51.761 0.0000000000
82143  7.717  -4.625  51.807 0.0000000000
82144  7.274  -5.164  51.836 0.0000000000
84366  7.969  -4.100  52.415 0.0000000000
90047  8.811  -0.701  52.229 0.0000000000
88901  8.611  -1.425  52.430 0.0000000000
90048  8.418  -1.262  52.527 0.0000000000
87724  7.847  -2.183  52.846 0.0000000000
87723  8.066  -1.966  53.008 0.0000000000
85467  7.320  -3.914  52.892 0.0000000000
163462  7.181  -3.855  52.901 0.0000000000
84363  6.846  -4.353  52.840 0.0000000000
86566  6.906  -3.265  52.987 0.0000000000
87730  6.590  -2.276  52.915 0.0000000000
86570  6.282  -3.182  53.027 0.0000000000
86571  5.871  -3.559  52.871 0.0000000000
91268  3.041  1.239  45.143 0.0000000000
92546  2.386  1.594  43.933 0.0000000000
91296  2.600  1.272  43.960 0.0000000000
91302  2.542  1.200  43.357 0.0000000000
91301  2.751  0.845  42.764 0.0000000000
167079  2.345  1.511  43.181 0.0000000000
96146  2.242  3.764  43.493 0.0000000000
96158  2.253  3.644  42.823 0.0000000000
94976  2.231  2.839  41.823 0.0000000000
94962  2.209  2.902  42.617 0.0000000000
92552  2.311  1.460  41.834 0.0000000000
187728  2.317  1.360  41.226 0.0000000000
95003  2.241  2.761  39.702 0.0000000000
178287  2.245  1.993  40.046 0.0000000000
172920  2.334  3.043  38.811 0.0000000000
165817  12.214  5.725  50.509 0.0000000000
98445  11.581  5.676  50.240 0.0000000000
92542  17.223  1.482  44.814 0.0000000000
91279  16.918  0.988  44.312 0.0000000000
91262  16.519  1.209  44.999 0.0000000000
92526  16.693  1.576  45.461 0.0000000000
183796  17.580  3.885  46.045 0.0000000000
94941  18.107  3.128  45.077 0.0000000000
93729  16.208  2.453  46.883 0.0000000000
186378  16.002  2.244  46.870 0.0000000000
94907  15.339  3.287  48.653 0.0000000000
94908  14.756  3.151  49.155 0.0000000000
96070  14.917  3.800  49.301 0.0000000000
97249  14.573  5.044  49.955 0.0000000000
96060  14.130  4.698  50.314 0.0000000000
96061  13.685  4.358  50.604 0.0000000000
97243  13.711  5.032  50.627 0.0000000000
98444  12.848  5.795  50.230 0.0000000000
98429  13.152  5.574  50.708 0.0000000000
98430  12.561  5.612  50.972 0.0000000000
78774  0.693  -9.350  47.103 0.0000000000
78773  0.724  -8.832  46.610 0.0000000000
83307  1.955  -6.528  47.208 0.0000000000
83318  1.830  -6.741  46.432 0.0000000000
83317  2.290  -6.176  46.486 0.0000000000
84421  2.843  -5.673  46.259 0.0000000000
84416  3.291  -5.179  46.724 0.0000000000
85484  3.460  -4.664  48.758 0.0000000000
84404  3.080  -5.097  48.221 0.0000000000
161988  5.045  -3.398  47.853 0.0000000000
85487  4.030  -4.358  47.758 0.0000000000
86596  4.581  -4.016  47.486 0.0000000000
85491  4.687  -4.139  46.820 0.0000000000
86599  5.285  -3.713  46.471 0.0000000000
86598  5.727  -3.111  46.804 0.0000000000
88917  6.647  -1.175  47.830 0.0000000000
87758  6.712  -1.906  46.685 0.0000000000
90086  6.639  -0.387  46.216 0.0000000000
177798  6.517  -0.233  46.920 0.0000000000
88907  5.947  -1.157  51.929 0.0000000000
91215  5.730  0.626  51.151 0.0000000000
88910  6.036  -1.056  50.306 0.0000000000
91219  5.657  0.650  50.417 0.0000000000
94902  4.082  3.413  50.413 0.0000000000
93707  4.060  2.614  50.301 0.0000000000
92481  3.998  1.992  48.917 0.0000000000
92480  4.487  1.759  49.530 0.0000000000
91225  4.949  1.333  49.128 0.0000000000
170966  5.630  0.721  49.572 0.0000000000
91224  5.580  0.801  48.678 0.0000000000
91229  4.788  1.331  48.248 0.0000000000
92504  3.345  1.784  47.404 0.0000000000
92503  3.837  1.466  47.068 0.0000000000
176684  4.415  1.214  46.735 0.0000000000
91254  3.829  1.293  46.385 0.0000000000
94933  2.218  2.749  46.617 0.0000000000
93738  2.426  2.233  46.535 0.0000000000
173099  2.159  2.803  45.884 0.0000000000
97290  2.309  4.130  47.454 0.0000000000
90084  13.384  0.001  46.126 0.0000000000
90095  13.350  -0.238  45.220 0.0000000000
88928  12.715  -0.645  45.911 0.0000000000
78732  4.938  -7.880  50.169 0.0000000000
78742  5.414  -8.143  49.477 0.0000000000
79931  4.535  -7.008  51.467 0.0000000000
79941  4.559  -7.377  51.106 0.0000000000
184409  4.153  -7.468  51.036 0.0000000000
78756  0.802  -9.404  48.002 0.0000000000
174049  0.721  -9.986  47.639 0.0000000000
83345  2.566  -6.580  43.732 0.0000000000
80033  2.072  -7.820  44.197 0.0000000000
81137  2.268  -7.542  43.581 0.0000000000
178900  2.416  -7.413  43.094 0.0000000000
85521  5.107  -4.900  43.948 0.0000000000
84427  4.333  -5.208  44.219 0.0000000000
84440  4.601  -5.273  43.523 0.0000000000
156899  4.154  -6.240  41.649 0.0000000000
187269  3.601  -6.132  42.540 0.0000000000
83363  3.526  -6.425  42.119 0.0000000000
82260  2.861  -7.277  42.057 0.0000000000
166618  3.361  -6.999  41.091 0.0000000000
82282  3.901  -7.060  39.866 0.0000000000
82294  3.614  -7.521  39.383 0.0000000000
82293  4.108  -7.204  39.054 0.0000000000
185775  4.226  0.535  44.216 0.0000000000
91280  5.265  0.251  44.179 0.0000000000
90128  5.496  0.123  43.294 0.0000000000
164198  6.066  -0.299  41.735 0.0000000000
90139  6.666  -0.585  42.570 0.0000000000
88984  6.927  -0.989  41.664 0.0000000000
87807  7.509  -2.104  41.566 0.0000000000
88997  7.364  -1.594  41.265 0.0000000000
89016  4.889  -0.565  39.203 0.0000000000
89011  5.304  -0.532  39.620 0.0000000000
89015  5.713  -1.041  39.175 0.0000000000
86689  7.503  -3.183  38.463 0.0000000000
87845  7.366  -2.505  38.751 0.0000000000
86673  7.547  -3.090  39.170 0.0000000000
86662  7.549  -2.998  39.913 0.0000000000
85563  7.279  -4.556  39.311 0.0000000000
167553  6.784  -5.133  39.643 0.0000000000
84485  6.863  -5.226  39.008 0.0000000000
82322  5.477  -6.879  37.099 0.0000000000
83401  5.671  -6.623  38.277 0.0000000000
82313  4.730  -7.295  37.441 0.0000000000
82314  4.081  -7.565  37.718 0.0000000000
81231  4.214  -7.588  36.941 0.0000000000
81243  4.336  -7.528  36.137 0.0000000000
82344  4.705  -6.790  34.976 0.0000000000
82356  3.667  -6.623  33.756 0.0000000000
86742  5.102  -2.950  34.456 0.0000000000
85647  5.491  -4.442  34.179 0.0000000000
85648  5.069  -4.062  33.903 0.0000000000
84577  2.961  -4.648  32.293 0.0000000000
84576  3.619  -4.806  32.732 0.0000000000
83468  3.185  -5.552  32.567 0.0000000000
83469  2.691  -6.213  32.503 0.0000000000
173326  2.555  7.799  39.314 0.0000000000
158896  2.452  7.075  39.162 0.0000000000
98545  2.417  5.878  39.342 0.0000000000
98552  2.626  5.856  38.725 0.0000000000
97390  3.199  5.087  38.430 0.0000000000
172049  2.944  4.670  38.647 0.0000000000
96227  3.218  4.363  38.298 0.0000000000
95023  2.592  3.136  38.105 0.0000000000
96241  3.062  3.612  37.993 0.0000000000
160547  5.233  6.278  37.581 0.0000000000
98572  4.540  5.454  37.715 0.0000000000
98573  3.815  5.078  37.843 0.0000000000
97407  4.314  4.487  37.696 0.0000000000
95041  3.910  2.896  36.790 0.0000000000
95031  3.701  3.366  37.353 0.0000000000
188246  3.542  2.919  37.012 0.0000000000
95042  3.158  2.580  36.951 0.0000000000
92608  2.595  1.381  36.259 0.0000000000
93854  3.068  1.742  35.925 0.0000000000
92627  3.514  1.267  34.691 0.0000000000
92628  3.050  0.909  34.726 0.0000000000
91384  3.083  0.554  33.913 0.0000000000
164683  2.810  0.049  33.841 0.0000000000
91400  3.042  0.154  33.062 0.0000000000
92639  4.568  1.370  33.851 0.0000000000
97224  9.529  4.785  52.703 0.0000000000
98405  9.961  5.236  52.829 0.0000000000
97230  12.199  4.670  51.649 0.0000000000
94895  12.210  3.997  51.454 0.0000000000
96053  11.684  4.268  51.883 0.0000000000
94886  11.182  3.946  52.239 0.0000000000
94887  10.738  3.602  52.357 0.0000000000
96048  10.854  4.174  52.589 0.0000000000
96049  10.535  4.345  52.733 0.0000000000
78927  2.054  -9.602  36.438 0.0000000000
80147  2.354  -8.833  36.536 0.0000000000
84382  3.509  -5.321  50.796 0.0000000000
168261  3.566  -4.910  50.285 0.0000000000
86581  4.543  -3.706  50.716 0.0000000000
85468  5.336  -4.622  52.566 0.0000000000
83256  4.578  -5.802  52.092 0.0000000000
84374  4.717  -5.186  52.288 0.0000000000
84375  4.190  -5.601  51.992 0.0000000000
83269  3.735  -5.739  51.515 0.0000000000
83270  3.103  -6.445  50.880 0.0000000000
88930  6.880  -1.266  46.001 0.0000000000
87771  6.909  -1.889  45.436 0.0000000000
88940  6.959  -1.088  45.152 0.0000000000
88948  6.996  -1.028  44.309 0.0000000000
90169  3.427  -0.077  38.980 0.0000000000
90175  3.060  0.053  38.360 0.0000000000
90174  3.445  -0.332  37.655 0.0000000000
89035  3.816  -0.703  37.088 0.0000000000
90178  3.252  -0.374  36.903 0.0000000000
90186  3.164  -0.412  36.108 0.0000000000
90196  2.789  0.067  35.741 0.0000000000
88900  7.005  -1.294  53.004 0.0000000000
91203  6.896  -0.090  52.977 0.0000000000
182795  7.056  0.985  53.066 0.0000000000
93695  6.708  1.767  52.617 0.0000000000
97234  6.385  4.744  51.908 0.0000000000
159930  5.874  5.450  51.463 0.0000000000
98425  5.407  5.804  51.242 0.0000000000
157461  6.028  5.697  51.074 0.0000000000
93714  14.371  2.050  48.649 0.0000000000
91214  11.082  0.871  50.870 0.0000000000
90055  11.063  0.427  50.673 0.0000000000
87740  10.307  -2.043  49.930 0.0000000000
86576  8.877  -2.850  51.719 0.0000000000
86573  8.733  -3.066  52.424 0.0000000000
164570  7.834  0.020  52.615 0.0000000000
90042  7.938  -0.967  52.788 0.0000000000
90043  7.903  -1.082  52.839 0.0000000000
88898  7.776  -1.177  52.913 0.0000000000
174949  7.708  -1.501  52.908 0.0000000000
87725  7.291  -2.354  52.989 0.0000000000
88899  7.290  -1.184  53.009 0.0000000000
92543  2.563  1.506  44.999 0.0000000000
93758  2.246  2.138  44.978 0.0000000000
93766  2.247  2.093  44.252 0.0000000000
170393  2.197  2.461  43.831 0.0000000000
188258  2.308  4.677  42.626 0.0000000000
180506  2.288  4.297  42.296 0.0000000000
182782  2.249  2.857  41.098 0.0000000000
188699  2.282  3.943  40.411 0.0000000000
96197  2.340  4.234  39.681 0.0000000000
96100  17.165  3.524  46.370 0.0000000000
94924  15.957  2.795  47.434 0.0000000000
96073  15.793  3.705  48.313 0.0000000000
98428  13.655  5.498  50.531 0.0000000000
79997  0.833  -8.263  46.814 0.0000000000
81102  1.153  -7.656  47.169 0.0000000000
175402  2.398  -5.979  47.239 0.0000000000
86588  4.400  -3.759  48.982 0.0000000000
86594  5.544  -3.030  47.447 0.0000000000
87751  6.188  -2.449  47.283 0.0000000000
87747  6.392  -1.919  48.015 0.0000000000
178815  5.880  0.927  51.959 0.0000000000
91211  5.872  0.633  51.782 0.0000000000
91216  5.453  1.264  51.096 0.0000000000
92476  4.890  1.820  50.730 0.0000000000
186163  3.385  3.087  49.683 0.0000000000
93712  3.530  2.760  49.742 0.0000000000
93711  3.393  2.444  49.042 0.0000000000
92489  3.614  1.933  48.190 0.0000000000
92490  3.249  2.024  47.848 0.0000000000
93723  3.158  1.889  47.397 0.0000000000
186695  2.944  1.820  46.899 0.0000000000
181505  2.624  2.203  47.098 0.0000000000
94925  2.434  2.506  47.202 0.0000000000
96092  2.198  3.378  46.979 0.0000000000
88929  12.150  -0.981  46.395 0.0000000000
79938  6.422  -6.733  50.601 0.0000000000
79950  6.091  -7.185  50.212 0.0000000000
79951  5.427  -7.423  50.483 0.0000000000
185539  4.953  -7.552  50.630 0.0000000000
79942  3.953  -8.096  50.718 0.0000000000
81076  2.067  -8.121  49.751 0.0000000000
79958  1.618  -8.942  49.471 0.0000000000
79968  1.037  -9.129  48.629 0.0000000000
79981  0.912  -8.764  47.986 0.0000000000
82229  2.018  -7.141  44.596 0.0000000000
82215  2.186  -6.641  44.902 0.0000000000
83336  2.457  -6.428  44.306 0.0000000000
84439  5.222  -5.041  43.175 0.0000000000
185013  5.388  -5.264  42.423 0.0000000000
84461  4.755  -5.792  42.017 0.0000000000
83370  4.209  -6.537  40.931 0.0000000000
83369  4.919  -6.051  41.162 0.0000000000
159837  4.734  -6.453  40.474 0.0000000000
161715  5.297  -6.315  40.039 0.0000000000
91299  3.926  0.427  42.757 0.0000000000
90141  4.813  0.298  42.618 0.0000000000
90151  5.098  0.211  41.836 0.0000000000
90155  6.273  -0.630  40.809 0.0000000000
87861  6.220  -1.781  37.763 0.0000000000
157189  6.817  -2.322  37.706 0.0000000000
86707  7.406  -3.278  37.873 0.0000000000
85575  7.504  -3.872  38.173 0.0000000000
84496  6.946  -5.289  38.136 0.0000000000
84508  7.144  -4.953  37.222 0.0000000000
83420  6.261  -6.297  36.766 0.0000000000
82332  5.641  -6.674  36.231 0.0000000000
181003  5.646  -6.325  35.514 0.0000000000
83432  5.256  -6.290  34.984 0.0000000000
83443  5.418  -5.669  34.415 0.0000000000
86752  4.116  -3.205  33.358 0.0000000000
85649  4.570  -4.029  33.488 0.0000000000
86760  3.555  -3.372  32.767 0.0000000000
85660  3.280  -3.942  32.471 0.0000000000
100709  2.664  7.545  38.899 0.0000000000
100716  2.556  6.806  38.630 0.0000000000
99700  2.608  6.265  38.499 0.0000000000
167536  3.375  5.377  38.189 0.0000000000
97425  5.907  4.326  37.141 0.0000000000
96238  4.974  4.015  37.298 0.0000000000
189001  4.337  3.770  37.366 0.0000000000
96253  4.681  3.365  36.957 0.0000000000
165338  3.956  2.192  35.835 0.0000000000
93853  3.603  1.954  35.719 0.0000000000
93864  3.791  1.585  35.049 0.0000000000
92626  3.872  1.359  34.476 0.0000000000
173941  7.626  2.036  52.608 0.0000000000
93693  7.104  1.325  52.831 0.0000000000
94883  7.787  2.704  52.557 0.0000000000
97220  8.222  3.962  52.537 0.0000000000
97226  7.838  4.468  52.394 0.0000000000
98406  9.297  5.150  52.570 0.0000000000
162302  8.206  5.241  52.048 0.0000000000
93705  13.378  3.122  50.353 0.0000000000
93706  12.973  2.549  50.106 0.0000000000
92469  12.263  2.559  50.401 0.0000000000
92465  11.677  2.313  50.793 0.0000000000
94896  11.967  3.380  51.285 0.0000000000
176010  11.246  1.472  50.879 0.0000000000
91210  10.673  0.864  51.159 0.0000000000
90050  9.426  -0.125  51.822 0.0000000000
182199  9.275  0.124  51.907 0.0000000000
161701  8.839  0.627  52.160 0.0000000000
93691  9.656  2.306  51.973 0.0000000000
181579  8.959  1.511  52.215 0.0000000000
92453  8.249  0.545  52.360 0.0000000000
93692  8.332  1.578  52.411 0.0000000000
173351  7.590  1.295  52.666 0.0000000000
177630  2.295  4.513  44.201 0.0000000000
185882  2.232  3.934  44.005 0.0000000000
162947  2.365  5.123  42.992 0.0000000000
99660  2.665  7.011  43.375 0.0000000000
98529  2.324  5.864  41.427 0.0000000000
83289  2.068  -6.741  48.966 0.0000000000
83295  2.284  -6.139  48.708 0.0000000000
84395  3.037  -5.163  49.036 0.0000000000
85480  3.881  -4.214  49.301 0.0000000000
94897  4.799  3.580  50.974 0.0000000000
94901  4.462  3.212  50.747 0.0000000000
94898  4.429  3.657  50.705 0.0000000000
96059  4.307  4.024  50.545 0.0000000000
96063  3.856  3.898  50.189 0.0000000000
97256  3.705  4.531  50.136 0.0000000000
96067  3.414  3.672  49.845 0.0000000000
96068  2.949  3.480  49.309 0.0000000000
97279  2.411  4.080  48.328 0.0000000000
82136  5.843  -5.772  52.126 0.0000000000
173589  5.306  -6.392  51.885 0.0000000000
81044  5.271  -6.069  52.029 0.0000000000
81045  4.799  -6.740  52.251 0.0000000000
81053  4.429  -6.685  51.652 0.0000000000
82138  4.331  -6.250  51.880 0.0000000000
82147  4.051  -6.645  51.755 0.0000000000
81054  4.088  -7.168  51.455 0.0000000000
79933  3.875  -7.467  50.986 0.0000000000
79944  2.963  -8.618  50.397 0.0000000000
81070  2.382  -7.947  50.005 0.0000000000
82156  2.886  -6.982  50.623 0.0000000000
82161  2.479  -7.405  50.138 0.0000000000
85500  4.935  -4.496  45.469 0.0000000000
85511  4.370  -4.954  45.072 0.0000000000
85509  5.690  -4.273  44.321 0.0000000000
86618  6.781  -2.570  44.880 0.0000000000
86629  6.408  -3.774  43.876 0.0000000000
85519  6.544  -3.946  43.138 0.0000000000
85528  6.698  -4.058  42.377 0.0000000000
86646  7.217  -3.390  41.931 0.0000000000
159953  3.534  0.209  40.474 0.0000000000
159680  4.036  0.144  40.289 0.0000000000
90164  3.862  0.021  39.874 0.0000000000
90167  4.227  -0.266  39.306 0.0000000000
89017  4.600  -0.626  38.733 0.0000000000
89024  5.038  -1.061  38.227 0.0000000000
87873  5.742  -1.664  37.229 0.0000000000
87882  5.981  -2.124  36.491 0.0000000000
86722  6.398  -2.846  36.011 0.0000000000
85618  6.355  -3.758  35.162 0.0000000000
86734  6.081  -3.003  35.415 0.0000000000
86735  5.358  -2.438  35.219 0.0000000000
87898  4.659  -2.262  34.764 0.0000000000
89052  4.111  -1.282  35.790 0.0000000000
89059  4.198  -1.732  35.027 0.0000000000
87899  4.162  -2.162  34.413 0.0000000000
87906  3.892  -2.409  33.771 0.0000000000
87907  3.425  -2.025  33.513 0.0000000000
87908  3.043  -1.589  33.145 0.0000000000
95048  6.216  2.881  35.509 0.0000000000
93862  5.180  1.939  34.557 0.0000000000
157479  6.489  2.177  33.698 0.0000000000
81222  3.142  -8.431  38.400 0.0000000000
86575  5.061  -3.893  52.159 0.0000000000
86577  5.168  -3.349  51.971 0.0000000000
88905  5.997  -2.039  52.292 0.0000000000
90051  6.460  -0.328  52.639 0.0000000000
172152  5.950  0.392  52.112 0.0000000000
91209  5.905  1.210  52.073 0.0000000000
170376  5.280  2.873  51.476 0.0000000000
93694  7.162  1.485  52.864 0.0000000000
94885  6.863  2.257  52.579 0.0000000000
94889  6.440  2.592  52.365 0.0000000000
97228  6.287  4.197  52.052 0.0000000000
96051  6.235  3.467  52.100 0.0000000000
94890  6.049  3.020  52.053 0.0000000000
94893  5.636  3.095  51.734 0.0000000000
96054  5.368  3.918  51.470 0.0000000000
94894  5.165  3.440  51.271 0.0000000000
97241  4.862  4.812  51.048 0.0000000000
91237  14.863  1.180  46.649 0.0000000000
91249  14.587  0.793  46.189 0.0000000000
91238  14.163  0.827  46.918 0.0000000000
91251  13.528  0.308  46.738 0.0000000000
88918  11.855  -1.051  47.185 0.0000000000
87749  11.305  -1.877  47.174 0.0000000000
92474  12.799  1.911  49.784 0.0000000000
91217  12.580  1.285  49.579 0.0000000000
91223  12.306  0.627  49.352 0.0000000000
90057  11.464  0.460  50.233 0.0000000000
90060  11.943  -0.043  49.018 0.0000000000
88911  11.606  -0.721  48.593 0.0000000000
88916  11.353  -1.430  47.994 0.0000000000
171113  11.077  -2.225  47.769 0.0000000000
86586  10.134  -3.235  49.237 0.0000000000
82153  7.985  -5.425  50.637 0.0000000000
82155  7.060  -5.615  51.461 0.0000000000
82145  7.082  -5.564  51.909 0.0000000000
82134  6.572  -5.343  52.298 0.0000000000
88903  9.035  -1.301  52.143 0.0000000000
87727  8.983  -2.162  52.350 0.0000000000
86568  8.384  -2.779  52.694 0.0000000000
88897  8.256  -1.555  52.698 0.0000000000
87729  8.202  -2.762  53.051 0.0000000000
167460  8.240  -3.194  52.681 0.0000000000
170797  7.460  -4.205  52.699 0.0000000000
83252  6.960  -4.855  52.583 0.0000000000
83253  6.597  -5.078  52.466 0.0000000000
83254  5.845  -5.255  52.534 0.0000000000
84369  6.081  -4.816  52.565 0.0000000000
84365  6.010  -4.422  52.789 0.0000000000
169630  6.387  -3.505  53.034 0.0000000000
86567  6.069  -3.789  52.994 0.0000000000
85464  5.826  -4.239  52.824 0.0000000000
85470  5.411  -4.008  52.601 0.0000000000
91266  4.534  0.779  45.361 0.0000000000
91265  5.441  0.354  45.056 0.0000000000
178184  4.077  0.729  44.810 0.0000000000
91294  3.626  0.562  43.564 0.0000000000
91283  2.880  1.164  44.451 0.0000000000
91300  3.244  0.611  42.809 0.0000000000
186207  3.074  0.586  42.001 0.0000000000
183386  2.194  2.324  43.136 0.0000000000
187252  2.218  1.817  42.976 0.0000000000
92549  2.319  1.491  42.521 0.0000000000
91305  2.465  1.049  41.996 0.0000000000
169378  2.736  0.668  41.417 0.0000000000
91307  3.050  0.422  40.617 0.0000000000
168826  2.635  0.668  40.697 0.0000000000
92567  2.518  0.722  40.116 0.0000000000
94990  2.250  2.428  40.578 0.0000000000
174573  2.312  1.251  39.965 0.0000000000
188534  2.416  0.829  39.705 0.0000000000
92578  2.335  1.069  39.119 0.0000000000
93829  2.243  1.800  38.369 0.0000000000
98419  11.357  5.572  52.060 0.0000000000
98432  10.798  5.678  51.467 0.0000000000
98446  10.933  5.684  50.591 0.0000000000
97251  10.959  5.546  49.926 0.0000000000
91248  15.404  1.207  46.051 0.0000000000
172145  17.477  2.000  45.123 0.0000000000
93736  17.172  2.173  45.570 0.0000000000
93737  16.734  2.489  46.306 0.0000000000
92511  16.771  1.983  45.844 0.0000000000
180735  16.420  1.749  45.965 0.0000000000
92513  15.302  1.569  46.777 0.0000000000
93713  15.477  2.702  48.011 0.0000000000
93722  14.953  2.401  48.326 0.0000000000
182128  14.589  2.601  48.973 0.0000000000
93709  14.245  2.935  49.568 0.0000000000
162161  15.730  4.595  48.668 0.0000000000
96064  15.102  4.630  49.396 0.0000000000
94904  13.904  3.311  50.086 0.0000000000
94899  13.582  3.691  50.502 0.0000000000
97244  13.261  5.265  50.890 0.0000000000
97238  12.760  4.979  51.216 0.0000000000
98418  12.113  5.451  51.609 0.0000000000
81109  1.171  -7.720  46.384 0.0000000000
82205  1.545  -7.211  46.015 0.0000000000
84415  3.655  -5.046  46.134 0.0000000000
84412  2.714  -5.556  47.698 0.0000000000
84411  3.169  -5.126  47.475 0.0000000000
85493  3.676  -4.772  47.304 0.0000000000
85497  3.814  -4.825  46.764 0.0000000000
85496  4.246  -4.637  46.488 0.0000000000
162711  5.901  -3.247  46.098 0.0000000000
87772  6.711  -2.084  46.050 0.0000000000
162026  5.292  -2.533  50.749 0.0000000000
88908  5.881  -1.095  51.220 0.0000000000
87741  5.717  -1.886  50.611 0.0000000000
93704  4.581  2.679  50.870 0.0000000000
92472  4.640  2.255  50.742 0.0000000000
184736  4.760  1.739  50.242 0.0000000000
90065  6.130  0.173  48.182 0.0000000000
90073  6.117  0.258  47.317 0.0000000000
91240  5.290  0.811  46.812 0.0000000000
157638  3.951  1.105  45.784 0.0000000000
92528  3.268  1.348  45.913 0.0000000000
92529  2.662  1.564  45.690 0.0000000000
92516  2.484  1.882  46.106 0.0000000000
93748  2.267  2.237  45.768 0.0000000000
96078  2.297  3.358  47.782 0.0000000000
98483  2.423  4.990  46.228 0.0000000000
97327  2.312  4.482  44.912 0.0000000000
172536  10.259  5.655  50.866 0.0000000000
90094  14.050  0.362  45.680 0.0000000000
90107  13.041  -0.684  44.489 0.0000000000
88938  12.581  -0.962  45.103 0.0000000000
79930  5.208  -6.915  51.534 0.0000000000
78723  4.509  -7.698  50.748 0.0000000000
78733  4.137  -8.288  50.282 0.0000000000
81126  1.886  -7.609  44.713 0.0000000000
84428  3.818  -5.302  44.692 0.0000000000
84441  3.614  -5.687  44.104 0.0000000000
167032  2.923  -6.316  43.414 0.0000000000
83355  3.222  -6.282  42.830 0.0000000000
82238  2.753  -6.709  43.108 0.0000000000
82250  2.608  -7.146  42.778 0.0000000000
81150  2.562  -7.640  42.529 0.0000000000
82268  3.711  -6.908  40.606 0.0000000000
81221  3.286  -8.069  38.186 0.0000000000
90127  6.167  -0.135  43.830 0.0000000000
90126  6.806  -0.641  43.507 0.0000000000
88968  7.146  -1.030  42.948 0.0000000000
86654  7.491  -2.761  41.418 0.0000000000
86655  7.323  -3.562  41.157 0.0000000000
90157  4.577  0.159  40.544 0.0000000000
90162  5.354  -0.221  40.244 0.0000000000
89009  6.810  -1.249  40.270 0.0000000000
87846  7.053  -1.916  39.132 0.0000000000
87830  7.248  -1.763  39.848 0.0000000000
89008  7.337  -1.671  40.567 0.0000000000
180113  7.494  -2.277  40.221 0.0000000000
85545  7.388  -3.689  40.392 0.0000000000
85546  6.986  -4.329  40.878 0.0000000000
84475  6.415  -5.366  40.189 0.0000000000
83389  6.119  -5.919  39.574 0.0000000000
83391  5.304  -6.508  39.503 0.0000000000
83400  6.303  -6.150  38.215 0.0000000000
83390  5.710  -6.461  38.893 0.0000000000
82292  4.863  -6.829  39.036 0.0000000000
82304  3.962  -7.526  38.351 0.0000000000
81220  3.576  -7.807  37.955 0.0000000000
81234  3.005  -8.474  37.703 0.0000000000
81245  3.111  -8.002  36.750 0.0000000000
81256  2.608  -8.264  36.267 0.0000000000
85634  5.965  -4.122  34.627 0.0000000000
83455  5.374  -5.079  34.113 0.0000000000
184703  4.835  -5.536  33.772 0.0000000000
84561  4.337  -4.822  33.295 0.0000000000
83457  3.213  -6.384  33.057 0.0000000000
101645  2.400  8.277  41.758 0.0000000000
161191  2.377  7.540  41.213 0.0000000000
162104  2.433  7.501  40.045 0.0000000000
98539  2.342  5.863  40.331 0.0000000000
97358  2.359  5.236  39.946 0.0000000000
171822  2.386  4.843  39.604 0.0000000000
96212  2.594  4.828  39.041 0.0000000000
97376  2.878  5.312  38.714 0.0000000000
184324  2.569  4.304  38.953 0.0000000000
93837  2.403  2.462  37.784 0.0000000000
97388  3.494  5.239  38.024 0.0000000000
96239  3.899  3.901  37.603 0.0000000000
96240  3.501  3.988  37.882 0.0000000000
164708  2.593  2.251  37.194 0.0000000000
92599  2.388  1.559  36.930 0.0000000000
91341  2.363  0.858  36.739 0.0000000000
91354  2.572  0.688  36.026 0.0000000000
91368  2.750  0.564  35.270 0.0000000000
170739  2.769  0.029  35.071 0.0000000000
89061  2.943  -0.648  33.951 0.0000000000
89068  2.969  -1.031  33.448 0.0000000000
87915  2.690  -1.640  32.295 0.0000000000
93873  4.679  1.644  34.347 0.0000000000
92640  3.963  1.191  33.912 0.0000000000
90237  2.822  -0.458  32.392 0.0000000000
87923  2.412  -1.568  31.474 0.0000000000
81051  5.558  -6.064  52.028 0.0000000000
81062  6.100  -6.334  51.417 0.0000000000
81125  2.143  -7.340  44.105 0.0000000000
81233  3.182  -8.078  37.485 0.0000000000
82135  6.251  -5.498  52.243 0.0000000000
82137  4.847  -6.022  52.026 0.0000000000
82146  6.021  -5.744  52.154 0.0000000000
82160  7.802  -5.882  50.320 0.0000000000
82312  5.236  -6.918  37.907 0.0000000000
83247  6.511  -4.748  52.635 0.0000000000
83251  7.315  -4.616  52.556 0.0000000000
83260  7.780  -4.933  52.067 0.0000000000
83343  3.366  -5.970  43.437 0.0000000000
83354  3.759  -5.912  42.896 0.0000000000
83362  4.029  -6.001  42.338 0.0000000000
83411  5.982  -6.503  37.629 0.0000000000
83419  6.841  -5.415  36.524 0.0000000000
83444  4.812  -6.210  34.386 0.0000000000
84362  6.997  -4.245  52.945 0.0000000000
84364  6.364  -4.370  52.863 0.0000000000
84367  7.136  -4.454  52.773 0.0000000000
84370  4.903  -5.282  52.288 0.0000000000
84371  4.471  -5.619  52.166 0.0000000000
84373  8.022  -4.125  51.917 0.0000000000
84419  3.711  -5.175  45.332 0.0000000000
84495  7.411  -4.486  37.772 0.0000000000
85461  7.739  -3.437  52.804 0.0000000000
85462  6.626  -3.933  52.943 0.0000000000
85466  7.878  -3.643  52.683 0.0000000000
85553  7.483  -3.787  39.628 0.0000000000
85576  7.360  -4.580  38.549 0.0000000000
85589  7.415  -3.757  37.501 0.0000000000
85590  7.230  -3.693  36.882 0.0000000000
85635  5.417  -3.706  34.249 0.0000000000
86564  7.815  -2.728  53.010 0.0000000000
86690  7.254  -2.673  38.044 0.0000000000
86733  6.584  -3.453  35.670 0.0000000000
86743  4.456  -2.703  34.067 0.0000000000
87726  6.941  -2.032  52.943 0.0000000000
87732  8.908  -2.351  52.591 0.0000000000
87791  7.395  -1.633  42.734 0.0000000000
88983  7.423  -1.615  41.975 0.0000000000
89014  6.611  -1.379  39.530 0.0000000000
89022  6.446  -1.516  38.898 0.0000000000
89023  5.818  -1.376  38.419 0.0000000000
89032  5.527  -1.402  37.820 0.0000000000
90049  6.889  -0.544  52.935 0.0000000000
90142  4.188  0.366  42.018 0.0000000000
90207  2.849  -0.260  34.539 0.0000000000
90221  2.894  -0.439  33.220 0.0000000000
91198  8.288  -0.276  52.397 0.0000000000
91199  7.890  -0.776  52.751 0.0000000000
91200  7.658  -0.317  52.872 0.0000000000
91201  7.681  0.000  52.964 0.0000000000
91205  8.958  -0.246  52.085 0.0000000000
91314  2.608  0.592  39.510 0.0000000000
92467  5.394  1.823  51.610 0.0000000000
92544  2.355  1.742  44.701 0.0000000000
93708  3.882  2.989  50.187 0.0000000000
93813  2.276  1.626  40.695 0.0000000000
93852  4.344  2.171  35.570 0.0000000000
93874  4.277  1.504  34.382 0.0000000000
94879  10.413  3.853  52.512 0.0000000000
94884  7.267  2.224  52.664 0.0000000000
95049  5.375  2.604  35.753 0.0000000000
95052  3.658  2.466  36.406 0.0000000000
96044  10.000  4.089  52.615 0.0000000000
96047  6.640  2.932  52.393 0.0000000000
96055  4.997  4.113  51.150 0.0000000000
97218  9.619  4.317  52.667 0.0000000000
97229  5.845  4.243  51.797 0.0000000000
97268  2.710  4.100  49.059 0.0000000000
98443  13.519  5.785  50.246 0.0000000000
98559  3.658  5.737  37.801 0.0000000000
162443  5.898  -5.760  35.029 0.0000000000
171671  7.791  -1.387  52.973 0.0000000000
172836  9.009  -1.793  52.100 0.0000000000
173997  2.261  1.705  37.612 0.0000000000
174081  8.099  2.076  52.507 0.0000000000
174249  6.776  0.687  52.871 0.0000000000
176504  6.712  -6.333  50.903 0.0000000000
176776  2.491  1.142  42.664 0.0000000000
177154  7.532  -2.901  40.667 0.0000000000
177959  7.144  3.588  52.482 0.0000000000
178639  3.467  0.982  34.047 0.0000000000
178745  5.296  -6.094  40.556 0.0000000000
179609  1.584  -7.820  45.202 0.0000000000
179864  11.439  3.154  51.573 0.0000000000
180149  7.698  -5.110  51.227 0.0000000000
181113  9.214  5.601  51.539 0.0000000000
185358  2.293  4.635  41.772 0.0000000000
185584  11.694  4.666  51.969 0.0000000000
185595  10.455  -0.657  50.701 0.0000000000
186554  7.352  -1.761  52.970 0.0000000000
186961  7.034  -3.255  36.763 0.0000000000
189012  4.566  -7.202  38.311 0.0000000000
