#!ascii label  , from subject sub-v2s2x29094_ses-1 vox2ras=TkReg
1080
22405  -43.223  -59.473  -28.073 0.5000000000
22404  -41.875  -59.446  -28.133 0.8000000119
23276  -40.523  -58.043  -27.949 0.8000000119
158873  -41.274  -58.711  -28.093 0.8000000119
184569  -41.846  -58.302  -28.122 0.8000000119
21574  -44.769  -60.405  -27.589 0.5000000000
167093  -42.359  -60.170  -28.177 0.5000000000
162817  -42.300  -58.758  -28.112 0.6000000238
163874  -40.142  -56.501  -27.707 0.6999999881
24229  -40.735  -57.155  -27.984 0.6999999881
24231  -42.173  -57.231  -28.343 0.8000000119
24233  -43.175  -57.547  -28.289 0.6999999881
160361  -45.418  -60.190  -26.776 0.6000000238
171108  -44.405  -59.829  -27.742 0.5000000000
23283  -45.132  -58.251  -27.620 0.6000000238
25158  -37.721  -56.106  -27.532 0.6999999881
22407  -43.441  -58.651  -28.042 0.6000000238
24235  -45.195  -57.826  -27.823 0.6000000238
26056  -39.638  -54.960  -27.418 0.6999999881
163875  -39.276  -56.631  -27.553 0.6999999881
24230  -41.425  -56.958  -28.199 0.6999999881
23281  -43.526  -58.117  -28.099 0.6000000238
25167  -45.254  -56.564  -28.498 0.6000000238
25166  -43.604  -56.407  -28.719 0.8000000119
178512  -44.501  -56.730  -28.535 0.6999999881
22392  -45.036  -58.556  -26.362 0.4000000060
23280  -45.639  -58.200  -27.266 0.6000000238
26948  -38.865  -54.164  -27.596 0.6999999881
25163  -45.952  -56.833  -27.807 0.6000000238
26949  -39.801  -54.127  -27.500 0.6999999881
25160  -40.366  -55.679  -27.588 0.6999999881
154020  -41.258  -55.477  -28.007 0.6999999881
25165  -42.026  -55.573  -28.471 0.6999999881
168904  -42.678  -55.987  -28.725 0.6000000238
170806  -44.350  -56.104  -28.876 0.6999999881
27844  -46.539  -53.944  -29.542 0.5000000000
181027  -42.536  -54.602  -28.498 0.6000000238
167713  -43.178  -54.814  -28.870 0.6000000238
26956  -44.548  -54.432  -29.245 0.6000000238
27843  -45.468  -53.662  -29.547 0.6000000238
172444  -44.818  -53.889  -29.323 0.6000000238
166088  -46.025  -53.024  -29.729 0.5000000000
24221  -45.055  -57.350  -26.150 0.4000000060
23267  -45.600  -57.914  -26.692 0.5000000000
175971  -37.809  -53.417  -27.643 0.6999999881
25155  -45.921  -56.959  -26.830 0.6000000238
177307  -46.115  -56.434  -27.092 0.6000000238
26950  -40.667  -54.093  -27.521 0.6999999881
26058  -46.595  -55.304  -28.080 0.6000000238
26951  -41.450  -54.090  -27.753 0.6999999881
26952  -46.903  -54.655  -28.279 0.5000000000
27840  -47.175  -54.095  -28.742 0.6000000238
26953  -42.169  -54.065  -28.114 0.6999999881
163577  -44.128  -53.668  -29.011 0.6000000238
28719  -47.384  -52.556  -29.799 0.5000000000
28717  -47.952  -52.988  -28.881 0.5000000000
160812  -44.580  -53.183  -29.184 0.5000000000
27814  -37.466  -53.546  -25.197 0.6000000238
28699  -37.842  -52.692  -25.910 0.6000000238
24220  -44.148  -57.363  -25.776 0.5000000000
163702  -44.838  -56.082  -25.845 0.5000000000
28707  -38.213  -52.407  -27.465 0.6999999881
26944  -37.221  -54.291  -26.886 0.6999999881
25151  -45.265  -56.770  -26.136 0.5000000000
26945  -46.065  -54.967  -26.228 0.5000000000
26943  -46.222  -54.134  -26.127 0.4000000060
27831  -38.270  -53.405  -27.754 0.6999999881
27833  -40.029  -53.382  -27.589 0.6999999881
27834  -40.913  -53.387  -27.518 0.6999999881
27830  -46.904  -53.777  -26.536 0.5000000000
27835  -41.723  -53.398  -27.721 0.6999999881
27838  -42.472  -53.375  -28.097 0.6000000238
27841  -47.651  -53.545  -28.185 0.5000000000
27839  -43.907  -52.978  -28.824 0.6000000238
29622  -48.411  -52.390  -28.225 0.5000000000
29627  -44.196  -52.313  -28.913 0.5000000000
29631  -45.600  -52.014  -29.593 0.5000000000
29632  -46.528  -51.833  -29.902 0.5000000000
29629  -48.579  -51.725  -29.852 0.5000000000
29633  -47.580  -51.714  -30.086 0.5000000000
30554  -49.464  -50.774  -29.481 0.3000000119
26941  -44.882  -54.191  -25.621 0.3000000119
28678  -37.190  -52.936  -23.872 0.6000000238
28689  -37.458  -52.990  -24.621 0.6000000238
27825  -45.429  -53.593  -25.704 0.4000000060
29617  -38.668  -51.745  -27.616 0.6000000238
27827  -46.949  -52.982  -26.343 0.5000000000
170253  -39.800  -52.030  -27.794 0.6999999881
29619  -40.803  -51.992  -27.650 0.6999999881
27837  -47.501  -53.334  -26.979 0.5000000000
29625  -42.899  -51.939  -28.032 0.5000000000
28712  -48.011  -52.843  -27.537 0.5000000000
28715  -43.429  -52.473  -28.451 0.5000000000
30548  -48.892  -51.317  -28.210 0.4000000060
29623  -48.743  -51.919  -28.845 0.3000000119
30549  -49.502  -50.285  -28.612 0.4000000060
30558  -48.208  -51.013  -30.331 0.5000000000
30559  -49.027  -51.097  -30.020 0.4000000060
29588  -37.506  -51.693  -24.287 0.6000000238
29598  -37.926  -51.577  -25.013 0.6000000238
29608  -38.123  -51.841  -25.880 0.6000000238
29613  -38.744  -51.188  -27.102 0.6000000238
167763  -39.240  -50.927  -27.141 0.6000000238
28705  -46.912  -52.340  -26.281 0.3000000119
28706  -47.473  -52.536  -26.696 0.4000000060
176238  -40.241  -51.413  -27.720 0.6000000238
30540  -47.515  -51.103  -26.716 0.3000000119
183706  -41.030  -51.471  -27.641 0.6000000238
184266  -41.569  -52.239  -27.583 0.6999999881
31547  -47.831  -50.297  -26.901 0.3000000119
29615  -48.003  -51.937  -27.135 0.3000000119
29621  -42.333  -51.513  -27.755 0.6000000238
32559  -48.533  -48.982  -27.130 0.3000000119
30541  -48.263  -51.132  -27.367 0.3000000119
31553  -43.869  -50.263  -28.347 0.5000000000
30550  -43.019  -51.238  -28.067 0.5000000000
29626  -43.569  -51.703  -28.444 0.5000000000
32561  -49.964  -48.739  -28.305 0.3000000119
159152  -49.098  -49.689  -27.742 0.3000000119
30555  -44.885  -51.221  -29.246 0.5000000000
30556  -45.662  -51.103  -29.594 0.5000000000
32568  -50.317  -49.110  -29.354 0.3000000119
30552  -44.963  -50.442  -29.267 0.5000000000
32570  -49.700  -49.864  -30.512 0.4000000060
32571  -50.143  -49.284  -30.239 0.3000000119
168543  -37.502  -51.010  -24.081 0.5000000000
29589  -37.850  -50.993  -24.651 0.6000000238
30517  -38.700  -50.352  -25.650 0.5000000000
182462  -40.328  -51.114  -27.602 0.6000000238
30537  -41.109  -50.601  -27.079 0.5000000000
167832  -48.638  -47.648  -27.102 0.3000000119
30544  -40.941  -51.090  -27.545 0.6000000238
34643  -49.545  -46.837  -27.619 0.3000000119
33592  -49.136  -48.296  -27.488 0.3000000119
30546  -42.460  -50.910  -27.677 0.6000000238
164774  -44.322  -50.669  -28.837 0.5000000000
32565  -46.747  -49.240  -29.675 0.5000000000
32567  -48.508  -49.701  -30.621 0.4000000060
161044  -48.309  -48.992  -30.436 0.4000000060
30516  -38.204  -50.338  -24.886 0.5000000000
31524  -39.301  -49.854  -25.369 0.5000000000
31536  -39.489  -50.166  -25.965 0.5000000000
30529  -39.049  -50.699  -26.481 0.5000000000
156066  -40.236  -50.083  -26.072 0.5000000000
35694  -48.192  -46.245  -26.652 0.3000000119
169487  -48.624  -46.947  -27.021 0.3000000119
31549  -42.657  -50.096  -27.242 0.6000000238
31550  -43.528  -49.907  -27.684 0.6000000238
31551  -44.183  -49.642  -28.039 0.5000000000
172386  -45.179  -49.753  -29.019 0.5000000000
33601  -50.647  -48.570  -30.077 0.4000000060
34652  -49.716  -47.368  -30.843 0.4000000060
155699  -39.588  -49.418  -24.924 0.5000000000
32544  -40.705  -49.135  -25.265 0.5000000000
161129  -41.273  -49.040  -25.541 0.5000000000
169088  -47.433  -44.967  -26.354 0.4000000060
37658  -47.470  -44.135  -26.632 0.4000000060
30538  -41.643  -50.031  -26.641 0.5000000000
182708  -42.873  -49.561  -26.805 0.5000000000
36657  -48.458  -45.532  -26.942 0.4000000060
36658  -49.246  -45.517  -27.455 0.3000000119
175440  -42.988  -49.069  -26.538 0.4000000060
35703  -49.799  -46.152  -27.758 0.3000000119
32556  -43.889  -49.238  -27.378 0.5000000000
32557  -44.503  -48.997  -27.660 0.4000000060
32562  -44.796  -49.348  -28.349 0.4000000060
34651  -48.887  -47.789  -30.546 0.4000000060
32530  -39.882  -48.877  -24.557 0.5000000000
32531  -40.489  -48.664  -24.795 0.5000000000
171292  -41.740  -48.597  -25.573 0.5000000000
37657  -46.755  -43.913  -26.258 0.4000000060
31538  -41.783  -49.275  -25.986 0.5000000000
33582  -42.740  -47.873  -25.922 0.4000000060
38629  -47.777  -43.268  -27.041 0.4000000060
38630  -48.520  -43.154  -27.486 0.4000000060
161251  -43.162  -48.359  -26.280 0.4000000060
32552  -44.229  -48.583  -27.032 0.4000000060
37674  -49.596  -44.897  -27.826 0.4000000060
180274  -44.740  -48.416  -27.363 0.4000000060
33594  -45.680  -48.277  -28.187 0.4000000060
33595  -46.328  -47.862  -28.569 0.4000000060
184740  -46.649  -48.410  -29.247 0.4000000060
34648  -47.288  -47.181  -29.393 0.4000000060
171507  -48.666  -47.110  -30.358 0.4000000060
35713  -51.286  -46.672  -30.863 0.4000000060
35712  -50.268  -46.659  -30.994 0.4000000060
33565  -40.155  -48.255  -24.314 0.5000000000
33566  -40.731  -47.993  -24.658 0.4000000060
39522  -46.769  -42.631  -26.557 0.4000000060
39525  -47.375  -42.578  -26.883 0.4000000060
34622  -41.783  -47.471  -25.322 0.5000000000
34631  -42.924  -47.164  -25.989 0.4000000060
33589  -44.533  -47.862  -26.942 0.4000000060
39527  -48.760  -42.414  -27.714 0.4000000060
33590  -45.209  -47.847  -27.464 0.4000000060
33591  -45.836  -47.469  -27.909 0.4000000060
35710  -51.620  -46.601  -30.180 0.3000000119
34649  -48.025  -47.411  -29.992 0.4000000060
34612  -40.883  -47.261  -24.600 0.4000000060
169448  -41.923  -46.787  -25.400 0.5000000000
35690  -43.084  -46.418  -26.196 0.4000000060
40426  -47.597  -41.765  -26.997 0.4000000060
35691  -43.755  -46.384  -26.498 0.4000000060
34632  -43.519  -47.128  -26.287 0.4000000060
176807  -44.512  -45.847  -27.054 0.4000000060
34633  -44.175  -47.142  -26.602 0.4000000060
35701  -45.446  -46.095  -27.601 0.4000000060
34642  -45.898  -46.646  -27.919 0.4000000060
35707  -46.956  -46.450  -29.087 0.4000000060
166459  -51.521  -45.464  -31.000 0.4000000060
36667  -49.490  -45.897  -30.825 0.4000000060
36668  -50.878  -46.081  -31.018 0.4000000060
168205  -41.972  -46.067  -25.595 0.4000000060
36638  -42.474  -45.675  -26.161 0.4000000060
174657  -43.221  -45.559  -26.620 0.4000000060
36655  -44.290  -45.245  -27.276 0.4000000060
36656  -45.384  -45.344  -27.922 0.4000000060
35705  -45.946  -45.885  -28.115 0.4000000060
37689  -52.326  -44.430  -31.055 0.4000000060
36663  -46.804  -45.017  -29.418 0.4000000060
36664  -47.289  -45.765  -29.495 0.4000000060
37686  -47.123  -44.526  -29.965 0.4000000060
166523  -48.449  -45.057  -30.580 0.4000000060
178028  -49.879  -44.603  -31.046 0.4000000060
175293  -42.542  -45.039  -26.790 0.4000000060
36653  -42.834  -44.739  -27.277 0.4000000060
37670  -43.918  -44.526  -27.700 0.4000000060
37671  -44.723  -44.828  -27.783 0.4000000060
158274  -44.903  -45.578  -27.404 0.4000000060
37684  -45.692  -44.031  -29.219 0.4000000060
36660  -45.867  -45.225  -28.406 0.4000000060
37685  -46.418  -44.276  -29.558 0.4000000060
37693  -52.136  -44.416  -31.479 0.3000000119
167047  -48.948  -44.431  -30.860 0.4000000060
37691  -50.033  -45.201  -31.002 0.4000000060
37656  -42.030  -44.597  -27.685 0.4000000060
37668  -42.252  -44.342  -28.324 0.4000000060
37676  -41.939  -44.103  -28.794 0.4000000060
37678  -43.238  -43.952  -28.278 0.4000000060
37679  -44.281  -43.975  -28.418 0.4000000060
38640  -46.045  -43.490  -29.828 0.4000000060
38643  -46.585  -43.212  -30.278 0.4000000060
38642  -52.755  -44.009  -30.838 0.4000000060
38648  -52.832  -43.910  -31.469 0.3000000119
37690  -47.755  -44.195  -30.477 0.4000000060
38646  -49.742  -44.064  -31.093 0.5000000000
39543  -52.288  -43.706  -31.748 0.4000000060
38645  -48.442  -43.509  -30.879 0.5000000000
38628  -42.056  -43.792  -28.745 0.4000000060
39528  -42.780  -43.213  -28.528 0.4000000060
38634  -43.388  -43.419  -28.583 0.4000000060
173498  -43.609  -42.588  -28.761 0.4000000060
38635  -44.224  -43.198  -28.978 0.4000000060
39539  -47.657  -42.696  -30.853 0.4000000060
161553  -49.681  -43.299  -31.255 0.5000000000
39523  -41.693  -43.615  -28.485 0.4000000060
40429  -43.009  -42.359  -28.328 0.4000000060
39540  -48.719  -42.656  -31.147 0.4000000060
39542  -49.859  -42.639  -31.484 0.5000000000
39520  -42.078  -42.612  -27.386 0.4000000060
180525  -42.653  -42.201  -27.763 0.4000000060
40430  -43.555  -41.703  -28.429 0.4000000060
181061  -49.244  -41.337  -31.360 0.5000000000
185461  -42.284  -40.553  -25.902 0.4000000060
40420  -41.968  -41.864  -26.350 0.4000000060
41429  -42.406  -41.090  -26.315 0.4000000060
40421  -42.552  -41.680  -27.017 0.4000000060
41434  -43.257  -40.727  -27.400 0.4000000060
42498  -44.147  -39.783  -27.876 0.5000000000
40413  -41.331  -42.112  -25.747 0.4000000060
31557  -45.704  -50.258  -29.595 0.5000000000
33600  -48.165  -48.170  -30.220 0.5000000000
33603  -50.045  -48.672  -30.683 0.4000000060
21573  -43.601  -60.392  -28.059 0.5000000000
22402  -40.220  -59.066  -27.954 0.8000000119
23275  -39.585  -58.183  -27.765 0.8000000119
24227  -39.032  -57.434  -27.640 0.6999999881
162609  -45.568  -61.595  -27.071 0.5000000000
24226  -37.573  -57.048  -27.536 0.6999999881
21560  -44.975  -60.251  -26.141 0.5000000000
25157  -37.066  -56.318  -27.375 0.6999999881
162732  -44.984  -59.457  -26.489 0.4000000060
26947  -37.912  -54.171  -27.598 0.6999999881
27822  -37.547  -53.308  -26.009 0.6999999881
23261  -44.096  -58.041  -25.831 0.4000000060
24213  -43.344  -57.492  -25.517 0.4000000060
27805  -37.289  -53.705  -24.256 0.6000000238
26940  -44.120  -54.079  -25.364 0.4000000060
171879  -37.042  -52.185  -23.555 0.6000000238
29577  -37.115  -51.341  -23.586 0.5000000000
30505  -37.779  -50.435  -24.217 0.5000000000
32529  -39.222  -49.151  -24.388 0.5000000000
32520  -39.562  -48.566  -23.995 0.4000000060
33555  -40.360  -47.550  -24.154 0.4000000060
36615  -40.560  -46.070  -24.368 0.4000000060
35667  -40.985  -46.536  -24.687 0.4000000060
36624  -41.034  -45.754  -24.973 0.4000000060
37642  -41.148  -44.750  -26.801 0.4000000060
37667  -41.528  -44.288  -28.589 0.4000000060
37666  -40.615  -44.127  -28.384 0.4000000060
38624  -40.841  -43.968  -28.502 0.4000000060
39519  -41.294  -43.260  -27.469 0.4000000060
41422  -41.794  -41.192  -25.597 0.4000000060
21572  -40.754  -59.823  -27.854 0.8000000119
23277  -41.469  -57.766  -28.141 0.8000000119
22397  -45.467  -58.939  -26.777 0.5000000000
24228  -39.901  -57.328  -27.753 0.6999999881
24232  -45.784  -57.580  -27.352 0.6000000238
26062  -46.015  -55.637  -28.839 0.6999999881
170360  -43.395  -55.621  -28.931 0.6999999881
26052  -46.454  -55.391  -27.121 0.6000000238
175044  -45.841  -54.969  -29.274 0.6000000238
160454  -45.206  -55.152  -29.258 0.6000000238
28708  -38.457  -52.384  -27.765 0.6999999881
27836  -47.260  -54.084  -27.585 0.5000000000
29612  -38.350  -51.733  -26.939 0.6000000238
26046  -44.090  -55.484  -25.526 0.5000000000
173270  -45.257  -54.861  -25.821 0.5000000000
28703  -46.345  -52.519  -25.995 0.3000000119
30557  -46.507  -50.974  -29.929 0.5000000000
30530  -39.838  -50.564  -26.703 0.6000000238
31554  -44.513  -50.005  -28.698 0.5000000000
32566  -47.732  -49.467  -30.210 0.5000000000
33599  -47.359  -48.526  -29.842 0.4000000060
33598  -46.097  -48.705  -28.932 0.4000000060
33604  -50.500  -48.016  -30.727 0.4000000060
35709  -47.875  -46.586  -29.853 0.4000000060
35706  -46.356  -46.466  -28.458 0.4000000060
36637  -41.755  -45.337  -25.991 0.4000000060
184485  -47.676  -44.712  -30.244 0.4000000060
41435  -43.584  -40.933  -27.957 0.4000000060
155885  -30.949  -66.624  -27.574 0.4000000060
15230  -31.706  -66.687  -27.643 0.4000000060
16050  -32.600  -65.528  -29.047 0.4000000060
16051  -33.213  -66.161  -29.082 0.4000000060
16910  -31.978  -64.822  -29.022 0.4000000060
16911  -32.692  -64.629  -29.079 0.4000000060
16912  -33.327  -65.024  -29.125 0.4000000060
17747  -33.948  -63.696  -28.727 0.4000000060
16904  -36.200  -64.560  -28.746 0.5000000000
17745  -31.762  -63.982  -28.822 0.4000000060
182727  -33.274  -63.625  -28.662 0.4000000060
17738  -34.437  -63.837  -28.155 0.5000000000
17739  -35.091  -64.000  -28.186 0.5000000000
16882  -36.921  -64.862  -27.412 0.6000000238
17734  -30.967  -63.733  -27.888 0.4000000060
162263  -32.256  -63.612  -28.075 0.4000000060
178530  -33.368  -63.976  -27.434 0.4000000060
16881  -36.262  -64.496  -28.129 0.5000000000
171106  -44.324  -59.598  -25.882 0.3000000119
22384  -43.185  -59.397  -25.471 0.4000000060
25149  -43.299  -55.871  -25.312 0.3000000119
156110  -36.953  -64.878  -28.326 0.5000000000
19293  -45.186  -63.322  -27.173 0.5000000000
19285  -45.407  -62.623  -25.849 0.4000000060
16824  -32.549  -65.129  -25.063 0.4000000060
16879  -34.946  -64.492  -27.208 0.5000000000
16880  -35.686  -64.322  -27.730 0.5000000000
16844  -31.716  -64.631  -25.758 0.4000000060
17717  -32.618  -64.037  -27.132 0.4000000060
16863  -38.043  -64.926  -26.880 0.6000000238
16864  -38.779  -64.910  -27.002 0.6000000238
17722  -39.972  -64.417  -26.534 0.6999999881
20071  -45.531  -62.505  -27.059 0.5000000000
16865  -39.598  -64.894  -27.125 0.6999999881
163984  -42.120  -64.414  -26.902 0.6999999881
19292  -44.006  -63.173  -27.287 0.6999999881
165706  -40.958  -64.419  -26.664 0.6999999881
17703  -42.307  -63.944  -26.629 0.6999999881
167062  -35.082  -65.015  -26.183 0.5000000000
16860  -35.683  -64.901  -26.621 0.6000000238
185112  -36.800  -64.918  -26.588 0.6000000238
161227  -37.999  -64.197  -25.746 0.6000000238
16846  -33.320  -65.151  -25.359 0.4000000060
162610  -34.000  -65.099  -25.611 0.5000000000
17697  -36.604  -64.690  -25.463 0.6000000238
16862  -37.366  -64.917  -26.721 0.6000000238
17699  -38.750  -64.050  -25.876 0.6000000238
17701  -40.337  -63.888  -26.083 0.6000000238
26939  -43.701  -54.649  -25.266 0.3000000119
17721  -39.149  -64.458  -26.428 0.6000000238
17702  -41.301  -63.885  -26.286 0.6999999881
20070  -44.615  -62.538  -27.596 0.6000000238
20072  -44.939  -61.841  -27.747 0.5000000000
16803  -33.807  -64.927  -23.894 0.6000000238
17670  -35.153  -64.339  -24.175 0.6000000238
163729  -36.249  -63.301  -24.454 0.6999999881
17683  -36.818  -64.175  -25.043 0.6000000238
18529  -37.543  -63.775  -25.190 0.6000000238
18531  -39.039  -63.452  -25.577 0.6000000238
16825  -33.238  -65.199  -24.405 0.5000000000
16847  -34.764  -65.085  -25.334 0.6000000238
18532  -39.825  -63.265  -25.674 0.6000000238
19283  -41.265  -62.555  -26.176 0.6999999881
20060  -41.850  -62.070  -26.759 0.6999999881
19284  -42.475  -62.834  -26.716 0.6999999881
20069  -43.778  -61.736  -27.867 0.6000000238
160387  -43.161  -62.372  -27.342 0.6999999881
18510  -35.149  -63.465  -23.911 0.6000000238
19269  -35.943  -62.590  -24.320 0.6999999881
19270  -36.790  -62.639  -24.583 0.6999999881
18521  -36.885  -63.519  -24.750 0.6999999881
19272  -38.377  -62.475  -25.107 0.6000000238
20804  -42.811  -60.924  -28.034 0.5000000000
19282  -40.200  -62.368  -25.682 0.6999999881
20059  -40.822  -61.784  -26.234 0.6999999881
174092  -42.434  -61.557  -27.540 0.6000000238
167658  -37.585  -60.548  -25.465 0.6999999881
21570  -39.135  -59.681  -27.177 0.6999999881
20777  -37.398  -61.056  -25.056 0.6999999881
20790  -38.914  -60.533  -25.911 0.6000000238
20798  -39.417  -60.215  -26.594 0.5000000000
20045  -37.955  -61.743  -24.995 0.6999999881
20046  -38.772  -61.811  -25.255 0.6000000238
20067  -40.453  -61.055  -26.489 0.6999999881
20801  -41.804  -60.918  -27.665 0.5000000000
19273  -39.200  -62.618  -25.361 0.6000000238
20068  -41.335  -61.317  -27.000 0.6999999881
21569  -38.244  -59.450  -27.180 0.6999999881
181542  -38.895  -59.312  -27.541 0.6999999881
155267  -38.364  -58.917  -27.557 0.6999999881
20800  -40.856  -60.550  -27.367 0.6000000238
162331  -39.991  -59.936  -27.351 0.6999999881
20061  -45.540  -61.653  -26.160 0.5000000000
20799  -40.075  -60.506  -26.761 0.6000000238
16019  -31.300  -66.166  -28.417 0.4000000060
162561  -35.173  -64.240  -28.877 0.4000000060
172770  -31.408  -64.147  -26.534 0.4000000060
17736  -32.952  -63.630  -28.154 0.4000000060
16858  -33.474  -64.695  -26.445 0.4000000060
16845  -32.585  -64.707  -26.048 0.4000000060
18541  -43.226  -63.641  -26.936 0.6999999881
17698  -37.269  -64.424  -25.583 0.6000000238
18530  -38.330  -63.625  -25.463 0.6000000238
17682  -34.638  -64.891  -24.407 0.6999999881
16826  -35.467  -64.801  -24.870 0.6000000238
168906  -37.401  -63.118  -24.848 0.6000000238
20056  -38.306  -60.991  -25.358 0.6999999881
19281  -39.479  -61.896  -25.477 0.6000000238
21559  -38.636  -59.920  -26.449 0.6000000238
20043  -36.131  -61.770  -24.505 0.5000000000
16802  -32.899  -65.057  -23.577 0.4000000060
17651  -34.141  -64.047  -23.318 0.5000000000
161795  -35.712  -61.050  -24.713 0.6000000238
16786  -32.210  -65.026  -22.973 0.4000000060
17650  -32.775  -64.390  -22.403 0.5000000000
180182  -33.429  -64.186  -22.794 0.5000000000
18509  -34.516  -63.260  -23.469 0.5000000000
20042  -35.270  -61.438  -24.410 0.5000000000
20774  -34.982  -60.689  -24.785 0.5000000000
19260  -35.243  -62.631  -24.001 0.5000000000
20789  -36.782  -60.463  -25.352 0.6000000238
21567  -36.837  -59.570  -26.584 0.5000000000
20775  -35.698  -60.418  -25.244 0.5000000000
22395  -36.675  -59.028  -27.185 0.6999999881
21556  -35.370  -59.456  -26.232 0.6000000238
22398  -36.405  -58.382  -27.400 0.6000000238
17636  -32.387  -64.197  -21.936 0.5000000000
17637  -32.943  -63.848  -22.148 0.5000000000
19244  -33.656  -62.502  -22.584 0.5000000000
20764  -34.468  -60.484  -24.351 0.5000000000
20041  -34.624  -61.181  -24.226 0.5000000000
22400  -37.556  -58.988  -27.379 0.6000000238
21555  -34.953  -59.584  -25.721 0.6000000238
23269  -35.893  -58.140  -27.094 0.5000000000
24225  -36.800  -57.057  -27.390 0.6000000238
180557  -32.547  -63.628  -21.720 0.5000000000
169157  -33.550  -61.769  -22.402 0.5000000000
20012  -33.608  -61.074  -22.551 0.5000000000
20025  -33.907  -61.029  -23.377 0.5000000000
170616  -34.599  -59.732  -24.604 0.5000000000
23273  -37.845  -57.833  -27.602 0.6000000238
23264  -35.418  -58.261  -25.877 0.5000000000
24224  -36.380  -57.007  -27.003 0.6000000238
182591  -31.496  -63.575  -21.155 0.5000000000
19229  -32.679  -62.380  -21.546 0.5000000000
20751  -33.335  -60.850  -21.687 0.5000000000
21528  -33.996  -59.816  -22.462 0.5000000000
22355  -33.957  -59.089  -21.937 0.6000000238
21529  -34.228  -59.887  -23.250 0.4000000060
22356  -34.369  -58.376  -22.218 0.4000000060
22363  -34.358  -59.215  -22.720 0.5000000000
22371  -34.566  -59.285  -23.636 0.5000000000
21535  -34.380  -59.972  -23.916 0.4000000060
24185  -35.060  -56.787  -22.326 0.4000000060
24193  -35.508  -57.088  -23.002 0.5000000000
24208  -35.742  -57.437  -24.549 0.5000000000
25108  -35.231  -55.948  -22.279 0.4000000060
24218  -35.830  -57.447  -25.511 0.6000000238
24222  -36.158  -57.033  -26.306 0.6000000238
25154  -36.824  -55.880  -27.047 0.6000000238
26050  -36.995  -55.107  -26.933 0.6000000238
23242  -35.323  -57.796  -23.294 0.5000000000
25124  -36.169  -56.012  -23.234 0.5000000000
26035  -36.694  -55.672  -24.521 0.5000000000
24200  -35.992  -56.936  -24.056 0.5000000000
26002  -35.797  -54.910  -22.472 0.4000000060
26015  -36.259  -55.250  -23.061 0.5000000000
24209  -36.136  -56.875  -24.760 0.6000000238
26043  -36.750  -55.630  -25.460 0.6000000238
26921  -37.116  -54.557  -24.220 0.5000000000
171455  -36.503  -52.323  -22.951 0.3000000119
28654  -36.148  -52.918  -22.583 0.4000000060
26897  -35.702  -54.156  -22.295 0.4000000060
26898  -36.319  -54.370  -22.880 0.5000000000
26930  -37.288  -54.292  -25.088 0.5000000000
26938  -37.312  -53.968  -26.054 0.6000000238
33554  -39.788  -47.882  -23.719 0.3000000119
32508  -38.581  -48.635  -23.063 0.3000000119
31511  -38.200  -49.312  -23.549 0.4000000060
30504  -37.303  -50.623  -23.628 0.4000000060
35637  -39.912  -46.354  -23.552 0.3000000119
37626  -40.703  -45.074  -25.381 0.3000000119
36623  -40.431  -45.355  -24.694 0.3000000119
37641  -40.354  -44.687  -26.556 0.3000000119
37654  -40.290  -44.577  -27.845 0.3000000119
37665  -39.559  -44.303  -28.207 0.3000000119
38623  -39.883  -44.135  -28.303 0.3000000119
39517  -39.525  -43.834  -28.064 0.3000000119
39511  -40.910  -42.799  -26.434 0.3000000119
27794  -36.560  -53.555  -22.996 0.5000000000
34601  -39.923  -47.153  -23.597 0.3000000119
155076  -37.768  -59.749  -26.468 0.5000000000
18493  -33.908  -63.319  -22.918 0.5000000000
22381  -35.139  -58.654  -25.212 0.5000000000
25148  -36.444  -56.274  -25.919 0.6000000238
19294  -45.487  -63.261  -26.606 0.3000000119
17724  -43.580  -64.442  -27.232 0.6000000238
18542  -44.652  -64.056  -27.113 0.6000000238
20778  -41.726  -60.342  -24.423 0.3000000119
20779  -42.582  -60.889  -24.573 0.3000000119
20048  -43.459  -61.538  -24.707 0.3000000119
20780  -43.734  -60.824  -25.094 0.3000000119
20031  -43.092  -62.168  -24.335 0.3000000119
20049  -44.750  -61.616  -25.346 0.3000000119
21548  -43.974  -60.153  -25.543 0.3000000119
17741  -44.110  -65.020  -27.489 0.6000000238
18543  -45.138  -64.132  -26.692 0.5000000000
21545  -41.060  -59.745  -24.270 0.3000000119
21546  -41.709  -59.682  -24.684 0.3000000119
21547  -42.653  -60.064  -24.985 0.3000000119
167637  -42.589  -58.615  -25.321 0.3000000119
20032  -44.250  -62.308  -24.910 0.3000000119
19274  -44.748  -63.104  -25.202 0.3000000119
17684  -44.980  -64.127  -25.793 0.4000000060
167726  -32.543  -65.239  -24.243 0.4000000060
21537  -40.353  -59.770  -23.798 0.3000000119
22382  -41.280  -59.078  -24.630 0.3000000119
23259  -41.287  -57.738  -24.705 0.3000000119
168824  -42.095  -57.859  -25.070 0.3000000119
15264  -34.889  -67.147  -29.415 0.5000000000
15265  -35.812  -67.152  -29.476 0.5000000000
156465  -32.682  -66.714  -28.323 0.4000000060
15246  -33.194  -66.900  -28.749 0.4000000060
15263  -34.223  -66.990  -29.300 0.4000000060
15248  -34.516  -67.747  -29.241 0.5000000000
16041  -39.295  -65.765  -29.357 0.5000000000
16055  -37.716  -66.046  -29.304 0.5000000000
16053  -35.701  -66.036  -29.223 0.5000000000
16054  -36.628  -66.032  -29.199 0.5000000000
175229  -34.037  -65.783  -29.188 0.4000000060
16909  -41.489  -66.221  -29.229 0.6000000238
16908  -40.657  -65.813  -29.087 0.6000000238
16907  -39.677  -65.535  -28.917 0.5000000000
16040  -38.276  -65.581  -29.048 0.5000000000
16913  -34.828  -64.938  -29.097 0.3000000119
16914  -35.626  -64.797  -29.031 0.4000000060
16039  -37.140  -65.200  -28.874 0.5000000000
16887  -42.821  -66.001  -28.242 0.6000000238
16885  -40.182  -65.312  -28.067 0.6000000238
16884  -39.200  -65.199  -27.871 0.6000000238
16905  -37.809  -65.184  -28.485 0.4000000060
16906  -38.742  -65.376  -28.708 0.5000000000
16889  -44.413  -65.545  -27.503 0.6000000238
19263  -43.663  -62.853  -24.563 0.3000000119
16852  -44.520  -65.298  -26.430 0.4000000060
17723  -41.840  -65.074  -27.493 0.6000000238
16883  -38.363  -65.111  -27.766 0.4000000060
19262  -42.702  -62.740  -23.992 0.3000000119
20047  -42.455  -61.548  -24.194 0.3000000119
18524  -44.790  -63.653  -25.310 0.3000000119
17704  -44.882  -64.990  -27.011 0.5000000000
16866  -40.615  -64.945  -27.295 0.6000000238
17740  -43.161  -65.144  -27.614 0.6000000238
16886  -41.460  -65.684  -28.411 0.6000000238
16832  -44.194  -64.645  -25.417 0.3000000119
16021  -42.582  -66.418  -28.554 0.5000000000
15216  -42.590  -66.714  -28.318 0.5000000000
161713  -43.456  -66.079  -27.874 0.5000000000
16007  -43.191  -66.532  -27.584 0.4000000060
15997  -43.563  -66.158  -26.834 0.5000000000
15234  -41.844  -67.027  -28.649 0.5000000000
15250  -42.144  -66.708  -28.913 0.5000000000
16006  -42.163  -66.825  -27.254 0.4000000060
15996  -42.352  -66.294  -26.282 0.4000000060
15983  -42.992  -65.830  -25.796 0.4000000060
16867  -44.216  -65.913  -26.937 0.5000000000
16042  -40.206  -65.987  -29.564 0.5000000000
16058  -40.787  -66.485  -29.815 0.5000000000
16851  -43.889  -65.783  -26.299 0.4000000060
172136  -34.010  -72.422  -27.705 0.3000000119
10698  -33.505  -72.759  -28.302 0.3000000119
9916  -34.445  -73.246  -28.343 0.3000000119
9917  -35.269  -73.224  -28.079 0.3000000119
9918  -35.839  -73.191  -28.036 0.4000000060
10699  -34.767  -72.440  -27.557 0.3000000119
10673  -35.086  -71.733  -27.000 0.3000000119
9156  -37.173  -74.645  -28.983 0.4000000060
10701  -36.253  -72.670  -27.857 0.4000000060
10700  -35.609  -72.364  -27.482 0.3000000119
11350  -35.509  -71.056  -26.601 0.3000000119
9943  -37.459  -73.481  -29.045 0.4000000060
178967  -37.750  -72.643  -29.315 0.4000000060
167176  -36.632  -72.115  -27.926 0.4000000060
11351  -36.279  -70.899  -27.100 0.4000000060
12067  -35.954  -70.276  -26.440 0.4000000060
12068  -36.312  -70.096  -27.053 0.4000000060
11374  -39.226  -71.706  -28.282 0.3000000119
10726  -38.083  -72.434  -29.413 0.4000000060
11391  -38.283  -71.791  -29.728 0.4000000060
11390  -37.642  -71.835  -29.754 0.4000000060
12086  -36.537  -70.599  -29.428 0.4000000060
12079  -36.567  -70.481  -27.952 0.4000000060
12873  -36.258  -69.634  -27.569 0.4000000060
12881  -38.521  -70.270  -27.688 0.3000000119
11392  -38.806  -71.301  -29.466 0.4000000060
12102  -38.052  -70.733  -30.344 0.4000000060
11399  -37.648  -71.275  -30.189 0.4000000060
12100  -36.558  -70.484  -30.578 0.4000000060
13666  -36.606  -69.630  -30.594 0.4000000060
12893  -36.217  -69.988  -30.032 0.4000000060
13649  -35.998  -69.558  -30.228 0.4000000060
12880  -36.286  -69.812  -28.783 0.4000000060
13620  -35.926  -69.031  -27.342 0.4000000060
171439  -38.790  -70.079  -28.868 0.4000000060
12888  -38.834  -69.834  -29.827 0.4000000060
14474  -37.488  -68.909  -30.453 0.4000000060
13650  -36.335  -68.947  -30.279 0.4000000060
13628  -35.408  -68.577  -27.860 0.4000000060
172231  -35.650  -69.172  -29.556 0.4000000060
13619  -35.470  -68.654  -26.733 0.4000000060
166784  -38.889  -69.106  -30.068 0.4000000060
169031  -38.417  -68.967  -30.373 0.4000000060
14461  -37.255  -68.037  -29.997 0.4000000060
14460  -36.090  -68.125  -29.898 0.4000000060
14427  -34.602  -68.182  -28.724 0.4000000060
14459  -35.118  -68.066  -29.622 0.4000000060
13652  -39.157  -68.310  -30.095 0.4000000060
15267  -39.317  -66.989  -30.006 0.4000000060
16056  -38.849  -66.176  -29.577 0.4000000060
15233  -40.943  -67.397  -28.085 0.4000000060
14464  -40.633  -67.275  -29.762 0.4000000060
15269  -40.770  -66.894  -29.801 0.4000000060
15995  -41.190  -66.540  -26.174 0.3000000119
15981  -41.113  -65.959  -25.234 0.3000000119
15266  -36.940  -67.091  -29.486 0.4000000060
14447  -41.072  -67.168  -29.389 0.4000000060
161259  -42.461  -65.315  -24.977 0.3000000119
16057  -39.838  -66.292  -29.820 0.4000000060
10716  -36.907  -72.781  -28.413 0.4000000060
11382  -37.052  -71.921  -28.571 0.4000000060
11372  -36.890  -71.213  -28.816 0.4000000060
11371  -36.677  -71.363  -27.885 0.4000000060
11384  -39.032  -71.355  -28.776 0.4000000060
10727  -38.988  -71.996  -29.125 0.4000000060
11352  -39.090  -71.311  -27.293 0.3000000119
12094  -37.107  -71.127  -30.154 0.4000000060
13630  -38.583  -69.555  -27.963 0.3000000119
12088  -38.895  -70.763  -28.764 0.4000000060
12095  -38.770  -70.589  -29.713 0.4000000060
13651  -38.401  -69.626  -30.415 0.4000000060
13637  -38.947  -69.351  -29.185 0.4000000060
14462  -38.626  -68.033  -30.217 0.4000000060
14444  -35.605  -68.836  -29.836 0.4000000060
165398  -38.176  -67.031  -29.763 0.4000000060
14446  -40.530  -67.594  -29.290 0.4000000060
9160  -39.890  -73.891  -27.901 0.3000000119
8347  -37.880  -75.674  -27.794 0.3000000119
8370  -36.970  -75.620  -28.705 0.3000000119
8371  -37.747  -75.501  -28.364 0.3000000119
9158  -38.239  -74.656  -28.516 0.3000000119
174106  -36.417  -75.143  -28.967 0.3000000119
156060  -37.719  -74.190  -29.032 0.3000000119
9945  -38.956  -73.654  -28.403 0.3000000119
9944  -38.213  -73.722  -28.814 0.3000000119
10717  -39.025  -72.719  -28.759 0.3000000119
13631  -38.996  -68.823  -28.222 0.3000000119
14428  -39.312  -68.136  -27.701 0.3000000119
14429  -40.255  -67.759  -28.419 0.3000000119
15214  -40.499  -67.175  -27.087 0.3000000119
10702  -39.462  -72.448  -28.394 0.3000000119
14445  -39.774  -68.177  -29.000 0.3000000119
8346  -37.255  -75.922  -27.963 0.3000000119
9157  -37.556  -75.005  -28.831 0.3000000119
9159  -39.163  -74.541  -27.918 0.3000000119
9942  -36.442  -73.722  -28.662 0.4000000060
9946  -39.741  -73.146  -28.197 0.3000000119
9964  -37.896  -73.223  -29.126 0.4000000060
9965  -38.460  -72.983  -29.029 0.3000000119
10674  -35.764  -71.563  -27.044 0.4000000060
10725  -37.445  -72.413  -29.204 0.4000000060
11370  -33.235  -72.014  -27.457 0.3000000119
11373  -38.838  -71.009  -27.936 0.4000000060
11383  -37.236  -71.569  -29.557 0.4000000060
12045  -35.375  -69.806  -25.926 0.4000000060
12066  -35.052  -70.549  -26.143 0.3000000119
12080  -38.618  -70.656  -27.152 0.3000000119
12087  -36.820  -71.038  -29.839 0.4000000060
12093  -36.612  -70.583  -30.328 0.4000000060
12101  -37.038  -70.777  -30.571 0.4000000060
12894  -38.483  -70.184  -30.249 0.4000000060
12908  -36.330  -70.167  -30.510 0.4000000060
12909  -36.813  -70.224  -30.698 0.4000000060
12910  -37.720  -70.194  -30.605 0.4000000060
13629  -35.909  -69.108  -28.277 0.4000000060
13636  -35.142  -68.659  -28.859 0.4000000060
13638  -39.368  -68.596  -29.720 0.3000000119
13667  -37.585  -69.582  -30.619 0.4000000060
14430  -41.168  -67.359  -28.891 0.4000000060
14443  -35.045  -68.422  -29.379 0.4000000060
14463  -39.930  -67.746  -29.848 0.4000000060
14465  -40.942  -67.053  -29.648 0.4000000060
15215  -41.684  -67.117  -27.814 0.4000000060
15245  -32.086  -66.467  -28.334 0.4000000060
15247  -34.043  -67.370  -29.119 0.4000000060
15249  -41.620  -66.904  -29.166 0.5000000000
15262  -33.700  -66.868  -29.124 0.4000000060
15268  -40.174  -66.989  -29.966 0.4000000060
15270  -41.209  -66.806  -29.578 0.4000000060
15271  -41.711  -66.543  -29.324 0.5000000000
15982  -42.057  -65.761  -25.316 0.3000000119
16008  -43.854  -66.041  -27.611 0.5000000000
16009  -44.062  -65.824  -27.628 0.6000000238
16020  -42.131  -66.323  -28.969 0.6000000238
16037  -31.963  -65.838  -28.851 0.4000000060
16038  -32.611  -66.330  -28.786 0.4000000060
16043  -40.995  -66.255  -29.529 0.6000000238
16052  -34.876  -65.987  -29.229 0.5000000000
16767  -32.262  -64.738  -22.357 0.5000000000
16787  -32.846  -64.768  -22.856 0.5000000000
16788  -33.381  -64.765  -23.270 0.4000000060
16827  -36.176  -64.483  -24.955 0.6000000238
16831  -43.525  -65.302  -25.537 0.4000000060
16848  -35.559  -64.991  -25.686 0.6000000238
16849  -36.296  -64.969  -26.059 0.6000000238
16850  -37.000  -64.848  -26.048 0.6000000238
16859  -34.392  -64.913  -26.325 0.5000000000
16861  -36.314  -64.836  -27.070 0.6000000238
16868  -44.665  -65.489  -27.263 0.5000000000
16888  -43.820  -65.664  -27.789 0.6000000238
16901  -33.197  -63.952  -28.941 0.4000000060
16902  -34.219  -64.294  -28.979 0.4000000060
16903  -35.530  -64.174  -28.569 0.4000000060
16915  -36.332  -65.100  -29.008 0.5000000000
17618  -31.274  -64.010  -21.268 0.5000000000
17635  -31.720  -64.462  -21.799 0.5000000000
17668  -33.826  -64.541  -23.411 0.5000000000
17669  -34.399  -64.540  -23.797 0.6000000238
17676  -44.183  -63.929  -24.943 0.3000000119
17696  -31.981  -64.242  -26.542 0.4000000060
17700  -39.501  -63.950  -25.961 0.6000000238
17715  -30.943  -63.944  -26.997 0.4000000060
17716  -31.668  -63.812  -27.378 0.4000000060
17718  -34.061  -64.223  -27.288 0.5000000000
17719  -37.679  -64.693  -26.177 0.6000000238
17720  -38.401  -64.547  -26.322 0.6000000238
17725  -44.742  -64.890  -27.176 0.6000000238
17726  -44.696  -65.252  -27.316 0.5000000000
17735  -31.651  -63.681  -28.406 0.4000000060
17737  -33.687  -63.680  -28.166 0.4000000060
17746  -32.495  -63.670  -28.712 0.4000000060
17748  -34.750  -63.898  -28.669 0.5000000000
17749  -32.420  -64.047  -28.935 0.4000000060
18465  -31.970  -63.780  -21.398 0.5000000000
18466  -32.367  -63.076  -21.414 0.5000000000
18479  -32.944  -63.046  -21.911 0.5000000000
18480  -33.400  -63.303  -22.396 0.5000000000
18512  -43.216  -63.442  -24.306 0.3000000119
18513  -44.138  -63.410  -24.821 0.3000000119
18519  -35.756  -63.798  -24.271 0.6999999881
18520  -36.307  -63.949  -24.631 0.6999999881
18522  -38.004  -63.113  -25.094 0.6000000238
18523  -38.600  -63.075  -25.307 0.6000000238
18533  -40.752  -63.208  -25.921 0.6999999881
18534  -41.812  -63.332  -26.328 0.6999999881
18535  -45.332  -63.536  -25.946 0.4000000060
19230  -33.219  -62.231  -22.018 0.5000000000
19245  -34.130  -62.461  -23.215 0.5000000000
19259  -34.647  -62.449  -23.670 0.5000000000
19271  -37.629  -62.470  -24.847 0.6999999881
20002  -32.906  -61.810  -21.611 0.5000000000
20003  -33.288  -61.482  -21.915 0.5000000000
20013  -33.839  -61.708  -22.990 0.5000000000
20026  -34.268  -61.641  -23.659 0.5000000000
20027  -34.922  -61.877  -24.000 0.5000000000
20030  -42.214  -62.123  -23.873 0.3000000119
20044  -37.095  -61.759  -24.740 0.6999999881
20057  -39.194  -61.255  -25.597 0.6000000238
20058  -39.965  -61.520  -25.862 0.6999999881
20743  -33.367  -60.248  -21.438 0.5000000000
20756  -33.899  -60.454  -22.971 0.5000000000
20763  -34.222  -60.956  -23.912 0.5000000000
20766  -40.925  -60.584  -23.842 0.3000000119
20767  -41.754  -61.059  -24.060 0.3000000119
20776  -36.499  -61.051  -24.863 0.6000000238
20781  -44.953  -60.866  -25.701 0.5000000000
20788  -35.297  -59.844  -25.743 0.5000000000
20791  -39.671  -60.838  -26.143 0.5000000000
20792  -45.470  -60.864  -26.420 0.5000000000
20802  -45.176  -61.030  -27.430 0.5000000000
20803  -41.662  -60.372  -27.958 0.5000000000
20805  -44.216  -61.143  -27.944 0.6000000238
21521  -33.617  -59.714  -21.675 0.6000000238
21544  -34.951  -60.094  -25.356 0.5000000000
21557  -36.138  -59.842  -25.954 0.5000000000
21558  -37.236  -60.028  -25.872 0.6000000238
21565  -35.558  -59.033  -26.577 0.6000000238
21566  -35.965  -59.325  -26.735 0.6000000238
21568  -45.193  -59.631  -27.059 0.5000000000
21571  -40.111  -59.565  -27.769 0.6999999881
22364  -34.655  -58.699  -22.955 0.5000000000
22372  -34.831  -58.964  -24.474 0.5000000000
22380  -34.752  -59.315  -25.331 0.5000000000
22383  -42.102  -59.210  -25.039 0.3000000119
22385  -43.919  -58.794  -25.821 0.4000000060
22391  -35.132  -59.023  -26.038 0.6000000238
22394  -35.911  -58.775  -27.058 0.6000000238
22396  -37.400  -59.390  -27.046 0.5000000000
22399  -37.046  -58.578  -27.484 0.6000000238
22401  -39.200  -58.895  -27.707 0.8000000119
22403  -41.063  -59.434  -28.077 0.8000000119
22406  -44.710  -59.103  -27.494 0.5000000000
23231  -34.673  -57.545  -22.205 0.4000000060
23241  -34.881  -58.078  -22.774 0.5000000000
23249  -34.969  -58.518  -23.540 0.5000000000
23250  -35.350  -58.117  -24.245 0.5000000000
23258  -35.499  -57.986  -25.074 0.6000000238
23265  -35.751  -57.831  -26.458 0.5000000000
23266  -45.050  -57.983  -26.216 0.4000000060
23268  -35.525  -58.540  -26.622 0.5000000000
23270  -45.510  -58.444  -26.729 0.5000000000
23271  -36.411  -57.682  -27.268 0.5000000000
23272  -37.074  -57.891  -27.519 0.6000000238
23274  -38.573  -58.210  -27.700 0.6999999881
23278  -42.505  -58.037  -28.184 0.6999999881
23279  -45.356  -58.586  -27.236 0.6000000238
23282  -44.470  -58.475  -27.824 0.6000000238
24192  -35.147  -57.477  -22.666 0.5000000000
24199  -35.665  -57.338  -23.725 0.5000000000
24219  -43.157  -56.751  -25.376 0.3000000119
24223  -45.610  -57.370  -26.565 0.6000000238
24234  -44.261  -57.924  -28.033 0.6000000238
25123  -35.652  -56.378  -22.797 0.5000000000
25134  -35.988  -56.716  -23.414 0.5000000000
25135  -36.313  -56.305  -24.073 0.5000000000
25141  -36.438  -56.262  -25.019 0.6000000238
25150  -44.248  -56.520  -25.698 0.5000000000
25152  -45.653  -56.185  -26.229 0.5000000000
25153  -36.515  -56.380  -26.696 0.6000000238
25156  -36.685  -56.510  -27.141 0.6000000238
25159  -38.539  -55.928  -27.506 0.6999999881
25161  -41.861  -56.331  -28.411 0.6999999881
25162  -42.866  -56.791  -28.553 0.8000000119
25164  -46.265  -56.026  -27.795 0.6000000238
25168  -45.823  -56.238  -28.401 0.6000000238
26001  -35.367  -55.313  -22.232 0.4000000060
26014  -35.793  -55.654  -22.645 0.4000000060
26026  -36.551  -55.567  -23.727 0.5000000000
26027  -36.890  -55.173  -24.152 0.5000000000
26036  -37.040  -55.045  -24.883 0.5000000000
26044  -37.054  -54.855  -25.999 0.6000000238
26047  -44.976  -55.468  -25.820 0.5000000000
26048  -45.689  -55.481  -26.031 0.5000000000
26049  -36.745  -55.671  -26.417 0.6000000238
26051  -46.145  -55.779  -26.674 0.6000000238
26053  -37.387  -54.641  -27.306 0.6999999881
26054  -37.824  -55.207  -27.529 0.6999999881
26055  -38.679  -55.044  -27.497 0.6999999881
26057  -40.516  -54.856  -27.563 0.6999999881
26059  -41.885  -54.831  -28.211 0.6000000238
26060  -42.589  -55.238  -28.681 0.6000000238
26061  -44.201  -55.200  -29.126 0.6999999881
26063  -46.412  -54.967  -28.937 0.5000000000
26911  -36.906  -54.106  -23.516 0.5000000000
26920  -36.709  -54.859  -23.556 0.5000000000
26942  -45.581  -54.354  -25.841 0.4000000060
26946  -46.776  -54.688  -27.026 0.6000000238
26954  -42.890  -54.063  -28.488 0.6999999881
26955  -43.682  -54.229  -28.920 0.6000000238
26957  -45.347  -54.450  -29.407 0.6000000238
26958  -46.724  -54.490  -29.056 0.6000000238
26959  -46.085  -54.449  -29.404 0.5000000000
27782  -36.090  -53.668  -22.528 0.4000000060
27795  -36.994  -53.437  -23.525 0.5000000000
27824  -44.540  -53.521  -25.432 0.4000000060
27826  -46.286  -53.306  -26.002 0.3000000119
27828  -37.550  -53.816  -27.343 0.6999999881
27829  -37.727  -53.099  -27.370 0.6999999881
27832  -39.119  -53.391  -27.744 0.6999999881
27842  -45.071  -52.661  -29.387 0.5000000000
28668  -36.786  -52.887  -23.186 0.5000000000
28690  -37.742  -52.331  -24.999 0.6000000238
28698  -37.628  -52.980  -25.311 0.6000000238
28704  -37.998  -52.471  -26.735 0.6000000238
28709  -38.991  -52.168  -27.822 0.6999999881
28710  -40.341  -52.679  -27.622 0.6999999881
28711  -41.226  -52.723  -27.521 0.6999999881
28713  -41.996  -52.745  -27.732 0.5000000000
28714  -42.724  -52.659  -28.071 0.6999999881
28716  -47.200  -53.390  -29.495 0.5000000000
28718  -46.526  -52.563  -29.847 0.5000000000
29614  -47.190  -51.797  -26.478 0.3000000119
29616  -48.567  -51.751  -27.840 0.4000000060
29618  -39.337  -51.545  -27.759 0.6000000238
29620  -41.608  -51.736  -27.621 0.6000000238
29624  -42.211  -52.129  -27.714 0.6999999881
29628  -48.225  -52.387  -29.503 0.5000000000
29630  -44.769  -51.908  -29.225 0.5000000000
30528  -38.492  -51.088  -26.275 0.6000000238
30542  -39.073  -51.243  -27.563 0.6000000238
30543  -39.734  -51.037  -27.540 0.6000000238
30545  -41.772  -50.714  -27.342 0.6000000238
30547  -43.213  -50.575  -27.929 0.6000000238
30551  -43.691  -50.947  -28.421 0.5000000000
30553  -49.079  -51.380  -29.240 0.3000000119
30560  -48.876  -50.671  -30.445 0.4000000060
31510  -37.668  -49.965  -23.659 0.4000000060
31512  -38.634  -49.377  -24.204 0.5000000000
31522  -38.195  -49.854  -24.257 0.5000000000
31523  -38.788  -49.752  -24.839 0.5000000000
31537  -40.948  -49.676  -25.880 0.5000000000
31543  -40.715  -50.293  -26.569 0.6000000238
31544  -43.289  -49.484  -27.037 0.5000000000
31552  -48.790  -50.493  -27.719 0.3000000119
31555  -45.891  -49.495  -29.333 0.5000000000
31556  -49.916  -49.998  -29.663 0.3000000119
31558  -46.529  -50.114  -29.860 0.5000000000
31559  -47.419  -50.153  -30.212 0.5000000000
31560  -48.316  -50.252  -30.549 0.4000000060
31561  -49.443  -50.505  -30.210 0.4000000060
32519  -38.912  -48.893  -23.759 0.4000000060
32543  -40.090  -49.658  -25.456 0.5000000000
32550  -42.461  -48.682  -26.011 0.5000000000
32551  -43.599  -48.811  -26.740 0.4000000060
32558  -45.102  -48.688  -27.885 0.4000000060
32560  -49.340  -49.049  -27.778 0.3000000119
32563  -45.446  -49.041  -28.611 0.5000000000
32564  -49.836  -49.540  -28.528 0.4000000060
32569  -49.114  -49.475  -30.765 0.4000000060
33553  -39.190  -48.251  -23.357 0.3000000119
33567  -41.262  -47.710  -24.999 0.4000000060
33576  -41.130  -48.466  -25.138 0.5000000000
33577  -42.134  -47.997  -25.618 0.5000000000
33583  -43.248  -47.701  -26.169 0.4000000060
33584  -43.815  -47.961  -26.516 0.4000000060
33593  -49.913  -48.058  -28.039 0.3000000119
33596  -46.948  -47.809  -29.200 0.4000000060
33602  -49.154  -48.655  -30.777 0.4000000060
34590  -39.532  -46.816  -23.115 0.3000000119
34602  -40.462  -46.745  -24.102 0.4000000060
34613  -41.393  -47.011  -25.016 0.4000000060
34623  -42.354  -47.304  -25.661 0.5000000000
34640  -44.831  -47.092  -26.981 0.4000000060
34641  -45.400  -46.912  -27.445 0.4000000060
34645  -46.228  -47.119  -28.284 0.4000000060
34646  -46.676  -47.146  -28.773 0.4000000060
34653  -50.861  -47.303  -30.819 0.4000000060
35668  -41.488  -46.311  -25.149 0.4000000060
35682  -42.489  -46.570  -25.794 0.4000000060
35692  -44.391  -46.404  -26.795 0.4000000060
35700  -44.945  -46.308  -27.152 0.4000000060
35702  -48.944  -46.201  -27.193 0.3000000119
35711  -49.013  -46.552  -30.558 0.4000000060
36636  -41.166  -45.172  -25.731 0.4000000060
36646  -41.912  -44.871  -26.801 0.4000000060
36647  -43.985  -45.727  -26.839 0.4000000060
36648  -47.763  -45.589  -26.424 0.3000000119
36654  -43.600  -45.010  -27.160 0.4000000060
36661  -46.484  -45.645  -28.784 0.4000000060
36665  -48.234  -45.818  -30.201 0.4000000060
36669  -51.635  -46.085  -30.646 0.4000000060
37655  -41.200  -44.544  -27.927 0.4000000060
37659  -48.016  -44.844  -26.798 0.4000000060
37669  -43.098  -44.382  -27.790 0.4000000060
37672  -48.336  -44.024  -27.215 0.4000000060
37673  -49.071  -44.305  -27.620 0.4000000060
37677  -42.493  -44.118  -28.544 0.4000000060
37680  -45.321  -44.517  -28.477 0.4000000060
37681  -46.110  -44.768  -28.935 0.4000000060
37687  -47.543  -45.144  -29.981 0.4000000060
37688  -52.010  -45.278  -30.477 0.4000000060
37692  -51.974  -44.903  -31.108 0.3000000119
38626  -47.093  -43.288  -26.637 0.4000000060
38627  -41.465  -44.133  -28.771 0.4000000060
38633  -42.496  -43.811  -28.656 0.4000000060
38641  -46.837  -43.829  -30.107 0.4000000060
38644  -47.293  -43.338  -30.536 0.4000000060
38647  -51.050  -44.760  -31.284 0.3000000119
38650  -50.980  -43.932  -31.478 0.4000000060
39518  -40.424  -43.549  -27.600 0.4000000060
39524  -42.391  -43.018  -28.303 0.4000000060
39526  -48.024  -42.481  -27.281 0.4000000060
39535  -52.979  -43.404  -30.588 0.4000000060
40422  -46.417  -41.987  -26.385 0.4000000060
40425  -43.079  -41.476  -27.687 0.4000000060
40441  -49.274  -41.933  -31.402 0.5000000000
41430  -42.864  -40.910  -26.943 0.4000000060
42497  -43.580  -40.164  -27.515 0.5000000000
154949  -36.220  -71.825  -27.435 0.4000000060
155185  -34.704  -60.209  -24.960 0.5000000000
155435  -42.435  -49.482  -26.498 0.5000000000
155809  -39.470  -55.808  -27.425 0.6999999881
157818  -33.770  -67.252  -28.917 0.4000000060
157878  -35.779  -64.285  -24.563 0.6999999881
158196  -37.245  -55.510  -27.311 0.6999999881
158788  -36.231  -56.787  -25.488 0.6000000238
158922  -31.566  -65.164  -23.181 0.4000000060
159026  -37.420  -53.574  -26.860 0.6999999881
159799  -40.447  -50.800  -27.192 0.5000000000
159935  -45.241  -57.198  -28.091 0.6000000238
161623  -47.504  -47.794  -29.711 0.4000000060
162112  -34.004  -65.124  -24.755 0.6999999881
162505  -38.216  -50.992  -25.397 0.5000000000
163701  -40.170  -49.167  -24.982 0.5000000000
164135  -49.705  -49.237  -30.747 0.4000000060
164839  -43.307  -53.339  -28.541 0.6999999881
164844  -40.970  -56.351  -27.999 0.6999999881
165040  -38.110  -60.239  -25.839 0.6999999881
165248  -37.397  -52.428  -24.243 0.6000000238
165629  -39.431  -52.707  -27.822 0.6999999881
165947  -49.060  -50.144  -30.622 0.4000000060
166297  -45.190  -55.902  -28.950 0.6999999881
166345  -38.076  -52.897  -27.729 0.6999999881
166355  -38.416  -56.761  -27.561 0.6999999881
166549  -44.474  -54.773  -25.575 0.4000000060
167364  -36.060  -57.533  -26.889 0.6000000238
168069  -44.218  -51.432  -28.849 0.5000000000
169155  -31.716  -63.117  -21.143 0.5000000000
169252  -41.642  -58.471  -24.922 0.3000000119
169469  -44.087  -57.220  -28.330 0.6000000238
169813  -48.404  -49.768  -27.186 0.3000000119
169877  -37.718  -58.455  -27.623 0.6000000238
170039  -49.699  -48.113  -30.833 0.4000000060
170096  -41.687  -51.226  -27.641 0.6000000238
170345  -48.736  -44.842  -27.299 0.3000000119
171979  -51.437  -47.083  -30.381 0.4000000060
172101  -38.646  -52.791  -27.863 0.6999999881
172122  -31.397  -65.398  -28.929 0.4000000060
172239  -34.693  -64.001  -23.704 0.6000000238
172509  -44.943  -64.676  -26.332 0.4000000060
173163  -37.603  -64.984  -27.624 0.6000000238
173504  -43.235  -66.314  -28.006 0.5000000000
174557  -49.325  -47.536  -27.549 0.3000000119
175216  -38.304  -57.457  -27.607 0.6000000238
175432  -34.879  -62.939  -23.763 0.5000000000
175830  -47.240  -50.828  -30.152 0.5000000000
176038  -41.551  -42.543  -26.523 0.4000000060
176667  -41.493  -59.895  -28.077 0.8000000119
176822  -38.347  -71.158  -29.962 0.4000000060
176878  -39.574  -59.434  -27.673 0.6999999881
177014  -38.587  -72.348  -29.297 0.4000000060
177057  -34.147  -60.474  -23.673 0.5000000000
177241  -41.180  -54.682  -27.799 0.6999999881
177565  -34.765  -59.803  -25.248 0.6000000238
178021  -33.658  -60.367  -22.150 0.5000000000
179193  -41.186  -66.947  -26.894 0.3000000119
179347  -39.544  -67.582  -30.097 0.4000000060
180076  -37.641  -53.047  -26.680 0.6999999881
180215  -49.016  -43.725  -27.688 0.4000000060
180861  -49.274  -50.925  -28.640 0.4000000060
181059  -35.203  -68.598  -26.085 0.4000000060
181235  -40.266  -46.215  -23.978 0.4000000060
182761  -35.677  -63.181  -24.192 0.6999999881
182777  -41.528  -45.724  -25.407 0.4000000060
183201  -41.603  -48.049  -25.328 0.5000000000
183655  -44.351  -65.761  -27.467 0.5000000000
183964  -35.659  -64.311  -28.827 0.5000000000
184010  -33.326  -62.773  -22.220 0.5000000000
184598  -35.516  -62.036  -24.203 0.5000000000
185534  -36.014  -64.823  -25.381 0.6000000238
