#!ascii label  , from subject sub-v2s2x29083_ses-1 vox2ras=TkReg
443
86124  -29.186  -3.158  -33.772 0.0000000000
88590  -27.906  -0.958  -38.629 0.0000000000
107481  -24.578  13.371  -42.358 0.0000000000
188151  -27.742  8.755  -39.966 0.0000000000
95335  -30.656  4.050  -39.040 0.0000000000
182869  -32.912  2.129  -35.733 0.0000000000
109705  -23.477  15.302  -42.974 0.0000000000
97705  -28.898  6.318  -39.423 0.0000000000
178349  -27.697  3.377  -40.661 0.0000000000
87385  -28.940  -2.018  -36.229 0.0000000000
90969  -29.980  0.460  -37.350 0.0000000000
89711  -30.252  -0.654  -34.638 0.0000000000
80199  -25.852  -7.978  -31.449 0.0000000000
83758  -27.534  -4.569  -34.963 0.0000000000
117775  -23.690  22.312  -43.351 0.0000000000
114860  -24.770  19.554  -42.962 0.0000000000
112796  -25.681  17.748  -42.273 0.0000000000
193867  -27.160  15.816  -41.306 0.0000000000
108641  -28.073  13.746  -40.190 0.0000000000
103571  -26.192  10.511  -41.289 0.0000000000
185771  -29.671  11.082  -39.220 0.0000000000
175253  -30.462  8.975  -38.992 0.0000000000
98834  -32.632  6.473  -39.528 0.0000000000
96503  -34.037  5.275  -38.194 0.0000000000
92110  -29.672  1.537  -39.064 0.0000000000
94228  -32.193  3.046  -37.574 0.0000000000
96552  -27.385  4.813  -41.063 0.0000000000
94295  -26.986  3.182  -41.527 0.0000000000
87359  -28.873  -2.841  -35.236 0.0000000000
88546  -29.288  -1.505  -35.644 0.0000000000
88523  -29.599  -1.586  -34.379 0.0000000000
75225  -25.879  -10.990  -27.300 0.0000000000
203327  -25.872  -10.384  -27.682 0.0000000000
77660  -26.320  -9.153  -28.950 0.0000000000
178994  -26.679  -4.282  -35.863 0.0000000000
83756  -25.872  -5.118  -35.009 0.0000000000
113816  -25.175  18.892  -42.648 0.0000000000
108668  -24.301  14.188  -42.570 0.0000000000
110771  -25.344  15.756  -42.020 0.0000000000
109686  -26.037  14.569  -41.507 0.0000000000
109667  -27.715  14.799  -40.717 0.0000000000
107468  -26.493  13.351  -40.873 0.0000000000
102318  -26.900  9.384  -40.753 0.0000000000
174327  -27.911  11.064  -39.820 0.0000000000
175220  -28.048  9.891  -39.740 0.0000000000
102299  -29.941  9.612  -39.052 0.0000000000
196093  -28.815  8.834  -39.177 0.0000000000
176585  -30.123  5.253  -38.999 0.0000000000
98832  -31.077  6.540  -39.036 0.0000000000
189049  -31.862  5.113  -39.209 0.0000000000
97710  -33.083  5.956  -39.430 0.0000000000
193948  -32.073  4.517  -39.187 0.0000000000
185206  -27.219  0.156  -39.158 0.0000000000
92108  -28.267  1.002  -39.604 0.0000000000
90985  -28.946  0.156  -38.664 0.0000000000
92073  -30.962  1.297  -36.501 0.0000000000
92082  -30.829  1.570  -37.309 0.0000000000
93157  -32.516  2.555  -36.356 0.0000000000
94230  -33.519  3.724  -36.844 0.0000000000
94209  -34.089  2.637  -35.944 0.0000000000
80183  -26.858  -7.859  -30.479 0.0000000000
80213  -26.245  -7.508  -31.874 0.0000000000
80214  -27.021  -7.112  -31.609 0.0000000000
82554  -27.614  -6.224  -32.377 0.0000000000
100008  -27.221  7.050  -41.510 0.0000000000
99973  -28.002  7.466  -39.995 0.0000000000
98873  -27.695  6.179  -40.870 0.0000000000
96537  -28.582  4.685  -39.816 0.0000000000
95354  -29.146  4.158  -39.369 0.0000000000
87397  -28.076  -2.011  -37.522 0.0000000000
90968  -29.421  -0.083  -37.858 0.0000000000
174708  -29.509  -0.797  -36.695 0.0000000000
90949  -30.318  0.191  -35.806 0.0000000000
90951  -31.510  0.820  -35.177 0.0000000000
78956  -26.441  -8.395  -30.073 0.0000000000
88571  -26.983  -1.693  -38.149 0.0000000000
87396  -27.639  -2.618  -37.162 0.0000000000
86147  -28.383  -3.328  -35.702 0.0000000000
84932  -28.234  -4.117  -34.667 0.0000000000
118701  -25.302  22.890  -43.784 0.0000000000
115863  -23.129  20.783  -43.339 0.0000000000
116814  -24.726  20.763  -43.342 0.0000000000
115866  -26.122  19.880  -43.079 0.0000000000
114847  -26.872  18.717  -42.185 0.0000000000
113804  -27.956  18.168  -41.559 0.0000000000
111780  -25.228  16.515  -42.234 0.0000000000
111782  -26.524  16.672  -41.767 0.0000000000
112780  -28.412  17.270  -40.935 0.0000000000
111747  -28.812  16.186  -40.424 0.0000000000
109650  -29.050  14.891  -40.005 0.0000000000
108621  -29.970  13.812  -39.755 0.0000000000
106157  -25.483  11.872  -41.754 0.0000000000
106144  -27.161  12.088  -40.319 0.0000000000
106138  -28.999  12.186  -39.449 0.0000000000
107451  -30.513  12.436  -39.533 0.0000000000
104839  -31.234  11.262  -39.545 0.0000000000
101076  -32.314  8.785  -39.937 0.0000000000
195444  -29.797  7.354  -38.880 0.0000000000
99960  -31.597  7.733  -39.232 0.0000000000
93222  -27.468  2.016  -40.609 0.0000000000
93210  -28.813  2.168  -39.721 0.0000000000
94252  -30.355  2.891  -38.911 0.0000000000
92094  -30.045  1.234  -38.473 0.0000000000
93196  -30.732  2.475  -38.694 0.0000000000
94254  -31.672  3.356  -38.938 0.0000000000
95325  -32.923  4.221  -38.288 0.0000000000
96484  -34.417  4.844  -37.485 0.0000000000
83743  -26.761  -5.589  -34.314 0.0000000000
83745  -28.137  -4.876  -33.758 0.0000000000
84908  -29.239  -4.109  -32.976 0.0000000000
86135  -29.009  -2.945  -34.459 0.0000000000
87360  -29.193  -2.233  -34.716 0.0000000000
87346  -29.444  -2.377  -33.925 0.0000000000
197098  -29.942  -1.826  -33.788 0.0000000000
86125  -29.567  -2.856  -33.402 0.0000000000
76358  -26.486  -10.396  -27.551 0.0000000000
108667  -23.751  13.666  -42.974 0.0000000000
108660  -24.895  13.998  -42.091 0.0000000000
107474  -25.290  13.532  -41.720 0.0000000000
108654  -25.950  13.821  -41.335 0.0000000000
101090  -26.741  8.754  -41.239 0.0000000000
101091  -27.245  8.730  -40.572 0.0000000000
102307  -27.482  9.497  -40.175 0.0000000000
101062  -27.988  9.280  -39.734 0.0000000000
102297  -28.481  9.427  -39.413 0.0000000000
101063  -28.259  8.803  -39.518 0.0000000000
96523  -30.639  4.708  -39.060 0.0000000000
97707  -30.993  5.331  -39.085 0.0000000000
96524  -31.428  4.403  -39.254 0.0000000000
89776  -27.548  -0.295  -38.977 0.0000000000
90998  -28.132  0.314  -39.147 0.0000000000
90984  -28.223  -0.389  -38.815 0.0000000000
92074  -31.525  1.595  -36.166 0.0000000000
93156  -31.790  2.119  -36.551 0.0000000000
93146  -32.151  1.941  -35.888 0.0000000000
93158  -33.317  2.712  -36.036 0.0000000000
92063  -33.451  1.555  -35.356 0.0000000000
80201  -27.274  -7.383  -30.948 0.0000000000
98872  -27.272  6.325  -41.537 0.0000000000
190175  -27.529  6.728  -40.979 0.0000000000
97745  -27.334  5.642  -41.349 0.0000000000
95373  -27.814  4.277  -40.454 0.0000000000
96553  -28.107  5.185  -40.318 0.0000000000
95353  -28.338  3.769  -39.940 0.0000000000
88558  -28.729  -1.792  -37.028 0.0000000000
88574  -29.093  -1.277  -37.144 0.0000000000
88559  -29.219  -1.385  -36.418 0.0000000000
88536  -29.661  -1.070  -35.032 0.0000000000
89730  -30.029  -0.424  -35.434 0.0000000000
90937  -30.567  -0.023  -35.100 0.0000000000
90950  -30.887  0.526  -35.488 0.0000000000
90938  -31.213  0.293  -34.850 0.0000000000
198357  -31.827  0.494  -34.760 0.0000000000
89712  -30.996  -0.290  -34.476 0.0000000000
74116  -24.517  -11.921  -27.280 0.0000000000
74091  -24.763  -12.403  -26.862 0.0000000000
78957  -27.202  -8.165  -29.839 0.0000000000
83769  -26.965  -4.660  -35.427 0.0000000000
86146  -27.762  -3.674  -36.066 0.0000000000
84943  -27.348  -4.190  -35.681 0.0000000000
84944  -28.012  -3.954  -35.381 0.0000000000
190164  -24.242  23.015  -43.273 0.0000000000
117782  -24.440  22.134  -43.659 0.0000000000
117783  -25.104  22.392  -43.756 0.0000000000
114859  -23.896  19.779  -43.168 0.0000000000
200935  -23.657  20.396  -43.280 0.0000000000
115864  -24.367  20.256  -43.146 0.0000000000
115865  -25.215  20.043  -43.101 0.0000000000
114861  -25.636  19.396  -42.812 0.0000000000
193312  -25.589  18.369  -42.414 0.0000000000
114846  -26.009  18.810  -42.470 0.0000000000
113817  -26.257  18.214  -42.178 0.0000000000
113818  -27.384  18.324  -41.846 0.0000000000
198025  -26.868  18.108  -41.912 0.0000000000
110782  -24.113  15.664  -42.687 0.0000000000
110757  -26.113  15.375  -41.645 0.0000000000
111781  -25.957  16.202  -41.906 0.0000000000
111761  -26.634  15.959  -41.587 0.0000000000
186493  -27.674  16.960  -41.189 0.0000000000
111763  -27.712  16.057  -41.024 0.0000000000
111764  -28.301  16.553  -40.794 0.0000000000
111746  -28.285  15.935  -40.666 0.0000000000
193404  -27.756  13.944  -40.407 0.0000000000
109668  -28.309  14.846  -40.368 0.0000000000
109649  -28.538  14.207  -40.116 0.0000000000
109651  -29.724  14.545  -39.835 0.0000000000
108619  -28.665  13.431  -39.866 0.0000000000
103582  -25.717  10.334  -41.945 0.0000000000
104855  -25.252  10.786  -42.338 0.0000000000
104848  -25.735  11.108  -41.652 0.0000000000
106151  -26.040  11.742  -41.184 0.0000000000
104844  -26.671  11.566  -40.701 0.0000000000
188645  -28.484  10.905  -39.542 0.0000000000
104835  -27.786  11.823  -39.847 0.0000000000
104837  -28.889  11.454  -39.404 0.0000000000
189069  -29.680  12.349  -39.399 0.0000000000
106139  -30.089  11.757  -39.317 0.0000000000
106140  -30.702  11.737  -39.428 0.0000000000
104838  -30.538  11.152  -39.182 0.0000000000
102301  -31.560  9.892  -39.473 0.0000000000
178542  -31.795  9.184  -39.601 0.0000000000
102308  -32.084  9.576  -40.046 0.0000000000
101066  -31.699  8.513  -39.376 0.0000000000
196967  -28.897  6.982  -39.233 0.0000000000
99957  -29.229  7.454  -39.017 0.0000000000
98830  -29.545  6.704  -38.973 0.0000000000
98833  -31.892  6.458  -39.272 0.0000000000
182605  -31.549  7.060  -39.170 0.0000000000
99961  -32.203  7.184  -39.503 0.0000000000
201807  -32.588  7.594  -39.776 0.0000000000
98851  -32.960  7.179  -39.906 0.0000000000
96526  -33.467  5.470  -38.922 0.0000000000
195509  -34.636  5.801  -38.361 0.0000000000
93221  -27.073  2.056  -40.640 0.0000000000
92109  -28.998  1.214  -39.461 0.0000000000
92123  -28.543  1.522  -39.966 0.0000000000
93194  -29.449  2.006  -39.244 0.0000000000
94251  -29.500  2.688  -39.023 0.0000000000
93195  -30.024  2.222  -38.880 0.0000000000
90986  -29.761  0.575  -38.200 0.0000000000
92081  -30.285  1.062  -37.711 0.0000000000
93168  -31.646  2.614  -37.865 0.0000000000
93180  -30.969  2.151  -38.073 0.0000000000
93181  -31.369  2.772  -38.555 0.0000000000
94237  -31.930  3.139  -38.313 0.0000000000
94238  -32.320  3.698  -38.636 0.0000000000
172923  -32.414  3.396  -37.999 0.0000000000
95303  -34.298  3.805  -36.618 0.0000000000
95312  -33.981  4.276  -37.148 0.0000000000
95313  -34.749  4.330  -36.993 0.0000000000
82570  -28.040  -5.696  -32.733 0.0000000000
83732  -27.747  -5.457  -33.454 0.0000000000
83733  -28.408  -5.120  -33.066 0.0000000000
84907  -28.742  -4.517  -33.359 0.0000000000
83734  -29.012  -4.787  -32.745 0.0000000000
96573  -26.925  5.055  -41.693 0.0000000000
95372  -27.350  3.793  -41.291 0.0000000000
192685  -27.263  3.170  -41.217 0.0000000000
87372  -29.064  -2.164  -35.469 0.0000000000
88535  -29.310  -1.662  -35.007 0.0000000000
203498  -29.912  -1.117  -34.508 0.0000000000
89697  -30.768  -0.771  -34.116 0.0000000000
88524  -30.233  -1.222  -34.034 0.0000000000
88514  -30.554  -1.730  -33.459 0.0000000000
74117  -25.404  -11.851  -26.922 0.0000000000
77659  -25.564  -9.391  -29.210 0.0000000000
77633  -25.896  -9.618  -28.500 0.0000000000
77634  -26.630  -9.476  -28.362 0.0000000000
86158  -26.615  -3.282  -36.732 0.0000000000
84942  -25.979  -4.255  -35.882 0.0000000000
83768  -26.336  -4.723  -35.437 0.0000000000
83757  -26.747  -5.131  -34.891 0.0000000000
117774  -23.123  22.352  -42.952 0.0000000000
113836  -24.261  19.013  -42.916 0.0000000000
113815  -24.802  18.179  -42.621 0.0000000000
110770  -24.739  15.357  -42.247 0.0000000000
109698  -24.836  14.629  -42.168 0.0000000000
109699  -25.409  14.997  -41.853 0.0000000000
198442  -26.564  14.836  -41.328 0.0000000000
110759  -27.431  15.360  -41.031 0.0000000000
108655  -26.654  14.165  -41.036 0.0000000000
108639  -27.048  13.645  -40.646 0.0000000000
103566  -26.784  10.701  -40.662 0.0000000000
103567  -27.528  10.423  -40.110 0.0000000000
103560  -28.135  10.498  -39.720 0.0000000000
177283  -28.658  10.188  -39.374 0.0000000000
103561  -30.250  10.404  -39.105 0.0000000000
102298  -29.142  9.517  -39.154 0.0000000000
174156  -29.598  8.770  -38.976 0.0000000000
97706  -29.502  5.822  -39.074 0.0000000000
98831  -30.340  6.085  -38.923 0.0000000000
203071  -30.978  5.957  -39.033 0.0000000000
97709  -32.302  5.770  -39.307 0.0000000000
96525  -32.633  5.108  -39.127 0.0000000000
96502  -33.178  4.840  -38.601 0.0000000000
92121  -27.183  1.240  -39.951 0.0000000000
90997  -27.514  0.708  -39.406 0.0000000000
92072  -30.422  0.964  -36.887 0.0000000000
200122  -31.264  1.776  -36.725 0.0000000000
93167  -31.401  2.144  -37.256 0.0000000000
173641  -31.986  2.593  -37.076 0.0000000000
94229  -32.810  3.455  -37.323 0.0000000000
204415  -32.498  2.984  -36.952 0.0000000000
94218  -33.804  3.237  -36.343 0.0000000000
94219  -34.593  3.158  -36.279 0.0000000000
94220  -35.388  2.938  -36.394 0.0000000000
78967  -26.138  -8.163  -30.765 0.0000000000
80200  -26.570  -7.658  -31.168 0.0000000000
81421  -26.548  -6.985  -32.317 0.0000000000
81433  -26.926  -6.518  -32.739 0.0000000000
82555  -28.313  -5.974  -32.055 0.0000000000
99990  -27.114  7.936  -41.188 0.0000000000
101075  -28.096  8.168  -39.709 0.0000000000
98849  -27.548  7.333  -40.694 0.0000000000
98850  -27.902  6.773  -40.371 0.0000000000
97729  -28.241  6.067  -40.153 0.0000000000
97746  -27.796  5.596  -40.775 0.0000000000
97730  -28.806  5.536  -39.665 0.0000000000
96538  -29.359  5.011  -39.263 0.0000000000
96522  -29.968  4.486  -39.077 0.0000000000
88573  -28.523  -1.350  -37.866 0.0000000000
89765  -28.803  -0.703  -38.402 0.0000000000
89751  -29.268  -0.810  -37.579 0.0000000000
89752  -29.715  -0.163  -37.006 0.0000000000
89729  -29.599  -0.885  -35.887 0.0000000000
89741  -29.883  -0.258  -36.207 0.0000000000
192831  -30.143  0.353  -36.545 0.0000000000
90960  -30.640  0.743  -36.171 0.0000000000
92060  -31.198  1.081  -35.821 0.0000000000
92061  -31.845  1.336  -35.543 0.0000000000
92062  -32.566  1.517  -35.354 0.0000000000
92050  -32.238  0.919  -34.971 0.0000000000
89698  -31.455  -0.670  -33.939 0.0000000000
72942  -24.505  -13.092  -26.562 0.0000000000
78966  -25.439  -8.450  -31.095 0.0000000000
78930  -25.995  -8.881  -29.644 0.0000000000
78955  -25.681  -8.652  -30.378 0.0000000000
88572  -27.681  -1.564  -38.150 0.0000000000
200846  -27.443  -2.047  -37.743 0.0000000000
190254  -28.438  -2.447  -36.774 0.0000000000
86159  -27.370  -3.232  -36.617 0.0000000000
86160  -28.113  -3.063  -36.424 0.0000000000
87384  -28.753  -2.729  -36.027 0.0000000000
86134  -28.575  -3.494  -34.961 0.0000000000
86123  -28.761  -3.647  -34.247 0.0000000000
175477  -24.415  23.826  -43.136 0.0000000000
117773  -22.688  21.916  -42.635 0.0000000000
116812  -23.240  21.573  -43.340 0.0000000000
186844  -23.847  20.892  -43.382 0.0000000000
116813  -24.097  21.517  -43.686 0.0000000000
116816  -25.168  21.406  -43.707 0.0000000000
114862  -26.495  19.297  -42.652 0.0000000000
114863  -27.746  19.486  -42.573 0.0000000000
114848  -27.906  18.883  -42.073 0.0000000000
113819  -28.676  18.481  -41.588 0.0000000000
111793  -24.508  16.789  -42.638 0.0000000000
186925  -25.844  16.974  -42.119 0.0000000000
185899  -24.667  16.075  -42.457 0.0000000000
112797  -26.507  17.491  -41.912 0.0000000000
112779  -27.330  17.682  -41.583 0.0000000000
200683  -27.966  17.615  -41.255 0.0000000000
113805  -28.549  17.907  -41.176 0.0000000000
112781  -29.117  17.564  -40.845 0.0000000000
110740  -29.884  15.977  -40.004 0.0000000000
110738  -28.014  15.408  -40.706 0.0000000000
176992  -29.268  15.732  -40.068 0.0000000000
106156  -24.876  11.969  -42.357 0.0000000000
107473  -25.237  12.682  -41.911 0.0000000000
177308  -25.794  12.354  -41.359 0.0000000000
106152  -26.434  12.443  -40.832 0.0000000000
107459  -27.166  12.952  -40.404 0.0000000000
204641  -27.308  11.281  -40.222 0.0000000000
106145  -27.608  12.459  -40.034 0.0000000000
107460  -27.939  13.038  -40.011 0.0000000000
107449  -29.167  12.857  -39.603 0.0000000000
177173  -30.636  13.267  -39.683 0.0000000000
103562  -31.054  10.534  -39.259 0.0000000000
204375  -31.570  10.622  -39.614 0.0000000000
102320  -32.770  9.608  -41.151 0.0000000000
101092  -33.074  8.940  -40.856 0.0000000000
205592  -28.518  8.307  -39.300 0.0000000000
101064  -29.660  7.958  -38.798 0.0000000000
205327  -30.197  8.335  -38.869 0.0000000000
99958  -30.329  6.962  -38.890 0.0000000000
99959  -30.971  7.381  -38.993 0.0000000000
101065  -30.943  8.256  -39.001 0.0000000000
99974  -32.218  7.986  -39.609 0.0000000000
98835  -33.707  6.535  -39.644 0.0000000000
94284  -27.169  2.620  -40.922 0.0000000000
94285  -27.560  2.638  -40.657 0.0000000000
92122  -27.745  1.434  -40.205 0.0000000000
93209  -28.084  1.969  -40.408 0.0000000000
94271  -28.153  2.846  -40.067 0.0000000000
94272  -28.909  3.218  -39.419 0.0000000000
95334  -29.843  3.580  -38.982 0.0000000000
199672  -30.696  3.439  -38.980 0.0000000000
92093  -29.438  0.857  -38.933 0.0000000000
92095  -30.511  1.575  -38.056 0.0000000000
93179  -30.356  1.861  -38.577 0.0000000000
94253  -31.067  3.095  -38.915 0.0000000000
95336  -31.313  3.681  -39.188 0.0000000000
95337  -31.885  3.971  -39.132 0.0000000000
95338  -32.491  4.348  -38.960 0.0000000000
95326  -33.626  4.619  -37.828 0.0000000000
95311  -33.260  4.040  -37.520 0.0000000000
82569  -27.339  -5.985  -33.071 0.0000000000
83744  -27.425  -5.165  -34.232 0.0000000000
83759  -27.974  -4.627  -34.349 0.0000000000
176344  -28.466  -4.271  -33.995 0.0000000000
84921  -28.980  -3.846  -33.577 0.0000000000
81422  -27.189  -6.685  -32.131 0.0000000000
82583  -27.062  -5.776  -33.766 0.0000000000
84955  -26.296  -3.813  -36.341 0.0000000000
84956  -27.040  -3.801  -36.254 0.0000000000
93147  -33.614  2.202  -35.709 0.0000000000
94217  -33.059  3.157  -36.585 0.0000000000
97708  -31.526  5.849  -39.162 0.0000000000
98829  -28.411  6.873  -39.724 0.0000000000
99956  -28.544  7.614  -39.347 0.0000000000
99972  -27.588  8.058  -40.306 0.0000000000
101077  -32.865  8.724  -40.376 0.0000000000
102300  -30.773  9.755  -39.135 0.0000000000
102306  -27.042  9.999  -40.511 0.0000000000
102309  -32.617  9.310  -40.477 0.0000000000
102317  -26.500  9.368  -41.298 0.0000000000
103563  -31.903  10.301  -40.081 0.0000000000
104836  -28.286  11.449  -39.624 0.0000000000
104849  -26.274  11.128  -41.067 0.0000000000
106136  -28.036  12.398  -39.792 0.0000000000
106137  -28.404  11.997  -39.597 0.0000000000
106146  -31.157  12.012  -39.782 0.0000000000
107448  -28.513  12.661  -39.660 0.0000000000
107450  -29.886  13.028  -39.619 0.0000000000
107467  -25.841  13.036  -41.281 0.0000000000
108620  -29.193  14.049  -39.895 0.0000000000
108640  -27.407  14.167  -40.663 0.0000000000
108661  -25.421  14.257  -41.772 0.0000000000
109652  -30.331  14.454  -39.788 0.0000000000
109687  -27.107  14.774  -41.024 0.0000000000
110739  -28.599  15.508  -40.318 0.0000000000
110758  -26.851  15.342  -41.350 0.0000000000
111762  -27.128  16.409  -41.425 0.0000000000
112771  -28.981  16.897  -40.578 0.0000000000
112778  -27.023  17.047  -41.558 0.0000000000
112795  -25.051  17.293  -42.422 0.0000000000
173546  -27.971  14.281  -40.416 0.0000000000
174991  -26.575  9.966  -40.987 0.0000000000
175095  -27.560  13.586  -40.365 0.0000000000
177009  -29.438  10.262  -39.157 0.0000000000
177296  -29.126  1.637  -39.572 0.0000000000
177604  -29.013  8.148  -39.004 0.0000000000
177652  -24.566  12.603  -42.512 0.0000000000
179359  -31.742  11.024  -40.091 0.0000000000
182306  -31.241  9.103  -39.206 0.0000000000
185803  -29.025  10.774  -39.333 0.0000000000
187638  -29.359  13.434  -39.765 0.0000000000
188075  -29.454  11.764  -39.326 0.0000000000
195082  -32.741  3.759  -37.958 0.0000000000
196225  -22.933  15.037  -43.463 0.0000000000
197408  -30.310  7.710  -38.853 0.0000000000
201885  -28.772  0.696  -39.208 0.0000000000
202940  -27.065  3.474  -41.741 0.0000000000
205561  -27.221  19.236  -42.471 0.0000000000
