#!ascii label  , from subject sub-v2s2x29083_ses-1 vox2ras=TkReg
1071
19611  14.355  -63.361  -20.622 0.6000000238
21240  8.511  -61.992  -13.105 0.6999999881
208007  8.679  -61.552  -15.051 0.6999999881
175163  9.477  -61.896  -20.104 0.8999999762
21340  10.036  -62.268  -20.272 0.8000000119
20471  11.799  -62.879  -21.153 0.8000000119
20470  13.881  -62.909  -21.219 0.6000000238
20469  14.670  -62.879  -21.130 0.6999999881
202057  16.511  -62.110  -20.863 0.6999999881
21225  9.013  -62.440  -12.551 0.6999999881
20367  8.682  -63.133  -12.095 0.6999999881
176473  9.040  -61.597  -14.414 0.6999999881
22202  9.899  -62.009  -15.435 0.6000000238
21280  9.190  -61.744  -16.004 0.6999999881
21296  9.267  -61.780  -16.919 0.6999999881
21310  10.101  -61.878  -18.456 0.8000000119
21309  10.967  -62.106  -18.576 0.8000000119
21326  10.226  -61.887  -19.826 0.8000000119
193054  11.743  -62.288  -20.559 0.8000000119
21354  12.772  -62.736  -21.213 0.6000000238
21352  14.328  -62.521  -21.186 0.6000000238
21361  15.565  -61.782  -21.321 0.6999999881
21334  16.937  -62.257  -20.288 0.6999999881
21224  9.894  -62.298  -12.480 0.5000000000
20350  9.123  -63.723  -11.592 0.6000000238
22154  10.028  -61.829  -13.128 0.4000000060
22171  9.516  -61.685  -13.667 0.6000000238
172789  10.475  -61.820  -14.201 0.5000000000
21279  11.225  -62.456  -15.706 0.6000000238
197141  10.642  -62.407  -16.443 0.8000000119
183515  11.621  -62.421  -17.516 0.6999999881
198272  13.069  -62.320  -18.272 0.6999999881
21322  13.858  -62.089  -19.325 0.6999999881
22270  14.823  -61.478  -21.015 0.5000000000
22283  15.430  -61.175  -21.267 0.6000000238
23129  16.702  -60.651  -21.478 0.6000000238
22280  17.024  -60.967  -21.162 0.6000000238
22260  17.746  -61.456  -19.768 0.5000000000
20364  11.183  -62.893  -11.764 0.5000000000
188801  10.596  -64.164  -11.224 0.6000000238
18634  10.120  -65.140  -10.496 0.6000000238
20365  10.342  -63.006  -11.895 0.5000000000
21264  11.791  -62.324  -15.008 0.5000000000
194224  12.913  -62.396  -16.012 0.6000000238
21277  13.690  -62.154  -16.499 0.6000000238
21305  14.300  -61.933  -18.430 0.6000000238
22249  14.680  -61.385  -18.882 0.5000000000
194512  14.896  -60.834  -19.967 0.5000000000
23117  15.084  -60.713  -20.941 0.6000000238
23946  15.955  -59.934  -21.636 0.6000000238
23128  17.010  -60.426  -21.347 0.5000000000
23928  17.434  -59.915  -20.374 0.5000000000
24784  18.237  -59.341  -18.595 0.5000000000
23927  17.983  -60.207  -19.183 0.5000000000
19474  11.240  -64.167  -11.142 0.5000000000
18619  10.991  -65.139  -10.264 0.5000000000
22142  10.586  -61.916  -12.629 0.5000000000
22153  10.785  -61.707  -13.110 0.4000000060
23063  12.182  -60.733  -13.393 0.3000000119
22167  12.600  -61.295  -14.116 0.4000000060
22182  13.020  -61.661  -14.823 0.3000000119
23895  12.986  -60.098  -14.350 0.3000000119
21263  12.659  -62.274  -15.197 0.5000000000
22200  13.996  -61.439  -15.974 0.5000000000
23909  14.710  -60.381  -16.795 0.5000000000
23102  15.076  -60.437  -18.608 0.5000000000
196734  15.148  -60.167  -19.470 0.5000000000
23110  15.103  -60.267  -20.217 0.6000000238
23947  15.455  -59.864  -21.320 0.6000000238
23951  16.782  -59.563  -21.515 0.5000000000
24804  17.058  -59.284  -21.187 0.5000000000
24785  17.664  -59.308  -19.386 0.5000000000
19473  12.044  -63.994  -11.036 0.5000000000
20347  12.001  -63.210  -11.436 0.5000000000
181873  12.024  -61.414  -11.954 0.5000000000
180973  11.718  -61.147  -12.394 0.4000000060
22152  11.584  -61.287  -13.004 0.5000000000
186891  12.302  -60.153  -12.992 0.4000000060
24753  12.765  -59.193  -14.607 0.3000000119
24759  13.698  -59.560  -15.774 0.3000000119
23910  14.372  -60.083  -16.179 0.4000000060
206400  14.767  -59.560  -18.030 0.5000000000
23923  14.943  -59.661  -19.036 0.4000000060
24815  15.855  -59.174  -21.757 0.5000000000
186388  16.608  -57.671  -21.896 0.5000000000
25701  16.799  -58.289  -21.587 0.5000000000
178157  17.824  -58.621  -18.782 0.5000000000
25670  17.588  -58.012  -19.199 0.4000000060
25678  17.364  -58.255  -20.120 0.5000000000
19472  12.805  -63.870  -10.629 0.5000000000
21210  13.418  -62.486  -11.347 0.5000000000
21220  12.680  -61.990  -11.663 0.5000000000
23040  12.734  -60.223  -12.009 0.4000000060
23886  12.451  -59.443  -13.053 0.4000000060
24754  12.392  -58.642  -14.321 0.3000000119
24760  12.944  -58.981  -15.387 0.3000000119
24779  13.316  -58.634  -17.040 0.4000000060
24788  13.482  -58.423  -17.894 0.4000000060
25671  12.659  -58.048  -18.440 0.4000000060
24777  14.124  -58.866  -18.192 0.4000000060
24786  14.464  -58.999  -18.860 0.4000000060
24795  14.100  -58.714  -19.562 0.5000000000
24806  14.232  -58.713  -20.447 0.5000000000
24810  14.853  -58.925  -21.201 0.6000000238
25694  16.983  -57.367  -21.668 0.4000000060
25693  16.985  -57.795  -21.465 0.5000000000
188900  14.039  -62.038  -11.192 0.4000000060
22130  13.395  -61.695  -11.591 0.4000000060
24732  12.567  -58.762  -12.968 0.4000000060
25614  12.492  -58.320  -13.460 0.4000000060
24761  12.371  -58.427  -15.096 0.4000000060
25654  11.836  -57.730  -16.471 0.4000000060
25653  12.445  -58.183  -16.711 0.4000000060
25662  12.565  -58.127  -17.535 0.4000000060
25680  11.615  -57.713  -18.883 0.4000000060
25679  12.678  -57.909  -19.448 0.5000000000
25688  12.863  -57.743  -20.363 0.5000000000
26575  13.504  -57.865  -20.947 0.6000000238
26584  15.244  -57.080  -21.766 0.5000000000
27543  14.911  -56.332  -21.531 0.4000000060
26583  16.160  -57.192  -22.049 0.4000000060
22129  14.588  -61.510  -11.010 0.4000000060
24721  13.800  -58.825  -12.206 0.4000000060
23038  14.365  -60.027  -11.715 0.4000000060
24731  13.509  -58.355  -12.525 0.4000000060
26528  12.338  -57.529  -15.194 0.4000000060
25664  11.179  -57.447  -17.391 0.4000000060
25672  11.205  -57.575  -17.999 0.4000000060
25689  11.939  -57.547  -19.838 0.4000000060
194902  12.283  -57.410  -20.350 0.5000000000
26576  12.861  -57.432  -20.792 0.4000000060
191850  14.390  -56.973  -21.445 0.6000000238
23853  15.036  -59.702  -11.635 0.4000000060
24720  14.808  -58.912  -12.062 0.4000000060
25612  13.926  -57.960  -12.913 0.4000000060
26512  13.070  -57.437  -14.258 0.4000000060
26527  12.845  -57.279  -14.918 0.4000000060
26547  12.536  -56.724  -16.346 0.4000000060
180556  12.275  -56.329  -16.852 0.5000000000
26549  11.234  -57.268  -17.164 0.4000000060
26554  10.920  -57.001  -17.937 0.3000000119
26561  10.460  -56.612  -18.563 0.3000000119
26566  11.141  -57.144  -19.415 0.4000000060
27533  11.751  -56.385  -20.281 0.4000000060
27532  12.521  -56.372  -20.650 0.4000000060
27544  13.929  -56.488  -21.208 0.5000000000
178262  15.095  -60.985  -10.786 0.4000000060
26511  14.001  -57.178  -14.211 0.4000000060
192826  13.508  -57.086  -14.751 0.4000000060
27484  13.355  -56.440  -16.028 0.3000000119
173523  13.023  -56.061  -16.623 0.3000000119
28545  10.930  -55.950  -17.758 0.3000000119
28553  10.507  -55.262  -18.115 0.3000000119
27521  10.338  -56.063  -19.212 0.3000000119
28584  12.313  -55.532  -20.395 0.4000000060
29721  13.638  -54.307  -20.452 0.4000000060
24719  15.706  -58.706  -11.981 0.3000000119
26500  15.154  -57.339  -13.433 0.3000000119
26510  14.770  -57.127  -13.931 0.3000000119
26526  14.212  -56.775  -14.983 0.3000000119
27469  14.266  -56.241  -15.715 0.3000000119
28543  13.298  -55.203  -16.845 0.3000000119
175744  12.391  -55.675  -17.154 0.4000000060
30881  12.016  -53.688  -17.346 0.4000000060
28552  11.012  -54.713  -17.772 0.3000000119
29688  10.501  -54.375  -18.321 0.3000000119
29710  10.684  -54.286  -19.323 0.3000000119
29709  11.622  -53.903  -19.841 0.4000000060
30930  12.794  -53.694  -20.170 0.4000000060
30929  13.848  -53.601  -20.367 0.4000000060
29675  13.109  -54.204  -16.975 0.4000000060
192940  11.831  -52.918  -17.348 0.4000000060
182538  11.098  -53.995  -17.824 0.4000000060
193290  10.636  -53.670  -18.385 0.3000000119
30915  10.864  -53.454  -19.146 0.4000000060
31985  11.731  -52.137  -19.435 0.4000000060
33102  12.734  -51.790  -19.800 0.4000000060
30914  11.840  -52.979  -19.772 0.4000000060
32004  12.635  -52.438  -19.898 0.4000000060
31962  11.220  -52.257  -17.728 0.4000000060
33067  11.036  -51.328  -18.276 0.5000000000
33081  11.245  -50.988  -18.609 0.4000000060
188359  11.872  -50.798  -19.118 0.4000000060
32003  13.714  -52.343  -20.182 0.3000000119
34090  12.529  -50.295  -19.386 0.3000000119
19614  12.301  -63.157  -20.999 0.6999999881
21335  14.125  -62.240  -21.011 0.6000000238
21324  12.284  -62.184  -19.213 0.6999999881
175695  12.589  -62.215  -20.300 0.6999999881
22269  17.314  -61.237  -20.547 0.6000000238
22169  11.024  -61.638  -13.625 0.4000000060
22183  12.298  -61.929  -14.459 0.4000000060
21293  12.280  -62.537  -16.675 0.6999999881
188481  13.438  -62.388  -17.412 0.6999999881
21321  14.244  -61.890  -19.777 0.6999999881
21222  11.137  -62.050  -12.138 0.5000000000
22232  14.560  -61.581  -17.706 0.5000000000
23079  14.049  -60.698  -15.701 0.4000000060
24794  14.673  -59.170  -19.695 0.6000000238
191578  15.520  -58.749  -21.695 0.5000000000
180000  14.405  -57.741  -21.434 0.6000000238
26540  12.055  -57.336  -15.988 0.3000000119
27520  10.847  -56.433  -19.720 0.4000000060
23852  15.712  -59.599  -11.197 0.4000000060
29702  10.207  -54.840  -18.681 0.3000000119
29701  10.337  -54.010  -18.772 0.3000000119
186294  11.030  -52.582  -18.960 0.3000000119
34089  13.430  -50.720  -19.804 0.3000000119
18703  8.597  -65.195  -16.747 0.6000000238
17859  9.689  -65.696  -16.008 0.6000000238
16203  12.294  -67.766  -14.390 0.6000000238
15552  13.412  -68.301  -14.661 0.6000000238
19539  6.104  -64.465  -16.958 0.5000000000
18727  7.031  -64.527  -17.057 0.6000000238
19586  8.043  -63.718  -18.444 0.6999999881
194885  7.871  -64.381  -17.548 0.6999999881
202068  8.164  -65.482  -16.236 0.6000000238
18701  10.146  -65.292  -16.965 0.6000000238
17838  11.084  -66.120  -15.683 0.6000000238
17837  11.880  -66.262  -15.877 0.6000000238
16225  12.899  -67.011  -15.407 0.6000000238
16202  13.023  -67.673  -14.839 0.6000000238
16200  14.621  -68.082  -15.196 0.6000000238
16198  16.122  -68.017  -14.736 0.6999999881
20426  5.922  -63.165  -18.250 0.6000000238
21328  5.963  -62.025  -18.824 0.6999999881
19555  5.597  -63.869  -17.642 0.5000000000
20442  6.260  -62.503  -18.749 0.6999999881
19553  7.263  -63.787  -18.005 0.6999999881
19551  9.344  -64.315  -18.371 0.6999999881
203977  9.613  -65.068  -17.217 0.6999999881
17857  11.474  -65.861  -16.470 0.5000000000
16980  14.102  -67.121  -15.983 0.6000000238
16978  15.555  -67.010  -16.081 0.6000000238
16958  15.862  -67.463  -15.342 0.6999999881
16977  16.401  -66.791  -15.639 0.6999999881
16945  17.670  -67.111  -13.855 0.6999999881
17812  17.820  -66.313  -14.170 0.6999999881
16943  25.128  -67.141  -13.953 0.4000000060
18643  23.067  -65.227  -12.125 0.5000000000
19489  21.606  -64.638  -12.094 0.6000000238
17791  20.576  -65.591  -12.610 0.6000000238
17810  18.852  -65.703  -13.457 0.6999999881
21269  3.375  -62.398  -15.286 0.5000000000
22207  4.399  -61.613  -16.594 0.5000000000
22221  5.009  -61.465  -17.229 0.6000000238
22240  4.327  -61.887  -18.004 0.5000000000
174640  6.072  -61.553  -18.293 0.6999999881
22239  4.934  -61.617  -17.889 0.5000000000
21329  5.237  -62.017  -18.570 0.6000000238
22264  7.152  -61.825  -19.149 0.6999999881
185377  6.936  -62.498  -19.079 0.6999999881
19585  8.780  -63.676  -18.969 0.6999999881
18700  11.048  -65.446  -17.064 0.6999999881
16995  13.487  -66.786  -16.137 0.6000000238
16993  14.960  -66.695  -16.566 0.6000000238
17836  16.467  -66.297  -16.201 0.6999999881
17821  17.559  -65.873  -15.009 0.6999999881
18667  18.567  -65.357  -13.983 0.6999999881
18656  19.717  -65.133  -13.047 0.6000000238
19505  19.575  -64.545  -13.302 0.6000000238
20384  4.962  -63.336  -13.289 0.5000000000
190688  3.367  -63.990  -13.584 0.4000000060
21267  5.015  -62.220  -14.935 0.5000000000
20394  4.335  -63.241  -13.808 0.5000000000
21281  4.661  -61.836  -15.728 0.5000000000
22189  6.113  -61.763  -15.177 0.6000000238
174477  5.234  -61.510  -16.354 0.6000000238
174819  7.106  -61.311  -17.344 0.6999999881
174234  6.297  -61.354  -17.632 0.6000000238
22252  7.221  -61.608  -18.858 0.6999999881
20460  8.472  -62.276  -19.910 0.6999999881
18753  10.479  -64.737  -18.300 0.6999999881
17875  12.509  -65.726  -17.347 0.6999999881
17856  12.363  -66.035  -16.681 0.6999999881
17853  14.472  -66.343  -16.943 0.6999999881
201654  15.659  -66.085  -17.026 0.6999999881
17850  16.703  -65.893  -16.464 0.8000000119
18677  17.963  -65.234  -15.199 0.6999999881
19488  22.180  -64.019  -12.138 0.5000000000
19504  20.067  -64.047  -13.018 0.6000000238
19523  18.785  -64.309  -14.624 0.6000000238
194611  4.257  -64.777  -12.055 0.4000000060
21244  5.608  -62.938  -13.520 0.6000000238
208066  5.334  -62.542  -14.229 0.6000000238
22174  6.507  -61.944  -14.563 0.6000000238
22205  6.933  -61.429  -15.948 0.6000000238
22218  7.755  -61.393  -16.571 0.6000000238
22251  7.906  -61.597  -18.840 0.6999999881
198785  8.336  -61.926  -19.707 0.6999999881
20440  8.955  -62.916  -19.985 0.6999999881
19550  10.033  -64.318  -18.737 0.6999999881
19602  10.899  -63.774  -19.814 0.8000000119
19582  11.343  -64.374  -19.072 0.8000000119
18721  13.069  -65.510  -17.764 0.6000000238
195606  15.345  -65.825  -17.419 0.6000000238
19538  17.735  -64.668  -16.931 0.8000000119
18697  17.968  -64.895  -16.057 0.6999999881
20379  22.835  -63.685  -12.329 0.5000000000
20362  21.104  -63.398  -12.441 0.6000000238
20401  19.339  -63.235  -14.719 0.6999999881
20360  22.257  -63.132  -12.334 0.6000000238
19491  6.176  -63.915  -11.894 0.5000000000
18635  5.697  -64.974  -10.884 0.4000000060
18625  5.577  -65.601  -10.482 0.4000000060
20382  6.749  -62.945  -12.793 0.5000000000
20370  5.751  -63.615  -12.404 0.5000000000
21253  6.749  -62.200  -13.858 0.6000000238
177476  7.070  -61.664  -14.703 0.6000000238
22203  8.428  -61.506  -15.734 0.6000000238
22234  8.629  -61.548  -17.589 0.6999999881
20459  9.239  -62.271  -20.237 0.8000000119
202423  10.547  -63.146  -20.352 0.8000000119
19581  12.085  -64.381  -19.191 0.6000000238
18748  14.352  -64.950  -18.413 0.6000000238
18718  15.655  -65.306  -17.784 0.6999999881
18716  17.114  -64.906  -17.420 0.6999999881
20417  19.090  -63.179  -16.412 0.6999999881
20381  20.456  -63.279  -12.920 0.6000000238
21262  19.537  -62.671  -14.987 0.6000000238
22180  20.241  -61.508  -14.895 0.6000000238
21237  21.243  -62.378  -12.796 0.6000000238
22166  20.385  -61.637  -14.208 0.6000000238
20352  7.459  -63.839  -11.708 0.5000000000
19479  6.779  -64.218  -11.394 0.5000000000
18624  6.172  -65.260  -10.333 0.5000000000
18609  6.038  -65.733  -10.009 0.5000000000
21226  8.200  -62.549  -12.600 0.5000000000
20369  7.113  -63.292  -12.259 0.5000000000
22156  8.078  -61.734  -13.667 0.6000000238
20456  11.785  -63.313  -20.721 0.6999999881
19599  13.496  -63.986  -19.894 0.6000000238
205559  15.205  -64.218  -19.017 0.6000000238
19577  15.821  -64.246  -18.714 0.6000000238
19548  17.990  -63.949  -17.984 0.6999999881
19574  17.668  -63.515  -18.517 0.6000000238
20423  18.986  -63.078  -17.261 0.6000000238
21276  19.458  -62.607  -15.842 0.6999999881
174338  22.814  -61.975  -12.867 0.5000000000
22179  20.676  -61.077  -14.391 0.4000000060
19477  8.749  -64.397  -11.168 0.5000000000
19462  8.169  -64.848  -10.789 0.5000000000
18607  7.199  -65.406  -9.510 0.5000000000
17757  6.843  -65.898  -8.951 0.5000000000
17735  6.893  -66.320  -8.282 0.5000000000
16107  7.331  -67.768  -7.597 0.5000000000
20455  15.117  -63.304  -20.346 0.6000000238
20452  17.387  -63.064  -19.041 0.6000000238
20451  17.924  -62.778  -18.833 0.4000000060
21304  19.257  -62.446  -17.659 0.5000000000
21290  19.991  -61.654  -16.769 0.4000000060
23070  20.533  -60.869  -15.173 0.4000000060
184568  19.815  -62.047  -16.114 0.5000000000
19476  9.422  -64.793  -10.871 0.6000000238
18621  8.517  -65.270  -10.250 0.5000000000
17755  8.508  -65.854  -9.115 0.5000000000
17734  7.193  -66.066  -8.137 0.5000000000
17722  7.313  -66.453  -7.579 0.5000000000
16100  7.295  -67.525  -6.857 0.5000000000
194673  6.999  -68.061  -6.324 0.4000000060
15443  6.467  -68.470  -5.905 0.5000000000
15444  5.798  -68.557  -5.688 0.4000000060
14844  4.941  -69.468  -7.244 0.4000000060
176340  5.335  -70.711  -8.246 0.4000000060
179306  17.497  -62.454  -19.525 0.6000000238
22259  18.338  -61.655  -19.121 0.4000000060
22231  19.460  -61.787  -18.002 0.4000000060
194967  20.382  -60.905  -16.621 0.4000000060
173656  9.767  -65.593  -9.997 0.5000000000
17754  9.278  -65.950  -8.941 0.4000000060
17720  8.798  -66.037  -7.545 0.4000000060
17710  7.673  -66.455  -6.908 0.5000000000
18558  7.942  -65.620  -5.248 0.4000000060
16846  6.611  -67.360  -5.233 0.5000000000
17685  6.587  -66.079  -4.887 0.4000000060
17686  5.879  -66.294  -4.885 0.5000000000
16079  6.009  -67.483  -5.024 0.5000000000
17702  5.118  -66.295  -5.115 0.3000000119
203990  4.466  -68.138  -5.870 0.3000000119
15445  3.978  -68.135  -6.358 0.3000000119
191638  18.603  -60.663  -18.698 0.4000000060
205594  10.357  -65.738  -9.233 0.5000000000
17732  9.451  -65.963  -8.117 0.5000000000
17719  9.540  -65.750  -7.254 0.4000000060
18602  11.715  -65.016  -9.934 0.4000000060
18588  11.561  -65.104  -9.204 0.4000000060
189887  10.490  -65.086  -7.567 0.4000000060
204101  9.854  -64.259  -6.732 0.4000000060
19447  12.245  -64.554  -9.415 0.4000000060
194466  11.851  -64.682  -8.711 0.4000000060
201826  10.681  -64.583  -7.456 0.4000000060
20317  12.862  -63.429  -8.813 0.4000000060
20302  11.376  -63.430  -8.050 0.4000000060
19402  9.758  -63.700  -6.926 0.4000000060
20282  9.137  -63.496  -6.613 0.4000000060
20301  12.149  -63.284  -8.413 0.4000000060
20335  13.713  -63.101  -10.462 0.3000000119
21152  10.830  -62.848  -8.008 0.4000000060
21153  9.999  -62.653  -7.787 0.4000000060
21131  8.792  -62.963  -7.098 0.4000000060
21184  14.424  -62.326  -9.848 0.4000000060
21132  8.030  -62.831  -6.973 0.4000000060
22073  8.889  -61.872  -8.001 0.4000000060
22104  14.284  -62.043  -9.217 0.3000000119
22085  13.910  -61.549  -8.724 0.4000000060
22087  12.415  -61.850  -8.369 0.4000000060
21172  11.490  -62.105  -8.297 0.4000000060
22071  10.532  -62.088  -8.170 0.4000000060
22072  9.691  -61.988  -8.077 0.4000000060
196900  11.309  -60.865  -8.422 0.3000000119
19598  14.119  -63.926  -19.835 0.6000000238
21227  7.453  -62.723  -12.674 0.5000000000
20453  16.786  -62.964  -19.596 0.6000000238
188889  19.285  -61.343  -18.288 0.4000000060
172817  11.762  -66.931  -14.780 0.6000000238
16957  17.137  -66.669  -14.773 0.6999999881
16976  16.994  -66.049  -15.769 0.6999999881
18654  24.100  -65.287  -12.822 0.5000000000
19487  23.748  -64.483  -12.710 0.5000000000
201004  22.546  -65.492  -12.042 0.5000000000
18644  22.401  -64.874  -12.041 0.4000000060
201289  21.003  -64.431  -12.295 0.6000000238
20402  3.873  -62.837  -14.538 0.5000000000
190781  11.447  -65.219  -17.759 0.6999999881
20392  19.803  -63.406  -13.493 0.6000000238
22219  6.569  -61.338  -16.769 0.6000000238
186847  13.593  -65.899  -17.372 0.6999999881
18699  16.604  -65.539  -17.010 0.8000000119
19532  18.724  -64.018  -15.390 0.6999999881
19481  5.219  -64.614  -11.406 0.4000000060
18750  12.602  -64.951  -18.477 0.6000000238
18719  14.889  -65.414  -17.860 0.6000000238
19537  18.151  -64.133  -17.328 0.6999999881
19533  18.414  -64.342  -15.910 0.6999999881
21234  23.336  -62.456  -12.974 0.5000000000
20378  23.647  -63.211  -13.026 0.5000000000
20410  19.142  -63.325  -15.486 0.6999999881
20400  19.717  -62.833  -14.119 0.6000000238
19579  13.839  -64.425  -19.106 0.6999999881
18747  15.244  -64.804  -18.420 0.6999999881
19575  17.295  -64.239  -18.119 0.6999999881
21291  19.486  -62.442  -16.779 0.6000000238
21250  20.898  -61.997  -13.206 0.6000000238
206784  21.408  -61.107  -13.423 0.6000000238
19463  7.308  -64.666  -10.857 0.5000000000
18623  6.867  -65.108  -10.229 0.5000000000
17758  6.276  -66.059  -9.509 0.4000000060
200528  15.524  -63.735  -19.420 0.6000000238
20439  18.222  -63.267  -18.268 0.6000000238
14198  5.962  -70.620  -8.105 0.3000000119
21319  18.884  -62.315  -18.304 0.5000000000
23091  20.213  -60.793  -17.371 0.4000000060
16862  7.248  -66.888  -5.697 0.5000000000
195342  5.066  -68.432  -5.684 0.4000000060
15456  4.177  -69.213  -7.389 0.4000000060
21169  13.655  -62.250  -8.829 0.4000000060
21170  12.868  -62.577  -8.572 0.4000000060
10736  24.654  -75.730  -25.943 0.3000000119
11481  26.261  -74.672  -26.078 0.3000000119
14329  22.427  -70.708  -17.270 0.4000000060
13668  24.133  -71.740  -18.030 0.4000000060
176494  23.644  -71.857  -19.192 0.4000000060
12947  24.188  -72.107  -19.557 0.4000000060
14952  22.453  -69.936  -15.393 0.4000000060
14317  21.653  -69.772  -16.248 0.4000000060
14954  21.144  -69.575  -15.855 0.4000000060
178503  20.706  -69.450  -15.302 0.5000000000
184535  19.565  -70.209  -15.154 0.5000000000
14279  19.052  -70.351  -14.716 0.5000000000
13616  24.853  -71.282  -16.075 0.4000000060
13635  23.563  -71.155  -16.712 0.5000000000
14978  21.567  -69.869  -16.810 0.5000000000
13604  17.573  -71.241  -14.853 0.5000000000
13650  25.148  -71.622  -16.721 0.5000000000
13652  23.861  -71.447  -17.356 0.5000000000
12909  25.431  -71.951  -17.391 0.5000000000
12928  24.893  -72.031  -18.069 0.4000000060
12945  25.959  -72.336  -18.835 0.4000000060
191874  24.715  -72.244  -19.902 0.4000000060
186353  25.426  -72.342  -20.677 0.4000000060
185450  25.346  -72.370  -21.825 0.3000000119
13017  25.758  -72.300  -23.400 0.4000000060
14905  24.306  -69.494  -14.021 0.4000000060
201015  23.089  -68.968  -13.734 0.4000000060
15525  22.588  -68.454  -13.441 0.4000000060
14932  24.659  -69.984  -14.502 0.4000000060
14278  23.643  -70.292  -14.984 0.4000000060
14906  23.525  -69.472  -14.104 0.4000000060
14908  21.536  -68.835  -14.432 0.4000000060
15546  20.896  -69.074  -14.598 0.5000000000
15547  20.302  -68.976  -14.146 0.5000000000
14275  25.720  -70.340  -15.038 0.4000000060
14298  24.572  -70.844  -15.467 0.4000000060
14315  23.171  -70.705  -16.115 0.4000000060
15527  20.833  -68.402  -13.828 0.5000000000
15513  19.891  -68.677  -13.639 0.5000000000
205953  18.606  -69.868  -14.006 0.5000000000
15529  18.288  -68.992  -13.539 0.6000000238
15530  17.701  -68.683  -13.618 0.6000000238
198158  16.986  -69.977  -14.024 0.6000000238
16944  18.332  -66.780  -13.493 0.6000000238
16174  18.317  -67.650  -13.323 0.6000000238
15532  15.967  -69.223  -14.406 0.5000000000
176108  26.250  -72.384  -19.495 0.4000000060
16199  15.405  -68.071  -15.091 0.5000000000
183602  26.198  -72.379  -20.715 0.4000000060
12980  26.530  -72.400  -21.372 0.4000000060
175253  26.269  -72.369  -22.719 0.4000000060
16169  22.840  -67.899  -12.961 0.4000000060
16933  22.300  -67.446  -12.759 0.5000000000
16934  21.159  -67.295  -12.910 0.5000000000
16935  20.353  -66.968  -12.875 0.5000000000
15528  19.111  -68.872  -13.499 0.5000000000
17800  20.503  -66.171  -12.705 0.5000000000
15515  18.708  -68.320  -13.271 0.6000000238
17801  19.397  -65.721  -13.116 0.6000000238
16937  18.840  -67.137  -13.147 0.6000000238
9943  24.518  -76.161  -25.175 0.3000000119
10734  27.077  -74.759  -25.673 0.3000000119
13034  29.354  -72.483  -24.528 0.3000000119
15522  25.453  -68.650  -14.246 0.4000000060
204480  25.144  -68.297  -13.917 0.4000000060
206707  24.761  -67.173  -13.403 0.4000000060
15510  23.387  -68.464  -13.190 0.4000000060
16161  23.039  -67.181  -12.489 0.4000000060
16925  22.000  -66.566  -12.330 0.5000000000
16924  22.702  -66.532  -12.201 0.4000000060
17790  21.107  -65.850  -12.436 0.5000000000
15548  16.388  -68.629  -14.303 0.6000000238
15549  15.695  -68.631  -14.669 0.5000000000
16932  23.898  -66.992  -12.605 0.4000000060
14935  22.160  -69.401  -14.824 0.4000000060
207423  17.235  -70.511  -14.165 0.5000000000
195473  28.022  -72.354  -24.094 0.3000000119
15524  23.880  -68.955  -13.603 0.4000000060
15511  22.091  -67.935  -13.202 0.5000000000
205836  20.102  -68.142  -13.340 0.5000000000
16172  19.826  -67.657  -13.044 0.6000000238
28585  11.132  -55.646  -19.969 0.3000000119
9942  25.225  -75.855  -25.524 0.3000000119
10733  27.678  -74.391  -25.597 0.3000000119
10735  25.445  -75.108  -26.131 0.3000000119
10737  23.878  -75.947  -25.892 0.3000000119
12892  25.973  -71.761  -16.753 0.5000000000
12946  24.751  -72.194  -19.333 0.4000000060
12963  25.848  -72.362  -20.121 0.4000000060
12981  25.738  -72.371  -21.288 0.4000000060
13015  28.648  -72.351  -23.834 0.3000000119
13035  28.558  -72.545  -24.843 0.3000000119
13617  24.041  -71.087  -16.068 0.4000000060
13634  24.350  -71.414  -16.707 0.5000000000
13651  24.638  -71.717  -17.371 0.4000000060
14256  19.029  -69.893  -14.208 0.5000000000
14257  18.444  -70.300  -14.223 0.5000000000
14258  17.633  -70.139  -13.968 0.5000000000
14259  16.633  -70.532  -14.282 0.6000000238
14276  25.005  -70.458  -14.965 0.4000000060
14277  24.274  -70.436  -14.922 0.4000000060
14280  18.402  -70.912  -14.868 0.5000000000
14281  17.060  -71.003  -14.449 0.5000000000
14297  25.424  -70.915  -15.494 0.4000000060
14299  23.810  -70.649  -15.470 0.4000000060
14300  23.107  -70.337  -15.416 0.4000000060
14301  22.595  -70.302  -15.862 0.4000000060
14302  19.150  -70.628  -15.366 0.5000000000
14316  22.248  -70.341  -16.519 0.5000000000
14843  5.836  -69.562  -7.129 0.4000000060
14850  6.300  -70.031  -7.773 0.3000000119
14851  5.356  -70.054  -8.028 0.4000000060
14904  25.043  -69.391  -14.229 0.4000000060
14907  22.307  -68.903  -14.063 0.4000000060
14909  19.589  -69.336  -14.054 0.5000000000
14910  18.800  -69.483  -13.793 0.5000000000
14911  18.181  -69.797  -13.844 0.5000000000
14912  17.507  -69.378  -13.779 0.6000000238
14913  16.272  -69.882  -14.274 0.6000000238
14914  15.517  -69.813  -14.467 0.5000000000
14933  23.917  -69.970  -14.505 0.4000000060
14934  23.084  -69.853  -14.764 0.4000000060
14936  21.354  -69.315  -15.146 0.4000000060
14937  20.239  -69.414  -14.679 0.5000000000
14938  19.620  -69.844  -14.678 0.5000000000
14953  21.797  -69.630  -15.587 0.4000000060
14955  20.421  -69.737  -16.023 0.4000000060
14966  20.974  -69.676  -16.595 0.4000000060
15454  6.186  -69.080  -6.324 0.4000000060
15455  5.385  -69.119  -6.234 0.4000000060
15508  24.831  -67.893  -13.588 0.4000000060
15509  24.162  -68.287  -13.228 0.4000000060
15512  21.355  -67.864  -13.331 0.5000000000
15514  19.441  -68.248  -13.255 0.5000000000
15523  24.698  -68.755  -13.771 0.4000000060
15526  21.777  -68.361  -13.745 0.5000000000
15531  17.085  -68.656  -13.893 0.6000000238
15533  15.200  -69.196  -14.606 0.5000000000
15550  14.903  -68.641  -14.845 0.5000000000
15551  14.086  -68.541  -14.801 0.6000000238
16092  6.651  -67.917  -5.699 0.5000000000
16093  6.171  -68.002  -5.343 0.5000000000
16094  5.545  -67.930  -5.213 0.4000000060
16095  4.818  -67.705  -5.382 0.3000000119
16115  6.885  -67.319  -8.314 0.5000000000
16167  24.361  -67.497  -13.024 0.4000000060
16168  23.631  -67.763  -12.846 0.4000000060
16170  21.729  -67.523  -12.973 0.5000000000
16171  20.600  -67.711  -13.205 0.5000000000
16173  19.098  -67.698  -13.114 0.6000000238
16182  17.520  -67.985  -13.721 0.6000000238
16183  16.756  -67.986  -14.200 0.6000000238
16184  12.658  -68.447  -14.308 0.6000000238
16197  16.553  -67.351  -14.800 0.6999999881
16201  13.852  -67.912  -15.097 0.6000000238
16204  11.644  -67.409  -14.247 0.6000000238
16222  15.078  -67.589  -15.629 0.6000000238
16223  14.348  -67.577  -15.649 0.6000000238
16224  13.644  -67.309  -15.477 0.6000000238
16847  6.251  -66.846  -4.879 0.4000000060
16848  5.436  -67.096  -4.971 0.5000000000
16861  7.622  -66.552  -6.200 0.5000000000
16869  7.423  -66.917  -6.697 0.5000000000
16875  7.137  -67.128  -7.653 0.5000000000
16880  6.711  -66.709  -8.439 0.5000000000
16894  6.117  -66.492  -9.472 0.5000000000
16923  23.470  -66.414  -12.228 0.4000000060
16931  24.485  -66.728  -13.019 0.4000000060
16936  19.475  -67.049  -12.976 0.6000000238
16956  25.117  -66.420  -14.379 0.4000000060
16959  12.314  -67.220  -14.784 0.6000000238
16960  11.165  -66.914  -14.532 0.6000000238
16979  14.716  -67.143  -16.090 0.6000000238
16981  12.174  -66.717  -15.328 0.6000000238
16991  16.058  -66.563  -16.300 0.6999999881
16992  15.610  -66.462  -16.630 0.6999999881
16994  14.245  -66.764  -16.459 0.6000000238
16996  12.660  -66.500  -15.993 0.6000000238
17684  7.294  -65.820  -5.012 0.4000000060
17700  7.629  -66.201  -5.518 0.4000000060
17701  6.906  -66.547  -5.091 0.4000000060
17708  8.849  -65.833  -6.558 0.4000000060
17709  8.050  -66.191  -6.292 0.5000000000
17718  10.114  -65.651  -7.836 0.5000000000
17721  8.151  -66.181  -7.121 0.5000000000
17733  8.595  -66.012  -8.408 0.4000000060
17736  6.501  -66.361  -8.931 0.4000000060
17753  10.126  -65.818  -8.707 0.5000000000
17756  7.636  -65.825  -8.781 0.5000000000
17768  5.686  -66.262  -10.086 0.5000000000
17787  23.628  -65.660  -12.256 0.5000000000
17788  22.991  -65.889  -12.096 0.4000000060
17789  22.289  -66.031  -12.135 0.5000000000
17799  21.207  -66.588  -12.567 0.5000000000
17802  18.997  -66.403  -13.174 0.6000000238
17811  18.420  -66.019  -13.758 0.6999999881
17820  18.092  -65.608  -14.457 0.6999999881
17851  16.177  -66.119  -16.740 0.6999999881
17852  15.125  -66.240  -17.004 0.6999999881
17854  13.725  -66.310  -16.849 0.6999999881
17855  13.074  -66.314  -16.567 0.6999999881
17858  10.626  -65.726  -16.264 0.6000000238
17871  15.977  -65.704  -17.280 0.8000000119
17872  14.666  -65.922  -17.392 0.6000000238
17873  14.097  -66.022  -17.279 0.6999999881
17874  13.057  -65.987  -17.124 0.6999999881
17876  11.849  -65.598  -17.200 0.6999999881
18575  11.023  -64.882  -7.936 0.4000000060
18589  10.885  -65.579  -9.040 0.5000000000
18590  10.686  -65.412  -8.279 0.4000000060
18603  11.158  -65.327  -9.620 0.5000000000
18604  10.474  -65.565  -9.748 0.5000000000
18605  9.041  -65.704  -9.716 0.5000000000
18606  8.059  -65.570  -9.612 0.5000000000
18608  6.572  -65.544  -9.737 0.5000000000
18620  9.292  -65.272  -10.363 0.5000000000
18622  7.665  -65.143  -10.214 0.5000000000
18645  21.799  -65.462  -12.146 0.5000000000
18646  20.956  -65.098  -12.361 0.6000000238
18647  4.709  -64.890  -11.617 0.4000000060
18655  20.287  -65.124  -12.712 0.6000000238
18666  19.102  -65.082  -13.532 0.6999999881
18675  18.738  -64.805  -14.114 0.6999999881
18676  18.401  -64.991  -14.625 0.6999999881
18685  18.366  -64.641  -15.314 0.6999999881
18686  17.523  -65.476  -15.710 0.6999999881
18687  8.802  -65.587  -16.103 0.6000000238
18698  17.254  -65.374  -16.512 0.8000000119
18702  9.321  -65.285  -16.735 0.6000000238
18704  7.817  -65.048  -16.744 0.6000000238
18705  6.509  -65.086  -16.395 0.5000000000
18717  16.363  -65.171  -17.598 0.6999999881
18720  14.020  -65.541  -17.776 0.6000000238
18722  12.216  -65.336  -17.824 0.6999999881
18723  10.685  -65.108  -17.725 0.6999999881
18724  9.928  -64.848  -17.819 0.6999999881
18725  9.117  -64.840  -17.422 0.6999999881
18726  8.405  -64.776  -17.263 0.6000000238
18745  16.696  -64.678  -17.932 0.6999999881
18746  16.066  -64.759  -18.131 0.6999999881
18749  13.471  -64.990  -18.456 0.6000000238
18751  11.795  -64.887  -18.418 0.8000000119
18752  11.066  -64.828  -18.352 0.8000000119
19403  9.577  -64.638  -6.283 0.4000000060
19418  11.756  -64.068  -8.289 0.4000000060
19419  11.103  -64.169  -7.817 0.4000000060
19420  10.390  -64.038  -7.269 0.4000000060
19435  12.350  -64.056  -8.739 0.4000000060
19436  11.274  -65.095  -8.571 0.4000000060
19446  12.783  -64.007  -9.231 0.4000000060
19457  12.856  -64.102  -9.889 0.4000000060
19458  12.258  -64.445  -10.302 0.4000000060
19459  11.571  -64.698  -10.675 0.5000000000
19460  10.801  -64.717  -10.882 0.5000000000
19461  8.839  -64.948  -10.713 0.6000000238
19464  6.443  -64.752  -10.821 0.5000000000
19475  10.065  -64.504  -11.059 0.6000000238
19478  7.901  -64.311  -11.248 0.5000000000
19480  5.926  -64.392  -11.349 0.5000000000
19490  20.466  -64.543  -12.574 0.6000000238
19492  5.457  -64.099  -11.910 0.5000000000
19493  4.814  -64.383  -11.991 0.4000000060
19494  4.335  -64.239  -12.539 0.4000000060
19503  23.440  -63.780  -12.588 0.5000000000
19514  19.539  -63.995  -13.540 0.6000000238
19515  19.153  -64.400  -13.878 0.6000000238
19549  17.655  -64.385  -17.580 0.6999999881
19552  8.605  -64.308  -17.965 0.6999999881
19554  6.440  -63.822  -17.705 0.6999999881
19576  16.561  -64.231  -18.443 0.6000000238
19578  14.600  -64.365  -19.031 0.6000000238
19580  12.955  -64.317  -19.349 0.6999999881
19583  10.676  -64.324  -18.950 0.8000000119
19584  9.520  -63.643  -19.412 0.6999999881
19595  17.028  -63.653  -18.796 0.6000000238
19596  16.292  -63.671  -19.113 0.6000000238
19597  14.810  -63.821  -19.674 0.6000000238
19600  12.249  -63.815  -20.180 0.6999999881
19601  11.564  -63.840  -19.978 0.6999999881
19603  9.858  -62.816  -20.310 0.8000000119
19612  13.626  -63.426  -20.639 0.6000000238
19613  13.011  -62.948  -21.220 0.6999999881
20274  8.769  -63.866  -5.948 0.4000000060
20303  10.204  -63.317  -7.512 0.4000000060
20304  9.523  -63.110  -7.268 0.4000000060
20316  13.465  -62.971  -9.054 0.4000000060
20327  13.732  -63.157  -9.797 0.3000000119
20328  13.219  -63.560  -9.452 0.4000000060
20336  13.307  -63.537  -10.236 0.3000000119
20346  13.289  -63.216  -10.944 0.5000000000
20348  10.817  -63.613  -11.501 0.6000000238
20349  9.999  -63.762  -11.499 0.6000000238
20351  8.307  -63.762  -11.640 0.6999999881
20353  6.785  -63.740  -11.935 0.5000000000
20361  21.675  -63.468  -12.236 0.6000000238
20363  20.700  -63.927  -12.491 0.6000000238
20366  9.519  -63.060  -12.009 0.5000000000
20368  7.876  -63.214  -12.151 0.5000000000
20371  5.015  -63.814  -12.574 0.5000000000
20380  20.976  -62.897  -12.701 0.6000000238
20383  6.065  -63.176  -12.896 0.5000000000
20386  3.912  -63.731  -13.517 0.4000000060
20393  19.332  -63.689  -14.176 0.6999999881
20395  3.573  -63.416  -14.020 0.4000000060
20411  18.711  -63.810  -16.122 0.6999999881
20418  18.624  -63.696  -16.914 0.6999999881
20424  18.466  -63.546  -17.653 0.6000000238
20425  6.693  -63.158  -18.511 0.6999999881
20427  5.092  -63.154  -18.144 0.6000000238
20438  18.729  -62.913  -17.979 0.6000000238
20441  7.442  -63.136  -18.926 0.6999999881
20443  5.518  -62.474  -18.527 0.6000000238
20454  15.930  -63.168  -19.966 0.6000000238
20457  11.194  -63.102  -20.685 0.8000000119
20458  10.663  -62.591  -20.621 0.8000000119
20461  7.662  -62.407  -19.475 0.6999999881
20462  6.546  -62.114  -19.035 0.6999999881
20467  16.277  -62.592  -20.491 0.6999999881
20468  15.476  -62.785  -20.889 0.6999999881
20472  11.378  -62.612  -20.821 0.8000000119
21151  11.580  -62.827  -8.228 0.4000000060
21154  9.219  -62.499  -7.640 0.4000000060
21155  8.441  -62.382  -7.544 0.4000000060
21171  12.110  -62.532  -8.350 0.4000000060
21185  13.999  -62.615  -9.461 0.4000000060
21197  14.461  -62.146  -10.534 0.4000000060
21198  14.075  -62.702  -10.210 0.3000000119
21209  13.894  -62.676  -10.840 0.4000000060
21211  12.701  -62.836  -11.428 0.5000000000
21219  21.512  -62.912  -12.412 0.6000000238
21221  11.874  -62.268  -11.755 0.5000000000
21223  10.621  -62.405  -12.173 0.5000000000
21235  22.635  -62.485  -12.620 0.5000000000
21236  21.911  -62.394  -12.602 0.6000000238
21238  20.624  -62.558  -13.091 0.6000000238
21239  9.274  -61.899  -13.104 0.6999999881
21241  7.783  -62.180  -13.149 0.5000000000
21242  7.076  -62.406  -13.232 0.5000000000
21243  6.377  -62.664  -13.369 0.6000000238
21251  20.335  -62.171  -13.720 0.6000000238
21252  7.404  -61.957  -13.732 0.6000000238
21254  6.049  -62.393  -14.031 0.6000000238
21255  4.625  -62.676  -14.400 0.5000000000
21261  19.996  -62.134  -14.529 0.6000000238
21265  10.749  -62.180  -14.968 0.5000000000
21266  5.756  -62.129  -14.728 0.6000000238
21268  4.208  -62.289  -15.132 0.5000000000
21275  19.860  -62.056  -15.357 0.6000000238
21278  12.096  -62.508  -15.801 0.6000000238
21282  3.714  -61.898  -16.018 0.5000000000
21292  12.997  -62.452  -16.794 0.6000000238
21294  11.447  -62.544  -16.551 0.6999999881
21295  10.010  -62.114  -17.198 0.8000000119
21303  19.692  -61.980  -17.377 0.4000000060
21306  13.767  -62.205  -18.224 0.6000000238
21307  12.503  -62.410  -17.709 0.6999999881
21308  11.729  -62.224  -18.529 0.6999999881
21311  9.327  -61.673  -18.021 0.6999999881
21320  18.373  -62.227  -18.893 0.4000000060
21323  13.173  -62.206  -19.202 0.6999999881
21325  11.250  -62.052  -19.717 0.8000000119
21327  9.289  -61.667  -19.365 0.8999999762
21330  4.519  -62.068  -18.275 0.6000000238
21336  13.653  -62.255  -20.616 0.6999999881
21337  12.965  -62.425  -20.940 0.6999999881
21338  12.338  -62.511  -21.040 0.6000000238
21339  10.858  -62.236  -20.456 0.8000000119
21341  8.888  -61.863  -19.975 0.8999999762
21342  7.779  -62.005  -19.516 0.6999999881
21343  7.087  -62.037  -19.271 0.6999999881
21344  6.540  -61.876  -18.944 0.6999999881
21349  16.923  -61.632  -20.859 0.6000000238
21350  16.311  -61.733  -21.241 0.6999999881
21351  15.092  -62.378  -21.219 0.6999999881
21353  13.507  -62.672  -21.224 0.6000000238
21355  11.928  -62.651  -21.106 0.8000000119
21362  14.884  -61.984  -21.204 0.6000000238
22086  13.203  -61.686  -8.505 0.4000000060
22088  10.181  -61.417  -8.377 0.3000000119
22103  14.769  -61.737  -9.763 0.3000000119
22117  14.845  -61.517  -10.472 0.4000000060
22140  13.266  -60.936  -11.708 0.4000000060
22141  12.600  -61.093  -11.792 0.5000000000
22155  8.784  -61.667  -13.665 0.6999999881
22165  20.902  -61.454  -13.651 0.6000000238
22168  11.864  -61.460  -13.751 0.4000000060
22170  10.243  -61.683  -13.644 0.4000000060
22172  8.342  -61.570  -14.186 0.6000000238
22173  7.647  -61.604  -14.361 0.6000000238
22181  13.646  -61.235  -15.215 0.3000000119
22184  11.370  -61.955  -14.272 0.4000000060
22185  9.878  -61.796  -14.707 0.5000000000
22186  8.149  -61.469  -14.946 0.6999999881
22187  7.361  -61.495  -15.164 0.6000000238
22188  6.695  -61.602  -15.246 0.6000000238
22190  5.478  -61.793  -15.463 0.6000000238
22199  20.188  -61.394  -15.819 0.5000000000
22201  13.407  -61.939  -15.551 0.5000000000
22204  7.613  -61.419  -15.833 0.6000000238
22206  6.118  -61.495  -16.011 0.6000000238
22208  3.729  -61.776  -16.791 0.5000000000
22215  14.717  -60.964  -17.128 0.5000000000
22216  14.335  -61.575  -16.803 0.6000000238
22217  8.525  -61.538  -16.668 0.6999999881
22220  5.791  -61.349  -17.010 0.6000000238
22222  4.185  -61.712  -17.384 0.5000000000
22223  3.491  -61.948  -17.160 0.5000000000
22230  19.925  -61.433  -17.467 0.4000000060
22233  14.086  -62.056  -17.447 0.5000000000
22235  8.071  -61.493  -18.135 0.6999999881
22236  7.449  -61.444  -18.182 0.6999999881
22237  6.739  -61.470  -18.266 0.6999999881
22238  5.590  -61.454  -17.788 0.6999999881
22241  3.675  -62.093  -17.546 0.5000000000
22247  19.771  -61.102  -17.937 0.4000000060
22248  18.878  -61.779  -18.563 0.5000000000
22250  8.603  -61.560  -18.619 0.6999999881
22253  6.575  -61.690  -18.741 0.6999999881
22254  5.860  -61.797  -18.580 0.6999999881
22255  5.056  -61.845  -18.304 0.5000000000
22261  14.503  -61.644  -20.474 0.6999999881
22262  8.467  -61.714  -19.434 0.6999999881
22263  7.810  -61.796  -19.325 0.6999999881
22281  16.674  -61.244  -21.296 0.6000000238
22282  16.115  -61.222  -21.486 0.6000000238
22986  10.652  -60.815  -8.497 0.3000000119
23012  15.175  -61.069  -10.016 0.3000000119
23026  15.333  -60.286  -11.104 0.4000000060
23027  14.005  -61.279  -11.470 0.4000000060
23039  13.724  -60.452  -11.717 0.4000000060
23041  12.173  -60.714  -12.210 0.4000000060
23053  11.980  -60.612  -12.680 0.4000000060
23062  12.695  -60.668  -13.981 0.3000000119
23071  13.595  -60.520  -15.046 0.3000000119
23072  13.152  -60.955  -14.566 0.3000000119
23078  20.552  -60.756  -15.876 0.4000000060
23084  14.468  -60.850  -16.375 0.5000000000
23093  14.841  -60.975  -17.903 0.5000000000
23100  19.282  -60.682  -18.244 0.4000000060
23101  18.770  -61.231  -18.670 0.4000000060
23108  18.207  -61.024  -19.269 0.4000000060
23109  17.604  -60.782  -20.035 0.5000000000
23116  17.249  -60.589  -20.910 0.6000000238
23130  16.049  -60.593  -21.585 0.6000000238
23131  15.530  -60.398  -21.324 0.6000000238
23136  16.584  -60.079  -21.623 0.5000000000
23864  15.518  -59.233  -11.688 0.4000000060
23865  14.264  -59.381  -11.913 0.4000000060
23866  13.393  -59.511  -11.990 0.4000000060
23873  12.617  -59.372  -12.392 0.4000000060
23874  12.339  -60.037  -12.483 0.4000000060
23885  12.523  -60.059  -13.576 0.4000000060
23896  12.559  -59.354  -13.876 0.3000000119
23903  13.909  -60.144  -15.529 0.4000000060
23904  13.362  -59.780  -15.075 0.3000000119
23917  14.616  -59.789  -17.022 0.4000000060
23929  15.002  -59.756  -19.921 0.5000000000
23936  17.080  -59.978  -21.295 0.5000000000
23937  15.184  -59.967  -20.827 0.6000000238
23945  16.877  -60.015  -21.478 0.5000000000
23952  16.505  -59.609  -21.662 0.5000000000
24722  13.049  -58.777  -12.449 0.4000000060
24742  12.441  -58.742  -13.612 0.3000000119
24768  13.974  -59.317  -16.559 0.4000000060
24769  13.128  -58.809  -16.202 0.4000000060
24770  12.396  -58.238  -15.912 0.4000000060
24776  18.465  -58.543  -18.187 0.5000000000
24778  14.125  -59.066  -17.423 0.4000000060
24787  13.644  -58.359  -18.882 0.4000000060
24793  17.366  -59.003  -20.284 0.5000000000
24805  14.852  -59.318  -20.565 0.6000000238
24809  17.065  -59.516  -21.359 0.5000000000
24813  16.765  -59.028  -21.496 0.5000000000
24814  16.652  -59.066  -21.624 0.5000000000
25600  15.093  -58.209  -12.476 0.3000000119
25601  14.218  -58.340  -12.440 0.4000000060
25611  14.775  -57.780  -12.972 0.3000000119
25613  13.003  -58.213  -13.026 0.4000000060
25622  14.337  -57.491  -13.482 0.4000000060
25623  13.448  -57.678  -13.604 0.4000000060
25624  12.714  -57.929  -13.794 0.4000000060
25625  12.378  -58.207  -14.053 0.4000000060
25637  12.526  -57.727  -14.458 0.4000000060
25638  12.327  -58.038  -14.801 0.4000000060
25644  12.115  -57.757  -15.703 0.4000000060
25645  11.625  -57.465  -16.504 0.4000000060
25655  11.347  -57.520  -16.905 0.4000000060
25663  11.613  -57.778  -17.238 0.4000000060
25686  17.085  -58.479  -21.077 0.5000000000
25687  13.641  -58.148  -20.639 0.5000000000
25695  15.593  -57.923  -21.851 0.5000000000
25696  14.824  -58.391  -21.521 0.6000000238
25697  14.167  -58.343  -21.074 0.6000000238
25700  16.804  -58.700  -21.474 0.5000000000
25702  16.347  -58.502  -21.849 0.5000000000
26525  14.844  -56.800  -14.505 0.3000000119
26538  13.511  -56.812  -15.372 0.4000000060
26539  12.718  -57.040  -15.648 0.4000000060
26548  11.703  -56.981  -16.850 0.5000000000
26560  10.874  -57.132  -18.654 0.4000000060
26567  10.452  -56.621  -19.078 0.3000000119
26577  11.671  -57.061  -20.052 0.4000000060
26585  13.625  -57.270  -21.179 0.6000000238
26586  13.058  -56.802  -20.940 0.4000000060
27468  14.949  -56.357  -15.151 0.3000000119
27494  14.597  -55.606  -16.188 0.3000000119
27495  13.854  -55.856  -16.385 0.3000000119
27496  11.647  -56.193  -17.328 0.3000000119
27497  11.094  -56.646  -17.568 0.4000000060
27505  10.513  -56.175  -18.237 0.3000000119
27513  10.180  -56.096  -18.803 0.3000000119
27531  13.301  -55.992  -20.810 0.4000000060
28544  11.420  -55.413  -17.563 0.3000000119
28562  10.211  -55.547  -18.623 0.3000000119
28571  10.476  -55.727  -19.514 0.3000000119
28572  10.174  -55.422  -19.045 0.3000000119
28586  10.544  -55.066  -19.485 0.3000000119
29676  12.088  -54.692  -17.332 0.4000000060
29711  10.274  -54.697  -19.011 0.3000000119
29722  12.559  -54.532  -20.274 0.4000000060
29723  11.385  -54.774  -19.977 0.4000000060
30893  10.964  -53.073  -17.911 0.4000000060
30904  10.668  -53.145  -18.554 0.3000000119
31975  10.868  -52.204  -18.336 0.5000000000
33053  10.936  -51.614  -18.046 0.5000000000
33079  12.709  -51.067  -19.610 0.3000000119
33080  11.830  -51.411  -19.240 0.4000000060
173829  19.780  -66.334  -12.884 0.5000000000
175310  7.077  -67.493  -6.006 0.4000000060
176193  11.127  -51.744  -18.751 0.4000000060
176347  25.170  -72.209  -18.782 0.4000000060
176390  9.192  -61.676  -15.196 0.6999999881
176472  14.645  -60.728  -11.344 0.4000000060
177242  7.895  -61.416  -17.397 0.6999999881
177394  20.100  -69.823  -15.270 0.5000000000
177866  10.771  -63.533  -7.734 0.4000000060
178091  14.130  -55.257  -16.521 0.3000000119
178490  20.041  -65.684  -12.833 0.6000000238
178853  5.467  -63.359  -12.911 0.5000000000
179276  15.197  -59.481  -21.127 0.6000000238
179842  13.163  -53.005  -20.139 0.4000000060
180260  8.103  -66.069  -8.010 0.5000000000
180441  25.399  -72.303  -19.533 0.4000000060
180706  15.875  -62.242  -21.114 0.6999999881
180917  9.855  -65.808  -9.423 0.5000000000
181263  17.394  -61.840  -20.120 0.6999999881
181524  11.024  -61.418  -8.359 0.4000000060
181651  12.623  -63.480  -11.125 0.5000000000
182229  21.785  -67.063  -12.641 0.5000000000
182690  11.539  -61.619  -12.131 0.5000000000
183119  23.074  -64.430  -12.256 0.4000000060
183466  26.024  -72.384  -21.946 0.4000000060
183661  7.181  -61.342  -16.509 0.6000000238
183891  14.923  -60.343  -17.512 0.5000000000
183965  13.235  -62.205  -20.144 0.6999999881
184015  11.471  -63.601  -11.403 0.5000000000
184616  13.551  -58.200  -19.924 0.5000000000
184825  18.285  -64.286  -16.576 0.6999999881
184915  23.694  -71.703  -18.570 0.4000000060
184983  8.187  -63.029  -19.473 0.6999999881
185340  4.533  -68.778  -6.444 0.3000000119
187178  20.011  -64.674  -12.918 0.6000000238
187262  20.131  -62.815  -13.439 0.6000000238
187827  6.431  -63.442  -12.362 0.5000000000
188391  19.074  -63.717  -14.887 0.6999999881
188416  7.077  -61.835  -14.234 0.6000000238
188966  10.798  -62.334  -17.399 0.6999999881
189799  12.307  -62.802  -21.267 0.6000000238
189860  17.787  -70.705  -14.287 0.5000000000
189913  17.079  -67.370  -14.186 0.6999999881
189987  11.199  -61.549  -12.560 0.5000000000
190067  12.321  -56.998  -20.542 0.4000000060
190250  18.103  -68.352  -13.420 0.6000000238
190687  18.423  -62.692  -18.463 0.6000000238
190907  21.364  -63.970  -12.208 0.5000000000
191375  10.238  -63.695  -19.648 0.8000000119
193555  17.936  -62.020  -19.497 0.6000000238
193603  23.061  -63.113  -12.588 0.5000000000
194284  12.929  -63.594  -20.457 0.6000000238
194503  9.906  -62.128  -16.258 0.6999999881
194521  25.351  -69.909  -14.650 0.4000000060
194604  7.154  -65.192  -16.416 0.5000000000
194840  16.686  -69.291  -14.074 0.5000000000
196260  14.515  -62.083  -21.090 0.5000000000
196489  23.565  -65.014  -12.361 0.5000000000
197022  9.466  -64.243  -11.235 0.6000000238
197364  22.896  -70.835  -16.786 0.4000000060
197532  11.851  -57.878  -18.018 0.4000000060
198035  15.500  -59.408  -21.515 0.6000000238
198455  17.545  -58.636  -19.481 0.5000000000
198882  14.470  -61.481  -9.059 0.3000000119
198900  25.211  -72.314  -20.158 0.4000000060
199444  5.506  -61.628  -18.222 0.5000000000
200319  22.275  -61.953  -12.759 0.5000000000
201050  26.581  -74.999  -25.732 0.3000000119
201337  7.594  -66.253  -7.558 0.5000000000
201414  10.493  -62.295  -15.725 0.6000000238
201777  24.344  -72.018  -18.804 0.4000000060
201862  14.479  -58.054  -12.680 0.4000000060
202687  16.792  -56.917  -21.928 0.4000000060
203008  21.682  -66.119  -12.297 0.5000000000
203732  26.643  -72.413  -18.915 0.4000000060
203822  3.924  -68.615  -6.894 0.3000000119
204177  9.819  -61.689  -14.108 0.6000000238
204918  17.959  -62.356  -19.209 0.4000000060
205349  7.368  -64.263  -11.300 0.5000000000
205680  14.882  -60.207  -11.447 0.4000000060
206725  22.824  -69.351  -14.272 0.4000000060
207077  4.977  -62.959  -13.853 0.6000000238
207596  11.469  -64.654  -8.233 0.4000000060
207619  20.174  -61.218  -17.085 0.4000000060
207882  22.124  -69.995  -15.924 0.4000000060
207994  22.363  -66.965  -12.444 0.5000000000
208129  18.017  -70.266  -14.039 0.5000000000
