#!ascii label  , from subject sub-v2s2x29069_ses-1 vox2ras=TkReg
896
50918  -24.507  -34.035  35.799 0.0000000000
72459  -45.220  -17.324  30.653 0.0000000000
74625  -48.993  -14.320  24.849 0.0000000000
155041  -48.926  -13.070  16.647 0.0000000000
68107  -40.813  -20.051  31.980 0.0000000000
76746  -50.611  -12.915  19.835 0.0000000000
161610  -48.646  -7.090  13.347 0.0000000000
83299  -56.158  -8.203  15.525 0.0000000000
158968  -46.785  -20.390  29.878 0.0000000000
70428  -49.362  -18.540  26.700 0.0000000000
74595  -46.819  -15.067  28.323 0.0000000000
56675  -25.227  -30.472  39.137 0.0000000000
62855  -26.161  -24.898  37.216 0.0000000000
67003  -28.230  -21.368  35.252 0.0000000000
171032  -32.056  -21.656  36.647 0.0000000000
64928  -36.583  -22.673  36.837 0.0000000000
66009  -41.086  -21.906  35.184 0.0000000000
67061  -44.452  -20.854  32.945 0.0000000000
71507  -52.192  -17.495  22.929 0.0000000000
82179  -58.196  -8.821  13.796 0.0000000000
70336  -46.011  -18.352  31.132 0.0000000000
71428  -47.229  -17.061  28.978 0.0000000000
73549  -45.949  -16.481  29.513 0.0000000000
171340  -23.723  -28.389  36.975 0.0000000000
60932  -26.469  -26.938  38.659 0.0000000000
66007  -37.080  -21.865  35.131 0.0000000000
64931  -38.955  -22.440  36.057 0.0000000000
67028  -39.018  -20.854  35.095 0.0000000000
70335  -42.872  -18.284  31.541 0.0000000000
69145  -43.191  -19.227  33.804 0.0000000000
69157  -45.037  -18.632  32.583 0.0000000000
68109  -45.943  -20.448  31.598 0.0000000000
157504  -49.993  -15.004  26.424 0.0000000000
71486  -51.842  -18.055  25.538 0.0000000000
74636  -51.306  -14.383  24.674 0.0000000000
76795  -49.522  -12.975  18.075 0.0000000000
76798  -53.344  -12.673  18.888 0.0000000000
75750  -51.568  -13.507  16.637 0.0000000000
76869  -49.795  -13.748  15.025 0.0000000000
83265  -50.668  -7.272  17.070 0.0000000000
82159  -47.928  -7.961  15.808 0.0000000000
67071  -39.312  -21.392  32.345 0.0000000000
75762  -47.096  -14.008  16.487 0.0000000000
84357  -52.279  -6.660  14.603 0.0000000000
143274  -54.295  -8.688  16.885 0.0000000000
78975  -58.619  -11.366  11.437 0.0000000000
66103  -48.363  -21.496  28.377 0.0000000000
152139  -47.825  -19.637  28.278 0.0000000000
72481  -48.432  -15.966  28.021 0.0000000000
53435  -25.948  -32.449  37.767 0.0000000000
153381  -26.840  -24.237  35.137 0.0000000000
65967  -26.892  -22.394  36.090 0.0000000000
159667  -28.027  -22.431  34.864 0.0000000000
64949  -29.997  -22.552  34.653 0.0000000000
63871  -31.835  -23.430  35.416 0.0000000000
62864  -33.472  -24.392  36.184 0.0000000000
65958  -34.073  -22.236  37.119 0.0000000000
61916  -37.789  -24.867  35.495 0.0000000000
68076  -41.049  -20.037  34.739 0.0000000000
66023  -42.823  -21.846  33.910 0.0000000000
64995  -44.201  -22.782  31.973 0.0000000000
65011  -45.336  -23.043  30.982 0.0000000000
65028  -46.743  -22.060  29.709 0.0000000000
75689  -52.848  -13.194  22.422 0.0000000000
80977  -46.745  -9.431  16.636 0.0000000000
77866  -48.084  -12.299  16.339 0.0000000000
50902  -24.852  -34.567  37.512 0.0000000000
72451  -45.484  -17.601  30.931 0.0000000000
72461  -45.881  -17.378  30.312 0.0000000000
72467  -45.414  -16.911  30.069 0.0000000000
66021  -37.283  -21.998  34.082 0.0000000000
66008  -37.791  -21.475  34.724 0.0000000000
167114  -38.241  -21.805  33.207 0.0000000000
71383  -44.132  -17.664  31.678 0.0000000000
71355  -44.199  -17.960  32.477 0.0000000000
71370  -45.106  -17.785  31.556 0.0000000000
70315  -45.693  -18.259  31.663 0.0000000000
157306  -50.889  -15.058  25.402 0.0000000000
161382  -50.503  -14.216  24.514 0.0000000000
75749  -48.881  -12.954  17.199 0.0000000000
76817  -50.643  -12.706  17.117 0.0000000000
76837  -50.524  -13.113  16.413 0.0000000000
75764  -50.565  -13.762  15.521 0.0000000000
76855  -49.426  -13.371  15.773 0.0000000000
82144  -51.705  -8.511  16.344 0.0000000000
82143  -50.441  -8.190  16.681 0.0000000000
80996  -50.229  -8.957  14.975 0.0000000000
83334  -52.991  -7.493  12.877 0.0000000000
84347  -54.272  -7.290  15.239 0.0000000000
84335  -53.650  -7.155  16.790 0.0000000000
82127  -55.435  -8.603  16.725 0.0000000000
79978  -56.175  -9.979  16.458 0.0000000000
80987  -56.736  -9.432  16.160 0.0000000000
81021  -58.978  -10.013  13.170 0.0000000000
67109  -47.750  -20.927  28.933 0.0000000000
67110  -48.044  -20.972  28.679 0.0000000000
69191  -47.530  -20.452  29.013 0.0000000000
73557  -47.241  -16.507  28.634 0.0000000000
168061  -47.702  -16.839  28.602 0.0000000000
74597  -47.891  -15.530  28.149 0.0000000000
74598  -48.479  -15.174  27.895 0.0000000000
143317  -47.216  -14.610  27.040 0.0000000000
54562  -26.838  -31.216  37.817 0.0000000000
56676  -26.684  -30.286  38.921 0.0000000000
61886  -26.342  -25.802  37.812 0.0000000000
67021  -26.914  -21.263  34.976 0.0000000000
65984  -27.186  -22.012  35.828 0.0000000000
64924  -27.177  -22.434  35.977 0.0000000000
65985  -27.819  -21.796  35.447 0.0000000000
148765  -28.544  -22.261  34.436 0.0000000000
66001  -29.220  -21.638  35.322 0.0000000000
64925  -31.396  -22.173  36.402 0.0000000000
63872  -32.486  -23.812  35.670 0.0000000000
64927  -32.704  -22.964  36.972 0.0000000000
65989  -35.412  -22.206  36.299 0.0000000000
65988  -34.570  -21.981  36.371 0.0000000000
65960  -35.314  -22.448  36.937 0.0000000000
63829  -34.874  -23.420  37.047 0.0000000000
63854  -36.190  -23.398  36.860 0.0000000000
63873  -37.111  -24.667  35.964 0.0000000000
63855  -37.341  -23.614  36.460 0.0000000000
64932  -39.635  -22.324  35.854 0.0000000000
63876  -39.794  -23.498  35.218 0.0000000000
64951  -40.417  -23.145  35.023 0.0000000000
63896  -41.507  -23.033  34.339 0.0000000000
69153  -40.073  -20.090  33.321 0.0000000000
69142  -41.211  -19.247  33.870 0.0000000000
67045  -43.953  -20.507  33.437 0.0000000000
67030  -42.674  -20.330  34.399 0.0000000000
66025  -43.848  -21.323  33.285 0.0000000000
64967  -43.362  -22.351  32.961 0.0000000000
64982  -44.463  -22.315  32.207 0.0000000000
66040  -45.239  -21.797  31.786 0.0000000000
68116  -46.627  -20.775  30.251 0.0000000000
67087  -46.414  -21.183  30.589 0.0000000000
67097  -46.857  -21.207  29.952 0.0000000000
66088  -47.406  -21.690  29.261 0.0000000000
56687  -24.016  -29.954  38.463 0.0000000000
55637  -24.384  -31.434  38.906 0.0000000000
53411  -24.805  -32.285  38.684 0.0000000000
69250  -49.464  -19.918  26.881 0.0000000000
154478  -50.819  -19.887  26.567 0.0000000000
150690  -52.309  -18.107  24.168 0.0000000000
75696  -50.204  -13.778  21.192 0.0000000000
76706  -51.495  -13.065  22.275 0.0000000000
76724  -51.604  -12.459  21.094 0.0000000000
74692  -52.608  -14.186  18.380 0.0000000000
74677  -53.005  -14.733  20.133 0.0000000000
80979  -48.034  -8.928  17.272 0.0000000000
82139  -47.570  -8.495  16.502 0.0000000000
80971  -47.712  -9.417  17.769 0.0000000000
79973  -47.603  -10.196  18.106 0.0000000000
78924  -48.099  -11.071  17.053 0.0000000000
77878  -47.866  -12.346  15.034 0.0000000000
82194  -56.078  -8.443  13.256 0.0000000000
83301  -57.020  -8.461  14.625 0.0000000000
83338  -57.340  -7.680  13.202 0.0000000000
84382  -58.080  -7.487  11.666 0.0000000000
69178  -46.468  -19.462  30.166 0.0000000000
70380  -46.985  -18.694  29.257 0.0000000000
156645  -46.297  -17.851  30.094 0.0000000000
72462  -46.273  -17.095  29.622 0.0000000000
73555  -46.356  -16.140  29.023 0.0000000000
57822  -24.419  -29.189  38.516 0.0000000000
58946  -26.022  -28.468  38.933 0.0000000000
62853  -25.450  -24.766  36.926 0.0000000000
65990  -36.462  -22.095  36.055 0.0000000000
64929  -37.444  -22.632  36.630 0.0000000000
65976  -38.013  -21.999  36.286 0.0000000000
66991  -38.735  -21.547  36.124 0.0000000000
67013  -40.063  -20.896  35.640 0.0000000000
171161  -42.152  -18.668  32.012 0.0000000000
69155  -41.726  -18.870  33.550 0.0000000000
70293  -43.028  -18.271  33.024 0.0000000000
70279  -43.930  -18.456  33.164 0.0000000000
68102  -44.942  -20.369  32.689 0.0000000000
67073  -45.571  -21.100  31.750 0.0000000000
158440  -45.890  -19.621  32.069 0.0000000000
158436  -46.201  -19.823  31.357 0.0000000000
57833  -23.099  -29.489  36.530 0.0000000000
155271  -50.093  -16.894  26.102 0.0000000000
70430  -51.015  -18.808  26.325 0.0000000000
72498  -51.041  -16.315  25.380 0.0000000000
72499  -51.529  -16.449  24.919 0.0000000000
72514  -52.399  -16.330  23.715 0.0000000000
76771  -49.825  -13.091  18.587 0.0000000000
77804  -51.618  -11.918  19.753 0.0000000000
77829  -51.094  -12.071  18.535 0.0000000000
76819  -52.309  -13.017  17.598 0.0000000000
84342  -49.783  -6.644  15.309 0.0000000000
83296  -48.493  -7.416  15.410 0.0000000000
83281  -49.509  -7.466  16.772 0.0000000000
82141  -48.855  -8.108  16.754 0.0000000000
71425  -44.393  -17.915  30.102 0.0000000000
69176  -43.111  -18.529  30.683 0.0000000000
74655  -48.875  -14.429  23.189 0.0000000000
75709  -49.077  -14.345  18.961 0.0000000000
148586  -48.485  -13.954  18.009 0.0000000000
75734  -48.216  -13.570  17.398 0.0000000000
76834  -47.778  -13.372  16.855 0.0000000000
84366  -50.537  -6.712  13.665 0.0000000000
84333  -51.492  -6.540  16.287 0.0000000000
82125  -53.034  -7.925  17.204 0.0000000000
152197  -53.062  -9.324  15.273 0.0000000000
79991  -58.104  -10.021  14.628 0.0000000000
78956  -57.960  -11.299  13.411 0.0000000000
66104  -48.824  -21.423  27.840 0.0000000000
68151  -48.975  -20.515  27.530 0.0000000000
155475  -49.053  -19.348  27.025 0.0000000000
70381  -47.388  -18.622  28.722 0.0000000000
71458  -48.089  -17.375  27.915 0.0000000000
71459  -48.586  -17.301  27.182 0.0000000000
72488  -49.518  -15.624  27.124 0.0000000000
74615  -49.197  -14.700  26.727 0.0000000000
71443  -44.727  -17.142  28.930 0.0000000000
73569  -45.306  -15.930  28.151 0.0000000000
73579  -45.731  -15.435  26.337 0.0000000000
52207  -25.625  -33.489  36.738 0.0000000000
54589  -26.768  -31.996  36.915 0.0000000000
62896  -27.002  -24.253  34.108 0.0000000000
147698  -24.903  -24.641  36.034 0.0000000000
64911  -25.670  -23.438  36.551 0.0000000000
64923  -26.214  -23.407  36.564 0.0000000000
63889  -27.162  -23.546  34.636 0.0000000000
63890  -30.468  -23.199  33.944 0.0000000000
63915  -31.758  -23.902  34.111 0.0000000000
67008  -32.287  -20.996  35.713 0.0000000000
148967  -33.084  -21.260  35.439 0.0000000000
65957  -33.352  -22.108  37.146 0.0000000000
63828  -34.106  -23.267  37.235 0.0000000000
158982  -34.952  -25.066  36.340 0.0000000000
150890  -38.406  -23.766  35.851 0.0000000000
67059  -39.153  -21.017  33.218 0.0000000000
155628  -40.127  -20.386  35.061 0.0000000000
67014  -40.688  -20.682  35.433 0.0000000000
142555  -41.856  -19.627  34.387 0.0000000000
67029  -42.070  -20.642  34.767 0.0000000000
64953  -41.760  -22.348  34.577 0.0000000000
64965  -42.131  -22.899  33.871 0.0000000000
63939  -42.468  -23.242  32.457 0.0000000000
63983  -45.604  -23.351  30.417 0.0000000000
156121  -45.663  -21.607  31.400 0.0000000000
65012  -45.801  -22.467  30.677 0.0000000000
64019  -46.102  -23.809  29.504 0.0000000000
64020  -46.388  -22.986  29.154 0.0000000000
52182  -24.957  -33.809  38.607 0.0000000000
153485  -50.865  -13.753  23.806 0.0000000000
75676  -52.250  -14.009  23.418 0.0000000000
73612  -52.785  -15.164  23.036 0.0000000000
168561  -53.528  -13.120  20.794 0.0000000000
73620  -53.189  -15.078  21.799 0.0000000000
72536  -52.127  -16.749  22.108 0.0000000000
76852  -46.434  -12.973  16.049 0.0000000000
142944  -47.868  -12.440  17.187 0.0000000000
83312  -47.472  -7.958  14.762 0.0000000000
82157  -46.670  -8.742  14.758 0.0000000000
78923  -46.628  -11.257  17.205 0.0000000000
77854  -47.781  -11.603  17.940 0.0000000000
159761  -48.231  -12.807  16.803 0.0000000000
76854  -48.610  -13.090  16.033 0.0000000000
50917  -23.936  -34.436  35.360 0.0000000000
71385  -45.174  -17.555  31.061 0.0000000000
72460  -45.583  -17.200  30.389 0.0000000000
64978  -36.427  -23.136  32.881 0.0000000000
66035  -37.611  -22.211  33.173 0.0000000000
66048  -37.693  -22.569  32.444 0.0000000000
71384  -44.777  -17.578  31.171 0.0000000000
71369  -44.567  -17.744  31.764 0.0000000000
71371  -45.414  -17.887  31.423 0.0000000000
75665  -50.029  -14.306  24.869 0.0000000000
74635  -49.718  -14.161  24.639 0.0000000000
166615  -50.037  -12.820  17.035 0.0000000000
76836  -49.653  -13.080  16.563 0.0000000000
80997  -51.474  -8.818  15.442 0.0000000000
83336  -55.120  -7.980  13.901 0.0000000000
142535  -55.004  -7.612  15.012 0.0000000000
83297  -54.828  -7.513  16.142 0.0000000000
83284  -55.799  -8.371  16.283 0.0000000000
82128  -56.034  -8.808  16.381 0.0000000000
83285  -56.245  -8.554  15.866 0.0000000000
68124  -47.365  -20.758  29.313 0.0000000000
69190  -46.947  -19.822  29.437 0.0000000000
74588  -46.895  -15.708  28.640 0.0000000000
74589  -47.360  -15.909  28.449 0.0000000000
74596  -47.441  -15.236  28.332 0.0000000000
74606  -47.345  -14.761  27.805 0.0000000000
74605  -46.608  -14.835  27.563 0.0000000000
55639  -25.595  -30.935  38.931 0.0000000000
153032  -25.988  -30.225  39.087 0.0000000000
62848  -26.152  -25.383  37.538 0.0000000000
61887  -27.046  -25.922  37.557 0.0000000000
67002  -27.508  -21.508  35.535 0.0000000000
64947  -28.525  -21.774  35.145 0.0000000000
66000  -28.874  -21.457  35.257 0.0000000000
66987  -31.247  -21.195  36.133 0.0000000000
65968  -30.842  -21.559  36.242 0.0000000000
145373  -31.580  -21.650  36.444 0.0000000000
64926  -32.039  -22.631  36.769 0.0000000000
65969  -32.006  -22.006  36.815 0.0000000000
65974  -35.923  -22.447  36.671 0.0000000000
151469  -36.878  -23.163  36.792 0.0000000000
62868  -36.658  -23.989  36.551 0.0000000000
64940  -40.385  -22.294  35.460 0.0000000000
165820  -39.940  -22.879  35.467 0.0000000000
64952  -41.045  -22.729  34.855 0.0000000000
63895  -40.939  -23.402  34.444 0.0000000000
68101  -40.241  -20.357  32.378 0.0000000000
165505  -40.728  -19.605  32.966 0.0000000000
66039  -44.431  -21.662  32.601 0.0000000000
66038  -43.934  -22.001  32.802 0.0000000000
164082  -44.809  -21.936  32.120 0.0000000000
68123  -47.010  -20.910  29.728 0.0000000000
67098  -47.308  -21.121  29.418 0.0000000000
56688  -24.762  -29.858  38.929 0.0000000000
55644  -23.890  -30.872  38.705 0.0000000000
56674  -24.582  -30.640  38.992 0.0000000000
55638  -24.919  -31.141  38.960 0.0000000000
162410  -49.730  -19.231  26.740 0.0000000000
69267  -50.047  -20.010  26.775 0.0000000000
148522  -50.252  -19.450  26.675 0.0000000000
145040  -52.344  -17.693  23.585 0.0000000000
70471  -52.188  -18.547  23.681 0.0000000000
70483  -52.009  -18.192  23.156 0.0000000000
70496  -51.677  -17.826  22.711 0.0000000000
75701  -50.086  -13.756  20.199 0.0000000000
76723  -50.947  -13.050  20.872 0.0000000000
83332  -48.043  -7.446  13.466 0.0000000000
79976  -47.877  -10.129  17.653 0.0000000000
70337  -46.244  -18.481  30.495 0.0000000000
70360  -46.570  -18.612  29.840 0.0000000000
71387  -46.040  -17.818  30.500 0.0000000000
72469  -46.134  -17.047  30.019 0.0000000000
73550  -46.312  -16.706  29.323 0.0000000000
147386  -45.924  -15.944  29.167 0.0000000000
58959  -24.247  -28.662  38.103 0.0000000000
61901  -25.109  -25.339  36.916 0.0000000000
66020  -36.505  -22.332  34.266 0.0000000000
66006  -36.167  -22.195  35.088 0.0000000000
65991  -37.525  -21.832  36.007 0.0000000000
67027  -38.373  -21.230  35.270 0.0000000000
67012  -38.969  -21.231  35.691 0.0000000000
66992  -39.400  -21.237  35.865 0.0000000000
68055  -39.693  -20.760  35.460 0.0000000000
150036  -42.460  -18.404  32.828 0.0000000000
70313  -42.861  -18.101  32.396 0.0000000000
70295  -44.464  -18.201  32.661 0.0000000000
70294  -43.928  -18.197  32.893 0.0000000000
69156  -44.514  -18.870  33.041 0.0000000000
158706  -45.210  -19.484  32.639 0.0000000000
69166  -45.654  -18.798  32.244 0.0000000000
69167  -46.047  -18.960  31.686 0.0000000000
69177  -46.247  -19.178  30.959 0.0000000000
57834  -23.510  -29.114  37.193 0.0000000000
57821  -23.919  -29.177  37.935 0.0000000000
72493  -49.930  -15.911  26.492 0.0000000000
72494  -50.542  -16.118  25.914 0.0000000000
74628  -51.301  -14.974  24.970 0.0000000000
73589  -51.203  -15.619  25.160 0.0000000000
73598  -51.720  -15.669  24.703 0.0000000000
72504  -52.086  -16.550  24.377 0.0000000000
74637  -51.810  -14.848  24.475 0.0000000000
76796  -50.083  -12.592  18.415 0.0000000000
76797  -50.680  -12.224  18.767 0.0000000000
76838  -51.180  -13.109  16.536 0.0000000000
76818  -51.285  -12.671  17.327 0.0000000000
76839  -51.730  -13.092  17.100 0.0000000000
75736  -52.061  -13.643  17.234 0.0000000000
74712  -51.153  -13.749  16.053 0.0000000000
84332  -50.621  -6.630  16.328 0.0000000000
159943  -49.382  -6.971  16.050 0.0000000000
84323  -50.291  -7.126  16.892 0.0000000000
80994  -48.858  -9.111  16.003 0.0000000000
69189  -43.642  -18.800  29.829 0.0000000000
75719  -48.713  -14.344  18.469 0.0000000000
84368  -52.813  -7.101  13.733 0.0000000000
142708  -52.042  -6.908  13.541 0.0000000000
84367  -51.252  -6.857  13.008 0.0000000000
84356  -51.311  -6.617  14.285 0.0000000000
84344  -51.654  -6.415  15.283 0.0000000000
84345  -52.227  -6.505  15.740 0.0000000000
83269  -53.854  -7.697  17.153 0.0000000000
83268  -53.348  -7.560  17.177 0.0000000000
82126  -53.962  -8.004  17.218 0.0000000000
82146  -53.452  -8.409  16.884 0.0000000000
80983  -53.652  -9.153  16.100 0.0000000000
79985  -53.697  -9.678  15.159 0.0000000000
80999  -54.462  -9.597  16.062 0.0000000000
79988  -56.586  -10.588  15.829 0.0000000000
82178  -57.589  -8.468  14.278 0.0000000000
82164  -57.358  -8.886  14.973 0.0000000000
81001  -57.907  -9.213  14.535 0.0000000000
78967  -59.060  -11.046  12.236 0.0000000000
78957  -58.644  -10.978  13.143 0.0000000000
65076  -48.117  -22.089  27.830 0.0000000000
150230  -48.474  -21.806  27.906 0.0000000000
156787  -47.943  -20.439  28.569 0.0000000000
68141  -48.407  -20.846  28.260 0.0000000000
69230  -48.385  -20.292  27.926 0.0000000000
69249  -48.840  -19.905  27.315 0.0000000000
69248  -48.338  -19.490  27.573 0.0000000000
71427  -46.698  -17.628  29.509 0.0000000000
156036  -47.148  -17.746  29.073 0.0000000000
155158  -47.962  -16.550  28.387 0.0000000000
71444  -47.624  -17.372  28.710 0.0000000000
72486  -48.542  -16.503  27.720 0.0000000000
156270  -49.170  -16.650  26.760 0.0000000000
72487  -48.975  -15.734  27.586 0.0000000000
75645  -47.932  -14.539  27.297 0.0000000000
75646  -48.604  -14.708  27.293 0.0000000000
53434  -25.918  -33.070  37.380 0.0000000000
53446  -26.160  -32.745  36.658 0.0000000000
53447  -26.277  -32.460  37.273 0.0000000000
55647  -27.677  -30.371  37.825 0.0000000000
59965  -26.263  -27.702  38.824 0.0000000000
59966  -26.964  -27.527  38.856 0.0000000000
61909  -27.295  -25.814  35.318 0.0000000000
165402  -26.964  -25.071  35.442 0.0000000000
62884  -27.073  -25.193  34.569 0.0000000000
63868  -24.917  -23.833  35.252 0.0000000000
165051  -25.277  -23.785  36.453 0.0000000000
158949  -26.538  -22.936  36.245 0.0000000000
158052  -26.637  -23.221  36.294 0.0000000000
64935  -27.768  -22.108  35.495 0.0000000000
146752  -27.427  -22.778  35.214 0.0000000000
64946  -27.584  -23.043  34.209 0.0000000000
64961  -28.112  -22.727  33.848 0.0000000000
64948  -29.228  -22.181  34.615 0.0000000000
63913  -29.581  -22.779  33.742 0.0000000000
64937  -31.103  -22.747  35.607 0.0000000000
64936  -30.375  -22.239  35.499 0.0000000000
63870  -31.264  -23.421  34.583 0.0000000000
63891  -31.909  -23.763  34.641 0.0000000000
63892  -32.247  -23.908  35.000 0.0000000000
162816  -32.939  -24.200  35.784 0.0000000000
142923  -33.209  -24.640  35.415 0.0000000000
61911  -34.139  -25.625  35.337 0.0000000000
62875  -33.850  -24.992  35.769 0.0000000000
65972  -34.312  -22.032  36.830 0.0000000000
67026  -33.789  -21.547  35.241 0.0000000000
66990  -33.831  -21.639  36.499 0.0000000000
66989  -32.963  -21.356  36.301 0.0000000000
65971  -33.780  -21.921  36.932 0.0000000000
64915  -33.758  -22.618  37.309 0.0000000000
62866  -35.516  -24.699  36.500 0.0000000000
158977  -34.898  -24.360  36.793 0.0000000000
61904  -35.498  -25.406  36.034 0.0000000000
169253  -35.086  -25.590  35.948 0.0000000000
61915  -37.280  -25.459  35.410 0.0000000000
152153  -37.806  -25.452  35.112 0.0000000000
64930  -38.258  -22.494  36.317 0.0000000000
63856  -37.997  -23.264  36.277 0.0000000000
63857  -38.697  -23.135  36.012 0.0000000000
66037  -38.740  -21.651  32.789 0.0000000000
69132  -40.857  -19.756  34.460 0.0000000000
68090  -40.039  -20.146  34.361 0.0000000000
68075  -40.575  -20.150  34.879 0.0000000000
68056  -40.469  -20.441  35.224 0.0000000000
68057  -40.976  -20.341  35.049 0.0000000000
70263  -42.409  -18.955  33.791 0.0000000000
69143  -41.950  -19.049  33.944 0.0000000000
69135  -42.492  -19.300  34.106 0.0000000000
67043  -42.751  -21.113  34.234 0.0000000000
66010  -41.621  -21.407  34.981 0.0000000000
66011  -42.267  -21.662  34.471 0.0000000000
64954  -42.386  -22.302  34.102 0.0000000000
64966  -42.825  -22.379  33.587 0.0000000000
64981  -43.918  -22.387  32.456 0.0000000000
64980  -43.289  -22.745  32.271 0.0000000000
151651  -45.072  -22.826  31.466 0.0000000000
67086  -46.003  -21.109  31.192 0.0000000000
66065  -46.497  -21.780  30.264 0.0000000000
65027  -46.078  -22.695  30.107 0.0000000000
65040  -46.245  -22.896  29.623 0.0000000000
66089  -47.920  -21.555  28.812 0.0000000000
65042  -47.404  -22.027  28.852 0.0000000000
65059  -47.897  -21.914  28.424 0.0000000000
53424  -25.409  -32.231  38.352 0.0000000000
52169  -24.776  -33.054  38.700 0.0000000000
52183  -25.432  -33.219  38.104 0.0000000000
52196  -25.597  -33.636  37.511 0.0000000000
167637  -51.510  -18.408  25.997 0.0000000000
69282  -51.463  -19.522  26.185 0.0000000000
70446  -51.725  -18.880  25.936 0.0000000000
75687  -49.488  -14.107  22.740 0.0000000000
75681  -50.488  -13.745  23.677 0.0000000000
76693  -52.238  -13.083  22.648 0.0000000000
75683  -51.896  -13.548  23.154 0.0000000000
75684  -52.519  -13.633  22.903 0.0000000000
148273  -52.825  -14.315  23.064 0.0000000000
74656  -53.135  -14.715  22.516 0.0000000000
77817  -53.010  -11.885  19.418 0.0000000000
77805  -52.472  -11.762  20.023 0.0000000000
148064  -53.596  -12.814  19.681 0.0000000000
74670  -53.143  -14.971  20.928 0.0000000000
73628  -52.763  -15.664  21.298 0.0000000000
72548  -52.374  -16.237  21.702 0.0000000000
72547  -51.884  -16.606  21.397 0.0000000000
76833  -46.942  -12.562  16.949 0.0000000000
77853  -47.241  -11.857  17.651 0.0000000000
83313  -47.963  -7.604  14.581 0.0000000000
80978  -47.283  -8.918  16.885 0.0000000000
82138  -46.919  -8.811  15.901 0.0000000000
80992  -46.442  -9.366  15.227 0.0000000000
157720  -46.120  -10.004  14.538 0.0000000000
142588  -46.309  -10.086  15.609 0.0000000000
153166  -46.246  -10.888  15.815 0.0000000000
79975  -46.543  -10.314  16.898 0.0000000000
78919  -47.818  -11.005  17.988 0.0000000000
78918  -47.471  -11.101  18.197 0.0000000000
77855  -48.066  -11.789  17.464 0.0000000000
71386  -45.707  -17.820  30.998 0.0000000000
72468  -45.707  -16.787  29.877 0.0000000000
67011  -37.792  -21.495  35.471 0.0000000000
66022  -37.983  -21.629  33.884 0.0000000000
67041  -38.475  -21.169  34.480 0.0000000000
71382  -43.467  -17.854  32.031 0.0000000000
71367  -43.406  -17.949  32.594 0.0000000000
71368  -43.910  -17.831  32.274 0.0000000000
71356  -44.699  -17.912  32.122 0.0000000000
70314  -45.178  -18.151  32.066 0.0000000000
74616  -49.770  -14.700  26.146 0.0000000000
74617  -50.411  -14.927  25.858 0.0000000000
74626  -50.177  -14.649  25.525 0.0000000000
75660  -50.322  -14.457  24.991 0.0000000000
75666  -50.847  -14.252  24.578 0.0000000000
76816  -49.420  -12.912  17.437 0.0000000000
157290  -49.996  -12.656  17.709 0.0000000000
76857  -50.817  -13.394  15.949 0.0000000000
76856  -50.305  -13.447  15.608 0.0000000000
82123  -50.874  -7.695  16.983 0.0000000000
82122  -50.185  -7.510  16.948 0.0000000000
82162  -51.077  -8.516  16.222 0.0000000000
82161  -50.701  -8.698  15.694 0.0000000000
83315  -53.589  -7.487  13.615 0.0000000000
84358  -53.069  -6.911  14.560 0.0000000000
163471  -52.801  -6.679  15.312 0.0000000000
84336  -54.177  -7.207  16.234 0.0000000000
83282  -54.373  -7.679  16.893 0.0000000000
80972  -55.241  -8.765  16.860 0.0000000000
80984  -55.082  -9.040  16.921 0.0000000000
80985  -55.735  -9.291  16.737 0.0000000000
80986  -56.260  -9.455  16.510 0.0000000000
79989  -57.252  -10.401  15.605 0.0000000000
156547  -58.558  -8.525  12.956 0.0000000000
82195  -58.687  -9.283  13.317 0.0000000000
81022  -59.123  -9.320  12.642 0.0000000000
80010  -59.450  -10.152  12.346 0.0000000000
158659  -59.065  -11.179  10.603 0.0000000000
67118  -48.073  -21.285  28.664 0.0000000000
68140  -47.881  -20.870  28.787 0.0000000000
165027  -47.109  -16.897  28.880 0.0000000000
72476  -47.613  -16.614  28.586 0.0000000000
164294  -48.020  -16.246  28.210 0.0000000000
73565  -48.243  -15.787  28.019 0.0000000000
73571  -48.760  -15.504  27.755 0.0000000000
74607  -47.984  -14.919  27.888 0.0000000000
54561  -26.197  -31.660  38.025 0.0000000000
54574  -26.518  -31.889  37.513 0.0000000000
55645  -26.630  -30.999  38.307 0.0000000000
55641  -27.033  -30.568  38.603 0.0000000000
56689  -27.480  -30.224  38.240 0.0000000000
62874  -26.827  -24.787  35.813 0.0000000000
64938  -31.701  -22.850  36.144 0.0000000000
63849  -32.248  -23.266  36.322 0.0000000000
63850  -32.968  -23.721  36.483 0.0000000000
141227  -34.929  -22.087  35.577 0.0000000000
66004  -34.345  -21.932  35.167 0.0000000000
65973  -34.996  -22.260  36.744 0.0000000000
65959  -34.716  -22.341  37.018 0.0000000000
64916  -34.456  -22.678  37.212 0.0000000000
62867  -36.045  -24.220  36.636 0.0000000000
63874  -37.869  -24.123  35.997 0.0000000000
64939  -39.377  -23.036  35.725 0.0000000000
63918  -41.495  -23.506  33.867 0.0000000000
67072  -39.921  -21.083  31.972 0.0000000000
67060  -39.707  -20.742  32.765 0.0000000000
169675  -40.518  -19.650  33.852 0.0000000000
68091  -43.618  -19.806  33.742 0.0000000000
68079  -42.971  -19.783  34.233 0.0000000000
67044  -43.323  -20.606  33.910 0.0000000000
156116  -43.237  -21.397  33.733 0.0000000000
66024  -43.361  -21.910  33.383 0.0000000000
66051  -44.984  -22.405  31.831 0.0000000000
66052  -45.438  -22.288  31.321 0.0000000000
68115  -46.262  -20.595  30.914 0.0000000000
66076  -47.158  -21.475  29.628 0.0000000000
66077  -47.625  -21.349  29.072 0.0000000000
55651  -23.273  -30.440  37.996 0.0000000000
55636  -23.815  -31.744  38.821 0.0000000000
161245  -25.181  -31.610  38.744 0.0000000000
71495  -52.220  -18.063  24.841 0.0000000000
70447  -52.151  -18.853  25.242 0.0000000000
70462  -52.249  -18.790  24.412 0.0000000000
75695  -49.442  -14.244  21.778 0.0000000000
75688  -50.135  -13.789  22.307 0.0000000000
76705  -50.872  -13.359  21.901 0.0000000000
150876  -51.794  -12.588  21.806 0.0000000000
76708  -52.571  -12.664  22.064 0.0000000000
75721  -53.136  -13.525  18.607 0.0000000000
75711  -53.438  -13.476  19.369 0.0000000000
82140  -48.201  -8.528  16.816 0.0000000000
82121  -47.780  -8.872  17.345 0.0000000000
80970  -47.415  -9.279  17.598 0.0000000000
162463  -47.096  -9.870  17.695 0.0000000000
170993  -47.521  -9.654  17.963 0.0000000000
82176  -55.889  -8.206  13.991 0.0000000000
83300  -56.599  -8.457  15.147 0.0000000000
82177  -56.562  -8.166  14.597 0.0000000000
83319  -57.261  -8.011  13.865 0.0000000000
83339  -57.654  -7.698  13.080 0.0000000000
84369  -57.582  -7.545  12.526 0.0000000000
83340  -58.188  -7.893  12.783 0.0000000000
83356  -58.824  -7.971  11.970 0.0000000000
71407  -46.262  -17.421  29.911 0.0000000000
71408  -46.704  -17.140  29.310 0.0000000000
73551  -46.540  -16.797  29.176 0.0000000000
73556  -46.798  -16.352  28.804 0.0000000000
73563  -46.322  -15.496  28.741 0.0000000000
57805  -25.846  -29.280  39.063 0.0000000000
57804  -25.045  -29.179  38.894 0.0000000000
59975  -25.502  -27.913  38.601 0.0000000000
60941  -25.885  -26.554  38.285 0.0000000000
151283  -26.035  -26.024  38.044 0.0000000000
61885  -25.867  -25.639  37.701 0.0000000000
62854  -25.797  -25.112  37.279 0.0000000000
67007  -31.561  -20.852  35.805 0.0000000000
170393  -35.670  -22.166  35.631 0.0000000000
65975  -37.083  -22.308  36.477 0.0000000000
65977  -38.593  -21.985  36.188 0.0000000000
65992  -38.250  -21.509  35.900 0.0000000000
65978  -39.181  -21.793  36.046 0.0000000000
65993  -39.853  -21.577  35.854 0.0000000000
65994  -40.506  -21.343  35.596 0.0000000000
69164  -41.346  -19.302  32.239 0.0000000000
69154  -41.307  -19.067  33.111 0.0000000000
69165  -41.851  -18.744  32.892 0.0000000000
70292  -42.374  -18.656  33.471 0.0000000000
70277  -42.843  -18.695  33.409 0.0000000000
71354  -43.675  -18.092  32.798 0.0000000000
70278  -43.407  -18.423  33.175 0.0000000000
157024  -43.426  -18.774  33.417 0.0000000000
69146  -43.860  -19.104  33.454 0.0000000000
68092  -44.407  -19.846  33.197 0.0000000000
67062  -44.987  -21.190  32.284 0.0000000000
68108  -45.485  -20.378  32.216 0.0000000000
158439  -46.384  -20.086  30.559 0.0000000000
56705  -23.514  -29.694  37.777 0.0000000000
71472  -49.731  -17.753  26.371 0.0000000000
70429  -50.194  -18.641  26.523 0.0000000000
71473  -50.604  -17.871  26.167 0.0000000000
158622  -50.860  -17.083  25.724 0.0000000000
158369  -51.399  -17.194  25.338 0.0000000000
73588  -50.793  -15.469  25.711 0.0000000000
146019  -51.891  -17.289  24.882 0.0000000000
72513  -52.374  -17.007  23.845 0.0000000000
71502  -52.432  -16.978  23.243 0.0000000000
75710  -50.085  -13.382  19.251 0.0000000000
165938  -50.946  -12.278  19.376 0.0000000000
76773  -51.270  -11.916  19.071 0.0000000000
77831  -52.656  -12.100  18.599 0.0000000000
77828  -50.708  -12.373  17.985 0.0000000000
77841  -51.476  -12.298  17.967 0.0000000000
76820  -52.839  -12.793  18.139 0.0000000000
75737  -52.715  -13.443  17.926 0.0000000000
84353  -49.159  -6.899  13.754 0.0000000000
83314  -48.537  -7.180  14.236 0.0000000000
84341  -49.108  -6.949  15.000 0.0000000000
84330  -48.987  -7.294  16.118 0.0000000000
83280  -48.707  -7.822  16.537 0.0000000000
82142  -49.607  -7.872  16.778 0.0000000000
80980  -48.384  -8.640  16.798 0.0000000000
71406  -44.891  -17.319  30.596 0.0000000000
69174  -41.202  -19.862  31.515 0.0000000000
68114  -42.032  -19.676  30.495 0.0000000000
142862  -42.407  -18.961  31.000 0.0000000000
145382  -43.583  -17.953  31.263 0.0000000000
71405  -44.315  -17.713  31.007 0.0000000000
74645  -48.220  -14.844  23.620 0.0000000000
74646  -48.975  -14.346  24.105 0.0000000000
74662  -48.798  -14.596  22.263 0.0000000000
159599  -49.506  -14.400  20.786 0.0000000000
144584  -49.472  -14.295  19.723 0.0000000000
157381  -49.588  -13.729  18.885 0.0000000000
75720  -49.178  -13.608  18.336 0.0000000000
75735  -48.906  -13.303  17.791 0.0000000000
76835  -48.341  -12.841  17.109 0.0000000000
84377  -49.928  -6.861  12.227 0.0000000000
84365  -49.842  -6.798  13.202 0.0000000000
84355  -50.445  -6.503  14.715 0.0000000000
84343  -50.958  -6.404  15.438 0.0000000000
84324  -50.990  -7.003  16.888 0.0000000000
152255  -52.887  -6.769  16.242 0.0000000000
84325  -51.882  -7.012  16.946 0.0000000000
83266  -51.387  -7.349  17.120 0.0000000000
82145  -52.533  -8.360  16.757 0.0000000000
80982  -52.319  -8.977  15.538 0.0000000000
80998  -52.557  -9.448  14.579 0.0000000000
79986  -54.940  -10.325  15.449 0.0000000000
82163  -56.911  -8.760  15.250 0.0000000000
81000  -57.643  -9.564  15.228 0.0000000000
78934  -57.673  -10.809  14.946 0.0000000000
80000  -58.594  -10.475  13.770 0.0000000000
78944  -58.339  -10.895  13.862 0.0000000000
67119  -48.491  -21.186  28.225 0.0000000000
67120  -48.777  -20.918  27.867 0.0000000000
67127  -49.222  -20.770  27.399 0.0000000000
69210  -47.381  -19.723  28.878 0.0000000000
70399  -47.878  -18.518  28.055 0.0000000000
70414  -48.456  -18.364  27.173 0.0000000000
71471  -48.972  -17.703  26.738 0.0000000000
73580  -49.845  -15.276  26.858 0.0000000000
73572  -49.357  -15.318  27.363 0.0000000000
74609  -49.557  -14.941  26.859 0.0000000000
74634  -48.298  -14.696  24.520 0.0000000000
71426  -44.877  -17.148  29.822 0.0000000000
72475  -45.637  -16.375  29.576 0.0000000000
72480  -44.969  -16.459  28.511 0.0000000000
73561  -45.449  -16.060  28.962 0.0000000000
73562  -45.728  -15.578  28.535 0.0000000000
73570  -45.565  -15.495  27.758 0.0000000000
74594  -46.103  -15.176  28.077 0.0000000000
74604  -45.927  -15.194  27.232 0.0000000000
74613  -46.461  -14.968  26.700 0.0000000000
52218  -25.085  -33.489  35.972 0.0000000000
53459  -25.581  -33.001  36.025 0.0000000000
54588  -26.416  -32.123  36.160 0.0000000000
57806  -26.605  -29.666  39.024 0.0000000000
170901  -27.491  -29.348  38.657 0.0000000000
63824  -25.579  -23.985  36.703 0.0000000000
63825  -25.839  -24.369  36.924 0.0000000000
63826  -25.967  -23.908  36.950 0.0000000000
161294  -26.717  -23.867  35.914 0.0000000000
66002  -29.777  -21.869  35.282 0.0000000000
64950  -30.648  -22.858  34.846 0.0000000000
62886  -32.684  -24.259  35.114 0.0000000000
157302  -32.935  -24.708  34.640 0.0000000000
68073  -31.321  -20.639  34.535 0.0000000000
66988  -32.032  -21.284  36.324 0.0000000000
67040  -33.321  -21.510  34.593 0.0000000000
67025  -32.548  -21.111  34.848 0.0000000000
65970  -32.612  -21.705  36.866 0.0000000000
64913  -32.617  -22.304  37.127 0.0000000000
63827  -33.395  -23.173  37.196 0.0000000000
63851  -33.762  -23.875  36.810 0.0000000000
63852  -34.376  -23.936  36.924 0.0000000000
62865  -34.262  -24.618  36.473 0.0000000000
62876  -34.549  -25.335  35.953 0.0000000000
62878  -38.395  -24.378  35.435 0.0000000000
63875  -39.046  -23.809  35.434 0.0000000000
66036  -38.238  -22.184  32.557 0.0000000000
67058  -38.604  -21.300  33.633 0.0000000000
67042  -39.162  -20.707  34.221 0.0000000000
149654  -39.565  -20.464  33.586 0.0000000000
68074  -39.578  -20.488  34.931 0.0000000000
69133  -41.543  -19.545  34.365 0.0000000000
169318  -41.471  -19.819  34.551 0.0000000000
68078  -42.269  -19.883  34.530 0.0000000000
68077  -41.534  -20.076  34.741 0.0000000000
67015  -41.316  -20.621  35.155 0.0000000000
63919  -42.021  -23.414  33.227 0.0000000000
150052  -42.682  -22.822  33.074 0.0000000000
66064  -46.007  -21.719  30.936 0.0000000000
64037  -46.536  -23.008  28.559 0.0000000000
65041  -46.915  -22.248  29.270 0.0000000000
65058  -47.123  -22.358  28.781 0.0000000000
152384  -25.255  -34.009  37.965 0.0000000000
52195  -25.268  -34.048  37.177 0.0000000000
75672  -49.781  -14.002  23.748 0.0000000000
75673  -50.402  -13.988  24.241 0.0000000000
75667  -51.390  -13.981  24.194 0.0000000000
76691  -50.892  -13.500  23.007 0.0000000000
75682  -51.309  -13.606  23.576 0.0000000000
74647  -51.987  -14.297  24.031 0.0000000000
74638  -52.246  -14.978  24.017 0.0000000000
73607  -52.494  -15.505  23.610 0.0000000000
72524  -52.514  -16.135  22.984 0.0000000000
76748  -51.979  -12.008  20.576 0.0000000000
76726  -52.916  -12.358  21.348 0.0000000000
76709  -53.128  -12.900  21.807 0.0000000000
74671  -53.435  -14.322  21.278 0.0000000000
74663  -53.357  -14.175  21.994 0.0000000000
73619  -52.858  -15.561  22.433 0.0000000000
72537  -52.468  -16.279  22.305 0.0000000000
72523  -52.327  -16.885  22.649 0.0000000000
76853  -47.095  -13.332  16.419 0.0000000000
145364  -47.436  -7.862  13.882 0.0000000000
82175  -47.006  -8.285  14.278 0.0000000000
82158  -47.226  -8.334  15.329 0.0000000000
82174  -46.553  -8.743  13.785 0.0000000000
79972  -47.067  -10.536  17.845 0.0000000000
76868  -48.909  -13.442  14.950 0.0000000000
164729  -48.193  -12.928  15.387 0.0000000000
55646  -27.213  -30.694  38.095 0.0000000000
56677  -27.220  -29.886  38.737 0.0000000000
57807  -27.151  -29.059  38.891 0.0000000000
58945  -25.402  -28.649  38.841 0.0000000000
58968  -23.955  -28.522  37.554 0.0000000000
62849  -26.524  -25.578  37.519 0.0000000000
63831  -35.815  -22.697  36.926 0.0000000000
63846  -24.967  -24.086  35.997 0.0000000000
64914  -33.163  -22.591  37.296 0.0000000000
65995  -41.034  -21.155  35.325 0.0000000000
67009  -33.593  -21.406  35.888 0.0000000000
67010  -34.213  -21.642  35.850 0.0000000000
68054  -31.798  -20.741  35.163 0.0000000000
69134  -42.028  -19.252  34.095 0.0000000000
69144  -42.910  -18.867  33.586 0.0000000000
69283  -51.821  -19.655  25.489 0.0000000000
69299  -52.006  -19.618  24.641 0.0000000000
70359  -43.807  -18.185  30.577 0.0000000000
71485  -51.301  -17.892  25.922 0.0000000000
73564  -47.752  -16.112  28.301 0.0000000000
73581  -50.343  -15.318  26.303 0.0000000000
73599  -52.173  -15.647  24.187 0.0000000000
74608  -49.007  -15.026  27.361 0.0000000000
74627  -50.720  -14.643  25.135 0.0000000000
74648  -52.496  -14.687  23.567 0.0000000000
74657  -53.116  -13.889  22.574 0.0000000000
74684  -52.292  -14.960  18.874 0.0000000000
74703  -52.304  -14.084  17.748 0.0000000000
75652  -48.905  -14.485  26.666 0.0000000000
75674  -50.896  -13.937  24.142 0.0000000000
75675  -51.732  -13.832  23.678 0.0000000000
75690  -53.271  -13.504  22.104 0.0000000000
75697  -53.434  -13.483  21.440 0.0000000000
76692  -51.663  -13.287  22.825 0.0000000000
76707  -52.055  -12.709  22.279 0.0000000000
76725  -52.262  -12.252  21.489 0.0000000000
76727  -53.372  -12.673  21.101 0.0000000000
76747  -51.302  -12.407  20.177 0.0000000000
76749  -53.571  -12.528  20.366 0.0000000000
76772  -50.317  -12.645  19.017 0.0000000000
76774  -53.481  -12.273  19.696 0.0000000000
77793  -52.748  -11.961  20.775 0.0000000000
77794  -53.225  -12.193  20.771 0.0000000000
77806  -53.195  -11.966  20.201 0.0000000000
77816  -52.110  -11.744  19.242 0.0000000000
77830  -51.761  -11.947  18.555 0.0000000000
77842  -52.234  -12.375  17.955 0.0000000000
79977  -55.403  -9.866  16.451 0.0000000000
79979  -56.824  -9.977  16.255 0.0000000000
79980  -57.294  -9.801  15.790 0.0000000000
79990  -57.728  -10.228  15.195 0.0000000000
79999  -58.136  -10.608  14.503 0.0000000000
80009  -59.151  -10.621  12.799 0.0000000000
80019  -59.597  -10.724  11.934 0.0000000000
80973  -55.847  -9.039  16.664 0.0000000000
80974  -56.259  -9.162  16.389 0.0000000000
80988  -57.098  -9.219  15.595 0.0000000000
81011  -58.438  -9.690  13.943 0.0000000000
82124  -51.765  -7.935  17.004 0.0000000000
82147  -56.551  -8.919  15.857 0.0000000000
83267  -52.427  -7.504  17.152 0.0000000000
83270  -54.627  -8.204  17.041 0.0000000000
83283  -55.125  -8.057  16.699 0.0000000000
83298  -55.515  -7.875  15.862 0.0000000000
83317  -55.728  -7.948  14.861 0.0000000000
83318  -56.906  -8.205  14.406 0.0000000000
83320  -57.906  -8.124  13.509 0.0000000000
83337  -57.086  -7.926  13.860 0.0000000000
83341  -58.620  -8.031  12.431 0.0000000000
83355  -58.385  -7.724  12.263 0.0000000000
84326  -52.866  -7.139  17.038 0.0000000000
84331  -49.933  -6.843  16.329 0.0000000000
84334  -52.254  -6.722  16.555 0.0000000000
84346  -53.517  -6.975  15.532 0.0000000000
84354  -49.799  -6.702  14.221 0.0000000000
84359  -53.683  -7.208  14.470 0.0000000000
84370  -58.026  -7.649  12.354 0.0000000000
84383  -58.437  -7.459  11.702 0.0000000000
141250  -49.374  -14.286  25.458 0.0000000000
144261  -25.164  -24.326  36.485 0.0000000000
149340  -52.246  -17.436  24.298 0.0000000000
152388  -26.794  -25.977  37.814 0.0000000000
155248  -51.366  -12.873  21.602 0.0000000000
159036  -52.726  -15.798  21.933 0.0000000000
159481  -44.996  -16.411  27.612 0.0000000000
159757  -33.321  -21.696  36.853 0.0000000000
159894  -53.015  -8.860  16.095 0.0000000000
161466  -56.657  -7.996  13.854 0.0000000000
161485  -53.283  -7.175  14.040 0.0000000000
162203  -53.490  -13.727  20.857 0.0000000000
163068  -50.315  -6.474  15.641 0.0000000000
163565  -51.128  -8.210  16.740 0.0000000000
164012  -26.501  -28.973  39.026 0.0000000000
164022  -51.859  -12.649  17.523 0.0000000000
164315  -52.484  -7.157  13.173 0.0000000000
164594  -54.698  -8.417  17.034 0.0000000000
165867  -25.374  -29.802  39.108 0.0000000000
167115  -50.508  -13.417  20.484 0.0000000000
167476  -51.633  -14.304  24.377 0.0000000000
167718  -53.435  -7.394  17.134 0.0000000000
167746  -53.061  -13.096  18.350 0.0000000000
168078  -52.467  -7.880  17.114 0.0000000000
170806  -53.308  -14.070  19.885 0.0000000000
171154  -50.475  -6.807  12.825 0.0000000000
