#!ascii label  , from subject sub-v2s2x29069_ses-1 vox2ras=TkReg
2056
106777  -38.040  13.479  -4.871 0.0000000000
106928  -53.704  14.224  -19.329 0.0000000000
109105  -48.872  16.841  -1.899 0.0000000000
167601  -50.990  11.137  -9.467 0.0000000000
101254  -51.100  8.254  -0.675 0.0000000000
147516  -43.493  18.330  -14.968 0.0000000000
115453  -53.740  23.823  -17.558 0.0000000000
115367  -45.081  24.399  -9.755 0.0000000000
95138  -41.946  3.159  3.939 0.0000000000
104172  -44.124  10.828  -8.190 0.0000000000
106074  -46.407  13.449  -12.555 0.0000000000
109147  -41.369  16.943  -9.190 0.0000000000
150704  -49.068  21.261  -2.011 0.0000000000
167818  -52.433  20.000  -9.014 0.0000000000
143900  -49.999  24.117  -8.670 0.0000000000
115410  -48.236  23.796  -12.850 0.0000000000
117543  -49.815  26.551  -8.106 0.0000000000
105274  -48.476  12.584  -20.467 0.0000000000
105922  -40.184  12.141  2.069 0.0000000000
108387  -43.190  15.891  -2.871 0.0000000000
106783  -56.515  14.507  -5.041 0.0000000000
103149  -50.888  10.208  -5.162 0.0000000000
101293  -44.357  8.317  -4.216 0.0000000000
142553  -43.688  4.970  -0.239 0.0000000000
107714  -48.437  14.584  -16.772 0.0000000000
109966  -46.186  17.515  -19.794 0.0000000000
110708  -46.147  18.882  -8.886 0.0000000000
113886  -48.495  21.807  -16.012 0.0000000000
113080  -46.075  21.430  -23.056 0.0000000000
113918  -45.070  22.309  -18.546 0.0000000000
112989  -42.479  21.221  -14.032 0.0000000000
105122  -40.698  12.365  -7.061 0.0000000000
106809  -42.236  13.647  -9.030 0.0000000000
108403  -39.396  15.586  -6.873 0.0000000000
114576  -50.246  23.422  -3.630 0.0000000000
114624  -49.871  23.100  -6.698 0.0000000000
116850  -52.972  25.666  -6.895 0.0000000000
117559  -51.845  26.778  -9.211 0.0000000000
163576  -51.288  13.192  -20.126 0.0000000000
108347  -38.646  15.554  1.646 0.0000000000
106712  -42.588  13.208  2.733 0.0000000000
102200  -50.926  9.087  -2.660 0.0000000000
102222  -47.354  9.209  -4.470 0.0000000000
100233  -47.894  7.870  -2.805 0.0000000000
142328  -43.118  3.864  1.890 0.0000000000
160970  -36.637  6.241  -0.722 0.0000000000
103089  -36.448  10.311  1.403 0.0000000000
102168  -34.131  9.020  0.345 0.0000000000
106068  -52.761  13.218  -11.984 0.0000000000
107663  -43.126  14.896  -14.198 0.0000000000
106894  -47.146  14.204  -14.829 0.0000000000
108501  -44.910  15.361  -16.173 0.0000000000
107741  -46.910  15.288  -18.373 0.0000000000
109952  -44.400  17.527  -17.833 0.0000000000
109102  -46.253  16.328  -2.441 0.0000000000
109840  -45.157  18.067  -5.371 0.0000000000
142516  -47.691  17.765  -5.483 0.0000000000
113864  -53.107  22.087  -13.752 0.0000000000
112995  -50.547  21.374  -13.222 0.0000000000
114705  -51.937  22.454  -17.472 0.0000000000
113920  -48.378  22.238  -19.453 0.0000000000
114753  -50.748  23.342  -21.247 0.0000000000
113937  -45.512  22.308  -20.978 0.0000000000
115471  -49.313  24.039  -18.085 0.0000000000
115386  -46.117  24.039  -11.508 0.0000000000
114680  -45.469  23.137  -13.990 0.0000000000
114664  -43.803  22.777  -11.837 0.0000000000
112956  -41.434  21.212  -12.178 0.0000000000
114649  -42.872  22.788  -10.072 0.0000000000
103221  -47.513  10.637  -9.045 0.0000000000
105183  -48.203  11.957  -11.285 0.0000000000
105166  -44.705  12.280  -10.439 0.0000000000
146298  -42.342  14.308  -11.575 0.0000000000
109905  -42.466  17.534  -11.790 0.0000000000
111416  -49.902  18.751  -1.696 0.0000000000
109845  -51.254  17.317  -5.528 0.0000000000
112147  -50.835  20.245  -5.910 0.0000000000
113805  -52.480  21.451  -8.883 0.0000000000
115401  -52.747  23.724  -12.156 0.0000000000
142001  -50.317  23.761  -15.119 0.0000000000
142520  -49.802  23.806  -11.254 0.0000000000
116171  -48.300  24.396  -9.815 0.0000000000
116148  -46.907  25.034  -8.781 0.0000000000
106136  -46.499  13.265  -19.713 0.0000000000
105964  -38.956  13.174  -1.715 0.0000000000
161174  -40.478  15.876  -3.242 0.0000000000
156367  -41.564  13.408  -1.136 0.0000000000
106748  -44.761  13.189  -0.356 0.0000000000
107538  -47.601  14.494  0.287 0.0000000000
109780  -47.895  16.494  3.098 0.0000000000
149850  -49.963  16.317  1.415 0.0000000000
105136  -54.167  12.322  -7.870 0.0000000000
104153  -53.657  11.586  -5.445 0.0000000000
103196  -50.963  10.657  -7.142 0.0000000000
146010  -47.160  10.273  -7.200 0.0000000000
102246  -44.173  9.726  -5.872 0.0000000000
100183  -50.779  7.726  1.751 0.0000000000
97177  -46.819  5.369  3.320 0.0000000000
169269  -47.679  6.079  1.752 0.0000000000
99178  -47.927  6.812  -0.892 0.0000000000
99188  -44.297  6.374  -2.378 0.0000000000
103127  -37.441  10.126  -3.651 0.0000000000
109232  -54.119  16.654  -18.059 0.0000000000
106865  -49.590  13.695  -13.369 0.0000000000
148526  -51.122  15.047  -15.673 0.0000000000
107733  -51.924  15.133  -18.369 0.0000000000
107744  -49.096  14.681  -19.112 0.0000000000
108554  -47.369  15.524  -20.702 0.0000000000
109262  -46.271  16.063  -21.640 0.0000000000
109836  -41.969  17.627  -5.374 0.0000000000
110692  -43.469  18.403  -8.748 0.0000000000
164792  -45.222  19.526  -12.088 0.0000000000
111469  -49.106  19.078  -9.600 0.0000000000
112213  -47.820  20.718  -12.754 0.0000000000
112225  -45.438  20.117  -15.191 0.0000000000
167118  -45.527  20.030  -18.596 0.0000000000
111565  -46.302  19.103  -21.015 0.0000000000
109270  -45.163  16.925  -23.370 0.0000000000
115440  -47.445  23.641  -15.893 0.0000000000
113883  -43.882  21.496  -16.283 0.0000000000
166312  -40.105  20.744  -16.300 0.0000000000
113002  -39.542  21.055  -14.766 0.0000000000
170156  -38.359  21.107  -13.084 0.0000000000
105985  -39.139  12.842  -6.556 0.0000000000
106001  -39.970  13.606  -7.446 0.0000000000
107572  -38.662  14.689  -6.102 0.0000000000
153857  -51.716  25.122  -5.572 0.0000000000
117536  -54.566  27.468  -7.252 0.0000000000
106142  -52.601  13.599  -19.566 0.0000000000
101275  -51.354  8.760  -1.866 0.0000000000
101285  -49.467  8.753  -2.989 0.0000000000
100221  -49.075  7.889  -1.900 0.0000000000
98141  -36.315  5.614  0.228 0.0000000000
100181  -35.941  7.879  1.113 0.0000000000
167117  -53.304  12.210  -9.816 0.0000000000
105172  -51.712  11.746  -10.811 0.0000000000
154212  -42.854  16.351  -14.729 0.0000000000
167698  -44.441  15.033  -15.235 0.0000000000
108513  -43.837  16.041  -15.832 0.0000000000
109219  -44.294  16.554  -16.937 0.0000000000
110762  -43.751  18.239  -16.328 0.0000000000
109104  -47.870  16.686  -2.220 0.0000000000
109808  -46.562  17.242  -3.741 0.0000000000
109820  -48.423  17.418  -3.960 0.0000000000
114695  -54.577  23.473  -16.119 0.0000000000
113889  -52.427  22.201  -15.525 0.0000000000
114720  -53.634  23.253  -18.051 0.0000000000
114730  -51.625  22.965  -19.275 0.0000000000
159552  -52.241  23.569  -19.441 0.0000000000
142492  -49.584  24.037  -19.241 0.0000000000
115462  -51.168  24.139  -18.140 0.0000000000
115375  -45.850  24.279  -10.714 0.0000000000
115395  -44.893  23.589  -11.762 0.0000000000
114651  -44.123  23.485  -10.724 0.0000000000
114656  -43.045  22.619  -10.788 0.0000000000
115372  -43.987  23.607  -9.990 0.0000000000
103205  -45.277  10.522  -8.500 0.0000000000
104222  -45.939  11.190  -10.203 0.0000000000
104204  -44.101  11.583  -9.129 0.0000000000
107600  -41.383  14.965  -8.954 0.0000000000
106827  -42.087  14.379  -10.104 0.0000000000
107619  -41.855  15.052  -10.542 0.0000000000
107640  -41.880  15.441  -12.167 0.0000000000
109889  -41.925  17.088  -10.788 0.0000000000
112131  -48.998  20.127  -1.959 0.0000000000
111424  -49.944  19.366  -4.064 0.0000000000
112141  -49.176  20.224  -4.291 0.0000000000
115358  -50.391  23.954  -7.612 0.0000000000
113789  -50.100  22.684  -7.343 0.0000000000
114639  -50.601  22.697  -8.727 0.0000000000
114653  -51.987  22.696  -10.728 0.0000000000
114652  -51.082  23.211  -10.151 0.0000000000
161908  -51.760  23.876  -12.007 0.0000000000
155842  -50.260  23.580  -9.870 0.0000000000
118174  -51.245  27.065  -8.859 0.0000000000
116881  -49.403  25.036  -8.888 0.0000000000
116875  -49.111  25.339  -8.633 0.0000000000
116160  -48.013  24.720  -9.248 0.0000000000
116869  -48.738  25.567  -8.228 0.0000000000
106138  -47.841  12.785  -20.315 0.0000000000
105946  -39.768  11.840  -0.387 0.0000000000
106753  -40.268  13.473  -1.346 0.0000000000
151427  -41.149  11.555  0.414 0.0000000000
106714  -43.903  13.728  2.710 0.0000000000
105926  -43.784  12.591  1.754 0.0000000000
105928  -45.595  12.658  1.517 0.0000000000
107536  -46.266  13.517  -0.130 0.0000000000
106734  -46.666  13.450  2.724 0.0000000000
110610  -47.928  18.156  3.376 0.0000000000
108337  -49.129  15.594  2.547 0.0000000000
109782  -50.719  16.913  2.895 0.0000000000
110629  -50.164  18.364  1.707 0.0000000000
110612  -51.047  18.303  3.417 0.0000000000
106798  -55.757  13.729  -7.353 0.0000000000
105986  -55.243  13.008  -6.167 0.0000000000
104135  -54.052  11.506  -4.071 0.0000000000
145440  -53.003  11.105  -5.176 0.0000000000
168014  -52.499  11.064  -6.120 0.0000000000
103180  -51.243  10.585  -6.415 0.0000000000
103193  -48.998  10.421  -7.450 0.0000000000
103162  -49.244  10.249  -6.029 0.0000000000
101295  -46.129  8.779  -4.327 0.0000000000
102248  -45.663  9.535  -5.553 0.0000000000
102233  -44.460  9.251  -5.196 0.0000000000
144994  -43.782  3.848  3.553 0.0000000000
141392  -45.602  5.138  1.700 0.0000000000
97205  -45.570  5.533  0.372 0.0000000000
99156  -47.539  6.337  0.264 0.0000000000
154739  -45.731  5.983  -0.794 0.0000000000
99176  -46.028  6.536  -1.725 0.0000000000
152514  -44.055  5.685  -1.399 0.0000000000
148801  -37.363  10.832  -2.033 0.0000000000
103115  -37.183  9.909  -0.976 0.0000000000
109221  -55.236  17.564  -17.032 0.0000000000
106049  -47.059  12.537  -11.700 0.0000000000
106063  -48.907  12.864  -12.282 0.0000000000
106076  -47.774  13.270  -12.777 0.0000000000
107697  -48.092  14.473  -16.010 0.0000000000
168349  -49.014  14.344  -14.923 0.0000000000
107699  -49.708  14.690  -16.098 0.0000000000
108530  -51.968  15.344  -17.333 0.0000000000
107732  -50.432  14.863  -17.765 0.0000000000
107746  -50.702  14.821  -18.957 0.0000000000
142495  -49.080  14.664  -18.186 0.0000000000
109241  -45.806  16.820  -18.668 0.0000000000
108541  -47.486  15.573  -19.454 0.0000000000
108553  -47.193  16.219  -20.055 0.0000000000
108564  -46.956  15.773  -20.804 0.0000000000
148885  -46.470  17.036  -21.006 0.0000000000
108385  -41.413  16.062  -3.034 0.0000000000
109125  -41.032  16.809  -4.760 0.0000000000
109117  -42.898  16.922  -4.010 0.0000000000
143792  -46.062  18.357  -7.362 0.0000000000
110662  -44.499  18.423  -7.406 0.0000000000
110693  -44.727  18.564  -8.739 0.0000000000
111480  -44.347  19.095  -10.864 0.0000000000
111482  -46.065  19.343  -10.550 0.0000000000
111446  -51.888  18.779  -7.843 0.0000000000
110698  -50.370  17.857  -8.290 0.0000000000
111487  -50.836  19.240  -9.907 0.0000000000
113861  -49.680  21.690  -14.545 0.0000000000
112976  -48.969  21.119  -13.216 0.0000000000
113010  -48.407  21.388  -14.737 0.0000000000
112220  -46.747  20.519  -13.786 0.0000000000
113019  -47.218  21.206  -15.840 0.0000000000
112242  -45.875  20.556  -16.589 0.0000000000
113040  -46.976  21.362  -17.170 0.0000000000
113062  -47.803  21.953  -21.681 0.0000000000
112267  -46.576  20.653  -20.862 0.0000000000
111571  -46.280  19.373  -22.174 0.0000000000
154832  -46.038  17.696  -22.925 0.0000000000
110807  -45.512  18.981  -23.650 0.0000000000
110799  -43.964  18.585  -22.972 0.0000000000
112288  -44.723  20.103  -23.114 0.0000000000
113927  -45.237  22.394  -19.614 0.0000000000
113935  -43.202  21.807  -20.930 0.0000000000
142005  -49.538  23.724  -13.926 0.0000000000
115442  -48.902  23.751  -15.357 0.0000000000
115431  -47.822  23.720  -14.312 0.0000000000
113859  -44.328  22.179  -14.080 0.0000000000
113871  -44.711  22.292  -15.288 0.0000000000
113006  -43.263  21.362  -14.965 0.0000000000
113017  -42.429  21.095  -16.261 0.0000000000
144864  -41.612  21.037  -15.366 0.0000000000
143838  -39.627  20.878  -15.696 0.0000000000
112988  -41.630  21.031  -13.866 0.0000000000
142810  -40.914  21.168  -11.559 0.0000000000
112954  -40.127  20.857  -12.425 0.0000000000
112940  -39.119  20.938  -11.487 0.0000000000
112952  -37.751  21.185  -12.313 0.0000000000
104169  -42.009  11.826  -7.608 0.0000000000
105144  -42.810  12.049  -8.551 0.0000000000
106003  -41.720  13.060  -7.997 0.0000000000
106796  -40.693  14.330  -8.141 0.0000000000
147361  -40.590  16.361  -8.257 0.0000000000
113761  -49.065  21.691  -5.162 0.0000000000
115322  -50.110  23.607  -5.102 0.0000000000
116121  -51.458  24.778  -6.273 0.0000000000
116141  -52.186  25.366  -7.693 0.0000000000
116164  -50.914  25.229  -8.962 0.0000000000
117544  -54.072  26.551  -8.390 0.0000000000
118828  -53.796  28.203  -8.668 0.0000000000
106151  -50.091  12.972  -20.506 0.0000000000
155980  -39.202  14.116  2.163 0.0000000000
105923  -41.130  11.987  1.989 0.0000000000
107515  -40.550  14.137  2.470 0.0000000000
102227  -51.223  9.794  -3.698 0.0000000000
102238  -48.860  9.935  -4.925 0.0000000000
101298  -49.139  9.168  -3.739 0.0000000000
101296  -47.558  8.787  -3.903 0.0000000000
101282  -46.234  8.251  -3.757 0.0000000000
96196  -42.872  3.569  2.574 0.0000000000
96208  -41.132  3.513  0.864 0.0000000000
100202  -36.945  7.310  -1.513 0.0000000000
101253  -36.802  8.659  -0.122 0.0000000000
101245  -36.198  8.445  0.808 0.0000000000
155227  -35.040  9.833  0.324 0.0000000000
106859  -44.596  14.033  -12.967 0.0000000000
156142  -46.784  13.931  -13.685 0.0000000000
106892  -45.839  14.306  -14.537 0.0000000000
107678  -45.673  14.594  -15.370 0.0000000000
107712  -46.347  14.756  -16.634 0.0000000000
107729  -47.239  14.849  -17.770 0.0000000000
107727  -45.869  15.207  -17.131 0.0000000000
109231  -45.275  16.500  -17.920 0.0000000000
109957  -44.941  17.597  -18.527 0.0000000000
108389  -44.340  16.105  -2.409 0.0000000000
109119  -44.260  16.837  -3.649 0.0000000000
168867  -45.235  17.230  -3.986 0.0000000000
141395  -46.719  18.015  -5.595 0.0000000000
110680  -47.600  17.994  -7.672 0.0000000000
112961  -52.584  21.164  -11.301 0.0000000000
112945  -50.828  20.462  -11.414 0.0000000000
113852  -51.379  21.553  -13.407 0.0000000000
113888  -51.285  22.070  -15.634 0.0000000000
113900  -49.988  22.095  -16.402 0.0000000000
162553  -48.620  22.156  -17.339 0.0000000000
114717  -50.635  22.643  -18.331 0.0000000000
114737  -50.006  22.832  -20.254 0.0000000000
113940  -48.928  22.944  -21.700 0.0000000000
113948  -46.430  22.135  -22.329 0.0000000000
115485  -48.201  23.435  -20.668 0.0000000000
115478  -47.676  23.477  -19.592 0.0000000000
168560  -46.717  23.091  -18.179 0.0000000000
161059  -46.886  23.858  -12.615 0.0000000000
115408  -46.744  23.794  -13.314 0.0000000000
115407  -45.724  23.651  -12.722 0.0000000000
114672  -44.622  22.881  -12.903 0.0000000000
113850  -43.427  21.900  -12.939 0.0000000000
156966  -42.275  21.260  -13.329 0.0000000000
113841  -42.838  22.028  -11.810 0.0000000000
113833  -41.931  21.817  -10.973 0.0000000000
113824  -41.742  21.924  -10.204 0.0000000000
143086  -49.212  11.010  -9.612 0.0000000000
105170  -50.233  11.472  -10.577 0.0000000000
104224  -47.447  11.187  -10.235 0.0000000000
105181  -46.667  11.992  -11.254 0.0000000000
106047  -45.479  12.819  -11.468 0.0000000000
106025  -43.428  12.916  -9.701 0.0000000000
106045  -44.025  13.432  -10.883 0.0000000000
106847  -44.446  13.835  -12.255 0.0000000000
107642  -42.718  14.395  -12.856 0.0000000000
141712  -42.106  16.136  -13.528 0.0000000000
145483  -42.760  17.635  -13.289 0.0000000000
109805  -49.999  17.438  -2.359 0.0000000000
109822  -50.524  17.058  -3.763 0.0000000000
110646  -51.172  17.533  -3.941 0.0000000000
111433  -51.816  19.013  -5.848 0.0000000000
112164  -52.822  20.132  -7.511 0.0000000000
113776  -50.195  21.481  -6.594 0.0000000000
112900  -52.055  21.274  -7.669 0.0000000000
112923  -52.831  21.007  -9.014 0.0000000000
113836  -52.950  21.740  -11.055 0.0000000000
114675  -54.098  23.491  -13.247 0.0000000000
115424  -53.857  24.537  -14.429 0.0000000000
141996  -51.682  24.033  -16.592 0.0000000000
115423  -52.152  24.103  -14.129 0.0000000000
142222  -50.513  23.832  -13.394 0.0000000000
115411  -49.031  23.776  -12.556 0.0000000000
115379  -49.586  23.814  -9.822 0.0000000000
141717  -49.275  23.847  -10.480 0.0000000000
155043  -48.148  24.056  -11.143 0.0000000000
115377  -47.443  24.254  -11.058 0.0000000000
116169  -46.508  24.697  -10.174 0.0000000000
116158  -46.333  24.902  -9.424 0.0000000000
105969  -38.307  13.512  -3.331 0.0000000000
107561  -39.025  14.763  -4.036 0.0000000000
107549  -39.465  14.605  -2.323 0.0000000000
107551  -41.157  15.022  -2.040 0.0000000000
107553  -42.980  14.890  -1.904 0.0000000000
105936  -42.634  12.208  0.912 0.0000000000
106747  -43.633  13.155  -0.422 0.0000000000
154078  -44.157  14.952  -1.580 0.0000000000
107545  -45.247  14.872  -1.336 0.0000000000
107547  -46.825  14.996  -0.801 0.0000000000
108373  -48.026  15.594  -0.639 0.0000000000
167561  -46.570  14.789  2.920 0.0000000000
107503  -48.200  14.459  2.349 0.0000000000
108358  -49.125  15.473  0.778 0.0000000000
109090  -49.296  16.362  -0.558 0.0000000000
109792  -49.904  17.873  -0.145 0.0000000000
111408  -49.524  19.282  -0.204 0.0000000000
112123  -49.258  20.742  0.113 0.0000000000
106016  -54.548  12.853  -8.906 0.0000000000
105146  -52.688  11.607  -8.792 0.0000000000
105975  -55.465  13.000  -3.794 0.0000000000
105980  -55.338  12.956  -5.364 0.0000000000
105124  -53.870  12.011  -6.714 0.0000000000
149122  -52.788  11.445  -7.445 0.0000000000
167380  -51.118  10.941  -8.367 0.0000000000
103209  -48.760  10.571  -8.388 0.0000000000
103191  -46.936  10.377  -7.853 0.0000000000
103190  -45.426  10.373  -7.801 0.0000000000
102250  -47.676  9.946  -5.642 0.0000000000
103175  -45.848  10.072  -6.722 0.0000000000
103172  -43.633  10.385  -7.157 0.0000000000
104151  -42.108  10.439  -6.922 0.0000000000
98117  -48.470  6.156  3.324 0.0000000000
96199  -44.861  4.578  2.487 0.0000000000
97184  -46.582  5.454  2.507 0.0000000000
163076  -49.112  6.700  2.387 0.0000000000
99147  -49.060  6.819  1.235 0.0000000000
100192  -49.851  7.360  0.494 0.0000000000
143009  -49.482  7.572  -0.817 0.0000000000
100207  -47.510  7.238  -2.039 0.0000000000
166416  -45.622  7.219  -2.857 0.0000000000
100229  -44.394  7.346  -3.399 0.0000000000
145940  -37.519  11.586  -4.166 0.0000000000
105098  -37.722  12.195  -2.776 0.0000000000
105087  -38.317  12.070  -1.262 0.0000000000
105075  -39.337  11.307  1.199 0.0000000000
105920  -38.786  12.463  2.390 0.0000000000
109223  -57.559  18.002  -17.432 0.0000000000
108545  -56.138  17.429  -18.543 0.0000000000
167563  -54.744  16.362  -19.284 0.0000000000
105197  -50.097  12.427  -11.739 0.0000000000
106080  -50.776  13.566  -12.759 0.0000000000
106878  -48.460  13.874  -13.927 0.0000000000
106895  -50.298  14.468  -14.560 0.0000000000
107683  -52.319  15.410  -14.884 0.0000000000
156219  -52.776  15.855  -16.329 0.0000000000
108531  -52.682  15.582  -18.343 0.0000000000
107761  -53.262  14.877  -19.946 0.0000000000
107760  -52.066  14.320  -20.010 0.0000000000
165424  -50.028  14.308  -20.115 0.0000000000
106951  -48.831  13.747  -20.770 0.0000000000
107742  -47.952  15.010  -19.111 0.0000000000
107756  -47.943  15.198  -20.261 0.0000000000
106950  -48.207  13.805  -20.846 0.0000000000
106948  -46.910  14.030  -20.893 0.0000000000
106947  -45.886  14.293  -21.043 0.0000000000
107768  -44.792  14.848  -21.103 0.0000000000
108396  -39.484  15.724  -5.460 0.0000000000
109128  -40.311  16.521  -6.218 0.0000000000
109863  -41.327  17.437  -7.722 0.0000000000
109838  -43.706  18.243  -5.871 0.0000000000
110675  -42.708  18.213  -7.394 0.0000000000
109882  -42.234  17.866  -9.261 0.0000000000
110714  -42.699  18.110  -10.627 0.0000000000
110729  -43.392  18.560  -12.188 0.0000000000
111522  -43.737  18.797  -13.662 0.0000000000
109843  -49.402  17.458  -5.916 0.0000000000
145392  -49.075  17.745  -7.801 0.0000000000
111453  -47.513  19.024  -9.202 0.0000000000
112205  -49.870  20.527  -11.510 0.0000000000
112179  -48.686  19.996  -10.790 0.0000000000
111497  -47.207  19.842  -10.981 0.0000000000
112201  -46.472  20.104  -12.476 0.0000000000
112210  -45.417  19.959  -13.627 0.0000000000
111531  -44.322  19.311  -14.695 0.0000000000
111543  -44.363  19.258  -16.669 0.0000000000
110776  -45.281  18.546  -18.995 0.0000000000
113047  -46.967  21.384  -18.565 0.0000000000
112260  -45.846  19.865  -19.416 0.0000000000
110781  -45.989  18.093  -19.737 0.0000000000
110789  -46.039  17.497  -21.841 0.0000000000
109261  -45.399  15.542  -22.530 0.0000000000
113070  -43.372  21.427  -21.989 0.0000000000
141994  -49.770  23.919  -16.592 0.0000000000
115459  -48.103  23.771  -17.043 0.0000000000
114703  -46.227  23.043  -16.729 0.0000000000
115429  -46.575  23.543  -14.794 0.0000000000
114702  -45.627  22.802  -16.340 0.0000000000
161148  -44.263  21.758  -17.493 0.0000000000
113038  -42.953  21.300  -17.576 0.0000000000
113024  -40.866  20.543  -17.196 0.0000000000
112239  -39.928  20.003  -16.673 0.0000000000
157412  -40.298  20.844  -13.359 0.0000000000
160710  -38.747  21.112  -13.861 0.0000000000
116146  -45.306  24.769  -8.428 0.0000000000
115361  -44.330  24.039  -8.820 0.0000000000
153118  -43.302  23.196  -8.881 0.0000000000
113803  -42.199  22.396  -8.982 0.0000000000
113811  -41.006  21.722  -9.149 0.0000000000
105112  -38.125  12.782  -5.571 0.0000000000
105984  -38.514  13.254  -6.193 0.0000000000
106781  -38.153  13.520  -5.599 0.0000000000
106143  -53.201  14.088  -19.787 0.0000000000
101256  -52.334  8.741  -0.480 0.0000000000
164885  -52.346  8.925  -1.159 0.0000000000
101267  -51.724  8.598  -1.072 0.0000000000
142585  -50.262  8.295  -1.520 0.0000000000
101266  -50.588  8.167  -0.997 0.0000000000
98132  -35.933  5.632  0.846 0.0000000000
104229  -52.160  11.584  -10.111 0.0000000000
142739  -52.310  11.927  -10.732 0.0000000000
104228  -51.441  11.448  -10.290 0.0000000000
109200  -43.013  16.902  -15.079 0.0000000000
108499  -43.277  16.071  -15.161 0.0000000000
109209  -43.439  16.760  -15.761 0.0000000000
109944  -43.643  17.447  -16.319 0.0000000000
109935  -43.352  17.645  -15.519 0.0000000000
109810  -47.869  17.148  -2.939 0.0000000000
141588  -48.692  17.312  -3.245 0.0000000000
114696  -54.521  23.921  -16.544 0.0000000000
114708  -54.420  23.473  -16.964 0.0000000000
140388  -53.982  23.527  -17.580 0.0000000000
141936  -53.129  23.394  -18.649 0.0000000000
115463  -52.945  23.856  -18.203 0.0000000000
142221  -52.236  23.919  -18.741 0.0000000000
141992  -51.981  24.101  -17.696 0.0000000000
115374  -45.299  24.273  -10.305 0.0000000000
168252  -45.193  24.029  -10.741 0.0000000000
115373  -44.692  23.954  -10.309 0.0000000000
104188  -44.566  10.889  -8.728 0.0000000000
104189  -45.180  10.708  -9.107 0.0000000000
104187  -43.792  11.259  -8.583 0.0000000000
108427  -41.320  15.998  -9.325 0.0000000000
107610  -41.703  15.076  -9.712 0.0000000000
108433  -41.641  15.825  -10.138 0.0000000000
109156  -41.733  16.492  -10.516 0.0000000000
109881  -41.786  17.328  -9.624 0.0000000000
112861  -48.866  20.785  -2.365 0.0000000000
147659  -48.943  20.360  -3.589 0.0000000000
112865  -48.861  20.919  -3.143 0.0000000000
115362  -50.072  23.605  -8.339 0.0000000000
114634  -50.123  23.089  -7.944 0.0000000000
149703  -50.174  23.324  -8.899 0.0000000000
114644  -50.810  22.868  -9.426 0.0000000000
115380  -50.918  23.580  -10.598 0.0000000000
115369  -50.146  23.549  -9.292 0.0000000000
118173  -50.526  26.875  -8.523 0.0000000000
117549  -50.166  26.318  -8.824 0.0000000000
117548  -49.467  25.966  -8.407 0.0000000000
105270  -49.437  11.775  -19.855 0.0000000000
105269  -48.755  11.943  -19.966 0.0000000000
105268  -48.161  12.144  -19.839 0.0000000000
106149  -48.153  13.171  -20.713 0.0000000000
105083  -39.949  11.420  0.556 0.0000000000
105947  -40.461  11.617  -0.017 0.0000000000
105934  -40.503  11.471  1.093 0.0000000000
107499  -44.605  14.094  2.657 0.0000000000
106732  -44.263  13.092  2.421 0.0000000000
106716  -45.401  13.666  2.930 0.0000000000
143802  -45.926  13.115  2.675 0.0000000000
165771  -46.193  13.667  2.941 0.0000000000
162161  -50.732  17.014  4.302 0.0000000000
110628  -50.850  17.529  3.145 0.0000000000
149834  -56.440  14.447  -5.926 0.0000000000
105994  -55.824  13.642  -6.507 0.0000000000
105987  -55.885  13.621  -5.665 0.0000000000
103165  -51.424  10.457  -5.696 0.0000000000
103164  -50.689  10.377  -5.855 0.0000000000
103163  -49.934  10.323  -5.977 0.0000000000
103148  -50.146  10.163  -5.295 0.0000000000
154018  -45.073  8.379  -4.143 0.0000000000
101304  -44.747  8.780  -4.670 0.0000000000
101303  -44.046  8.741  -4.716 0.0000000000
102232  -43.739  9.259  -5.178 0.0000000000
101302  -43.355  8.829  -4.575 0.0000000000
95139  -42.679  3.327  3.889 0.0000000000
97204  -44.154  4.884  0.314 0.0000000000
97214  -44.391  5.237  -0.339 0.0000000000
98142  -45.864  5.819  -0.182 0.0000000000
97215  -45.158  5.620  -0.405 0.0000000000
143315  -45.171  5.947  -1.172 0.0000000000
98149  -43.859  5.360  -0.872 0.0000000000
102192  -37.905  8.313  -2.907 0.0000000000
102191  -37.156  8.923  -1.859 0.0000000000
108489  -53.482  16.186  -15.162 0.0000000000
148694  -46.679  13.045  -12.142 0.0000000000
106061  -47.422  12.920  -12.217 0.0000000000
106075  -47.040  13.375  -12.672 0.0000000000
107698  -48.860  14.551  -15.995 0.0000000000
170083  -49.159  14.630  -16.626 0.0000000000
107716  -49.744  14.726  -17.035 0.0000000000
107731  -49.697  14.723  -17.857 0.0000000000
107715  -49.079  14.643  -17.327 0.0000000000
109958  -45.648  17.353  -18.921 0.0000000000
109242  -46.542  16.547  -19.382 0.0000000000
109253  -46.502  16.950  -19.929 0.0000000000
109254  -46.800  16.416  -20.666 0.0000000000
108386  -42.352  15.957  -2.980 0.0000000000
109107  -41.903  16.533  -3.550 0.0000000000
109108  -42.851  16.425  -3.461 0.0000000000
110695  -46.322  18.492  -8.132 0.0000000000
110678  -45.630  18.481  -7.798 0.0000000000
111465  -45.357  19.081  -9.977 0.0000000000
111466  -46.046  19.149  -9.627 0.0000000000
111472  -52.095  19.480  -8.830 0.0000000000
111457  -51.603  18.733  -8.570 0.0000000000
112173  -51.740  19.608  -9.448 0.0000000000
143817  -49.110  21.811  -15.549 0.0000000000
165154  -49.076  21.473  -14.368 0.0000000000
113021  -48.604  21.627  -15.341 0.0000000000
113009  -47.567  21.165  -14.946 0.0000000000
113020  -48.005  21.458  -15.522 0.0000000000
113029  -47.246  21.400  -16.569 0.0000000000
113030  -47.765  21.623  -16.274 0.0000000000
113072  -47.556  22.082  -22.279 0.0000000000
112275  -46.838  21.293  -22.214 0.0000000000
112274  -46.122  20.670  -22.599 0.0000000000
111578  -45.873  19.506  -23.218 0.0000000000
151524  -45.653  20.733  -23.207 0.0000000000
111585  -45.065  19.405  -23.572 0.0000000000
113917  -44.383  22.126  -19.144 0.0000000000
113907  -44.349  21.945  -18.218 0.0000000000
115421  -48.854  23.758  -13.366 0.0000000000
115432  -48.612  23.725  -14.129 0.0000000000
115420  -48.056  23.766  -13.602 0.0000000000
113858  -43.696  21.799  -13.751 0.0000000000
147502  -43.826  21.756  -14.512 0.0000000000
112990  -43.182  21.448  -14.229 0.0000000000
147016  -42.471  21.118  -15.353 0.0000000000
168308  -42.696  21.222  -14.636 0.0000000000
113004  -41.203  20.993  -14.708 0.0000000000
112942  -40.294  21.074  -11.063 0.0000000000
105133  -41.725  12.437  -7.681 0.0000000000
105132  -41.126  12.737  -7.520 0.0000000000
106786  -39.394  14.143  -7.212 0.0000000000
106795  -40.049  14.260  -7.690 0.0000000000
107589  -40.148  15.039  -7.907 0.0000000000
108413  -40.339  15.785  -8.100 0.0000000000
108412  -39.839  15.735  -7.509 0.0000000000
114575  -49.779  22.890  -4.092 0.0000000000
115301  -50.164  23.547  -4.353 0.0000000000
148324  -52.792  25.837  -5.987 0.0000000000
162793  -51.194  24.616  -5.653 0.0000000000
116122  -52.171  25.370  -6.383 0.0000000000
116131  -51.739  24.973  -7.077 0.0000000000
116132  -52.449  25.384  -7.135 0.0000000000
116870  -53.412  26.095  -8.422 0.0000000000
116861  -53.603  26.033  -7.613 0.0000000000
118795  -54.161  28.925  -6.894 0.0000000000
118165  -54.600  28.068  -7.970 0.0000000000
118812  -52.920  28.679  -7.719 0.0000000000
105272  -51.413  12.488  -19.600 0.0000000000
106140  -50.771  12.715  -20.215 0.0000000000
107514  -39.339  14.851  1.867 0.0000000000
159907  -39.858  14.111  2.270 0.0000000000
108348  -40.089  14.932  2.092 0.0000000000
102213  -51.984  9.621  -2.813 0.0000000000
102211  -50.687  9.375  -3.235 0.0000000000
102226  -50.501  9.676  -3.900 0.0000000000
102210  -49.958  9.260  -3.440 0.0000000000
101271  -48.374  8.058  -2.870 0.0000000000
145280  -48.701  8.547  -3.222 0.0000000000
101284  -47.887  8.319  -3.319 0.0000000000
101283  -47.055  8.311  -3.538 0.0000000000
100231  -46.579  7.848  -3.166 0.0000000000
97219  -37.620  5.078  -1.197 0.0000000000
98148  -37.067  5.808  -1.200 0.0000000000
99171  -37.359  6.399  -1.693 0.0000000000
99162  -36.778  6.646  -1.152 0.0000000000
100197  -36.670  7.891  -0.615 0.0000000000
100196  -36.489  7.512  -0.070 0.0000000000
153316  -35.246  8.834  0.655 0.0000000000
107653  -43.949  14.222  -13.735 0.0000000000
106876  -45.260  14.283  -13.934 0.0000000000
107664  -44.598  14.406  -14.114 0.0000000000
107694  -44.981  14.963  -15.615 0.0000000000
107711  -45.582  14.944  -16.238 0.0000000000
107695  -46.273  14.543  -15.875 0.0000000000
108515  -45.186  15.561  -16.790 0.0000000000
109229  -43.979  17.114  -17.073 0.0000000000
108527  -44.858  16.194  -17.201 0.0000000000
109230  -44.527  16.812  -17.570 0.0000000000
109240  -44.992  17.066  -18.270 0.0000000000
108390  -44.920  16.104  -2.273 0.0000000000
109111  -44.747  16.515  -2.883 0.0000000000
109121  -45.401  16.809  -3.188 0.0000000000
109829  -47.054  17.718  -4.856 0.0000000000
110653  -46.788  18.076  -6.304 0.0000000000
109851  -47.777  17.858  -6.597 0.0000000000
113854  -53.061  21.927  -12.926 0.0000000000
113853  -52.288  21.493  -12.809 0.0000000000
113863  -52.231  21.737  -13.566 0.0000000000
113902  -52.103  22.265  -16.537 0.0000000000
162008  -51.729  22.039  -15.085 0.0000000000
142571  -50.451  22.037  -15.891 0.0000000000
113901  -50.980  22.206  -16.650 0.0000000000
113911  -50.223  22.326  -17.215 0.0000000000
113912  -51.082  22.437  -17.563 0.0000000000
164485  -51.537  23.205  -20.032 0.0000000000
114729  -50.785  22.886  -19.541 0.0000000000
114738  -51.006  23.098  -20.266 0.0000000000
113930  -49.349  22.908  -21.287 0.0000000000
114751  -49.501  23.273  -21.824 0.0000000000
114749  -48.249  22.921  -21.545 0.0000000000
115487  -49.620  23.720  -20.978 0.0000000000
115480  -48.885  23.849  -19.584 0.0000000000
115470  -48.552  23.895  -18.614 0.0000000000
151639  -47.059  23.198  -18.896 0.0000000000
146671  -47.896  23.701  -17.824 0.0000000000
115387  -46.957  24.025  -11.781 0.0000000000
115397  -46.251  23.875  -12.255 0.0000000000
114665  -44.438  23.094  -12.168 0.0000000000
114666  -45.070  23.413  -12.473 0.0000000000
113851  -44.182  22.270  -13.304 0.0000000000
113843  -43.975  22.515  -12.557 0.0000000000
113842  -43.348  22.228  -12.171 0.0000000000
113834  -42.613  22.119  -11.217 0.0000000000
113825  -42.415  22.270  -10.489 0.0000000000
103222  -48.252  10.714  -9.048 0.0000000000
141900  -48.565  10.999  -9.617 0.0000000000
104209  -47.844  10.947  -9.623 0.0000000000
167928  -45.502  11.336  -10.105 0.0000000000
105168  -46.280  11.529  -10.755 0.0000000000
105167  -45.514  11.765  -10.512 0.0000000000
105180  -45.909  12.178  -11.098 0.0000000000
105179  -45.231  12.392  -10.941 0.0000000000
106015  -42.430  12.925  -8.619 0.0000000000
105154  -43.052  12.480  -9.145 0.0000000000
106024  -42.824  13.259  -9.343 0.0000000000
107630  -42.190  14.369  -10.900 0.0000000000
106829  -43.427  13.716  -10.601 0.0000000000
106838  -42.893  14.039  -11.128 0.0000000000
106058  -44.285  13.625  -11.566 0.0000000000
106845  -42.996  14.067  -12.001 0.0000000000
106858  -43.660  14.031  -12.762 0.0000000000
107641  -42.212  14.604  -12.199 0.0000000000
108452  -41.834  16.284  -11.958 0.0000000000
108462  -41.921  16.036  -12.831 0.0000000000
109176  -42.281  16.849  -13.201 0.0000000000
109187  -42.417  16.494  -13.896 0.0000000000
109911  -42.601  17.544  -12.559 0.0000000000
110641  -50.129  17.914  -1.980 0.0000000000
145319  -50.406  17.688  -2.749 0.0000000000
161357  -50.408  18.371  -3.018 0.0000000000
152391  -50.202  19.944  -5.223 0.0000000000
111429  -50.668  19.227  -4.625 0.0000000000
111432  -51.386  19.285  -5.365 0.0000000000
111439  -52.073  19.231  -6.425 0.0000000000
112156  -51.789  20.428  -6.527 0.0000000000
114589  -49.358  22.420  -5.377 0.0000000000
170434  -49.445  21.839  -5.942 0.0000000000
145525  -49.862  22.306  -6.655 0.0000000000
113790  -50.779  22.089  -8.081 0.0000000000
113777  -50.570  21.804  -7.273 0.0000000000
112912  -52.091  21.543  -8.309 0.0000000000
112913  -52.733  21.039  -8.314 0.0000000000
163820  -52.762  21.221  -10.451 0.0000000000
113815  -52.657  21.482  -9.713 0.0000000000
114659  -52.368  23.186  -11.191 0.0000000000
114660  -52.864  23.138  -11.722 0.0000000000
115414  -53.327  23.929  -12.855 0.0000000000
115425  -54.151  24.320  -14.088 0.0000000000
165502  -53.635  24.281  -13.642 0.0000000000
145121  -53.075  24.372  -14.140 0.0000000000
164282  -52.582  24.119  -13.355 0.0000000000
145125  -50.709  23.866  -11.661 0.0000000000
115412  -50.688  23.892  -12.482 0.0000000000
142240  -49.858  23.825  -12.129 0.0000000000
142223  -49.720  23.776  -13.001 0.0000000000
116884  -51.405  26.183  -9.353 0.0000000000
116163  -49.909  24.535  -8.907 0.0000000000
116883  -50.619  25.780  -9.145 0.0000000000
116161  -48.768  24.641  -9.104 0.0000000000
116172  -48.920  24.090  -9.785 0.0000000000
115378  -48.555  24.069  -10.478 0.0000000000
159613  -47.905  24.341  -10.461 0.0000000000
116149  -47.680  24.981  -8.700 0.0000000000
116159  -47.188  24.815  -9.509 0.0000000000
106137  -47.167  13.037  -19.968 0.0000000000
106936  -46.228  13.840  -20.502 0.0000000000
105970  -38.578  13.471  -2.407 0.0000000000
106767  -38.873  14.115  -2.780 0.0000000000
106760  -39.193  13.889  -2.019 0.0000000000
107540  -40.780  14.095  -1.489 0.0000000000
107541  -41.743  14.245  -1.568 0.0000000000
107552  -42.190  14.863  -2.033 0.0000000000
165122  -42.172  13.748  -1.231 0.0000000000
106730  -41.690  13.057  2.726 0.0000000000
105935  -41.941  11.752  0.758 0.0000000000
105924  -42.173  12.347  1.899 0.0000000000
155270  -44.169  12.800  -0.063 0.0000000000
105951  -43.533  12.652  0.107 0.0000000000
106757  -44.078  13.499  -0.678 0.0000000000
107544  -43.946  14.265  -1.219 0.0000000000
107534  -44.526  13.883  -0.861 0.0000000000
147670  -44.596  14.532  -1.258 0.0000000000
107535  -45.290  13.906  -0.701 0.0000000000
168345  -47.282  14.025  0.501 0.0000000000
107537  -46.949  14.268  -0.166 0.0000000000
108363  -47.434  15.053  -0.405 0.0000000000
108372  -47.274  15.572  -1.149 0.0000000000
108364  -48.161  15.051  0.048 0.0000000000
110626  -47.478  17.530  3.066 0.0000000000
109069  -46.560  15.885  2.804 0.0000000000
109070  -47.502  15.751  2.925 0.0000000000
108334  -47.277  14.791  2.991 0.0000000000
108335  -47.934  14.887  2.899 0.0000000000
108355  -49.683  15.911  1.891 0.0000000000
108354  -49.174  15.436  1.677 0.0000000000
108359  -49.652  15.925  1.085 0.0000000000
109086  -49.539  16.093  0.243 0.0000000000
109087  -49.909  16.547  0.745 0.0000000000
109091  -49.819  16.873  -0.154 0.0000000000
109790  -49.983  17.346  0.647 0.0000000000
157841  -50.297  19.228  1.949 0.0000000000
156981  -49.930  19.048  1.323 0.0000000000
111400  -49.847  19.859  1.388 0.0000000000
111403  -49.231  20.130  0.084 0.0000000000
112118  -50.048  20.542  1.206 0.0000000000
106811  -56.138  14.485  -8.634 0.0000000000
105992  -54.628  12.690  -7.458 0.0000000000
106017  -55.104  13.201  -8.602 0.0000000000
106004  -54.625  12.763  -8.204 0.0000000000
105147  -53.464  12.133  -8.992 0.0000000000
144527  -53.703  12.105  -8.218 0.0000000000
104145  -54.014  11.674  -4.801 0.0000000000
105099  -54.752  12.100  -3.740 0.0000000000
105105  -54.492  12.006  -4.546 0.0000000000
148450  -55.393  12.945  -4.618 0.0000000000
105111  -54.882  12.421  -4.997 0.0000000000
105118  -54.733  12.473  -5.746 0.0000000000
105117  -54.112  12.053  -5.999 0.0000000000
141808  -51.805  10.911  -7.011 0.0000000000
167189  -52.316  11.165  -7.205 0.0000000000
104175  -52.128  11.163  -7.690 0.0000000000
104173  -50.493  10.706  -7.904 0.0000000000
104191  -50.060  10.746  -8.636 0.0000000000
150857  -48.073  10.291  -7.058 0.0000000000
165335  -48.273  10.427  -7.815 0.0000000000
145541  -46.237  10.291  -7.502 0.0000000000
102237  -47.988  9.678  -4.858 0.0000000000
102251  -48.386  10.051  -5.493 0.0000000000
102236  -47.162  9.592  -5.141 0.0000000000
102247  -44.943  9.588  -5.685 0.0000000000
103158  -45.416  9.852  -6.156 0.0000000000
103157  -44.795  9.922  -6.215 0.0000000000
103174  -45.126  10.113  -6.712 0.0000000000
103173  -44.333  10.178  -6.732 0.0000000000
103171  -42.953  10.306  -7.041 0.0000000000
103156  -43.576  10.026  -6.474 0.0000000000
100193  -51.128  7.921  0.948 0.0000000000
97168  -46.191  4.974  3.781 0.0000000000
98109  -47.316  5.543  3.837 0.0000000000
98110  -48.423  5.975  4.130 0.0000000000
171207  -47.427  5.701  3.293 0.0000000000
95158  -42.095  3.301  2.482 0.0000000000
96187  -43.509  3.847  2.824 0.0000000000
96197  -43.747  4.114  2.130 0.0000000000
98124  -46.325  5.488  1.776 0.0000000000
98125  -47.145  5.838  1.889 0.0000000000
99139  -48.459  6.340  2.503 0.0000000000
160793  -48.123  6.308  1.775 0.0000000000
99140  -49.439  6.915  1.859 0.0000000000
99146  -48.419  6.545  1.208 0.0000000000
99165  -48.077  6.668  -0.222 0.0000000000
99166  -48.739  6.847  0.120 0.0000000000
154005  -49.343  7.237  -0.098 0.0000000000
100198  -48.699  7.150  -0.807 0.0000000000
100209  -49.109  7.625  -1.317 0.0000000000
99177  -47.391  6.810  -1.375 0.0000000000
148687  -44.905  6.511  -2.150 0.0000000000
100218  -46.173  7.011  -2.392 0.0000000000
99196  -44.834  6.975  -2.741 0.0000000000
148834  -45.154  7.547  -3.290 0.0000000000
99195  -43.979  6.761  -2.999 0.0000000000
102207  -38.171  9.011  -3.936 0.0000000000
146842  -39.688  9.068  -4.324 0.0000000000
103134  -38.344  9.688  -4.502 0.0000000000
104132  -38.349  10.250  -4.916 0.0000000000
104131  -37.690  10.786  -4.494 0.0000000000
170915  -37.466  11.684  -3.455 0.0000000000
156918  -37.381  11.086  -2.945 0.0000000000
104114  -37.738  11.276  -1.057 0.0000000000
102180  -36.682  9.535  1.033 0.0000000000
102185  -36.966  9.384  0.478 0.0000000000
102170  -36.836  9.991  1.553 0.0000000000
105057  -37.692  12.056  2.434 0.0000000000
151290  -38.274  11.957  2.347 0.0000000000
105911  -37.854  12.766  2.704 0.0000000000
106726  -38.349  13.307  2.708 0.0000000000
109937  -57.317  18.199  -17.015 0.0000000000
109945  -55.254  17.495  -17.930 0.0000000000
109946  -56.029  17.861  -17.949 0.0000000000
109233  -54.938  17.110  -18.473 0.0000000000
109244  -55.412  16.866  -18.988 0.0000000000
109243  -54.573  16.548  -18.987 0.0000000000
104238  -49.483  11.584  -10.773 0.0000000000
105185  -50.157  11.875  -11.127 0.0000000000
159122  -49.594  12.073  -11.360 0.0000000000
106078  -49.254  13.278  -12.811 0.0000000000
106065  -50.441  13.004  -12.281 0.0000000000
163651  -47.291  13.994  -14.074 0.0000000000
165360  -47.846  13.863  -13.832 0.0000000000
149978  -47.961  14.130  -14.529 0.0000000000
107680  -49.989  14.655  -15.254 0.0000000000
145281  -49.487  14.327  -14.640 0.0000000000
107681  -50.735  14.830  -15.144 0.0000000000
107665  -51.030  14.691  -14.452 0.0000000000
107682  -51.536  15.115  -15.117 0.0000000000
107702  -52.179  15.525  -15.679 0.0000000000
107701  -51.620  15.269  -15.864 0.0000000000
141295  -51.184  15.029  -17.438 0.0000000000
108542  -53.367  15.680  -19.194 0.0000000000
107734  -52.769  15.201  -19.475 0.0000000000
143669  -52.637  14.613  -19.971 0.0000000000
107747  -51.793  14.789  -19.440 0.0000000000
107745  -49.805  14.749  -18.803 0.0000000000
106937  -50.339  14.623  -19.697 0.0000000000
162919  -49.613  14.590  -19.627 0.0000000000
107774  -49.406  14.062  -20.283 0.0000000000
107758  -49.101  14.589  -19.852 0.0000000000
141761  -47.849  14.775  -18.138 0.0000000000
165511  -47.434  15.064  -18.554 0.0000000000
107772  -48.190  14.570  -20.768 0.0000000000
107771  -47.648  14.958  -20.864 0.0000000000
106949  -47.577  14.332  -20.948 0.0000000000
107770  -47.061  14.755  -21.060 0.0000000000
155192  -46.364  15.579  -21.571 0.0000000000
107769  -46.530  14.993  -21.418 0.0000000000
153052  -45.680  14.745  -21.534 0.0000000000
108563  -45.560  15.095  -22.079 0.0000000000
107558  -39.653  15.327  -3.635 0.0000000000
107562  -39.361  15.396  -4.597 0.0000000000
108392  -40.019  15.824  -4.061 0.0000000000
109126  -41.667  17.211  -4.683 0.0000000000
109124  -40.724  16.697  -5.498 0.0000000000
109129  -41.015  17.087  -6.142 0.0000000000
109849  -41.146  17.297  -6.933 0.0000000000
162508  -41.708  17.597  -6.285 0.0000000000
148156  -44.683  17.758  -4.871 0.0000000000
109826  -43.915  17.906  -5.035 0.0000000000
109839  -44.541  18.156  -5.634 0.0000000000
144638  -44.110  18.444  -8.092 0.0000000000
110661  -43.714  18.392  -7.267 0.0000000000
110676  -43.179  18.326  -7.905 0.0000000000
145587  -42.479  18.111  -7.949 0.0000000000
165591  -42.844  18.257  -9.208 0.0000000000
110704  -42.716  18.206  -9.876 0.0000000000
110705  -43.362  18.465  -9.591 0.0000000000
111495  -44.776  19.310  -11.480 0.0000000000
111479  -43.645  18.788  -11.008 0.0000000000
111505  -43.855  19.042  -12.266 0.0000000000
110736  -43.589  18.697  -12.891 0.0000000000
111514  -44.193  19.207  -13.044 0.0000000000
109833  -51.242  17.181  -4.984 0.0000000000
145163  -49.716  17.302  -5.173 0.0000000000
109844  -50.533  17.302  -5.529 0.0000000000
110697  -49.641  17.892  -8.499 0.0000000000
162646  -49.903  17.735  -7.972 0.0000000000
110696  -48.599  18.040  -8.539 0.0000000000
111454  -48.389  18.774  -9.124 0.0000000000
165652  -50.664  21.030  -12.584 0.0000000000
112192  -50.189  20.117  -11.009 0.0000000000
112959  -50.109  20.810  -12.099 0.0000000000
112957  -48.488  20.953  -12.810 0.0000000000
112203  -48.456  20.767  -12.223 0.0000000000
159358  -47.896  20.474  -12.072 0.0000000000
111498  -47.925  19.992  -10.927 0.0000000000
112189  -47.580  20.161  -11.580 0.0000000000
112188  -46.758  19.922  -11.635 0.0000000000
112202  -47.273  20.306  -12.262 0.0000000000
112226  -46.057  20.354  -14.810 0.0000000000
112219  -46.073  20.269  -14.072 0.0000000000
112218  -45.439  20.043  -14.467 0.0000000000
111524  -44.838  19.658  -14.187 0.0000000000
111532  -44.879  19.760  -14.909 0.0000000000
111538  -44.410  19.426  -15.426 0.0000000000
112235  -45.332  20.136  -15.906 0.0000000000
112249  -45.710  20.514  -17.811 0.0000000000
112248  -45.259  20.150  -17.174 0.0000000000
111549  -45.005  19.750  -17.899 0.0000000000
112253  -45.340  19.354  -18.828 0.0000000000
142579  -48.817  22.389  -18.487 0.0000000000
113910  -48.011  21.963  -18.002 0.0000000000
113919  -47.655  21.776  -18.984 0.0000000000
112261  -46.314  20.335  -19.872 0.0000000000
112266  -46.253  19.788  -20.410 0.0000000000
111559  -45.946  18.976  -19.840 0.0000000000
110790  -46.096  18.229  -20.708 0.0000000000
109976  -46.235  17.472  -20.853 0.0000000000
109989  -45.755  17.398  -23.643 0.0000000000
109982  -46.040  16.761  -23.170 0.0000000000
109269  -44.992  16.269  -22.755 0.0000000000
108562  -44.445  15.249  -21.618 0.0000000000
109275  -44.204  16.881  -22.774 0.0000000000
113938  -46.914  22.608  -21.847 0.0000000000
113071  -44.508  21.564  -22.608 0.0000000000
113947  -45.038  21.945  -21.955 0.0000000000
113059  -42.110  21.535  -20.897 0.0000000000
113069  -42.548  21.590  -21.403 0.0000000000
142000  -51.438  23.916  -15.544 0.0000000000
141997  -50.556  23.879  -16.084 0.0000000000
115441  -48.161  23.732  -15.617 0.0000000000
162190  -48.472  23.834  -16.644 0.0000000000
115450  -47.439  23.594  -16.621 0.0000000000
114704  -46.903  23.298  -17.035 0.0000000000
114693  -46.744  23.378  -16.200 0.0000000000
114674  -45.997  23.591  -13.475 0.0000000000
115418  -46.609  23.684  -13.998 0.0000000000
114681  -46.063  23.451  -14.215 0.0000000000
113885  -45.151  22.514  -15.850 0.0000000000
113884  -44.549  22.030  -16.020 0.0000000000
113897  -45.073  22.333  -16.602 0.0000000000
113896  -44.432  21.834  -16.820 0.0000000000
113895  -43.772  21.410  -17.107 0.0000000000
113016  -41.275  21.017  -16.036 0.0000000000
113015  -40.720  20.823  -16.512 0.0000000000
113023  -40.314  20.348  -16.801 0.0000000000
112233  -39.618  20.399  -16.327 0.0000000000
113001  -38.656  20.932  -15.216 0.0000000000
112986  -38.875  21.102  -14.557 0.0000000000
141692  -42.187  21.364  -12.599 0.0000000000
112971  -41.570  21.097  -13.012 0.0000000000
112970  -40.874  20.940  -12.739 0.0000000000
112953  -39.266  20.883  -12.278 0.0000000000
112969  -39.431  20.906  -13.105 0.0000000000
112968  -37.384  21.492  -14.157 0.0000000000
115360  -43.761  23.627  -8.460 0.0000000000
114632  -43.188  23.192  -8.043 0.0000000000
114637  -42.147  22.365  -8.172 0.0000000000
113802  -41.561  22.060  -8.707 0.0000000000
105121  -39.921  12.612  -6.805 0.0000000000
105991  -40.330  12.991  -7.285 0.0000000000
105990  -39.437  13.304  -7.009 0.0000000000
106785  -38.814  13.923  -6.608 0.0000000000
107578  -39.048  14.823  -6.767 0.0000000000
115323  -50.683  24.145  -4.642 0.0000000000
154754  -52.208  25.616  -5.641 0.0000000000
166074  -54.211  26.901  -6.589 0.0000000000
117519  -53.941  26.844  -5.753 0.0000000000
118115  -54.272  28.080  -5.412 0.0000000000
118772  -54.057  28.847  -5.595 0.0000000000
106141  -51.868  13.324  -19.835 0.0000000000
159364  -38.269  16.455  1.711 0.0000000000
158405  -39.549  15.630  1.831 0.0000000000
102193  -52.042  9.001  -1.746 0.0000000000
168984  -51.125  8.892  -2.301 0.0000000000
101286  -50.214  8.972  -2.748 0.0000000000
101274  -50.627  8.715  -2.102 0.0000000000
101273  -49.751  8.420  -2.186 0.0000000000
100220  -48.273  7.686  -2.227 0.0000000000
150265  -36.433  6.303  -0.033 0.0000000000
99155  -36.333  7.009  0.432 0.0000000000
99145  -36.037  7.136  1.192 0.0000000000
165077  -53.816  12.572  -9.708 0.0000000000
161422  -53.459  12.575  -10.497 0.0000000000
105188  -52.763  12.338  -11.010 0.0000000000
106051  -52.429  12.709  -11.631 0.0000000000
108486  -42.919  15.748  -14.556 0.0000000000
107676  -44.007  14.778  -14.634 0.0000000000
108487  -43.886  15.465  -15.249 0.0000000000
108500  -44.405  15.469  -15.768 0.0000000000
108514  -44.435  15.954  -16.460 0.0000000000
109218  -43.874  16.628  -16.422 0.0000000000
109951  -43.929  17.860  -17.050 0.0000000000
109103  -46.957  16.179  -2.155 0.0000000000
109112  -46.221  16.848  -3.119 0.0000000000
109809  -47.125  17.169  -3.383 0.0000000000
109819  -47.335  17.470  -4.099 0.0000000000
109830  -48.066  17.553  -4.714 0.0000000000
113878  -54.141  22.823  -14.653 0.0000000000
113877  -53.369  22.322  -14.772 0.0000000000
113891  -54.131  22.793  -15.494 0.0000000000
113903  -53.194  22.545  -16.513 0.0000000000
114706  -52.951  22.692  -17.400 0.0000000000
114718  -51.787  22.722  -18.370 0.0000000000
114719  -52.755  22.930  -18.261 0.0000000000
114741  -52.448  23.381  -19.328 0.0000000000
141991  -51.629  23.563  -20.016 0.0000000000
115481  -49.889  23.895  -20.216 0.0000000000
168002  -51.507  23.972  -19.184 0.0000000000
115472  -50.391  24.134  -18.630 0.0000000000
115396  -45.563  23.776  -12.012 0.0000000000
115385  -45.392  23.915  -11.304 0.0000000000
115384  -44.752  23.728  -11.055 0.0000000000
114658  -44.266  23.304  -11.452 0.0000000000
114657  -43.653  22.974  -11.116 0.0000000000
114650  -43.500  23.134  -10.389 0.0000000000
103219  -45.889  10.545  -8.975 0.0000000000
104207  -46.292  10.802  -9.668 0.0000000000
104206  -45.495  10.943  -9.684 0.0000000000
105156  -44.398  11.943  -9.718 0.0000000000
106808  -41.694  14.086  -8.762 0.0000000000
106818  -42.503  13.837  -9.677 0.0000000000
106817  -41.912  14.285  -9.367 0.0000000000
107629  -41.928  14.996  -11.434 0.0000000000
164379  -41.790  15.773  -11.548 0.0000000000
109162  -41.799  16.436  -11.202 0.0000000000
109898  -42.002  17.008  -11.520 0.0000000000
111415  -49.431  19.381  -2.206 0.0000000000
111421  -49.691  19.223  -2.903 0.0000000000
158390  -49.306  19.694  -3.558 0.0000000000
111428  -49.752  19.842  -4.687 0.0000000000
112146  -49.802  20.571  -5.553 0.0000000000
114633  -49.973  23.376  -7.304 0.0000000000
113814  -51.511  22.063  -9.341 0.0000000000
114645  -51.699  22.298  -10.047 0.0000000000
115391  -52.222  23.630  -11.505 0.0000000000
145124  -52.499  23.925  -12.580 0.0000000000
115390  -51.402  23.736  -11.258 0.0000000000
144948  -50.066  23.716  -10.471 0.0000000000
117550  -51.392  26.762  -9.240 0.0000000000
117558  -51.106  26.429  -9.338 0.0000000000
142890  -50.858  26.557  -9.177 0.0000000000
116876  -49.809  25.698  -8.867 0.0000000000
116150  -48.397  25.028  -8.630 0.0000000000
116874  -48.099  25.294  -8.268 0.0000000000
105267  -47.505  12.398  -19.512 0.0000000000
106147  -46.858  13.532  -20.415 0.0000000000
105957  -39.426  12.567  -1.182 0.0000000000
106752  -39.647  13.365  -1.464 0.0000000000
105958  -40.208  12.537  -0.924 0.0000000000
105959  -40.883  12.093  -0.498 0.0000000000
105948  -41.602  12.361  -0.425 0.0000000000
106713  -43.145  13.644  2.845 0.0000000000
105925  -42.981  12.555  1.849 0.0000000000
106731  -43.431  13.168  2.549 0.0000000000
105927  -44.629  12.546  1.644 0.0000000000
105939  -44.830  12.594  0.563 0.0000000000
106749  -45.568  12.947  0.160 0.0000000000
106750  -46.266  12.926  0.772 0.0000000000
106739  -46.491  13.011  1.872 0.0000000000
106735  -47.174  13.462  2.109 0.0000000000
109051  -48.789  16.163  3.422 0.0000000000
109072  -48.943  15.787  3.026 0.0000000000
109052  -49.471  16.244  3.657 0.0000000000
109073  -50.208  16.432  2.871 0.0000000000
143779  -50.455  16.800  2.239 0.0000000000
161972  -50.097  17.677  1.339 0.0000000000
109781  -50.513  17.483  2.158 0.0000000000
110627  -50.590  18.395  2.548 0.0000000000
106799  -56.389  14.656  -7.685 0.0000000000
105993  -55.192  13.082  -7.000 0.0000000000
104144  -53.533  11.309  -4.656 0.0000000000
141753  -53.002  11.301  -6.002 0.0000000000
104152  -52.475  10.925  -5.642 0.0000000000
104160  -52.000  10.815  -6.158 0.0000000000
103195  -50.278  10.555  -7.160 0.0000000000
103178  -49.650  10.401  -6.744 0.0000000000
103177  -48.813  10.277  -6.570 0.0000000000
103161  -48.183  10.157  -6.181 0.0000000000
102221  -46.628  9.209  -4.701 0.0000000000
159340  -46.403  9.536  -5.377 0.0000000000
102235  -45.911  9.201  -4.914 0.0000000000
102234  -45.188  9.213  -5.089 0.0000000000
102245  -43.331  9.628  -5.760 0.0000000000
147097  -42.705  3.972  1.144 0.0000000000
96211  -44.141  4.473  1.536 0.0000000000
97193  -44.515  4.826  0.975 0.0000000000
143190  -45.240  5.124  1.032 0.0000000000
98133  -46.764  5.816  1.138 0.0000000000
98134  -47.625  6.185  1.139 0.0000000000
98143  -46.382  5.860  0.369 0.0000000000
98152  -46.954  6.146  0.036 0.0000000000
99164  -47.295  6.458  -0.553 0.0000000000
99163  -46.678  6.471  -1.220 0.0000000000
165496  -46.106  6.242  -1.124 0.0000000000
99175  -45.310  6.319  -1.727 0.0000000000
98173  -43.834  5.926  -1.932 0.0000000000
102209  -39.666  8.117  -3.680 0.0000000000
102198  -37.995  8.712  -3.508 0.0000000000
102206  -37.527  9.382  -3.536 0.0000000000
103121  -37.291  10.063  -2.868 0.0000000000
103116  -37.209  9.935  -2.008 0.0000000000
166572  -37.368  10.557  -1.338 0.0000000000
103109  -37.528  10.569  -0.443 0.0000000000
109926  -56.146  17.859  -15.897 0.0000000000
109211  -54.594  17.142  -16.078 0.0000000000
109220  -54.290  16.957  -17.075 0.0000000000
105194  -47.807  12.440  -11.765 0.0000000000
105195  -48.553  12.430  -11.782 0.0000000000
106062  -48.161  12.860  -12.267 0.0000000000
106077  -48.512  13.210  -12.826 0.0000000000
106907  -47.668  14.343  -15.376 0.0000000000
106908  -48.519  14.368  -15.229 0.0000000000
107679  -49.262  14.507  -15.337 0.0000000000
107700  -50.533  14.868  -15.872 0.0000000000
107718  -51.261  15.114  -16.451 0.0000000000
107717  -50.463  14.875  -16.739 0.0000000000
162365  -51.198  14.963  -18.361 0.0000000000
168044  -50.151  14.808  -18.309 0.0000000000
108539  -46.015  16.224  -18.386 0.0000000000
108540  -46.787  15.987  -18.965 0.0000000000
108393  -40.623  16.381  -4.155 0.0000000000
164999  -41.104  16.419  -3.564 0.0000000000
109116  -42.081  16.991  -4.103 0.0000000000
109815  -42.437  17.459  -4.636 0.0000000000
110652  -45.322  18.241  -6.145 0.0000000000
110651  -44.383  18.340  -6.582 0.0000000000
110663  -45.256  18.378  -7.141 0.0000000000
110677  -44.972  18.478  -7.935 0.0000000000
145312  -44.063  18.577  -9.241 0.0000000000
110706  -44.725  18.775  -9.579 0.0000000000
111481  -45.140  19.216  -10.743 0.0000000000
141473  -45.581  19.428  -11.349 0.0000000000
110667  -51.625  17.975  -6.440 0.0000000000
110666  -51.098  17.770  -6.910 0.0000000000
110699  -51.120  18.192  -8.132 0.0000000000
111456  -50.528  18.198  -8.894 0.0000000000
111470  -50.155  18.732  -9.559 0.0000000000
112994  -49.599  21.409  -13.741 0.0000000000
112977  -49.818  21.137  -12.889 0.0000000000
112993  -48.685  21.237  -13.936 0.0000000000
112975  -48.210  20.997  -13.405 0.0000000000
112974  -47.476  20.802  -13.569 0.0000000000
112992  -47.909  21.097  -14.150 0.0000000000
113008  -46.737  20.806  -15.120 0.0000000000
112236  -46.010  20.455  -15.577 0.0000000000
113007  -46.513  20.851  -15.927 0.0000000000
113028  -46.693  21.088  -16.553 0.0000000000
164375  -46.755  21.299  -17.785 0.0000000000
113928  -48.135  22.091  -20.625 0.0000000000
113055  -47.345  21.499  -19.917 0.0000000000
113061  -47.256  21.376  -21.424 0.0000000000
111566  -46.459  20.096  -21.513 0.0000000000
141693  -46.011  18.401  -21.775 0.0000000000
165643  -46.002  18.649  -22.765 0.0000000000
110801  -45.775  18.308  -23.442 0.0000000000
109988  -45.086  17.555  -23.660 0.0000000000
109987  -44.209  17.644  -23.092 0.0000000000
110800  -44.654  18.267  -23.550 0.0000000000
110805  -44.407  19.260  -23.217 0.0000000000
114747  -46.173  22.664  -20.321 0.0000000000
113936  -44.246  22.032  -20.870 0.0000000000
113926  -44.567  22.211  -20.035 0.0000000000
113925  -43.510  21.975  -19.952 0.0000000000
115433  -49.740  23.723  -14.606 0.0000000000
141998  -49.609  23.802  -15.727 0.0000000000
165396  -49.090  23.716  -14.662 0.0000000000
162384  -48.334  23.724  -14.864 0.0000000000
115430  -47.467  23.675  -15.061 0.0000000000
114679  -44.816  22.699  -13.668 0.0000000000
113860  -44.957  22.597  -14.547 0.0000000000
162729  -44.374  22.108  -14.749 0.0000000000
113870  -43.998  21.733  -15.358 0.0000000000
113018  -43.234  21.235  -15.797 0.0000000000
145154  -40.688  20.989  -15.655 0.0000000000
113003  -40.351  21.019  -14.819 0.0000000000
168809  -40.143  20.977  -14.137 0.0000000000
112955  -40.751  20.994  -12.131 0.0000000000
142241  -40.390  20.961  -11.767 0.0000000000
112941  -39.813  20.905  -11.674 0.0000000000
142242  -38.587  20.973  -12.052 0.0000000000
112939  -38.254  21.048  -11.292 0.0000000000
104170  -42.720  11.425  -8.003 0.0000000000
104186  -43.194  11.461  -8.457 0.0000000000
105134  -42.261  12.327  -8.024 0.0000000000
106014  -41.923  13.513  -8.502 0.0000000000
106002  -40.795  13.530  -7.747 0.0000000000
106807  -41.202  14.441  -8.517 0.0000000000
107590  -40.770  15.069  -8.391 0.0000000000
108421  -40.874  15.827  -8.640 0.0000000000
109146  -40.984  16.598  -8.684 0.0000000000
113737  -49.015  21.645  -3.428 0.0000000000
113745  -49.402  22.257  -3.763 0.0000000000
113748  -49.259  22.217  -4.574 0.0000000000
169498  -49.739  23.068  -5.470 0.0000000000
155162  -50.682  24.147  -5.390 0.0000000000
116120  -50.762  24.202  -6.138 0.0000000000
115352  -50.235  23.780  -6.777 0.0000000000
116130  -50.964  24.420  -6.887 0.0000000000
116139  -51.121  24.603  -7.502 0.0000000000
116151  -50.829  24.584  -8.186 0.0000000000
116152  -51.708  25.319  -8.338 0.0000000000
116878  -52.825  26.337  -8.893 0.0000000000
117551  -52.780  26.852  -9.173 0.0000000000
117545  -54.494  27.273  -8.183 0.0000000000
118177  -53.888  27.591  -9.029 0.0000000000
118180  -52.646  27.309  -9.013 0.0000000000
149810  -52.568  27.801  -8.657 0.0000000000
118164  -51.787  27.676  -8.401 0.0000000000
118163  -51.016  27.468  -8.049 0.0000000000
105275  -49.256  12.519  -20.408 0.0000000000
106728  -39.730  13.189  2.488 0.0000000000
106729  -40.335  13.076  2.604 0.0000000000
155073  -40.962  13.227  2.753 0.0000000000
107516  -41.286  14.082  2.619 0.0000000000
108349  -40.922  15.044  2.302 0.0000000000
108350  -41.709  14.851  2.393 0.0000000000
107517  -42.050  13.958  2.780 0.0000000000
103138  -51.779  10.222  -4.248 0.0000000000
103137  -51.063  10.024  -4.448 0.0000000000
102239  -49.610  9.959  -4.764 0.0000000000
102225  -49.774  9.645  -4.116 0.0000000000
165370  -49.179  9.669  -4.347 0.0000000000
102224  -48.561  9.478  -4.289 0.0000000000
101297  -48.298  8.920  -3.784 0.0000000000
148992  -46.822  8.771  -4.093 0.0000000000
147081  -45.684  8.419  -4.102 0.0000000000
95149  -42.388  3.287  3.216 0.0000000000
95147  -40.865  3.110  2.819 0.0000000000
95157  -41.397  3.191  2.324 0.0000000000
164520  -41.819  3.337  1.891 0.0000000000
95169  -40.569  3.254  1.348 0.0000000000
96209  -41.906  3.631  1.202 0.0000000000
169010  -42.216  3.954  0.769 0.0000000000
101260  -36.917  8.302  -1.168 0.0000000000
101246  -36.583  8.910  0.599 0.0000000000
102179  -36.292  9.061  0.903 0.0000000000
100190  -36.232  7.726  0.746 0.0000000000
101237  -35.920  8.626  0.939 0.0000000000
102169  -36.135  9.594  1.050 0.0000000000
106849  -45.890  13.716  -12.770 0.0000000000
106861  -46.522  13.752  -13.100 0.0000000000
170842  -45.976  13.889  -13.166 0.0000000000
151730  -46.068  14.039  -13.690 0.0000000000
106877  -46.599  14.105  -14.321 0.0000000000
107677  -44.977  14.623  -14.782 0.0000000000
106893  -46.412  14.344  -15.095 0.0000000000
106906  -46.931  14.377  -15.597 0.0000000000
107696  -47.372  14.440  -16.121 0.0000000000
149373  -47.745  14.517  -16.606 0.0000000000
142565  -47.783  14.617  -17.285 0.0000000000
107713  -47.103  14.616  -16.868 0.0000000000
107728  -46.577  14.994  -17.467 0.0000000000
108529  -46.240  15.548  -18.004 0.0000000000
108528  -45.543  15.841  -17.576 0.0000000000
108388  -43.789  16.008  -2.605 0.0000000000
109109  -43.634  16.442  -3.299 0.0000000000
109110  -44.181  16.465  -2.977 0.0000000000
109817  -44.867  17.312  -4.227 0.0000000000
109827  -45.378  17.794  -4.848 0.0000000000
141444  -46.417  17.507  -4.294 0.0000000000
109828  -46.175  17.827  -4.893 0.0000000000
162207  -45.826  18.100  -5.480 0.0000000000
162500  -46.159  18.183  -6.159 0.0000000000
110679  -46.822  18.228  -7.514 0.0000000000
143722  -47.202  18.273  -8.170 0.0000000000
112194  -52.346  20.516  -10.231 0.0000000000
112182  -51.579  19.831  -10.079 0.0000000000
112946  -52.071  20.563  -11.053 0.0000000000
112978  -51.443  21.176  -12.698 0.0000000000
113876  -52.184  21.983  -14.478 0.0000000000
160851  -51.465  21.803  -14.039 0.0000000000
113862  -50.562  21.731  -14.084 0.0000000000
113874  -50.334  21.909  -15.094 0.0000000000
113887  -49.770  21.937  -15.710 0.0000000000
141777  -49.232  21.964  -16.183 0.0000000000
170138  -48.755  22.007  -16.606 0.0000000000
141264  -49.354  22.184  -16.879 0.0000000000
114716  -49.493  22.477  -17.786 0.0000000000
114728  -49.747  22.685  -18.975 0.0000000000
113921  -49.149  22.600  -19.935 0.0000000000
113929  -48.810  22.592  -21.105 0.0000000000
113939  -48.244  22.652  -21.803 0.0000000000
113073  -47.949  22.371  -22.285 0.0000000000
113081  -46.733  21.723  -22.581 0.0000000000
113950  -47.926  22.579  -22.207 0.0000000000
114748  -47.155  22.908  -20.923 0.0000000000
164782  -49.342  23.877  -20.109 0.0000000000
114736  -47.451  23.187  -20.246 0.0000000000
114735  -46.632  22.914  -19.610 0.0000000000
114726  -45.816  22.661  -19.055 0.0000000000
114713  -45.659  22.673  -18.034 0.0000000000
115398  -47.611  23.875  -12.354 0.0000000000
115409  -47.476  23.805  -13.097 0.0000000000
168195  -46.306  23.774  -12.875 0.0000000000
114673  -45.273  23.255  -13.206 0.0000000000
112973  -43.001  21.487  -13.527 0.0000000000
112972  -42.759  21.522  -12.948 0.0000000000
113849  -42.804  21.757  -12.375 0.0000000000
112944  -42.195  21.653  -11.795 0.0000000000
113835  -43.204  22.468  -11.499 0.0000000000
112943  -41.516  21.461  -11.447 0.0000000000
112931  -41.120  21.478  -10.752 0.0000000000
141229  -40.424  21.251  -10.218 0.0000000000
104212  -50.464  10.971  -9.286 0.0000000000
104227  -50.787  11.258  -10.023 0.0000000000
142527  -49.843  11.159  -9.967 0.0000000000
104226  -48.997  11.249  -10.155 0.0000000000
104236  -47.819  11.488  -10.815 0.0000000000
104223  -46.672  11.146  -10.247 0.0000000000
105169  -47.047  11.452  -10.840 0.0000000000
105182  -47.439  11.922  -11.305 0.0000000000
106048  -46.283  12.682  -11.610 0.0000000000
106060  -45.832  13.260  -12.153 0.0000000000
105145  -43.381  11.803  -8.934 0.0000000000
105155  -43.695  12.202  -9.471 0.0000000000
105165  -44.027  12.584  -10.029 0.0000000000
106034  -43.175  13.553  -9.947 0.0000000000
106035  -43.753  13.246  -10.253 0.0000000000
106036  -44.241  12.914  -10.543 0.0000000000
106046  -44.686  12.958  -11.133 0.0000000000
106059  -44.979  13.392  -11.862 0.0000000000
106848  -45.186  13.803  -12.509 0.0000000000
107652  -43.134  14.323  -13.500 0.0000000000
143429  -42.113  15.092  -12.882 0.0000000000
107651  -42.579  14.940  -13.511 0.0000000000
108473  -42.496  15.680  -13.980 0.0000000000
108485  -42.598  16.219  -14.357 0.0000000000
109199  -42.713  16.936  -14.378 0.0000000000
109917  -42.907  17.690  -13.987 0.0000000000
109804  -49.522  17.157  -2.213 0.0000000000
109811  -49.826  17.218  -2.959 0.0000000000
109812  -50.512  17.364  -3.260 0.0000000000
109813  -50.921  17.246  -3.788 0.0000000000
147653  -51.487  17.637  -4.714 0.0000000000
111425  -50.696  18.453  -3.673 0.0000000000
111430  -51.437  18.577  -4.816 0.0000000000
110654  -51.544  17.650  -5.573 0.0000000000
110684  -51.902  18.660  -6.658 0.0000000000
111447  -52.339  19.265  -7.190 0.0000000000
112168  -52.898  20.379  -8.399 0.0000000000
112872  -49.018  21.017  -4.791 0.0000000000
112876  -49.274  21.114  -5.457 0.0000000000
112877  -49.939  21.029  -6.019 0.0000000000
112888  -51.335  21.066  -6.943 0.0000000000
112901  -52.474  20.654  -7.126 0.0000000000
165322  -52.552  20.387  -9.391 0.0000000000
112932  -52.776  21.015  -9.718 0.0000000000
113844  -52.975  21.628  -11.536 0.0000000000
113845  -53.078  21.918  -12.131 0.0000000000
113827  -52.711  22.445  -11.186 0.0000000000
114667  -53.370  22.780  -12.036 0.0000000000
113855  -53.687  22.551  -13.060 0.0000000000
114682  -54.367  23.477  -14.149 0.0000000000
115436  -54.290  24.417  -14.982 0.0000000000
115443  -53.807  24.292  -16.617 0.0000000000
141995  -52.895  24.115  -17.201 0.0000000000
141999  -52.670  24.190  -16.063 0.0000000000
115434  -52.518  24.198  -14.913 0.0000000000
142003  -51.305  23.881  -14.610 0.0000000000
115413  -51.591  23.963  -12.866 0.0000000000
115422  -51.373  23.917  -13.767 0.0000000000
142004  -50.416  23.766  -14.241 0.0000000000
115368  -49.756  23.794  -9.345 0.0000000000
116882  -49.915  25.266  -8.989 0.0000000000
116162  -49.372  24.340  -9.211 0.0000000000
115389  -48.896  23.894  -11.199 0.0000000000
115399  -48.399  23.868  -11.980 0.0000000000
115388  -47.709  23.996  -11.687 0.0000000000
115376  -46.680  24.374  -10.953 0.0000000000
159971  -47.733  24.578  -9.872 0.0000000000
116170  -47.237  24.561  -10.345 0.0000000000
116168  -45.751  24.614  -9.960 0.0000000000
105974  -37.986  13.120  -4.194 0.0000000000
106772  -38.459  14.185  -4.413 0.0000000000
106766  -38.679  14.192  -3.619 0.0000000000
107557  -39.240  14.739  -3.161 0.0000000000
147479  -39.880  15.210  -2.762 0.0000000000
106761  -39.872  14.157  -1.694 0.0000000000
107550  -40.206  14.862  -2.050 0.0000000000
108375  -40.495  15.425  -2.473 0.0000000000
108376  -41.831  15.493  -2.520 0.0000000000
108377  -42.716  15.407  -2.446 0.0000000000
105949  -42.377  12.482  0.047 0.0000000000
105937  -43.323  12.410  0.893 0.0000000000
105950  -42.947  12.566  0.271 0.0000000000
106755  -42.762  13.692  -1.077 0.0000000000
107543  -43.215  14.328  -1.365 0.0000000000
107554  -43.637  14.952  -1.712 0.0000000000
108378  -43.421  15.457  -2.271 0.0000000000
108379  -44.057  15.554  -2.009 0.0000000000
108380  -44.600  15.735  -2.038 0.0000000000
108381  -45.259  15.567  -1.869 0.0000000000
107546  -46.095  14.640  -0.835 0.0000000000
108382  -46.214  15.746  -1.926 0.0000000000
108383  -46.898  15.736  -1.756 0.0000000000
109096  -47.520  16.076  -1.740 0.0000000000
109097  -48.301  16.407  -1.568 0.0000000000
107501  -46.880  14.019  2.999 0.0000000000
107520  -47.259  13.789  2.736 0.0000000000
107522  -48.128  14.278  1.750 0.0000000000
108336  -48.365  14.972  2.682 0.0000000000
107523  -48.674  14.811  1.496 0.0000000000
107528  -48.185  14.570  0.861 0.0000000000
108365  -48.828  15.639  -0.121 0.0000000000
162884  -48.607  16.082  -0.931 0.0000000000
109098  -49.086  16.638  -1.247 0.0000000000
109099  -49.658  16.932  -0.969 0.0000000000
109798  -49.882  17.501  -1.419 0.0000000000
110637  -49.946  18.281  -1.277 0.0000000000
110631  -49.878  18.333  0.811 0.0000000000
166117  -49.836  18.701  0.103 0.0000000000
111412  -49.694  19.038  -0.986 0.0000000000
111407  -49.136  19.820  -0.677 0.0000000000
112129  -48.985  20.269  -1.205 0.0000000000
112852  -49.274  21.075  -0.595 0.0000000000
112846  -50.456  20.986  0.874 0.0000000000
106810  -55.661  13.767  -8.203 0.0000000000
106026  -54.374  12.944  -9.564 0.0000000000
105158  -52.783  11.842  -9.549 0.0000000000
104214  -52.235  11.447  -9.333 0.0000000000
105125  -54.557  12.502  -6.622 0.0000000000
165744  -54.175  12.268  -7.237 0.0000000000
105116  -53.563  11.726  -6.182 0.0000000000
104162  -53.232  11.583  -6.755 0.0000000000
105135  -53.575  11.940  -7.486 0.0000000000
148346  -52.533  11.419  -8.134 0.0000000000
104193  -51.862  11.209  -8.576 0.0000000000
142323  -51.122  11.045  -8.983 0.0000000000
104211  -49.667  10.867  -9.219 0.0000000000
104190  -49.414  10.684  -8.688 0.0000000000
103208  -47.929  10.522  -8.426 0.0000000000
103207  -47.203  10.477  -8.419 0.0000000000
103206  -46.485  10.433  -8.339 0.0000000000
158425  -45.864  10.401  -8.236 0.0000000000
103204  -44.739  10.536  -8.023 0.0000000000
153075  -48.924  10.149  -5.543 0.0000000000
103160  -47.442  10.105  -6.428 0.0000000000
103159  -46.146  9.814  -6.060 0.0000000000
103176  -46.631  10.076  -6.633 0.0000000000
145542  -45.512  10.246  -7.212 0.0000000000
145970  -44.875  10.327  -7.325 0.0000000000
171028  -43.589  10.627  -7.592 0.0000000000
103188  -43.102  10.690  -7.605 0.0000000000
104159  -42.353  10.917  -7.477 0.0000000000
104158  -41.653  11.365  -7.173 0.0000000000
104157  -41.023  11.678  -6.852 0.0000000000
104148  -39.920  11.237  -6.238 0.0000000000
105109  -38.368  11.768  -5.606 0.0000000000
101247  -51.108  8.049  0.057 0.0000000000
99123  -49.051  6.207  4.339 0.0000000000
99124  -49.640  6.615  4.190 0.0000000000
160767  -49.536  6.731  3.447 0.0000000000
96186  -43.101  3.546  3.399 0.0000000000
96188  -44.250  4.174  2.849 0.0000000000
97175  -45.442  4.791  2.786 0.0000000000
167436  -45.324  4.878  2.213 0.0000000000
142933  -45.898  5.111  2.333 0.0000000000
97176  -46.089  5.049  3.028 0.0000000000
98116  -47.881  5.965  2.951 0.0000000000
99130  -49.071  6.568  3.017 0.0000000000
99131  -50.077  7.090  3.614 0.0000000000
100165  -49.792  7.047  2.721 0.0000000000
100174  -50.538  7.562  2.484 0.0000000000
100173  -50.086  7.337  1.848 0.0000000000
148568  -48.741  6.740  0.739 0.0000000000
99148  -49.682  7.143  1.189 0.0000000000
100182  -50.347  7.510  1.094 0.0000000000
149452  -50.512  7.681  0.327 0.0000000000
100199  -49.983  7.588  -0.227 0.0000000000
100200  -50.573  7.911  -0.421 0.0000000000
101265  -49.641  7.936  -1.467 0.0000000000
99190  -46.783  6.882  -1.912 0.0000000000
100219  -46.871  7.419  -2.562 0.0000000000
100230  -45.876  7.696  -3.308 0.0000000000
100237  -43.981  7.798  -3.851 0.0000000000
98163  -43.411  5.576  -1.411 0.0000000000
98172  -43.055  5.904  -1.993 0.0000000000
99187  -43.516  6.272  -2.533 0.0000000000
99186  -42.718  6.344  -2.518 0.0000000000
99194  -43.187  6.729  -3.031 0.0000000000
100228  -43.596  7.215  -3.497 0.0000000000
100236  -43.248  7.780  -3.800 0.0000000000
101292  -43.639  8.326  -4.198 0.0000000000
104139  -38.677  10.793  -5.568 0.0000000000
105108  -37.967  12.144  -5.140 0.0000000000
155619  -37.780  12.609  -3.575 0.0000000000
152663  -38.157  12.984  -2.801 0.0000000000
105093  -38.313  12.690  -2.027 0.0000000000
104120  -37.718  11.760  -2.002 0.0000000000
105956  -38.790  12.573  -1.384 0.0000000000
105065  -39.862  11.685  1.474 0.0000000000
102190  -37.029  9.193  -0.494 0.0000000000
103108  -37.258  9.951  0.146 0.0000000000
104103  -38.556  11.124  1.501 0.0000000000
105064  -39.320  11.852  1.834 0.0000000000
105921  -39.534  12.409  2.169 0.0000000000
106727  -39.044  13.319  2.588 0.0000000000
149224  -38.355  14.120  2.176 0.0000000000
161146  -37.947  15.043  1.663 0.0000000000
107512  -37.366  14.470  1.848 0.0000000000
108345  -36.875  15.449  1.481 0.0000000000
108346  -37.654  15.973  1.595 0.0000000000
108520  -56.809  16.926  -17.818 0.0000000000
109936  -56.237  17.998  -17.090 0.0000000000
109235  -56.613  17.838  -18.295 0.0000000000
108534  -56.457  17.359  -18.441 0.0000000000
108544  -55.758  16.907  -18.933 0.0000000000
165430  -54.969  16.383  -19.199 0.0000000000
107762  -54.143  15.446  -19.756 0.0000000000
105171  -50.901  11.658  -10.840 0.0000000000
154608  -51.301  12.132  -11.343 0.0000000000
106050  -51.651  12.630  -11.772 0.0000000000
105196  -49.295  12.450  -11.795 0.0000000000
106066  -51.229  13.155  -12.247 0.0000000000
106067  -52.046  13.218  -12.158 0.0000000000
106862  -47.354  13.713  -13.333 0.0000000000
106863  -48.136  13.596  -13.339 0.0000000000
106864  -48.855  13.602  -13.370 0.0000000000
147923  -48.771  14.170  -14.529 0.0000000000
164862  -51.238  14.458  -13.847 0.0000000000
107666  -51.830  14.860  -14.183 0.0000000000
108502  -52.836  15.834  -15.481 0.0000000000
108503  -53.424  16.284  -16.141 0.0000000000
108518  -53.435  16.280  -17.174 0.0000000000
108516  -52.077  15.501  -16.469 0.0000000000
108517  -52.734  15.779  -17.286 0.0000000000
108532  -53.549  16.106  -18.385 0.0000000000
170381  -54.130  15.922  -19.399 0.0000000000
108555  -53.632  15.427  -19.793 0.0000000000
161570  -53.792  15.184  -19.925 0.0000000000
106940  -52.826  14.366  -20.129 0.0000000000
163313  -52.162  14.023  -19.998 0.0000000000
106939  -51.424  13.917  -20.093 0.0000000000
107759  -51.176  14.472  -19.880 0.0000000000
106938  -50.656  14.122  -20.171 0.0000000000
106152  -50.753  13.479  -20.364 0.0000000000
106952  -50.083  13.718  -20.435 0.0000000000
142698  -49.383  13.263  -20.594 0.0000000000
106150  -48.690  13.145  -20.740 0.0000000000
107730  -48.432  14.629  -17.686 0.0000000000
107743  -48.460  14.714  -18.626 0.0000000000
107757  -48.542  14.816  -19.772 0.0000000000
107773  -48.801  14.383  -20.512 0.0000000000
164963  -48.494  14.151  -20.818 0.0000000000
106148  -47.523  13.525  -20.750 0.0000000000
148993  -46.461  14.281  -21.185 0.0000000000
155749  -38.718  14.706  -4.851 0.0000000000
107567  -38.882  15.128  -5.457 0.0000000000
108401  -39.652  15.991  -6.227 0.0000000000
162511  -40.482  16.460  -4.940 0.0000000000
148944  -40.085  16.273  -5.519 0.0000000000
109132  -39.919  16.224  -6.941 0.0000000000
109133  -40.565  16.763  -6.910 0.0000000000
109862  -40.786  16.996  -7.476 0.0000000000
109873  -41.252  17.258  -8.527 0.0000000000
109118  -43.652  16.882  -3.895 0.0000000000
109816  -43.357  17.418  -4.526 0.0000000000
153871  -42.917  18.017  -5.316 0.0000000000
109837  -42.980  18.276  -6.209 0.0000000000
109850  -42.349  18.089  -6.732 0.0000000000
152612  -42.069  17.899  -7.532 0.0000000000
109874  -41.920  17.755  -8.371 0.0000000000
167399  -41.666  17.479  -8.998 0.0000000000
109890  -42.212  17.640  -10.197 0.0000000000
109899  -42.352  17.578  -11.032 0.0000000000
110722  -42.772  18.066  -11.325 0.0000000000
110715  -43.230  18.491  -10.361 0.0000000000
110723  -43.236  18.477  -11.531 0.0000000000
110728  -42.899  18.092  -12.023 0.0000000000
110735  -43.067  18.156  -12.738 0.0000000000
110743  -43.239  18.230  -13.465 0.0000000000
110749  -43.363  18.294  -14.210 0.0000000000
109821  -49.421  17.236  -3.633 0.0000000000
109842  -48.714  17.517  -5.335 0.0000000000
109853  -50.350  17.582  -6.923 0.0000000000
109852  -49.289  17.607  -6.838 0.0000000000
110665  -48.206  17.810  -7.142 0.0000000000
110681  -48.252  17.862  -7.918 0.0000000000
168348  -47.872  18.058  -8.221 0.0000000000
112181  -50.512  19.687  -10.441 0.0000000000
111486  -49.815  19.350  -10.050 0.0000000000
112204  -49.167  20.720  -11.815 0.0000000000
112191  -49.276  20.305  -11.209 0.0000000000
111485  -48.895  19.579  -10.176 0.0000000000
111468  -48.124  19.370  -9.767 0.0000000000
152763  -47.226  19.356  -9.827 0.0000000000
170921  -46.584  19.308  -9.955 0.0000000000
152817  -46.625  19.630  -10.980 0.0000000000
111496  -46.216  19.580  -11.289 0.0000000000
112211  -46.219  20.213  -13.290 0.0000000000
112200  -45.597  19.889  -12.757 0.0000000000
169717  -45.164  19.727  -13.169 0.0000000000
111515  -44.771  19.565  -13.471 0.0000000000
111530  -43.800  18.870  -14.449 0.0000000000
110755  -43.643  18.372  -15.678 0.0000000000
110756  -44.008  19.004  -16.054 0.0000000000
110763  -44.092  18.653  -16.859 0.0000000000
112241  -45.146  20.066  -16.537 0.0000000000
109965  -45.378  17.872  -19.045 0.0000000000
167536  -48.081  21.916  -17.258 0.0000000000
113909  -47.269  21.625  -17.874 0.0000000000
149187  -46.371  21.023  -18.200 0.0000000000
113054  -46.793  20.975  -20.041 0.0000000000
162130  -46.664  21.099  -19.054 0.0000000000
112254  -46.115  20.569  -18.957 0.0000000000
109975  -46.054  16.462  -22.144 0.0000000000
113079  -45.320  21.367  -23.068 0.0000000000
113078  -44.310  21.284  -22.558 0.0000000000
113946  -43.703  21.711  -21.737 0.0000000000
112272  -42.648  20.999  -21.388 0.0000000000
141993  -50.825  24.061  -17.073 0.0000000000
115461  -50.037  24.067  -17.553 0.0000000000
115460  -48.981  23.915  -17.084 0.0000000000
165047  -48.539  23.895  -17.691 0.0000000000
114714  -46.362  23.005  -17.615 0.0000000000
150622  -47.142  23.693  -14.395 0.0000000000
115439  -46.890  23.515  -15.498 0.0000000000
114686  -45.750  23.098  -14.848 0.0000000000
114692  -46.297  23.247  -15.510 0.0000000000
146527  -46.113  23.078  -16.086 0.0000000000
151637  -45.620  22.729  -17.130 0.0000000000
113908  -44.950  22.188  -17.524 0.0000000000
113037  -42.038  21.106  -18.277 0.0000000000
113027  -43.140  21.176  -16.683 0.0000000000
113026  -42.187  21.108  -17.210 0.0000000000
113036  -41.425  20.714  -17.808 0.0000000000
113034  -40.811  20.199  -17.290 0.0000000000
113014  -38.916  20.512  -15.902 0.0000000000
112231  -38.601  20.258  -15.886 0.0000000000
152934  -41.034  20.927  -13.385 0.0000000000
144567  -39.553  20.999  -13.926 0.0000000000
112951  -36.742  21.738  -12.690 0.0000000000
118149  -50.874  27.779  -7.197 0.0000000000
150703  -47.468  25.274  -8.097 0.0000000000
116873  -46.694  25.149  -8.227 0.0000000000
116147  -46.135  25.014  -8.707 0.0000000000
116157  -45.542  24.772  -9.252 0.0000000000
116156  -44.864  24.500  -9.074 0.0000000000
116136  -44.718  24.482  -7.812 0.0000000000
116145  -44.683  24.419  -8.466 0.0000000000
115366  -44.471  24.034  -9.543 0.0000000000
115365  -43.878  23.622  -9.238 0.0000000000
114643  -43.375  23.217  -9.664 0.0000000000
114642  -42.776  22.829  -9.330 0.0000000000
114638  -42.704  22.798  -8.517 0.0000000000
113813  -42.271  22.384  -9.755 0.0000000000
113812  -41.639  22.009  -9.450 0.0000000000
113823  -41.047  21.637  -9.875 0.0000000000
95148  -41.625  3.167  3.065 0.0000000000
95170  -41.259  3.278  1.605 0.0000000000
95171  -42.443  3.571  1.853 0.0000000000
96177  -44.455  4.129  3.657 0.0000000000
96189  -44.941  4.441  3.185 0.0000000000
96198  -44.371  4.406  2.147 0.0000000000
96210  -43.473  4.211  1.361 0.0000000000
97183  -44.857  4.779  1.736 0.0000000000
97192  -43.842  4.576  0.863 0.0000000000
97194  -45.978  5.507  1.076 0.0000000000
98115  -47.263  5.745  2.701 0.0000000000
98150  -44.544  5.635  -0.997 0.0000000000
98151  -46.435  6.112  -0.513 0.0000000000
98162  -42.622  5.504  -1.488 0.0000000000
98164  -44.595  6.038  -1.694 0.0000000000
98165  -45.668  6.195  -1.315 0.0000000000
99138  -47.768  6.035  2.253 0.0000000000
99157  -48.187  6.561  0.545 0.0000000000
99161  -36.526  6.846  -0.417 0.0000000000
99189  -45.477  6.757  -2.271 0.0000000000
100184  -51.468  8.184  1.802 0.0000000000
100191  -49.247  7.006  0.612 0.0000000000
100208  -48.087  7.188  -1.500 0.0000000000
100210  -50.094  7.903  -0.924 0.0000000000
100232  -47.305  7.877  -2.998 0.0000000000
100238  -44.738  7.917  -3.755 0.0000000000
101252  -36.493  8.212  0.245 0.0000000000
101255  -51.715  8.397  -0.207 0.0000000000
101272  -48.964  8.189  -2.588 0.0000000000
101294  -45.465  8.008  -3.742 0.0000000000
101305  -45.461  8.785  -4.532 0.0000000000
102212  -51.394  9.486  -3.047 0.0000000000
102216  -37.876  9.523  -4.112 0.0000000000
102217  -38.732  9.224  -4.241 0.0000000000
102223  -47.947  9.224  -4.240 0.0000000000
102240  -50.326  9.973  -4.604 0.0000000000
102249  -46.913  9.839  -5.883 0.0000000000
103133  -37.770  10.172  -4.287 0.0000000000
103147  -49.446  10.147  -5.409 0.0000000000
103166  -51.986  10.607  -5.489 0.0000000000
103179  -50.459  10.506  -6.547 0.0000000000
103189  -44.113  10.540  -7.567 0.0000000000
103192  -47.602  10.396  -7.782 0.0000000000
103194  -49.808  10.520  -7.468 0.0000000000
103210  -49.593  10.590  -8.087 0.0000000000
103220  -46.749  10.575  -9.028 0.0000000000
104125  -37.464  10.871  -3.851 0.0000000000
104138  -37.955  11.302  -4.977 0.0000000000
104143  -52.969  10.902  -4.404 0.0000000000
104154  -54.307  12.030  -5.261 0.0000000000
104161  -52.524  11.182  -6.672 0.0000000000
104171  -43.490  10.938  -8.033 0.0000000000
104174  -51.403  10.921  -7.777 0.0000000000
104192  -50.661  10.874  -8.629 0.0000000000
104194  -53.124  11.782  -8.173 0.0000000000
104205  -44.801  11.236  -9.396 0.0000000000
104208  -47.091  10.870  -9.637 0.0000000000
104210  -48.960  10.789  -9.103 0.0000000000
104213  -51.537  11.279  -9.551 0.0000000000
104225  -48.211  11.238  -10.201 0.0000000000
104237  -48.614  11.567  -10.755 0.0000000000
105104  -37.703  12.264  -4.524 0.0000000000
105106  -55.001  12.421  -4.361 0.0000000000
105113  -38.702  12.398  -6.147 0.0000000000
105114  -39.505  12.123  -6.430 0.0000000000
105115  -40.317  11.909  -6.617 0.0000000000
105148  -54.123  12.423  -8.560 0.0000000000
105157  -45.076  11.609  -9.950 0.0000000000
105173  -52.814  12.057  -10.298 0.0000000000
105184  -48.954  12.001  -11.285 0.0000000000
105186  -50.660  12.122  -11.387 0.0000000000
105187  -52.042  12.188  -11.255 0.0000000000
105198  -50.888  12.565  -11.828 0.0000000000
105938  -44.069  12.435  0.770 0.0000000000
105979  -37.908  12.795  -4.897 0.0000000000
106005  -55.171  13.155  -7.818 0.0000000000
106064  -49.666  12.911  -12.277 0.0000000000
106715  -44.662  13.477  2.859 0.0000000000
106733  -45.085  13.006  2.559 0.0000000000
106746  -42.233  13.102  -0.769 0.0000000000
106754  -40.878  13.006  -1.013 0.0000000000
106756  -43.432  13.673  -0.907 0.0000000000
106771  -38.264  13.713  -4.069 0.0000000000
106778  -38.280  14.090  -5.201 0.0000000000
106782  -38.381  14.019  -5.898 0.0000000000
106797  -41.382  13.825  -8.247 0.0000000000
106828  -42.719  13.971  -10.368 0.0000000000
106839  -43.622  13.816  -11.334 0.0000000000
106846  -43.834  13.887  -11.964 0.0000000000
106860  -45.381  14.030  -13.193 0.0000000000
106875  -44.785  14.227  -13.540 0.0000000000
106881  -50.638  14.269  -13.913 0.0000000000
106929  -54.020  14.937  -19.671 0.0000000000
106941  -53.449  14.666  -19.909 0.0000000000
107502  -47.756  14.235  2.870 0.0000000000
107513  -38.704  14.746  1.812 0.0000000000
107521  -47.730  13.943  2.346 0.0000000000
107526  -46.963  13.433  0.818 0.0000000000
107527  -47.602  13.973  1.248 0.0000000000
107542  -42.530  14.294  -1.534 0.0000000000
107555  -44.618  15.232  -1.710 0.0000000000
107579  -39.497  14.981  -7.405 0.0000000000
107675  -43.403  15.383  -14.777 0.0000000000
107748  -54.582  15.488  -19.310 0.0000000000
107749  -55.303  16.021  -18.819 0.0000000000
108322  -49.578  16.047  3.166 0.0000000000
108338  -49.753  16.031  2.557 0.0000000000
108357  -48.675  15.038  0.558 0.0000000000
108370  -45.865  15.222  -1.524 0.0000000000
108371  -46.527  15.309  -1.413 0.0000000000
108397  -40.010  16.026  -4.763 0.0000000000
108400  -39.074  15.389  -6.187 0.0000000000
108443  -41.752  15.753  -10.898 0.0000000000
108533  -55.993  16.490  -18.243 0.0000000000
108543  -54.375  15.863  -19.429 0.0000000000
108556  -54.049  15.561  -19.767 0.0000000000
109054  -50.534  16.650  3.465 0.0000000000
109071  -48.309  15.563  3.003 0.0000000000
109076  -39.035  16.418  1.826 0.0000000000
109084  -50.083  16.392  2.054 0.0000000000
109101  -45.478  16.451  -2.656 0.0000000000
109113  -47.033  16.714  -2.725 0.0000000000
109115  -41.377  16.780  -4.095 0.0000000000
109120  -44.902  16.950  -3.568 0.0000000000
109130  -41.297  17.204  -5.332 0.0000000000
109140  -40.318  16.443  -7.650 0.0000000000
109152  -41.609  16.618  -9.835 0.0000000000
109168  -42.087  16.893  -12.337 0.0000000000
109212  -55.377  17.581  -16.242 0.0000000000
109213  -57.923  17.712  -16.653 0.0000000000
109222  -57.074  17.811  -18.038 0.0000000000
109234  -55.832  17.494  -18.586 0.0000000000
109788  -50.206  16.913  1.472 0.0000000000
109797  -49.571  17.096  -1.648 0.0000000000
109803  -48.799  17.120  -2.500 0.0000000000
109818  -45.745  17.209  -3.723 0.0000000000
109823  -51.194  17.058  -4.217 0.0000000000
109831  -49.357  17.297  -4.444 0.0000000000
109832  -50.651  17.079  -4.600 0.0000000000
109841  -47.412  17.920  -6.170 0.0000000000
109854  -51.008  17.529  -6.187 0.0000000000
109864  -49.831  17.646  -7.456 0.0000000000
109872  -40.793  16.905  -8.080 0.0000000000
109925  -43.079  17.662  -14.716 0.0000000000
109947  -56.994  18.014  -18.044 0.0000000000
109953  -56.428  17.803  -18.370 0.0000000000
109993  -45.394  18.150  -23.763 0.0000000000
110633  -49.863  18.545  -0.596 0.0000000000
110644  -50.784  17.577  -3.380 0.0000000000
110648  -51.702  18.354  -5.372 0.0000000000
110650  -43.569  18.344  -6.579 0.0000000000
110660  -43.068  18.317  -6.926 0.0000000000
110664  -45.861  18.304  -6.733 0.0000000000
110668  -51.775  18.449  -6.046 0.0000000000
110682  -50.635  17.769  -7.616 0.0000000000
110683  -51.576  18.305  -7.268 0.0000000000
110691  -42.643  18.168  -8.573 0.0000000000
110694  -45.536  18.628  -8.435 0.0000000000
110707  -45.424  18.850  -9.192 0.0000000000
110709  -46.919  18.690  -8.728 0.0000000000
110716  -43.986  18.790  -10.120 0.0000000000
110806  -45.041  18.791  -23.709 0.0000000000
111404  -49.587  19.417  0.683 0.0000000000
111411  -49.253  19.561  -1.454 0.0000000000
111422  -50.108  18.504  -2.389 0.0000000000
111426  -51.166  18.408  -4.246 0.0000000000
111455  -49.394  18.328  -9.114 0.0000000000
111458  -52.548  19.488  -8.013 0.0000000000
111464  -44.703  19.011  -10.250 0.0000000000
111467  -46.730  19.095  -9.352 0.0000000000
111471  -51.192  18.815  -9.330 0.0000000000
111483  -46.872  19.525  -10.444 0.0000000000
111484  -47.576  19.682  -10.367 0.0000000000
111494  -44.064  19.145  -11.589 0.0000000000
111506  -44.469  19.315  -12.224 0.0000000000
111507  -45.978  19.742  -11.924 0.0000000000
111523  -44.263  19.242  -13.927 0.0000000000
111537  -43.875  18.938  -15.220 0.0000000000
111539  -44.917  19.856  -15.506 0.0000000000
111542  -39.711  19.787  -16.590 0.0000000000
111586  -45.402  19.920  -23.423 0.0000000000
112124  -49.487  20.355  0.759 0.0000000000
112126  -49.043  20.523  -0.497 0.0000000000
112138  -49.041  20.058  -2.836 0.0000000000
112144  -49.389  20.459  -5.042 0.0000000000
112148  -51.833  19.730  -6.130 0.0000000000
112155  -50.825  20.840  -6.403 0.0000000000
112157  -52.414  19.986  -6.773 0.0000000000
112180  -49.537  19.822  -10.615 0.0000000000
112190  -48.405  20.383  -11.514 0.0000000000
112193  -51.293  20.107  -10.750 0.0000000000
112212  -47.027  20.441  -13.022 0.0000000000
112227  -46.552  20.560  -14.421 0.0000000000
112234  -44.638  19.692  -16.145 0.0000000000
112246  -40.577  19.966  -17.125 0.0000000000
112282  -45.037  20.790  -23.000 0.0000000000
112283  -46.503  21.534  -22.912 0.0000000000
112845  -49.773  20.891  0.580 0.0000000000
112871  -48.882  21.071  -3.998 0.0000000000
112958  -49.135  20.955  -12.500 0.0000000000
112960  -51.486  20.802  -11.931 0.0000000000
112979  -52.389  21.233  -12.081 0.0000000000
112987  -40.793  20.948  -14.016 0.0000000000
112991  -47.169  20.854  -14.332 0.0000000000
113005  -42.028  21.074  -14.645 0.0000000000
113035  -41.179  20.322  -17.625 0.0000000000
113039  -46.372  20.999  -17.326 0.0000000000
113060  -42.517  21.584  -21.507 0.0000000000
113744  -49.030  21.752  -4.070 0.0000000000
113804  -51.362  21.930  -8.736 0.0000000000
113826  -52.610  21.866  -10.584 0.0000000000
113837  -53.093  22.261  -11.572 0.0000000000
113846  -53.482  22.432  -12.471 0.0000000000
113865  -53.926  22.654  -13.880 0.0000000000
113872  -45.249  22.688  -15.235 0.0000000000
113873  -49.065  21.639  -14.937 0.0000000000
113875  -51.213  21.931  -14.721 0.0000000000
113890  -53.477  22.499  -15.750 0.0000000000
113898  -47.615  21.703  -17.095 0.0000000000
113899  -48.199  21.872  -16.741 0.0000000000
113906  -43.636  21.633  -17.930 0.0000000000
113924  -42.325  21.712  -20.666 0.0000000000
113949  -47.530  22.178  -22.327 0.0000000000
113955  -45.788  21.714  -22.895 0.0000000000
114590  -49.719  22.963  -4.834 0.0000000000
114611  -49.659  22.724  -6.031 0.0000000000
114668  -53.718  23.157  -12.558 0.0000000000
114676  -54.199  24.082  -13.837 0.0000000000
114683  -54.426  24.198  -14.586 0.0000000000
114687  -54.524  23.513  -15.090 0.0000000000
114688  -54.573  24.135  -15.601 0.0000000000
114694  -54.104  22.914  -16.440 0.0000000000
114707  -53.924  23.079  -17.303 0.0000000000
114709  -54.365  23.729  -17.026 0.0000000000
114715  -47.146  23.348  -17.887 0.0000000000
114721  -53.593  23.392  -18.223 0.0000000000
114727  -46.345  22.920  -18.513 0.0000000000
114731  -52.455  23.175  -19.124 0.0000000000
114739  -51.346  23.408  -20.425 0.0000000000
114740  -52.004  23.359  -19.841 0.0000000000
114750  -48.915  23.214  -21.607 0.0000000000
114752  -50.652  23.337  -21.338 0.0000000000
114759  -49.363  23.412  -21.737 0.0000000000
114760  -49.858  23.385  -21.847 0.0000000000
114761  -50.339  23.449  -21.618 0.0000000000
115345  -50.037  23.572  -5.949 0.0000000000
115381  -51.737  23.467  -10.919 0.0000000000
115400  -49.202  23.824  -11.828 0.0000000000
115402  -53.351  23.525  -12.345 0.0000000000
115403  -53.690  23.753  -12.850 0.0000000000
115415  -53.929  24.090  -13.352 0.0000000000
115419  -47.306  23.752  -13.790 0.0000000000
115435  -53.725  24.540  -15.387 0.0000000000
115444  -54.366  24.293  -16.060 0.0000000000
115451  -48.061  23.748  -16.327 0.0000000000
115452  -48.828  23.820  -16.184 0.0000000000
115458  -47.477  23.569  -17.260 0.0000000000
115464  -53.505  23.442  -18.292 0.0000000000
115469  -47.716  23.601  -18.683 0.0000000000
115473  -50.788  23.976  -19.751 0.0000000000
115479  -48.264  23.681  -19.595 0.0000000000
115486  -48.879  23.614  -20.707 0.0000000000
115488  -50.382  23.830  -20.996 0.0000000000
116105  -51.230  24.791  -5.014 0.0000000000
116106  -51.946  25.645  -5.123 0.0000000000
116140  -51.572  24.982  -7.764 0.0000000000
116153  -52.564  25.759  -8.355 0.0000000000
116851  -53.557  26.277  -6.508 0.0000000000
116860  -52.950  25.647  -7.685 0.0000000000
116877  -51.914  25.950  -8.930 0.0000000000
116885  -52.140  26.496  -9.163 0.0000000000
117520  -54.455  27.622  -6.177 0.0000000000
117535  -54.187  26.660  -7.432 0.0000000000
117552  -53.648  26.800  -9.002 0.0000000000
117553  -54.194  27.199  -8.814 0.0000000000
117557  -50.473  26.068  -9.204 0.0000000000
118150  -54.566  28.289  -7.065 0.0000000000
118162  -50.278  27.140  -7.669 0.0000000000
118175  -51.915  27.183  -8.996 0.0000000000
118176  -53.307  27.814  -8.851 0.0000000000
118178  -54.331  27.873  -8.692 0.0000000000
118181  -53.327  27.295  -9.050 0.0000000000
118773  -54.351  28.601  -6.227 0.0000000000
118810  -51.650  28.114  -7.552 0.0000000000
118811  -52.413  28.295  -7.992 0.0000000000
118814  -54.155  28.375  -8.313 0.0000000000
118827  -53.151  28.322  -8.372 0.0000000000
140389  -54.291  23.940  -16.957 0.0000000000
141825  -47.286  18.026  -6.883 0.0000000000
142002  -49.503  23.737  -15.087 0.0000000000
142220  -52.838  23.478  -18.855 0.0000000000
142224  -52.015  23.287  -19.775 0.0000000000
143065  -50.094  17.499  -6.294 0.0000000000
143158  -38.768  11.592  1.949 0.0000000000
144067  -49.952  22.898  -20.986 0.0000000000
144543  -52.807  20.703  -7.765 0.0000000000
145109  -50.967  23.589  -20.659 0.0000000000
145617  -48.939  21.557  -4.547 0.0000000000
145745  -41.812  17.083  -10.203 0.0000000000
146030  -44.844  5.179  0.325 0.0000000000
146461  -49.928  17.919  -0.864 0.0000000000
146594  -45.630  17.504  -4.335 0.0000000000
147830  -47.572  7.608  -2.524 0.0000000000
148157  -44.157  17.312  -4.335 0.0000000000
148348  -46.490  18.215  -6.827 0.0000000000
148589  -48.913  20.789  -1.648 0.0000000000
149024  -42.361  18.004  -5.940 0.0000000000
149315  -47.735  18.451  -8.659 0.0000000000
149509  -47.066  6.056  0.591 0.0000000000
149632  -45.693  22.912  -15.645 0.0000000000
149760  -47.873  5.838  3.635 0.0000000000
149772  -42.139  15.558  -13.392 0.0000000000
149942  -36.144  6.389  0.710 0.0000000000
150297  -48.773  6.610  1.825 0.0000000000
150419  -49.847  17.363  -0.746 0.0000000000
151840  -47.870  17.358  -3.549 0.0000000000
153728  -49.043  6.365  3.731 0.0000000000
155483  -44.476  16.679  -3.265 0.0000000000
156412  -50.936  8.451  -1.385 0.0000000000
157683  -43.088  18.415  -10.970 0.0000000000
157887  -42.977  13.051  -0.438 0.0000000000
158889  -48.221  19.752  -10.387 0.0000000000
159478  -50.114  23.325  -21.730 0.0000000000
160864  -42.573  17.138  -13.761 0.0000000000
161423  -41.874  21.062  -15.931 0.0000000000
161477  -43.323  16.624  -3.680 0.0000000000
161670  -50.842  16.961  3.703 0.0000000000
161686  -44.886  19.542  -12.800 0.0000000000
161859  -36.631  7.261  -0.829 0.0000000000
162024  -45.583  16.062  -2.172 0.0000000000
162625  -48.321  17.693  -6.218 0.0000000000
163006  -48.649  7.523  -1.553 0.0000000000
163065  -49.576  21.813  -15.158 0.0000000000
163161  -49.014  20.820  -1.037 0.0000000000
163416  -54.084  12.565  -9.148 0.0000000000
163989  -46.783  14.491  -16.232 0.0000000000
165227  -43.636  18.852  -11.702 0.0000000000
165498  -42.675  13.975  2.799 0.0000000000
165683  -40.513  21.460  -8.870 0.0000000000
166138  -38.467  14.572  -5.514 0.0000000000
166934  -48.708  10.199  -5.951 0.0000000000
167265  -41.484  17.398  -5.792 0.0000000000
167595  -42.429  16.723  -3.781 0.0000000000
167683  -53.368  24.477  -14.678 0.0000000000
167775  -43.161  18.332  -7.370 0.0000000000
167924  -41.718  17.658  -7.042 0.0000000000
168089  -47.344  21.427  -20.787 0.0000000000
168328  -43.321  3.856  2.346 0.0000000000
168357  -50.643  18.913  -4.129 0.0000000000
168539  -44.112  18.493  -8.697 0.0000000000
168625  -41.055  15.616  -2.644 0.0000000000
168742  -38.945  13.309  -6.610 0.0000000000
169086  -47.933  15.966  -1.225 0.0000000000
169528  -49.990  19.083  -3.436 0.0000000000
170148  -50.601  23.753  -11.035 0.0000000000
170649  -43.548  17.943  -15.971 0.0000000000
170805  -48.695  15.004  2.234 0.0000000000
170819  -46.212  7.451  -2.877 0.0000000000
171036  -44.279  20.826  -22.649 0.0000000000
171341  -50.106  23.722  -21.485 0.0000000000
