#!ascii label  , from subject sub-v2s2x29069_ses-1 vox2ras=TkReg
2230
74739  54.474  -21.787  9.954 0.0000000000
60428  44.809  -32.770  20.256 0.0000000000
56535  28.773  -34.789  25.044 0.0000000000
62891  22.758  -30.608  30.084 0.0000000000
55174  39.230  -36.379  28.289 0.0000000000
57933  34.285  -34.499  17.118 0.0000000000
152889  57.021  -24.913  13.062 0.0000000000
80356  56.919  -17.426  4.044 0.0000000000
76765  52.061  -19.673  17.890 0.0000000000
70293  45.276  -25.411  14.396 0.0000000000
66780  37.531  -28.773  9.891 0.0000000000
57736  31.589  -34.488  31.079 0.0000000000
59085  24.970  -33.498  27.739 0.0000000000
60252  28.118  -32.419  34.496 0.0000000000
55216  34.416  -36.035  26.671 0.0000000000
78921  54.926  -18.418  18.953 0.0000000000
61660  46.508  -31.870  26.679 0.0000000000
65408  48.287  -29.309  23.249 0.0000000000
152533  49.379  -25.653  19.629 0.0000000000
66675  44.742  -28.493  18.314 0.0000000000
69196  41.391  -27.082  11.972 0.0000000000
63140  40.810  -30.783  15.236 0.0000000000
171439  27.806  -33.178  14.721 0.0000000000
61919  30.765  -31.839  11.217 0.0000000000
78000  52.291  -19.441  6.567 0.0000000000
78062  51.975  -19.970  1.738 0.0000000000
61797  25.347  -32.146  18.159 0.0000000000
148953  21.605  -32.091  20.582 0.0000000000
56551  42.640  -35.719  24.193 0.0000000000
178138  39.574  -33.916  19.249 0.0000000000
55270  37.733  -36.541  22.808 0.0000000000
56598  31.414  -34.620  20.877 0.0000000000
73688  58.238  -23.610  13.621 0.0000000000
64029  24.871  -29.982  37.737 0.0000000000
61551  19.463  -32.065  33.544 0.0000000000
81467  54.373  -16.619  9.123 0.0000000000
77933  54.810  -18.994  13.311 0.0000000000
167149  56.479  -21.936  16.047 0.0000000000
73642  54.294  -22.425  15.541 0.0000000000
151020  51.344  -21.790  12.962 0.0000000000
76732  48.914  -20.431  22.086 0.0000000000
74644  48.036  -22.639  16.092 0.0000000000
72582  46.991  -23.863  10.556 0.0000000000
176623  43.277  -25.100  7.645 0.0000000000
61879  35.996  -31.693  13.100 0.0000000000
59013  32.733  -33.798  34.256 0.0000000000
59029  29.326  -33.484  32.578 0.0000000000
60240  30.479  -32.757  35.797 0.0000000000
56427  33.591  -34.915  31.526 0.0000000000
60376  46.074  -32.734  24.184 0.0000000000
64234  46.696  -30.820  22.115 0.0000000000
65435  46.985  -28.956  20.631 0.0000000000
64276  45.022  -30.333  19.246 0.0000000000
65457  43.075  -29.650  16.939 0.0000000000
61794  42.812  -31.880  18.312 0.0000000000
60575  24.978  -32.960  13.028 0.0000000000
59333  26.178  -34.233  11.580 0.0000000000
74757  52.585  -21.268  8.931 0.0000000000
74843  52.236  -22.418  6.248 0.0000000000
73765  55.025  -23.101  8.235 0.0000000000
59173  26.704  -33.273  21.458 0.0000000000
172705  23.520  -32.237  19.308 0.0000000000
59158  25.486  -33.531  22.484 0.0000000000
60303  24.156  -32.450  28.904 0.0000000000
61685  22.172  -31.924  25.321 0.0000000000
62950  20.424  -31.066  26.245 0.0000000000
61634  19.217  -31.806  28.285 0.0000000000
56505  43.455  -35.251  26.811 0.0000000000
153013  41.667  -36.770  25.936 0.0000000000
55255  40.226  -36.715  23.570 0.0000000000
53961  38.225  -37.183  25.487 0.0000000000
169568  31.651  -35.179  25.939 0.0000000000
55259  33.250  -35.239  23.765 0.0000000000
57838  29.913  -34.261  22.699 0.0000000000
59204  28.164  -33.516  19.666 0.0000000000
161856  58.827  -25.216  14.492 0.0000000000
70305  59.993  -25.841  13.243 0.0000000000
71400  58.737  -25.691  12.703 0.0000000000
59007  18.020  -33.425  34.755 0.0000000000
159464  56.500  -19.506  14.199 0.0000000000
161407  56.846  -18.419  15.952 0.0000000000
77863  54.129  -19.598  19.088 0.0000000000
75686  55.051  -21.334  17.622 0.0000000000
75698  53.063  -20.402  16.657 0.0000000000
170202  52.688  -21.776  13.908 0.0000000000
75711  51.105  -20.338  15.375 0.0000000000
70248  47.533  -25.778  17.449 0.0000000000
151678  49.347  -24.411  17.994 0.0000000000
173098  47.776  -24.264  15.171 0.0000000000
152205  47.738  -23.088  13.657 0.0000000000
71407  46.071  -24.431  11.921 0.0000000000
71473  45.407  -24.506  8.486 0.0000000000
71427  44.092  -24.815  11.053 0.0000000000
69249  39.972  -26.443  8.412 0.0000000000
59214  36.972  -34.137  17.975 0.0000000000
60494  38.268  -32.784  16.678 0.0000000000
60508  35.099  -33.073  15.182 0.0000000000
63245  31.554  -31.039  9.325 0.0000000000
83737  59.297  -15.096  0.374 0.0000000000
172309  56.605  -16.447  1.274 0.0000000000
56500  29.921  -34.825  27.808 0.0000000000
57808  26.599  -34.308  26.018 0.0000000000
57763  28.553  -34.010  29.530 0.0000000000
59043  26.698  -33.230  31.152 0.0000000000
61559  25.574  -31.491  32.480 0.0000000000
56462  37.377  -35.469  30.225 0.0000000000
55198  37.235  -36.436  27.620 0.0000000000
56485  35.344  -35.620  29.494 0.0000000000
56487  32.634  -35.360  28.800 0.0000000000
80104  56.163  -17.158  17.098 0.0000000000
78912  52.797  -18.502  20.701 0.0000000000
67846  49.015  -27.034  21.380 0.0000000000
69079  47.014  -26.842  18.826 0.0000000000
69126  44.482  -26.557  16.166 0.0000000000
155167  43.440  -25.857  13.651 0.0000000000
67940  42.914  -27.608  15.233 0.0000000000
66747  41.111  -28.765  13.705 0.0000000000
65557  39.500  -29.747  12.492 0.0000000000
172955  31.164  -34.106  15.728 0.0000000000
60526  32.152  -33.350  14.328 0.0000000000
60570  29.404  -32.750  12.988 0.0000000000
79157  54.849  -18.655  5.206 0.0000000000
79187  54.612  -18.031  2.852 0.0000000000
76930  52.159  -19.892  4.535 0.0000000000
59134  23.776  -33.235  23.789 0.0000000000
57804  44.830  -34.091  25.288 0.0000000000
57835  43.961  -34.275  23.190 0.0000000000
60431  42.656  -33.398  19.850 0.0000000000
57850  41.205  -35.244  21.654 0.0000000000
56605  38.585  -35.357  20.642 0.0000000000
174875  35.563  -35.579  20.139 0.0000000000
53975  35.623  -36.461  24.901 0.0000000000
173848  34.776  -35.719  22.021 0.0000000000
57892  32.473  -34.780  18.838 0.0000000000
57926  29.330  -34.372  17.709 0.0000000000
60496  27.160  -32.786  16.844 0.0000000000
73700  57.017  -22.734  11.381 0.0000000000
72595  56.918  -23.329  9.796 0.0000000000
72576  59.392  -23.719  11.156 0.0000000000
62780  26.469  -30.739  35.458 0.0000000000
64057  23.705  -30.061  34.007 0.0000000000
62784  21.906  -30.420  35.580 0.0000000000
179441  21.002  -30.844  31.835 0.0000000000
80293  55.933  -18.239  6.988 0.0000000000
80258  53.977  -17.944  8.492 0.0000000000
77958  52.787  -19.390  10.459 0.0000000000
75768  55.078  -20.643  11.892 0.0000000000
75766  56.274  -21.174  12.760 0.0000000000
73667  57.784  -23.443  14.860 0.0000000000
71339  57.333  -24.197  16.092 0.0000000000
76783  56.059  -20.048  17.006 0.0000000000
73640  55.683  -23.087  16.804 0.0000000000
72514  55.223  -23.921  14.589 0.0000000000
71384  53.638  -24.176  12.703 0.0000000000
72548  52.025  -23.469  11.909 0.0000000000
77843  50.127  -19.356  20.282 0.0000000000
73580  49.758  -23.534  20.603 0.0000000000
75657  48.939  -21.201  19.069 0.0000000000
75687  49.633  -20.536  17.181 0.0000000000
75728  49.241  -21.421  14.720 0.0000000000
73705  48.965  -22.417  11.189 0.0000000000
70358  41.838  -25.753  10.294 0.0000000000
61809  40.487  -32.292  17.168 0.0000000000
63154  38.459  -31.337  14.438 0.0000000000
149595  36.852  -30.356  11.508 0.0000000000
61897  33.609  -31.896  12.219 0.0000000000
160361  33.978  -30.407  10.224 0.0000000000
59004  31.497  -33.514  34.668 0.0000000000
60238  32.460  -32.077  35.777 0.0000000000
60405  45.315  -33.021  22.426 0.0000000000
61727  46.168  -32.145  23.056 0.0000000000
61758  45.533  -32.262  21.223 0.0000000000
64248  46.040  -30.897  20.792 0.0000000000
61772  44.956  -32.168  19.847 0.0000000000
63075  44.060  -31.201  18.766 0.0000000000
61786  43.901  -31.915  19.164 0.0000000000
74740  53.794  -21.515  9.767 0.0000000000
74782  53.773  -22.225  8.591 0.0000000000
73728  54.899  -22.621  8.962 0.0000000000
57841  27.597  -33.923  23.276 0.0000000000
59157  26.453  -33.490  22.234 0.0000000000
59130  26.803  -33.912  23.473 0.0000000000
62903  23.457  -31.251  29.448 0.0000000000
62934  22.148  -31.085  27.203 0.0000000000
160829  21.343  -30.814  28.309 0.0000000000
61655  19.772  -31.360  26.828 0.0000000000
62907  20.476  -31.028  28.898 0.0000000000
56479  40.048  -35.626  29.359 0.0000000000
55173  40.306  -36.047  28.685 0.0000000000
56508  41.486  -36.006  27.849 0.0000000000
150977  40.495  -36.487  27.211 0.0000000000
167722  39.815  -37.051  25.863 0.0000000000
53945  39.281  -36.898  26.627 0.0000000000
56533  30.185  -34.967  25.420 0.0000000000
151342  31.262  -34.838  24.427 0.0000000000
151683  29.379  -34.497  24.010 0.0000000000
57854  28.714  -33.875  22.407 0.0000000000
71381  57.955  -25.091  14.008 0.0000000000
71380  58.857  -25.487  13.837 0.0000000000
71401  57.813  -25.163  12.967 0.0000000000
165361  57.008  -15.896  15.253 0.0000000000
80149  57.019  -17.504  15.208 0.0000000000
81369  56.948  -16.638  15.865 0.0000000000
76764  52.748  -19.703  18.197 0.0000000000
75668  53.633  -20.060  18.158 0.0000000000
76785  52.708  -19.948  17.453 0.0000000000
75699  52.245  -20.160  16.090 0.0000000000
76808  51.516  -19.963  16.452 0.0000000000
70272  46.381  -25.542  15.657 0.0000000000
71332  47.914  -24.810  16.219 0.0000000000
71350  46.839  -25.093  15.028 0.0000000000
71366  46.920  -24.318  13.526 0.0000000000
71388  45.583  -24.765  13.147 0.0000000000
71408  45.291  -24.637  12.021 0.0000000000
71389  44.800  -25.069  13.328 0.0000000000
57918  35.784  -34.689  17.731 0.0000000000
160077  36.454  -33.718  16.993 0.0000000000
59238  35.153  -33.863  16.476 0.0000000000
82693  58.309  -15.913  2.088 0.0000000000
81577  56.846  -16.926  2.727 0.0000000000
56470  30.548  -34.589  29.564 0.0000000000
57762  29.206  -34.347  28.975 0.0000000000
57750  30.122  -34.335  30.136 0.0000000000
59018  28.806  -33.224  33.145 0.0000000000
59041  28.448  -33.550  31.653 0.0000000000
60268  27.338  -32.794  32.779 0.0000000000
60278  26.056  -32.365  31.982 0.0000000000
60269  26.799  -32.359  32.995 0.0000000000
56441  37.068  -35.099  30.813 0.0000000000
56484  36.154  -35.664  29.541 0.0000000000
56443  35.522  -35.104  31.047 0.0000000000
57735  32.332  -34.631  31.335 0.0000000000
177709  33.564  -35.316  29.962 0.0000000000
149605  32.394  -35.150  29.655 0.0000000000
56499  31.181  -35.053  28.610 0.0000000000
65394  48.243  -29.535  23.859 0.0000000000
65393  48.816  -28.933  24.091 0.0000000000
67804  49.563  -27.739  23.359 0.0000000000
67825  49.697  -27.112  22.879 0.0000000000
174072  49.088  -28.000  22.329 0.0000000000
66663  45.743  -28.467  19.167 0.0000000000
66661  46.893  -27.896  19.751 0.0000000000
67887  45.971  -27.780  18.936 0.0000000000
69095  45.811  -26.863  17.948 0.0000000000
67919  44.678  -27.322  17.385 0.0000000000
69127  43.830  -27.112  16.074 0.0000000000
67920  43.992  -27.817  17.078 0.0000000000
64344  42.233  -30.100  16.268 0.0000000000
65493  41.961  -29.272  15.410 0.0000000000
65523  41.028  -29.761  14.377 0.0000000000
65556  40.101  -29.423  12.842 0.0000000000
167765  40.033  -30.392  13.784 0.0000000000
59272  29.109  -33.725  15.075 0.0000000000
59271  30.005  -33.675  14.722 0.0000000000
60548  28.120  -33.107  13.837 0.0000000000
79144  54.055  -18.918  6.109 0.0000000000
79158  54.099  -18.883  4.830 0.0000000000
78011  52.596  -19.426  5.738 0.0000000000
178669  52.363  -22.889  4.877 0.0000000000
156115  24.508  -31.909  16.980 0.0000000000
61813  23.862  -32.005  17.452 0.0000000000
59101  26.206  -34.089  26.712 0.0000000000
59123  24.717  -33.650  24.632 0.0000000000
59114  24.051  -33.357  25.054 0.0000000000
61720  20.552  -31.668  23.779 0.0000000000
176319  21.496  -32.055  23.014 0.0000000000
166498  43.195  -35.739  25.819 0.0000000000
56517  43.915  -34.921  25.860 0.0000000000
56541  43.448  -35.237  25.039 0.0000000000
57823  44.642  -34.061  24.282 0.0000000000
149199  43.687  -34.618  23.791 0.0000000000
57848  42.828  -34.779  22.072 0.0000000000
56563  42.519  -35.377  23.391 0.0000000000
53999  38.507  -36.599  22.796 0.0000000000
55282  39.602  -36.282  22.336 0.0000000000
55298  37.896  -36.190  21.708 0.0000000000
56607  37.211  -35.681  20.397 0.0000000000
56592  36.737  -35.951  20.940 0.0000000000
55200  35.656  -36.282  27.470 0.0000000000
53949  36.080  -36.664  26.152 0.0000000000
154705  34.728  -36.111  25.954 0.0000000000
149041  32.596  -34.845  22.387 0.0000000000
55274  33.711  -35.378  23.134 0.0000000000
56596  32.786  -34.894  21.434 0.0000000000
56609  33.790  -35.271  20.635 0.0000000000
56610  32.406  -34.824  20.390 0.0000000000
57909  31.031  -34.685  18.468 0.0000000000
164938  30.612  -34.549  19.663 0.0000000000
158394  27.002  -32.818  18.994 0.0000000000
59231  27.860  -33.254  17.991 0.0000000000
61810  25.963  -32.155  17.165 0.0000000000
72546  57.585  -23.070  12.041 0.0000000000
72561  57.599  -23.204  11.271 0.0000000000
155287  58.681  -23.637  12.206 0.0000000000
71419  60.408  -25.163  11.920 0.0000000000
62758  25.712  -30.428  36.093 0.0000000000
62781  25.023  -30.341  35.031 0.0000000000
62759  24.683  -30.343  35.999 0.0000000000
61541  20.011  -31.431  34.930 0.0000000000
62807  20.463  -31.037  34.292 0.0000000000
151757  21.671  -30.380  34.025 0.0000000000
61573  19.955  -31.668  32.328 0.0000000000
60286  19.080  -32.150  30.845 0.0000000000
60287  18.601  -32.661  31.039 0.0000000000
80291  57.425  -17.383  6.884 0.0000000000
81496  55.085  -17.329  8.160 0.0000000000
80257  54.154  -17.314  8.859 0.0000000000
79070  52.830  -18.773  9.449 0.0000000000
168515  53.686  -17.680  9.999 0.0000000000
79025  54.167  -18.126  12.530 0.0000000000
77942  53.834  -19.217  12.267 0.0000000000
77941  54.365  -19.435  12.618 0.0000000000
75767  55.791  -20.935  12.233 0.0000000000
76846  55.889  -19.994  13.145 0.0000000000
75723  56.470  -20.976  15.259 0.0000000000
74682  56.577  -21.777  14.126 0.0000000000
74655  57.074  -23.002  16.064 0.0000000000
72497  57.963  -24.184  15.914 0.0000000000
73639  56.870  -23.472  16.450 0.0000000000
80105  55.608  -17.299  17.822 0.0000000000
78936  56.213  -18.354  16.974 0.0000000000
154525  55.682  -18.957  17.737 0.0000000000
73626  54.630  -22.236  16.361 0.0000000000
74632  55.316  -22.004  17.164 0.0000000000
73641  55.034  -23.011  16.212 0.0000000000
72499  55.470  -23.767  15.439 0.0000000000
72500  54.697  -23.493  14.765 0.0000000000
72515  54.537  -23.800  13.900 0.0000000000
72501  54.042  -23.379  14.019 0.0000000000
74683  52.139  -21.921  13.383 0.0000000000
73681  52.619  -22.738  13.058 0.0000000000
73691  51.690  -22.764  12.126 0.0000000000
73703  50.808  -22.556  11.401 0.0000000000
76744  49.414  -19.874  20.749 0.0000000000
70196  49.949  -25.354  20.952 0.0000000000
175890  49.911  -24.213  21.489 0.0000000000
71302  49.951  -24.692  19.735 0.0000000000
72478  48.531  -23.772  17.078 0.0000000000
73607  48.977  -23.239  18.242 0.0000000000
153706  48.357  -21.927  17.391 0.0000000000
75669  49.438  -20.559  17.913 0.0000000000
75702  49.004  -21.116  16.755 0.0000000000
154116  49.434  -20.962  16.051 0.0000000000
74659  48.591  -21.827  15.029 0.0000000000
72549  47.303  -23.358  11.654 0.0000000000
73683  48.057  -22.679  13.054 0.0000000000
73719  48.066  -23.035  10.478 0.0000000000
73718  48.824  -22.735  10.088 0.0000000000
178726  48.038  -23.513  8.766 0.0000000000
169799  46.777  -23.991  8.561 0.0000000000
71474  44.644  -24.671  8.287 0.0000000000
71497  45.153  -24.626  6.751 0.0000000000
69183  42.514  -26.590  13.071 0.0000000000
70323  43.021  -25.693  12.241 0.0000000000
69223  41.522  -26.277  10.862 0.0000000000
69257  40.558  -26.101  7.950 0.0000000000
59198  41.000  -33.609  19.594 0.0000000000
60461  41.059  -32.891  18.422 0.0000000000
60462  40.328  -33.086  18.252 0.0000000000
60522  37.007  -32.593  15.058 0.0000000000
61836  38.337  -32.049  15.563 0.0000000000
61862  37.771  -31.551  14.215 0.0000000000
63182  38.009  -30.894  13.037 0.0000000000
63184  36.406  -31.101  12.431 0.0000000000
61884  31.405  -32.517  12.643 0.0000000000
60566  32.762  -32.614  13.089 0.0000000000
61899  31.837  -32.071  12.082 0.0000000000
63244  32.324  -30.742  9.611 0.0000000000
64442  34.112  -29.608  8.991 0.0000000000
79199  53.363  -18.530  2.333 0.0000000000
177714  54.308  -17.561  1.482 0.0000000000
72614  57.701  -23.606  8.494 0.0000000000
57709  32.061  -34.271  32.648 0.0000000000
57711  30.570  -33.899  32.195 0.0000000000
59015  31.132  -33.686  33.794 0.0000000000
59006  29.914  -33.290  34.193 0.0000000000
60251  29.512  -32.876  34.918 0.0000000000
57708  32.908  -34.367  32.968 0.0000000000
60363  46.085  -32.817  24.786 0.0000000000
61675  46.980  -31.702  25.187 0.0000000000
61693  46.770  -31.849  24.562 0.0000000000
64207  47.252  -30.745  23.794 0.0000000000
64219  47.716  -29.786  22.998 0.0000000000
65427  47.894  -28.897  21.749 0.0000000000
64246  46.995  -30.043  21.790 0.0000000000
65437  45.961  -29.622  19.929 0.0000000000
65450  44.646  -29.262  18.548 0.0000000000
66676  44.098  -29.073  17.955 0.0000000000
64314  43.723  -30.052  17.904 0.0000000000
63120  42.781  -30.918  17.244 0.0000000000
63121  42.082  -31.361  17.079 0.0000000000
60550  26.505  -32.669  13.925 0.0000000000
162011  26.900  -32.934  13.257 0.0000000000
60596  25.981  -33.260  12.483 0.0000000000
76887  51.996  -20.000  8.112 0.0000000000
75843  51.619  -20.791  6.792 0.0000000000
74806  52.451  -21.978  7.824 0.0000000000
73766  53.568  -22.903  7.167 0.0000000000
60433  26.409  -32.924  20.139 0.0000000000
61788  24.272  -32.143  18.901 0.0000000000
151850  25.137  -33.008  20.594 0.0000000000
60418  24.668  -33.172  21.127 0.0000000000
149519  23.595  -33.009  21.530 0.0000000000
60326  24.472  -33.022  28.184 0.0000000000
148884  23.362  -32.994  26.129 0.0000000000
61670  22.720  -32.059  26.558 0.0000000000
62964  21.789  -31.193  25.827 0.0000000000
60360  18.204  -32.912  25.777 0.0000000000
55192  42.442  -36.194  26.595 0.0000000000
55241  42.087  -36.521  24.873 0.0000000000
55253  41.899  -36.264  24.175 0.0000000000
53958  40.763  -36.979  24.863 0.0000000000
53971  39.404  -37.250  24.401 0.0000000000
53987  37.764  -37.043  23.953 0.0000000000
55218  32.942  -35.467  26.396 0.0000000000
154964  33.683  -35.613  25.312 0.0000000000
55234  32.500  -35.140  25.033 0.0000000000
56554  31.661  -34.754  23.684 0.0000000000
57851  30.715  -34.444  21.570 0.0000000000
57879  29.991  -34.251  20.124 0.0000000000
163063  29.703  -34.026  21.476 0.0000000000
59188  27.856  -33.329  20.468 0.0000000000
71360  59.244  -24.962  14.316 0.0000000000
72528  59.592  -24.745  13.760 0.0000000000
71379  59.558  -25.271  13.986 0.0000000000
164638  59.789  -26.268  12.925 0.0000000000
60233  18.958  -32.479  35.668 0.0000000000
60263  18.515  -32.918  33.506 0.0000000000
59044  18.102  -33.274  32.249 0.0000000000
59020  17.516  -33.815  33.494 0.0000000000
78995  56.087  -18.199  13.921 0.0000000000
76837  56.241  -19.686  13.642 0.0000000000
78994  56.814  -18.287  14.668 0.0000000000
77913  56.629  -19.389  14.907 0.0000000000
76821  56.498  -20.091  15.462 0.0000000000
172256  54.678  -19.094  19.083 0.0000000000
76762  54.734  -20.306  18.426 0.0000000000
167364  54.322  -19.972  18.616 0.0000000000
179091  53.945  -20.990  16.911 0.0000000000
74657  53.856  -21.551  15.794 0.0000000000
73656  53.287  -22.150  14.308 0.0000000000
74658  53.220  -21.187  15.146 0.0000000000
172223  52.099  -20.866  14.415 0.0000000000
75740  51.392  -20.902  14.225 0.0000000000
70234  48.501  -25.735  18.373 0.0000000000
71315  49.522  -24.836  18.425 0.0000000000
70247  48.756  -24.851  17.422 0.0000000000
72479  48.412  -24.209  16.698 0.0000000000
73643  48.002  -23.340  15.601 0.0000000000
73657  47.941  -23.108  14.991 0.0000000000
72503  47.645  -24.071  14.560 0.0000000000
72534  47.211  -23.907  13.388 0.0000000000
72583  46.607  -24.191  10.870 0.0000000000
72601  46.329  -24.322  9.909 0.0000000000
71441  45.544  -24.616  10.580 0.0000000000
71442  44.640  -24.698  10.342 0.0000000000
71461  43.746  -24.808  9.391 0.0000000000
158427  40.804  -27.424  11.601 0.0000000000
69224  40.995  -26.556  10.563 0.0000000000
68026  39.699  -27.069  9.656 0.0000000000
69250  39.291  -26.671  8.053 0.0000000000
68058  38.494  -27.012  6.207 0.0000000000
59201  38.240  -34.344  18.961 0.0000000000
59225  38.915  -33.381  17.898 0.0000000000
59227  37.161  -33.439  17.010 0.0000000000
60506  36.567  -32.973  15.521 0.0000000000
61852  35.954  -32.403  14.380 0.0000000000
63214  31.254  -31.395  10.728 0.0000000000
61970  30.356  -32.248  8.719 0.0000000000
82700  58.942  -15.506  1.510 0.0000000000
82711  57.974  -15.652  0.491 0.0000000000
82712  56.549  -16.029  0.279 0.0000000000
56524  28.940  -34.830  26.208 0.0000000000
57816  27.516  -34.432  24.810 0.0000000000
57796  28.617  -34.656  26.956 0.0000000000
57785  27.595  -34.224  27.648 0.0000000000
59082  26.868  -33.845  28.568 0.0000000000
57739  29.103  -33.809  31.080 0.0000000000
59062  27.299  -33.606  29.977 0.0000000000
59064  25.871  -33.381  29.404 0.0000000000
174085  25.412  -32.983  29.773 0.0000000000
60285  25.073  -32.124  30.820 0.0000000000
62875  24.244  -30.881  31.306 0.0000000000
55154  38.871  -36.152  28.982 0.0000000000
55197  38.033  -36.508  27.670 0.0000000000
55156  37.297  -36.036  28.947 0.0000000000
55177  36.055  -36.140  28.195 0.0000000000
55179  34.441  -35.972  28.136 0.0000000000
56444  34.591  -35.201  30.827 0.0000000000
169919  33.827  -35.498  29.425 0.0000000000
55180  33.715  -35.762  28.201 0.0000000000
56510  31.985  -35.308  27.459 0.0000000000
157996  30.791  -35.134  26.999 0.0000000000
71403  55.124  -24.919  12.028 0.0000000000
71402  56.793  -25.022  12.272 0.0000000000
159290  55.715  -25.492  11.082 0.0000000000
81354  56.678  -16.297  16.276 0.0000000000
80096  54.803  -17.786  19.541 0.0000000000
78923  53.993  -18.758  19.945 0.0000000000
77839  53.248  -18.891  20.145 0.0000000000
77853  51.833  -19.110  19.348 0.0000000000
70187  49.954  -25.621  21.790 0.0000000000
69042  49.260  -26.379  20.908 0.0000000000
66636  48.179  -28.211  21.343 0.0000000000
67866  48.035  -27.301  20.349 0.0000000000
69077  48.554  -26.152  19.235 0.0000000000
69094  47.229  -26.287  18.158 0.0000000000
69124  45.965  -26.189  16.838 0.0000000000
70274  45.047  -25.827  15.322 0.0000000000
70295  43.987  -25.749  14.242 0.0000000000
152280  43.958  -26.110  14.941 0.0000000000
67948  43.093  -26.995  14.821 0.0000000000
67966  42.329  -27.363  13.943 0.0000000000
66694  42.951  -28.582  16.233 0.0000000000
66723  42.029  -28.343  14.713 0.0000000000
67982  41.239  -27.893  12.869 0.0000000000
66759  40.453  -28.702  12.650 0.0000000000
174625  39.372  -28.990  11.602 0.0000000000
65582  38.848  -29.265  11.407 0.0000000000
168269  32.894  -34.203  16.393 0.0000000000
59240  33.291  -33.834  15.887 0.0000000000
59269  32.020  -33.645  14.925 0.0000000000
60545  31.030  -33.234  13.954 0.0000000000
60591  29.837  -32.501  12.346 0.0000000000
60594  27.406  -32.975  12.176 0.0000000000
152766  28.738  -32.635  11.461 0.0000000000
172257  55.983  -18.159  4.786 0.0000000000
161838  55.948  -17.577  3.378 0.0000000000
79172  54.762  -18.274  3.727 0.0000000000
78050  53.047  -19.199  3.597 0.0000000000
76958  51.727  -20.379  3.081 0.0000000000
75853  51.513  -21.004  5.528 0.0000000000
74891  51.546  -21.871  4.283 0.0000000000
149123  26.041  -34.114  24.403 0.0000000000
59146  24.118  -33.397  23.080 0.0000000000
178555  22.653  -32.515  22.143 0.0000000000
60371  22.696  -32.658  24.280 0.0000000000
60398  22.450  -32.400  22.567 0.0000000000
59109  45.714  -33.185  25.789 0.0000000000
59128  45.610  -33.273  24.603 0.0000000000
59140  45.039  -33.679  23.751 0.0000000000
59167  44.434  -33.639  21.413 0.0000000000
60430  43.459  -33.241  19.924 0.0000000000
59169  43.158  -34.264  20.797 0.0000000000
177902  41.929  -34.570  21.020 0.0000000000
57872  40.605  -34.592  20.775 0.0000000000
56565  41.033  -35.881  22.705 0.0000000000
56589  39.932  -35.505  21.493 0.0000000000
57874  39.104  -34.839  20.334 0.0000000000
158026  37.917  -34.898  19.432 0.0000000000
57888  36.434  -35.144  18.664 0.0000000000
169683  34.969  -35.184  18.257 0.0000000000
53933  37.614  -36.796  26.916 0.0000000000
160867  36.936  -37.014  24.978 0.0000000000
55257  36.584  -36.697  23.450 0.0000000000
55244  34.304  -35.806  24.713 0.0000000000
55272  35.218  -36.080  23.390 0.0000000000
55285  36.184  -36.336  22.366 0.0000000000
56594  35.035  -35.619  20.829 0.0000000000
56622  34.455  -35.278  19.368 0.0000000000
57907  33.237  -34.821  18.196 0.0000000000
57923  31.546  -34.671  17.718 0.0000000000
57938  30.319  -34.537  17.128 0.0000000000
59243  28.724  -33.960  16.353 0.0000000000
57895  29.089  -34.111  18.829 0.0000000000
59230  28.382  -33.765  17.570 0.0000000000
60528  27.251  -32.944  15.387 0.0000000000
60530  25.808  -32.237  14.346 0.0000000000
74722  55.855  -21.896  10.963 0.0000000000
73714  56.260  -22.943  10.073 0.0000000000
73713  56.961  -23.046  10.608 0.0000000000
72558  60.146  -24.343  12.106 0.0000000000
72575  60.340  -24.170  11.221 0.0000000000
70332  57.929  -25.630  11.330 0.0000000000
61509  31.402  -31.193  36.596 0.0000000000
60231  30.303  -32.110  36.566 0.0000000000
61525  28.884  -32.117  36.217 0.0000000000
62756  28.296  -31.051  37.353 0.0000000000
61527  27.585  -31.642  35.344 0.0000000000
62822  26.183  -30.996  33.911 0.0000000000
62824  24.949  -30.439  33.360 0.0000000000
64091  23.563  -30.086  32.365 0.0000000000
62761  23.068  -30.395  36.306 0.0000000000
174107  23.097  -30.123  34.330 0.0000000000
62826  22.486  -30.144  33.030 0.0000000000
62879  21.379  -30.686  30.639 0.0000000000
61599  19.881  -31.428  30.320 0.0000000000
81545  58.221  -16.973  5.256 0.0000000000
80315  56.667  -18.148  5.986 0.0000000000
79120  56.087  -18.390  6.324 0.0000000000
79122  54.642  -18.678  6.680 0.0000000000
164557  56.128  -17.232  7.734 0.0000000000
161181  54.764  -18.095  7.913 0.0000000000
79104  53.531  -18.561  7.530 0.0000000000
79085  52.790  -18.773  8.686 0.0000000000
76879  52.472  -20.158  9.464 0.0000000000
75788  53.496  -20.976  10.223 0.0000000000
79040  53.467  -18.479  11.342 0.0000000000
76863  53.528  -20.077  11.323 0.0000000000
177965  54.899  -21.331  10.780 0.0000000000
74706  56.003  -21.440  11.708 0.0000000000
74705  56.600  -21.709  12.358 0.0000000000
74693  57.017  -22.429  12.997 0.0000000000
75753  56.306  -20.901  13.484 0.0000000000
74681  57.040  -22.542  13.951 0.0000000000
73679  58.477  -23.921  14.597 0.0000000000
72496  58.282  -24.158  15.431 0.0000000000
71362  58.258  -24.901  14.992 0.0000000000
71363  57.009  -24.607  14.647 0.0000000000
80113  56.581  -17.704  16.578 0.0000000000
77889  56.419  -19.144  16.414 0.0000000000
160403  56.148  -20.836  16.847 0.0000000000
75685  55.177  -21.273  17.655 0.0000000000
74630  55.657  -22.213  17.148 0.0000000000
74641  56.153  -22.892  16.832 0.0000000000
72486  56.787  -23.734  16.376 0.0000000000
71348  56.737  -24.332  15.456 0.0000000000
150514  55.917  -24.493  13.666 0.0000000000
150627  54.962  -24.504  12.830 0.0000000000
71383  54.181  -24.436  12.563 0.0000000000
72516  53.360  -23.145  13.489 0.0000000000
158342  52.573  -23.720  12.191 0.0000000000
77829  51.315  -18.719  20.621 0.0000000000
77864  51.148  -19.242  18.776 0.0000000000
74588  49.008  -22.003  21.184 0.0000000000
72450  49.486  -23.592  18.895 0.0000000000
74596  49.045  -22.250  20.447 0.0000000000
75645  48.869  -21.130  20.952 0.0000000000
76754  49.236  -20.527  19.379 0.0000000000
173415  49.803  -20.096  18.252 0.0000000000
76787  50.775  -19.808  17.464 0.0000000000
75700  50.763  -20.148  16.154 0.0000000000
75726  50.775  -20.745  14.780 0.0000000000
74686  50.041  -21.476  13.576 0.0000000000
74688  48.254  -22.387  13.806 0.0000000000
74698  48.920  -22.099  13.035 0.0000000000
74708  50.046  -21.960  12.200 0.0000000000
150550  50.275  -22.533  10.797 0.0000000000
71482  45.864  -24.325  7.880 0.0000000000
71511  46.227  -24.751  5.723 0.0000000000
70322  43.645  -25.298  12.279 0.0000000000
70356  43.247  -25.066  10.832 0.0000000000
70388  42.542  -25.257  8.976 0.0000000000
70359  41.296  -25.930  9.762 0.0000000000
167624  41.658  -25.629  8.066 0.0000000000
60459  42.482  -32.446  18.774 0.0000000000
61807  41.811  -31.907  17.531 0.0000000000
61821  40.926  -31.734  16.776 0.0000000000
60493  38.998  -32.607  16.837 0.0000000000
61835  39.018  -31.761  15.780 0.0000000000
157661  39.719  -31.027  14.783 0.0000000000
63181  38.717  -30.766  13.237 0.0000000000
64411  38.070  -30.171  11.971 0.0000000000
65601  36.988  -29.398  10.342 0.0000000000
59267  33.683  -33.161  14.631 0.0000000000
60542  34.705  -32.519  13.945 0.0000000000
61881  34.583  -32.036  12.876 0.0000000000
175857  32.630  -31.349  11.237 0.0000000000
63197  33.950  -31.458  11.684 0.0000000000
63195  35.357  -31.234  11.923 0.0000000000
64431  35.495  -30.249  10.686 0.0000000000
65602  35.493  -29.732  10.006 0.0000000000
81591  55.654  -17.147  1.926 0.0000000000
81615  55.341  -16.616  0.537 0.0000000000
81637  54.873  -16.284  -1.093 0.0000000000
73747  55.696  -23.189  8.827 0.0000000000
60413  45.257  -32.806  21.560 0.0000000000
173414  45.781  -32.370  22.142 0.0000000000
60427  45.187  -32.657  20.840 0.0000000000
61771  45.329  -32.099  20.400 0.0000000000
61773  44.407  -32.399  19.688 0.0000000000
156138  54.217  -22.072  9.279 0.0000000000
74755  54.993  -22.227  9.742 0.0000000000
172246  28.094  -34.141  23.677 0.0000000000
57827  28.164  -34.396  24.192 0.0000000000
170673  22.996  -30.841  29.591 0.0000000000
62904  22.898  -31.003  28.991 0.0000000000
62905  22.134  -30.789  28.737 0.0000000000
155658  21.859  -30.691  29.414 0.0000000000
55153  39.595  -36.098  28.918 0.0000000000
177986  39.773  -36.255  28.474 0.0000000000
55194  40.774  -36.204  27.951 0.0000000000
55195  39.949  -36.396  27.906 0.0000000000
164792  39.824  -36.644  27.157 0.0000000000
55196  39.251  -36.612  27.482 0.0000000000
56545  29.548  -34.766  24.671 0.0000000000
57814  28.838  -34.574  24.381 0.0000000000
57826  28.841  -34.298  23.696 0.0000000000
158185  57.009  -16.863  15.520 0.0000000000
166442  56.855  -15.852  15.768 0.0000000000
77852  52.136  -19.367  18.611 0.0000000000
76807  52.197  -20.003  16.756 0.0000000000
76786  51.614  -19.824  17.250 0.0000000000
70284  46.115  -25.466  15.103 0.0000000000
71351  46.106  -25.219  14.429 0.0000000000
71367  46.273  -24.722  13.668 0.0000000000
71368  45.459  -25.115  13.827 0.0000000000
150155  44.998  -24.765  12.669 0.0000000000
57919  35.237  -34.629  17.450 0.0000000000
59229  34.879  -34.352  17.026 0.0000000000
59239  34.298  -34.048  16.532 0.0000000000
81559  57.504  -17.009  3.817 0.0000000000
81576  57.380  -16.745  3.002 0.0000000000
80371  56.933  -17.149  3.318 0.0000000000
56469  30.943  -34.590  30.024 0.0000000000
57737  30.753  -34.352  30.813 0.0000000000
60259  28.310  -32.758  33.704 0.0000000000
60267  28.083  -33.045  32.913 0.0000000000
157543  27.703  -32.700  33.333 0.0000000000
60261  27.178  -32.391  33.410 0.0000000000
60260  27.624  -32.410  33.899 0.0000000000
57731  37.281  -34.434  31.150 0.0000000000
56442  36.365  -35.142  30.897 0.0000000000
57732  36.247  -34.696  31.535 0.0000000000
56447  32.161  -34.932  30.516 0.0000000000
56448  31.418  -34.657  30.453 0.0000000000
56468  31.636  -34.924  29.858 0.0000000000
65380  48.394  -29.499  24.452 0.0000000000
65407  48.810  -28.825  23.505 0.0000000000
66581  49.241  -28.308  23.752 0.0000000000
164802  49.209  -28.238  23.252 0.0000000000
66596  48.821  -28.537  22.842 0.0000000000
66664  45.199  -28.835  18.833 0.0000000000
66674  45.361  -28.088  18.633 0.0000000000
67906  44.968  -27.725  18.080 0.0000000000
66684  44.342  -28.146  17.707 0.0000000000
160846  41.849  -30.608  16.143 0.0000000000
64372  41.751  -30.054  15.677 0.0000000000
64373  41.272  -30.360  15.247 0.0000000000
64395  40.601  -30.106  14.101 0.0000000000
63152  40.289  -30.690  14.555 0.0000000000
59273  28.388  -33.494  15.119 0.0000000000
59286  28.600  -33.363  14.476 0.0000000000
77998  53.146  -19.066  6.281 0.0000000000
61812  24.980  -31.961  17.617 0.0000000000
171522  24.431  -31.933  17.690 0.0000000000
59094  25.539  -33.778  27.260 0.0000000000
59103  24.755  -33.663  26.264 0.0000000000
59095  24.868  -33.606  27.018 0.0000000000
60400  20.023  -32.288  22.629 0.0000000000
56542  42.901  -35.796  24.874 0.0000000000
56530  43.478  -35.339  25.621 0.0000000000
56550  43.183  -35.379  24.494 0.0000000000
57825  43.645  -34.878  24.372 0.0000000000
56562  43.181  -35.061  23.831 0.0000000000
55283  38.757  -36.262  22.127 0.0000000000
160937  38.066  -36.384  22.310 0.0000000000
55299  37.090  -36.219  21.553 0.0000000000
165031  36.744  -36.356  22.068 0.0000000000
55201  34.824  -36.119  27.409 0.0000000000
151133  35.321  -36.317  26.619 0.0000000000
56584  31.483  -34.653  21.526 0.0000000000
149771  32.280  -34.784  21.773 0.0000000000
56597  32.096  -34.748  21.066 0.0000000000
179655  32.727  -34.893  20.929 0.0000000000
56611  31.659  -34.684  20.376 0.0000000000
57876  31.255  -34.656  19.728 0.0000000000
57877  30.941  -34.543  20.355 0.0000000000
60466  25.742  -32.449  18.706 0.0000000000
60465  26.472  -32.609  18.567 0.0000000000
60484  26.056  -32.274  17.956 0.0000000000
61826  25.304  -31.932  17.014 0.0000000000
149735  58.322  -23.581  12.802 0.0000000000
64028  25.667  -30.119  37.296 0.0000000000
64038  25.051  -30.219  36.748 0.0000000000
64039  24.335  -30.259  36.851 0.0000000000
61542  19.433  -31.974  34.443 0.0000000000
61550  19.918  -31.557  33.978 0.0000000000
62828  20.349  -31.188  33.499 0.0000000000
61562  19.501  -32.094  32.661 0.0000000000
61574  19.518  -32.007  31.908 0.0000000000
60271  19.070  -32.496  32.220 0.0000000000
81493  57.528  -16.735  7.501 0.0000000000
82607  57.577  -15.917  7.903 0.0000000000
81481  54.593  -16.847  8.589 0.0000000000
80245  53.704  -17.729  9.253 0.0000000000
80244  54.053  -17.187  9.589 0.0000000000
79010  54.534  -18.400  13.088 0.0000000000
77934  54.106  -18.833  12.782 0.0000000000
76847  55.184  -19.714  12.905 0.0000000000
77932  55.768  -19.348  13.409 0.0000000000
74668  56.620  -21.887  15.120 0.0000000000
74656  56.572  -22.783  16.581 0.0000000000
78930  55.349  -18.217  18.136 0.0000000000
77849  55.063  -19.142  18.576 0.0000000000
72488  55.046  -23.417  15.657 0.0000000000
73654  54.520  -23.074  15.264 0.0000000000
177434  54.168  -23.114  14.572 0.0000000000
73682  51.891  -22.381  12.717 0.0000000000
74695  51.255  -22.201  12.368 0.0000000000
73692  51.182  -22.539  11.871 0.0000000000
74707  50.696  -22.173  11.989 0.0000000000
76737  49.242  -19.817  21.666 0.0000000000
70205  49.881  -25.232  20.073 0.0000000000
71292  50.045  -24.760  20.653 0.0000000000
70219  49.746  -25.102  19.207 0.0000000000
73617  48.129  -22.768  16.860 0.0000000000
73616  48.469  -22.995  17.609 0.0000000000
161060  48.294  -21.926  16.529 0.0000000000
176517  48.812  -21.352  16.109 0.0000000000
168621  48.381  -21.858  15.764 0.0000000000
72564  47.414  -23.380  10.881 0.0000000000
73732  48.211  -23.133  9.742 0.0000000000
72599  47.647  -23.561  9.327 0.0000000000
155370  47.568  -23.727  8.497 0.0000000000
72621  47.068  -23.884  9.142 0.0000000000
71485  43.802  -24.869  8.090 0.0000000000
71484  44.466  -24.718  7.438 0.0000000000
70412  43.762  -24.936  7.178 0.0000000000
69195  42.025  -26.732  12.418 0.0000000000
69208  41.763  -26.500  11.589 0.0000000000
59199  40.126  -33.858  19.525 0.0000000000
60448  40.604  -33.337  18.948 0.0000000000
59212  39.784  -33.582  18.773 0.0000000000
61864  36.327  -31.964  13.820 0.0000000000
61850  37.375  -32.071  14.648 0.0000000000
61863  37.074  -31.779  13.983 0.0000000000
63170  36.759  -31.449  13.282 0.0000000000
61900  31.062  -32.132  11.936 0.0000000000
61883  32.263  -32.367  12.628 0.0000000000
78061  52.368  -19.458  2.187 0.0000000000
78070  52.364  -19.357  1.417 0.0000000000
57696  32.341  -34.116  33.475 0.0000000000
57697  31.579  -33.976  33.202 0.0000000000
59014  31.915  -33.802  34.049 0.0000000000
60250  31.070  -33.140  35.231 0.0000000000
59005  30.689  -33.453  34.411 0.0000000000
177721  30.309  -33.166  34.925 0.0000000000
168128  33.578  -34.233  33.533 0.0000000000
57695  33.019  -34.116  33.728 0.0000000000
60362  46.406  -32.372  24.521 0.0000000000
61709  46.512  -32.060  24.107 0.0000000000
63015  46.283  -31.560  22.388 0.0000000000
63003  46.547  -31.500  23.111 0.0000000000
63014  46.855  -30.993  22.879 0.0000000000
64220  47.345  -30.447  23.357 0.0000000000
64233  47.187  -30.282  22.597 0.0000000000
154826  45.374  -30.778  19.735 0.0000000000
64262  45.794  -30.434  20.144 0.0000000000
64275  45.486  -29.977  19.565 0.0000000000
65443  45.093  -29.582  19.045 0.0000000000
64290  44.614  -29.997  18.761 0.0000000000
64291  44.214  -29.731  18.349 0.0000000000
63097  44.140  -30.432  18.474 0.0000000000
61793  43.467  -31.573  18.524 0.0000000000
63098  43.650  -30.903  18.169 0.0000000000
63099  43.136  -31.313  17.864 0.0000000000
61806  42.478  -31.609  17.670 0.0000000000
60551  25.552  -32.454  13.482 0.0000000000
60573  26.211  -32.877  13.100 0.0000000000
59300  25.241  -33.555  12.481 0.0000000000
179036  52.001  -20.356  8.469 0.0000000000
75814  51.848  -20.681  8.117 0.0000000000
75830  52.074  -21.362  8.198 0.0000000000
73748  54.361  -22.686  8.344 0.0000000000
73749  53.713  -22.604  7.890 0.0000000000
154320  54.373  -23.080  7.569 0.0000000000
72635  55.254  -23.422  7.495 0.0000000000
60416  26.981  -33.040  20.675 0.0000000000
60434  25.658  -32.883  20.043 0.0000000000
60417  25.993  -33.086  20.834 0.0000000000
59175  25.009  -33.380  21.762 0.0000000000
60419  24.073  -33.056  21.120 0.0000000000
59159  24.533  -33.460  22.391 0.0000000000
159313  23.298  -32.442  27.418 0.0000000000
61653  23.115  -31.843  27.828 0.0000000000
62949  21.203  -30.924  26.425 0.0000000000
62948  21.955  -31.105  26.602 0.0000000000
62965  21.009  -31.076  25.588 0.0000000000
62980  20.536  -31.236  25.156 0.0000000000
61687  19.995  -31.483  25.265 0.0000000000
179543  19.116  -32.364  24.518 0.0000000000
61672  19.825  -31.435  26.003 0.0000000000
61656  19.196  -31.827  27.410 0.0000000000
61673  19.139  -31.928  26.531 0.0000000000
59115  17.812  -33.175  26.309 0.0000000000
60330  18.244  -32.759  27.525 0.0000000000
56495  41.835  -35.496  28.460 0.0000000000
55212  41.787  -36.517  26.550 0.0000000000
174903  41.821  -36.213  27.118 0.0000000000
168179  42.269  -36.589  26.065 0.0000000000
55228  42.752  -36.227  25.815 0.0000000000
55229  42.235  -36.613  25.518 0.0000000000
55242  41.358  -36.702  24.483 0.0000000000
55230  41.520  -36.825  25.217 0.0000000000
155438  39.008  -37.141  25.752 0.0000000000
53960  39.549  -37.209  25.139 0.0000000000
152290  38.860  -37.280  24.938 0.0000000000
173532  38.858  -37.252  24.287 0.0000000000
53972  38.154  -37.223  24.599 0.0000000000
55219  32.308  -35.233  25.790 0.0000000000
55233  33.010  -35.385  25.581 0.0000000000
151889  31.668  -35.039  25.177 0.0000000000
56555  30.821  -34.659  23.752 0.0000000000
56568  31.215  -34.621  22.899 0.0000000000
56585  30.585  -34.445  22.395 0.0000000000
178851  30.193  -34.249  21.295 0.0000000000
57852  30.117  -34.243  21.947 0.0000000000
152030  28.168  -33.630  21.846 0.0000000000
59171  28.409  -33.644  21.076 0.0000000000
59172  27.594  -33.353  21.269 0.0000000000
70292  59.313  -25.421  14.191 0.0000000000
70320  59.541  -25.832  13.527 0.0000000000
70330  60.114  -26.782  12.446 0.0000000000
70331  59.275  -26.274  11.993 0.0000000000
60244  18.478  -32.931  35.215 0.0000000000
60243  18.961  -32.458  34.842 0.0000000000
59019  18.054  -33.407  33.920 0.0000000000
59032  18.081  -33.358  33.068 0.0000000000
80168  56.621  -17.492  14.273 0.0000000000
155638  57.109  -18.010  15.609 0.0000000000
78981  56.882  -18.702  15.228 0.0000000000
77903  56.622  -19.252  15.711 0.0000000000
75697  53.846  -20.553  17.453 0.0000000000
74643  54.279  -21.591  16.679 0.0000000000
75708  53.673  -20.997  16.335 0.0000000000
75709  52.995  -20.683  15.721 0.0000000000
75710  52.041  -20.309  15.399 0.0000000000
75724  52.538  -20.696  14.926 0.0000000000
75725  51.631  -20.600  14.831 0.0000000000
153279  48.384  -25.439  17.662 0.0000000000
70261  48.167  -25.144  16.966 0.0000000000
71349  47.707  -24.589  15.517 0.0000000000
179540  48.089  -24.206  15.893 0.0000000000
72502  47.859  -23.829  15.094 0.0000000000
71387  46.338  -24.390  12.840 0.0000000000
71386  46.916  -24.060  12.913 0.0000000000
71406  46.701  -24.108  12.248 0.0000000000
166582  46.944  -23.836  11.829 0.0000000000
72566  46.584  -24.148  11.523 0.0000000000
71424  46.135  -24.445  11.108 0.0000000000
71426  44.733  -24.721  11.583 0.0000000000
151295  44.919  -24.677  10.972 0.0000000000
71460  44.387  -24.705  9.592 0.0000000000
71443  43.730  -24.822  10.127 0.0000000000
68008  40.173  -27.735  11.216 0.0000000000
68017  39.967  -27.382  10.455 0.0000000000
68035  38.677  -26.917  7.623 0.0000000000
69260  38.715  -26.805  6.883 0.0000000000
68045  38.155  -27.116  7.032 0.0000000000
59213  37.710  -34.086  18.349 0.0000000000
149198  37.463  -33.683  17.638 0.0000000000
171133  36.890  -33.811  17.447 0.0000000000
59250  35.482  -33.416  15.859 0.0000000000
173696  36.119  -33.268  15.886 0.0000000000
60507  35.887  -33.052  15.352 0.0000000000
60523  36.310  -32.696  14.919 0.0000000000
60524  35.700  -32.774  14.852 0.0000000000
81599  57.673  -16.208  1.910 0.0000000000
82701  57.972  -15.858  1.298 0.0000000000
82702  57.334  -15.934  0.776 0.0000000000
180283  56.972  -15.969  0.494 0.0000000000
81613  56.797  -16.175  0.852 0.0000000000
56512  29.975  -35.022  26.993 0.0000000000
57795  29.300  -34.869  26.743 0.0000000000
169858  29.305  -34.747  27.395 0.0000000000
161315  28.539  -34.212  28.825 0.0000000000
57774  28.185  -34.242  28.184 0.0000000000
57764  27.975  -33.994  28.949 0.0000000000
57786  26.917  -34.027  27.911 0.0000000000
59039  29.839  -33.718  32.030 0.0000000000
57726  29.644  -33.852  31.459 0.0000000000
59040  29.154  -33.624  31.854 0.0000000000
59042  27.239  -33.295  31.613 0.0000000000
159867  27.826  -33.476  31.452 0.0000000000
59053  27.433  -33.486  30.823 0.0000000000
59063  26.569  -33.514  29.677 0.0000000000
59054  26.667  -33.392  30.423 0.0000000000
60283  26.119  -33.034  30.781 0.0000000000
61571  25.407  -31.851  31.633 0.0000000000
61585  24.427  -31.513  30.746 0.0000000000
61560  25.046  -31.253  32.030 0.0000000000
57749  37.712  -34.904  30.673 0.0000000000
57748  38.395  -34.698  30.485 0.0000000000
56461  38.118  -35.377  30.162 0.0000000000
56481  38.508  -35.800  29.600 0.0000000000
56482  37.730  -35.814  29.623 0.0000000000
55155  38.094  -36.110  28.990 0.0000000000
55157  36.495  -35.966  28.898 0.0000000000
55158  35.685  -35.910  28.844 0.0000000000
55178  35.244  -36.079  28.144 0.0000000000
55159  34.887  -35.857  28.812 0.0000000000
57720  34.342  -34.741  32.177 0.0000000000
57734  34.922  -34.912  31.608 0.0000000000
56426  34.227  -35.061  31.375 0.0000000000
150589  33.137  -35.346  29.473 0.0000000000
56496  33.431  -35.559  28.836 0.0000000000
55160  34.133  -35.746  28.812 0.0000000000
56497  33.131  -35.554  28.300 0.0000000000
55181  33.234  -35.650  27.687 0.0000000000
149383  32.602  -35.443  27.954 0.0000000000
151824  30.539  -34.917  28.208 0.0000000000
56511  31.185  -35.161  27.733 0.0000000000
172538  30.476  -35.036  27.541 0.0000000000
56523  29.681  -34.997  26.195 0.0000000000
70321  55.861  -25.109  11.788 0.0000000000
78910  54.352  -18.050  20.187 0.0000000000
78911  53.637  -18.246  20.743 0.0000000000
166040  52.760  -19.190  19.435 0.0000000000
77840  52.371  -18.908  20.049 0.0000000000
62958  47.333  -30.991  25.394 0.0000000000
67826  49.409  -27.259  22.191 0.0000000000
69022  49.872  -26.374  22.359 0.0000000000
69023  49.585  -26.429  21.649 0.0000000000
69041  49.717  -25.907  21.153 0.0000000000
65428  47.268  -29.297  21.379 0.0000000000
66637  47.566  -28.613  20.976 0.0000000000
67886  46.594  -27.510  19.202 0.0000000000
67867  47.454  -27.634  20.051 0.0000000000
67884  47.705  -27.133  19.812 0.0000000000
69061  48.234  -26.731  19.908 0.0000000000
69078  47.719  -26.735  19.322 0.0000000000
69093  47.795  -26.299  18.661 0.0000000000
69110  45.377  -26.688  17.302 0.0000000000
69109  46.168  -26.427  17.531 0.0000000000
69125  45.217  -26.349  16.545 0.0000000000
70264  45.802  -25.941  16.142 0.0000000000
69142  45.094  -26.081  15.867 0.0000000000
69143  44.504  -26.114  15.451 0.0000000000
67939  43.422  -27.104  15.455 0.0000000000
69158  42.787  -26.900  14.177 0.0000000000
67949  42.601  -27.462  14.588 0.0000000000
65456  43.494  -29.409  17.390 0.0000000000
65466  43.241  -28.979  16.823 0.0000000000
65467  42.686  -29.414  16.408 0.0000000000
158195  41.758  -28.895  14.806 0.0000000000
66704  42.232  -28.614  15.211 0.0000000000
66746  41.650  -28.402  14.164 0.0000000000
66757  41.417  -28.150  13.450 0.0000000000
66767  40.836  -28.166  12.564 0.0000000000
66758  40.947  -28.445  13.085 0.0000000000
65570  39.834  -29.002  12.132 0.0000000000
65571  39.176  -29.479  11.930 0.0000000000
65572  38.628  -29.743  11.745 0.0000000000
59242  31.512  -34.302  16.237 0.0000000000
59254  31.786  -33.959  15.585 0.0000000000
60546  29.781  -32.973  13.592 0.0000000000
59284  30.269  -33.293  14.089 0.0000000000
149100  30.539  -32.933  13.481 0.0000000000
60568  30.778  -32.704  12.953 0.0000000000
60569  30.146  -32.702  12.952 0.0000000000
60595  26.685  -33.077  12.519 0.0000000000
60572  27.652  -32.940  13.071 0.0000000000
59314  26.867  -33.264  11.768 0.0000000000
59351  27.389  -33.781  10.600 0.0000000000
59350  27.953  -33.688  10.148 0.0000000000
60607  28.791  -32.681  10.553 0.0000000000
79156  55.519  -18.461  5.198 0.0000000000
153223  55.205  -18.377  4.550 0.0000000000
78034  53.377  -19.159  4.479 0.0000000000
78035  52.726  -19.475  4.246 0.0000000000
76945  52.245  -19.805  3.740 0.0000000000
74825  51.862  -21.836  6.663 0.0000000000
164112  51.556  -20.679  6.168 0.0000000000
74844  51.713  -21.818  5.888 0.0000000000
73824  51.793  -22.358  4.774 0.0000000000
172531  24.172  -32.460  19.663 0.0000000000
60468  23.584  -32.080  18.625 0.0000000000
60469  22.752  -32.131  18.772 0.0000000000
57807  27.384  -34.456  25.661 0.0000000000
57829  26.701  -34.287  24.567 0.0000000000
59121  26.179  -34.224  24.939 0.0000000000
156728  24.107  -33.381  24.368 0.0000000000
59133  24.606  -33.570  23.787 0.0000000000
59160  23.676  -33.172  22.329 0.0000000000
59161  22.992  -32.805  22.559 0.0000000000
60357  22.773  -32.522  25.937 0.0000000000
156807  22.725  -32.667  25.054 0.0000000000
60358  22.255  -32.348  24.648 0.0000000000
148974  20.638  -32.169  22.101 0.0000000000
60399  21.585  -32.132  22.414 0.0000000000
60409  21.191  -32.174  21.571 0.0000000000
57782  43.169  -34.879  27.767 0.0000000000
57781  43.772  -34.528  27.411 0.0000000000
57805  44.373  -34.474  25.590 0.0000000000
57793  44.423  -34.486  26.121 0.0000000000
57792  44.823  -34.085  25.754 0.0000000000
59110  45.273  -33.717  25.447 0.0000000000
59119  45.678  -33.284  25.121 0.0000000000
59120  45.233  -33.723  24.968 0.0000000000
59141  44.506  -33.981  23.518 0.0000000000
163597  44.371  -33.926  22.803 0.0000000000
59154  44.521  -33.726  22.217 0.0000000000
57847  44.016  -34.071  22.093 0.0000000000
59168  43.827  -33.954  20.907 0.0000000000
57860  43.375  -34.397  21.567 0.0000000000
57849  41.970  -34.990  21.668 0.0000000000
57861  42.634  -34.556  21.219 0.0000000000
57871  41.365  -34.290  20.635 0.0000000000
157521  41.277  -34.817  21.182 0.0000000000
55254  41.026  -36.522  23.820 0.0000000000
55266  41.408  -36.087  23.431 0.0000000000
55267  40.640  -36.328  23.158 0.0000000000
56580  39.331  -35.889  21.703 0.0000000000
56590  39.208  -35.397  21.066 0.0000000000
57863  39.871  -34.951  20.913 0.0000000000
57886  38.649  -34.580  19.587 0.0000000000
161674  38.282  -35.107  20.070 0.0000000000
56608  36.439  -35.677  20.264 0.0000000000
56619  36.943  -35.498  19.818 0.0000000000
56620  36.243  -35.452  19.425 0.0000000000
171792  35.830  -35.327  18.775 0.0000000000
56621  35.237  -35.393  19.269 0.0000000000
53963  36.039  -36.686  25.485 0.0000000000
178607  36.737  -36.953  25.626 0.0000000000
53974  36.371  -36.841  24.957 0.0000000000
169231  36.768  -36.939  24.531 0.0000000000
53989  36.229  -36.705  24.194 0.0000000000
55245  33.505  -35.456  24.484 0.0000000000
55258  33.973  -35.589  23.878 0.0000000000
55287  34.235  -35.542  22.546 0.0000000000
55273  34.462  -35.723  23.255 0.0000000000
55286  34.988  -35.853  22.683 0.0000000000
152817  35.670  -36.225  22.814 0.0000000000
55301  35.317  -35.861  21.492 0.0000000000
55302  34.554  -35.597  21.413 0.0000000000
56624  32.842  -34.940  19.690 0.0000000000
56623  33.709  -35.164  19.778 0.0000000000
57891  33.358  -34.986  18.997 0.0000000000
177387  34.028  -35.148  19.039 0.0000000000
57922  32.466  -34.703  17.800 0.0000000000
152313  30.372  -34.626  18.298 0.0000000000
57924  30.720  -34.634  17.747 0.0000000000
161450  29.591  -34.439  17.173 0.0000000000
57939  29.330  -34.268  16.535 0.0000000000
57927  28.907  -34.141  17.158 0.0000000000
59186  29.436  -33.985  20.190 0.0000000000
59202  29.570  -34.192  19.523 0.0000000000
161844  28.486  -33.757  19.057 0.0000000000
60482  27.223  -32.822  17.620 0.0000000000
59245  27.839  -33.218  17.161 0.0000000000
59259  27.751  -33.175  16.250 0.0000000000
60510  27.028  -32.774  16.131 0.0000000000
60529  26.539  -32.562  14.830 0.0000000000
60511  26.387  -32.396  15.722 0.0000000000
73701  56.402  -22.496  10.774 0.0000000000
72560  58.448  -23.482  11.362 0.0000000000
72578  57.663  -23.343  10.536 0.0000000000
172427  58.394  -23.507  10.574 0.0000000000
71378  59.860  -25.281  13.543 0.0000000000
72544  59.865  -24.552  12.981 0.0000000000
71399  60.167  -25.318  12.832 0.0000000000
71437  60.601  -24.721  10.922 0.0000000000
70333  56.722  -25.348  11.363 0.0000000000
179489  57.078  -25.660  10.854 0.0000000000
61508  31.829  -31.069  36.206 0.0000000000
62755  30.877  -30.890  36.969 0.0000000000
61510  30.187  -31.395  37.143 0.0000000000
60232  29.561  -32.028  36.737 0.0000000000
179229  29.038  -31.804  36.845 0.0000000000
62757  27.579  -31.098  36.717 0.0000000000
61512  27.738  -31.548  36.062 0.0000000000
62779  27.158  -31.140  35.804 0.0000000000
61528  26.942  -31.278  34.972 0.0000000000
62802  26.338  -30.824  34.632 0.0000000000
62804  24.309  -30.134  34.468 0.0000000000
152512  24.950  -30.301  34.103 0.0000000000
62825  24.363  -30.131  33.696 0.0000000000
62845  24.225  -30.269  32.486 0.0000000000
64079  23.787  -30.041  33.162 0.0000000000
62785  21.026  -30.709  35.792 0.0000000000
155387  21.606  -30.529  36.282 0.0000000000
62762  22.294  -30.430  36.342 0.0000000000
62741  22.739  -30.327  37.139 0.0000000000
169812  22.657  -30.368  35.755 0.0000000000
62783  23.327  -30.296  35.550 0.0000000000
150927  22.693  -30.243  35.002 0.0000000000
62848  20.813  -30.903  32.967 0.0000000000
172541  22.239  -30.214  33.634 0.0000000000
165980  21.340  -30.604  32.322 0.0000000000
174269  22.098  -30.336  32.006 0.0000000000
62865  21.609  -30.551  31.464 0.0000000000
62880  20.565  -31.066  30.505 0.0000000000
159188  20.671  -31.026  31.336 0.0000000000
60294  18.799  -32.175  29.510 0.0000000000
59056  17.553  -33.552  30.917 0.0000000000
81544  58.789  -16.585  5.701 0.0000000000
80337  57.134  -17.819  5.492 0.0000000000
80314  57.289  -17.734  6.231 0.0000000000
80292  56.693  -17.970  6.759 0.0000000000
79121  55.393  -18.547  6.526 0.0000000000
79102  55.190  -18.395  7.221 0.0000000000
81494  56.745  -16.485  7.716 0.0000000000
178517  55.606  -17.349  7.911 0.0000000000
80274  54.053  -18.287  7.910 0.0000000000
79103  54.372  -18.487  7.355 0.0000000000
79084  53.377  -18.377  8.260 0.0000000000
79105  52.771  -18.817  7.875 0.0000000000
79054  52.884  -18.813  10.196 0.0000000000
77965  52.640  -19.430  9.854 0.0000000000
75789  52.864  -20.604  9.928 0.0000000000
76871  53.200  -20.362  10.606 0.0000000000
176477  53.737  -17.699  10.487 0.0000000000
80216  53.790  -17.771  10.978 0.0000000000
76857  53.910  -19.796  12.017 0.0000000000
77949  53.391  -19.308  11.613 0.0000000000
76862  54.279  -20.408  11.606 0.0000000000
75780  53.877  -20.742  10.938 0.0000000000
75779  54.754  -20.986  11.185 0.0000000000
74723  55.344  -21.398  11.106 0.0000000000
75778  55.407  -21.073  11.609 0.0000000000
177826  56.183  -21.299  12.263 0.0000000000
76836  56.326  -20.163  13.885 0.0000000000
74667  57.117  -22.729  15.025 0.0000000000
73680  57.670  -23.166  13.793 0.0000000000
173674  57.917  -24.261  15.958 0.0000000000
71346  58.234  -24.471  15.426 0.0000000000
71347  57.782  -24.473  15.661 0.0000000000
152249  56.521  -17.007  16.547 0.0000000000
80122  56.838  -17.222  16.168 0.0000000000
77873  56.098  -19.054  17.008 0.0000000000
76806  56.406  -20.034  16.301 0.0000000000
75667  54.941  -20.806  18.012 0.0000000000
73624  55.769  -22.776  16.979 0.0000000000
74631  55.302  -21.683  17.404 0.0000000000
72477  56.213  -23.281  16.797 0.0000000000
173073  55.900  -24.068  15.203 0.0000000000
71364  55.919  -24.268  14.548 0.0000000000
71365  55.085  -24.174  13.770 0.0000000000
72530  53.831  -23.731  13.320 0.0000000000
173635  54.334  -24.167  13.175 0.0000000000
71405  53.718  -24.494  12.076 0.0000000000
71385  53.040  -24.195  12.192 0.0000000000
73668  53.640  -22.821  14.123 0.0000000000
73669  52.938  -22.420  13.697 0.0000000000
72532  52.258  -23.148  12.498 0.0000000000
72547  52.441  -24.147  11.632 0.0000000000
77830  50.616  -18.967  20.837 0.0000000000
77842  50.840  -19.058  20.042 0.0000000000
171191  51.128  -19.110  19.445 0.0000000000
77854  50.407  -19.344  19.299 0.0000000000
72420  49.898  -23.985  21.072 0.0000000000
73549  49.563  -23.534  21.871 0.0000000000
74587  49.316  -22.882  21.672 0.0000000000
74578  49.090  -22.090  22.129 0.0000000000
73565  49.354  -22.865  20.900 0.0000000000
72462  49.680  -24.305  18.597 0.0000000000
178538  49.385  -23.954  18.252 0.0000000000
163449  48.772  -21.909  18.837 0.0000000000
152635  48.916  -22.645  18.880 0.0000000000
74607  48.893  -22.064  19.626 0.0000000000
166013  48.859  -21.501  20.367 0.0000000000
75651  48.957  -21.154  19.722 0.0000000000
76745  49.024  -20.605  20.307 0.0000000000
76788  50.067  -20.046  17.639 0.0000000000
76766  50.424  -19.601  18.288 0.0000000000
76809  50.338  -20.087  16.911 0.0000000000
75712  49.193  -21.227  15.413 0.0000000000
159576  50.153  -20.670  15.545 0.0000000000
75727  49.923  -21.023  14.746 0.0000000000
75741  50.536  -21.098  14.009 0.0000000000
74672  49.659  -21.387  14.137 0.0000000000
73670  47.777  -23.307  14.376 0.0000000000
74674  48.140  -22.446  14.631 0.0000000000
162587  48.502  -22.489  11.777 0.0000000000
74709  49.392  -22.017  12.457 0.0000000000
74697  49.897  -21.763  12.949 0.0000000000
74726  49.347  -22.155  11.790 0.0000000000
74725  50.173  -22.196  11.527 0.0000000000
175039  49.677  -22.285  11.144 0.0000000000
73731  49.023  -22.915  9.422 0.0000000000
71458  45.768  -24.486  9.318 0.0000000000
72622  46.111  -24.270  8.600 0.0000000000
71513  44.904  -24.879  5.819 0.0000000000
71512  45.554  -24.726  5.997 0.0000000000
70429  45.556  -25.104  5.299 0.0000000000
150250  44.066  -25.404  13.505 0.0000000000
70308  43.540  -25.557  12.912 0.0000000000
70338  42.108  -25.903  11.118 0.0000000000
70337  42.784  -25.555  11.383 0.0000000000
70357  42.566  -25.427  10.610 0.0000000000
71444  43.017  -25.078  10.186 0.0000000000
70375  42.478  -25.324  9.842 0.0000000000
69225  40.434  -26.714  10.039 0.0000000000
175921  40.962  -26.308  10.019 0.0000000000
69237  40.784  -26.245  9.462 0.0000000000
70401  41.196  -25.849  7.598 0.0000000000
70400  41.990  -25.670  7.395 0.0000000000
60445  42.913  -32.780  19.418 0.0000000000
60446  42.158  -32.979  19.249 0.0000000000
60477  40.781  -32.638  17.770 0.0000000000
61796  41.467  -32.437  17.942 0.0000000000
61808  41.171  -32.130  17.366 0.0000000000
61822  40.158  -31.877  16.551 0.0000000000
60480  38.593  -33.070  17.308 0.0000000000
60479  39.342  -32.949  17.432 0.0000000000
61848  38.707  -31.531  15.129 0.0000000000
63142  39.388  -31.309  15.289 0.0000000000
63153  39.134  -31.162  14.630 0.0000000000
63166  39.616  -30.842  14.161 0.0000000000
63167  38.941  -30.982  13.929 0.0000000000
64412  37.199  -30.576  12.052 0.0000000000
64404  37.812  -30.646  12.465 0.0000000000
64420  37.437  -30.086  11.449 0.0000000000
65584  37.458  -29.674  10.935 0.0000000000
64421  36.868  -29.987  11.003 0.0000000000
59268  32.824  -33.372  14.642 0.0000000000
59252  33.414  -33.511  15.287 0.0000000000
179160  33.228  -32.452  12.964 0.0000000000
60543  33.388  -32.679  13.445 0.0000000000
61867  34.185  -32.395  13.426 0.0000000000
61866  34.858  -32.201  13.394 0.0000000000
63231  31.069  -31.274  9.916 0.0000000000
63213  31.994  -31.311  10.990 0.0000000000
63230  31.786  -31.065  10.210 0.0000000000
64433  33.113  -30.511  9.915 0.0000000000
63228  33.399  -30.801  10.568 0.0000000000
63212  34.017  -30.947  10.974 0.0000000000
63196  34.696  -31.468  11.944 0.0000000000
63211  34.729  -31.102  11.436 0.0000000000
64422  35.439  -30.761  11.318 0.0000000000
64423  34.757  -30.599  10.810 0.0000000000
65623  34.779  -29.586  9.482 0.0000000000
150553  36.175  -29.341  9.815 0.0000000000
83755  59.793  -15.050  -0.408 0.0000000000
80373  55.285  -17.786  3.155 0.0000000000
80384  55.791  -17.371  2.661 0.0000000000
80385  55.091  -17.564  2.371 0.0000000000
81603  54.925  -16.998  0.908 0.0000000000
81616  54.574  -16.855  0.280 0.0000000000
81630  55.068  -16.463  -0.230 0.0000000000
73727  56.174  -23.195  9.448 0.0000000000
72596  56.492  -23.451  9.021 0.0000000000
59002  33.224  -33.282  34.913 0.0000000000
59003  32.354  -33.417  34.834 0.0000000000
60249  31.969  -32.956  35.371 0.0000000000
60239  31.556  -32.475  35.921 0.0000000000
60404  45.715  -32.712  22.881 0.0000000000
61710  46.252  -32.288  23.709 0.0000000000
61757  45.893  -31.835  21.648 0.0000000000
63030  46.202  -31.236  21.536 0.0000000000
63031  45.792  -31.654  20.936 0.0000000000
167002  45.628  -31.302  20.277 0.0000000000
63073  44.990  -31.021  19.405 0.0000000000
63074  44.577  -30.759  18.988 0.0000000000
61785  44.622  -31.606  19.370 0.0000000000
61787  43.184  -32.173  18.978 0.0000000000
75798  53.061  -21.168  9.558 0.0000000000
74783  52.731  -21.757  8.486 0.0000000000
74756  53.296  -21.728  9.058 0.0000000000
176185  54.332  -22.384  8.794 0.0000000000
59142  27.908  -33.718  22.584 0.0000000000
59143  27.059  -33.670  22.772 0.0000000000
59144  26.218  -33.703  23.003 0.0000000000
61613  23.891  -31.796  29.332 0.0000000000
61614  23.436  -31.722  28.694 0.0000000000
62918  22.758  -31.166  28.237 0.0000000000
62919  22.107  -30.938  27.858 0.0000000000
62935  21.422  -30.849  27.330 0.0000000000
62936  20.495  -30.969  27.073 0.0000000000
62920  20.498  -30.969  27.994 0.0000000000
61633  19.766  -31.302  27.705 0.0000000000
61615  19.756  -31.314  28.618 0.0000000000
55172  41.139  -35.811  28.674 0.0000000000
55193  41.252  -36.363  27.193 0.0000000000
55213  41.047  -36.664  26.525 0.0000000000
53959  40.742  -36.941  25.747 0.0000000000
53944  40.191  -36.789  26.532 0.0000000000
56532  31.014  -35.072  25.712 0.0000000000
170184  30.915  -34.945  25.042 0.0000000000
150338  30.459  -34.766  24.532 0.0000000000
56556  30.026  -34.564  23.914 0.0000000000
56557  29.639  -34.319  23.428 0.0000000000
57853  29.485  -34.032  22.219 0.0000000000
57839  29.208  -34.092  22.970 0.0000000000
57840  28.416  -33.991  23.118 0.0000000000
58996  17.562  -34.016  35.148 0.0000000000
154297  56.900  -16.699  14.759 0.0000000000
80130  57.032  -17.416  15.858 0.0000000000
76763  53.379  -19.585  18.850 0.0000000000
76822  51.493  -20.096  15.848 0.0000000000
70263  46.580  -25.721  16.363 0.0000000000
70262  47.384  -25.435  16.634 0.0000000000
70271  47.211  -25.170  15.797 0.0000000000
178211  47.347  -24.816  15.285 0.0000000000
153473  47.453  -24.503  14.828 0.0000000000
151896  46.911  -24.671  14.244 0.0000000000
153969  45.688  -24.586  12.500 0.0000000000
71409  44.638  -24.810  12.185 0.0000000000
71410  44.093  -24.937  11.913 0.0000000000
57903  36.406  -34.703  18.107 0.0000000000
59215  36.358  -34.158  17.586 0.0000000000
59228  35.667  -34.118  17.126 0.0000000000
82681  58.674  -15.945  2.945 0.0000000000
81588  57.863  -16.342  2.580 0.0000000000
81589  57.140  -16.574  2.221 0.0000000000
56489  30.551  -34.748  28.952 0.0000000000
57772  29.914  -34.625  28.595 0.0000000000
57761  29.953  -34.450  29.350 0.0000000000
57751  29.350  -34.205  29.812 0.0000000000
59017  29.600  -33.371  33.360 0.0000000000
59030  28.572  -33.412  32.399 0.0000000000
59031  27.779  -33.311  32.168 0.0000000000
60276  27.128  -33.036  32.177 0.0000000000
149200  26.225  -32.838  31.390 0.0000000000
157446  26.694  -32.616  32.433 0.0000000000
60270  26.311  -31.962  32.743 0.0000000000
56483  36.949  -35.767  29.597 0.0000000000
56463  36.633  -35.466  30.248 0.0000000000
56464  35.833  -35.389  30.230 0.0000000000
56428  32.957  -34.722  31.634 0.0000000000
56445  33.717  -35.172  30.699 0.0000000000
56446  32.941  -34.957  30.977 0.0000000000
56467  32.976  -35.166  30.207 0.0000000000
56498  31.904  -35.252  28.276 0.0000000000
56488  31.810  -35.127  29.096 0.0000000000
64194  47.947  -30.099  24.294 0.0000000000
65361  48.723  -28.928  24.790 0.0000000000
67781  49.625  -27.718  24.050 0.0000000000
67780  49.822  -27.035  23.455 0.0000000000
153724  49.388  -27.842  22.819 0.0000000000
66616  48.861  -27.798  21.702 0.0000000000
66653  46.125  -28.875  19.693 0.0000000000
171343  46.662  -28.569  20.008 0.0000000000
66662  46.324  -28.171  19.457 0.0000000000
67904  46.287  -27.198  18.643 0.0000000000
177928  46.047  -27.019  18.300 0.0000000000
67905  45.661  -27.388  18.362 0.0000000000
67918  45.291  -27.180  17.825 0.0000000000
69111  44.766  -26.774  16.841 0.0000000000
67929  44.240  -27.185  16.683 0.0000000000
170136  43.747  -27.617  16.509 0.0000000000
66702  43.282  -27.785  15.973 0.0000000000
65468  42.198  -29.537  15.934 0.0000000000
64386  41.421  -29.683  14.943 0.0000000000
65542  41.298  -29.156  14.315 0.0000000000
65555  40.652  -29.121  13.250 0.0000000000
65543  40.858  -29.478  13.851 0.0000000000
65544  40.372  -29.814  13.457 0.0000000000
64402  39.770  -30.068  13.130 0.0000000000
59255  30.566  -34.076  15.578 0.0000000000
155690  30.502  -33.817  15.066 0.0000000000
59285  29.419  -33.420  14.274 0.0000000000
60547  28.954  -33.097  13.714 0.0000000000
172982  54.279  -18.908  5.517 0.0000000000
78022  53.488  -19.147  5.407 0.0000000000
78023  52.733  -19.456  4.938 0.0000000000
148862  53.047  -23.039  6.109 0.0000000000
73802  52.538  -22.818  5.719 0.0000000000
60452  22.791  -32.244  19.752 0.0000000000
162402  25.917  -34.127  26.111 0.0000000000
59111  26.031  -34.198  25.514 0.0000000000
59112  25.368  -33.929  25.815 0.0000000000
59113  24.718  -33.674  25.436 0.0000000000
151075  20.993  -31.519  24.228 0.0000000000
61719  21.403  -31.903  23.615 0.0000000000
61740  20.772  -31.940  22.941 0.0000000000
56518  43.553  -35.399  26.083 0.0000000000
57794  43.948  -34.843  26.467 0.0000000000
56540  43.924  -34.813  25.391 0.0000000000
164759  44.421  -34.401  25.219 0.0000000000
57813  44.764  -34.077  24.877 0.0000000000
157542  44.138  -34.536  24.791 0.0000000000
57824  44.102  -34.367  24.040 0.0000000000
57836  43.476  -34.625  23.318 0.0000000000
160740  43.477  -34.501  22.546 0.0000000000
57837  42.979  -34.882  22.980 0.0000000000
56576  42.290  -35.208  22.530 0.0000000000
55256  39.575  -36.924  23.391 0.0000000000
55268  39.920  -36.530  22.968 0.0000000000
55269  39.244  -36.620  22.843 0.0000000000
56581  38.466  -35.825  21.241 0.0000000000
56606  37.945  -35.575  20.523 0.0000000000
56591  37.560  -35.944  21.029 0.0000000000
55199  36.456  -36.362  27.581 0.0000000000
55214  36.845  -36.602  27.089 0.0000000000
55215  36.174  -36.548  26.896 0.0000000000
55231  35.437  -36.394  25.731 0.0000000000
55275  32.954  -35.001  23.050 0.0000000000
55288  33.431  -35.121  22.364 0.0000000000
56582  33.400  -35.104  21.681 0.0000000000
56595  33.893  -35.328  21.290 0.0000000000
151761  33.285  -35.072  21.101 0.0000000000
170098  33.118  -35.034  20.450 0.0000000000
56625  32.019  -34.765  19.697 0.0000000000
57908  31.815  -34.719  18.373 0.0000000000
158893  31.565  -34.728  19.059 0.0000000000
178325  30.920  -34.655  19.188 0.0000000000
57910  29.915  -34.545  18.507 0.0000000000
59217  27.812  -33.239  18.883 0.0000000000
60464  27.185  -32.841  18.343 0.0000000000
158145  26.695  -32.572  17.982 0.0000000000
60483  26.588  -32.469  17.366 0.0000000000
60497  26.497  -32.407  16.600 0.0000000000
61825  25.790  -32.073  16.407 0.0000000000
152547  25.003  -31.898  16.284 0.0000000000
156087  58.090  -23.370  11.901 0.0000000000
72559  59.376  -23.875  12.141 0.0000000000
70318  60.311  -26.380  12.556 0.0000000000
62740  26.278  -30.315  37.033 0.0000000000
150634  25.818  -30.576  35.085 0.0000000000
61529  19.904  -31.537  35.811 0.0000000000
158392  20.684  -30.857  35.036 0.0000000000
171425  21.291  -30.522  35.134 0.0000000000
62805  21.842  -30.359  34.751 0.0000000000
62806  21.121  -30.598  34.502 0.0000000000
153776  20.528  -31.121  32.177 0.0000000000
167514  19.963  -31.456  31.017 0.0000000000
61587  19.519  -31.888  31.294 0.0000000000
80290  57.804  -17.324  6.398 0.0000000000
80272  56.853  -17.387  7.364 0.0000000000
81495  55.524  -16.713  8.050 0.0000000000
177616  54.502  -17.575  8.395 0.0000000000
79069  53.299  -18.249  8.989 0.0000000000
160859  53.316  -18.236  9.730 0.0000000000
80199  53.918  -17.916  11.752 0.0000000000
79026  53.706  -18.658  12.118 0.0000000000
76856  54.689  -20.089  12.272 0.0000000000
76855  55.485  -20.335  12.556 0.0000000000
75754  55.996  -20.599  12.946 0.0000000000
76830  56.459  -20.134  14.617 0.0000000000
75739  56.398  -20.958  14.354 0.0000000000
73653  57.718  -23.689  15.731 0.0000000000
73638  57.512  -23.813  16.099 0.0000000000
72485  57.511  -24.022  16.100 0.0000000000
80114  55.955  -17.953  17.295 0.0000000000
77874  55.623  -19.747  17.480 0.0000000000
74633  54.660  -21.396  17.373 0.0000000000
74642  54.850  -22.044  16.973 0.0000000000
73625  55.318  -22.596  16.814 0.0000000000
72487  55.804  -23.525  16.356 0.0000000000
152554  51.900  -23.753  11.366 0.0000000000
73702  51.450  -23.112  11.468 0.0000000000
72563  50.954  -23.052  10.828 0.0000000000
77831  49.892  -19.349  21.231 0.0000000000
71284  50.028  -24.932  21.534 0.0000000000
71283  49.934  -24.535  21.715 0.0000000000
159181  50.006  -24.423  21.162 0.0000000000
72434  49.998  -24.160  20.317 0.0000000000
72472  48.998  -23.899  17.731 0.0000000000
74619  48.548  -22.218  18.201 0.0000000000
75670  48.872  -21.268  18.317 0.0000000000
178508  48.568  -21.610  17.897 0.0000000000
75688  48.960  -21.123  17.579 0.0000000000
75701  49.886  -20.535  16.410 0.0000000000
72533  47.464  -23.328  13.141 0.0000000000
73694  47.787  -22.926  12.263 0.0000000000
73706  48.043  -22.867  11.279 0.0000000000
163781  48.646  -22.648  10.701 0.0000000000
72620  48.450  -23.489  8.288 0.0000000000
72641  47.069  -23.925  7.804 0.0000000000
71483  45.198  -24.550  7.692 0.0000000000
70411  44.340  -24.833  6.526 0.0000000000
170607  42.915  -26.399  13.668 0.0000000000
70309  42.975  -26.021  13.029 0.0000000000
69194  42.583  -26.248  12.518 0.0000000000
69207  42.381  -26.123  11.873 0.0000000000
69258  39.883  -26.373  7.586 0.0000000000
69267  40.504  -26.192  6.972 0.0000000000
59197  41.814  -33.493  19.728 0.0000000000
60447  41.388  -33.143  19.092 0.0000000000
60478  40.072  -32.806  17.593 0.0000000000
60504  37.972  -32.580  15.985 0.0000000000
61837  37.681  -32.367  15.292 0.0000000000
61849  38.049  -31.817  14.888 0.0000000000
63168  38.233  -31.129  13.729 0.0000000000
63169  37.516  -31.288  13.511 0.0000000000
63183  37.280  -30.980  12.794 0.0000000000
64413  36.527  -30.663  11.809 0.0000000000
60567  32.023  -32.805  13.209 0.0000000000
60544  32.607  -33.022  13.801 0.0000000000
164855  32.487  -31.997  12.147 0.0000000000
63261  31.318  -31.340  8.585 0.0000000000
64441  34.229  -29.919  9.657 0.0000000000
79198  53.960  -18.237  2.613 0.0000000000
80386  54.335  -17.798  2.049 0.0000000000
148970  57.841  -23.492  9.877 0.0000000000
149604  57.306  -23.543  9.149 0.0000000000
72594  58.241  -23.564  9.274 0.0000000000
57723  31.808  -34.357  31.841 0.0000000000
57724  31.038  -34.229  31.629 0.0000000000
57710  31.297  -34.132  32.405 0.0000000000
59027  30.847  -33.762  32.960 0.0000000000
59028  30.103  -33.595  32.761 0.0000000000
59016  30.376  -33.523  33.567 0.0000000000
60258  29.133  -33.008  33.926 0.0000000000
157544  28.740  -32.693  34.430 0.0000000000
177166  33.501  -34.449  32.990 0.0000000000
57721  33.415  -34.613  32.342 0.0000000000
57722  32.564  -34.501  32.104 0.0000000000
61676  46.590  -32.124  25.730 0.0000000000
60347  46.534  -32.302  24.992 0.0000000000
62975  47.216  -31.207  24.655 0.0000000000
61726  46.553  -31.729  23.601 0.0000000000
62989  46.959  -31.345  24.047 0.0000000000
62988  47.439  -30.685  24.204 0.0000000000
64206  47.636  -30.206  23.861 0.0000000000
153942  47.849  -29.887  23.515 0.0000000000
65419  48.155  -29.117  22.544 0.0000000000
64232  47.511  -29.572  22.217 0.0000000000
65429  46.730  -29.672  20.992 0.0000000000
64247  46.499  -30.481  21.311 0.0000000000
64261  46.247  -30.050  20.572 0.0000000000
65436  46.448  -29.279  20.295 0.0000000000
161658  45.594  -29.204  19.372 0.0000000000
64315  43.212  -30.184  17.293 0.0000000000
63119  43.327  -30.714  17.658 0.0000000000
63132  42.236  -30.762  16.633 0.0000000000
63133  41.543  -31.187  16.477 0.0000000000
149381  27.102  -32.885  14.579 0.0000000000
60549  27.319  -32.971  13.931 0.0000000000
59334  25.706  -34.448  11.787 0.0000000000
58000  24.871  -34.871  12.212 0.0000000000
57999  25.376  -34.932  11.805 0.0000000000
77984  52.195  -19.438  7.463 0.0000000000
178661  51.943  -19.760  6.967 0.0000000000
76899  51.800  -20.248  7.353 0.0000000000
175831  51.693  -21.376  6.947 0.0000000000
74824  52.326  -22.229  7.070 0.0000000000
74805  53.161  -22.165  8.145 0.0000000000
73767  52.989  -22.476  7.479 0.0000000000
73785  52.866  -22.751  6.699 0.0000000000
73784  53.453  -23.083  6.556 0.0000000000
60449  26.256  -32.754  19.374 0.0000000000
60467  25.032  -32.276  18.804 0.0000000000
60450  25.383  -32.621  19.377 0.0000000000
150299  24.954  -32.779  19.938 0.0000000000
178291  24.550  -32.656  19.845 0.0000000000
172105  25.322  -33.230  21.210 0.0000000000
60435  24.333  -32.818  20.402 0.0000000000
152048  23.555  -32.513  20.093 0.0000000000
150566  23.581  -32.783  20.833 0.0000000000
60436  22.925  -32.429  20.558 0.0000000000
149816  22.387  -32.239  20.987 0.0000000000
171356  24.408  -33.275  27.458 0.0000000000
60341  24.242  -33.398  26.772 0.0000000000
60327  23.828  -32.925  27.252 0.0000000000
60328  23.175  -32.625  26.727 0.0000000000
61671  22.469  -31.479  26.845 0.0000000000
156735  22.326  -31.705  26.171 0.0000000000
61686  21.597  -31.299  25.163 0.0000000000
61703  21.040  -31.307  24.836 0.0000000000
61721  19.994  -31.808  24.070 0.0000000000
60343  18.713  -32.383  26.059 0.0000000000
56507  42.134  -35.764  27.526 0.0000000000
56506  42.844  -35.561  27.153 0.0000000000
56519  43.092  -35.795  26.297 0.0000000000
55240  42.637  -36.270  25.196 0.0000000000
55252  42.474  -36.148  24.694 0.0000000000
53984  40.553  -36.882  24.163 0.0000000000
175031  40.181  -37.100  25.245 0.0000000000
53970  40.059  -37.121  24.579 0.0000000000
53985  39.834  -37.052  23.927 0.0000000000
164191  39.217  -37.129  23.830 0.0000000000
54000  38.172  -36.824  23.376 0.0000000000
55217  33.685  -35.770  26.586 0.0000000000
169654  34.049  -35.843  25.997 0.0000000000
155064  33.484  -35.596  25.979 0.0000000000
170748  33.102  -35.334  24.942 0.0000000000
56543  32.832  -35.135  24.384 0.0000000000
56544  32.071  -34.925  24.395 0.0000000000
56553  32.495  -34.909  23.703 0.0000000000
56567  32.125  -34.773  22.986 0.0000000000
56583  31.811  -34.705  22.271 0.0000000000
57864  30.989  -34.522  21.008 0.0000000000
57866  29.879  -34.108  20.775 0.0000000000
59187  28.660  -33.741  20.307 0.0000000000
59155  28.973  -33.827  21.664 0.0000000000
60432  27.226  -33.003  19.754 0.0000000000
72529  59.081  -24.220  14.036 0.0000000000
72545  59.291  -24.025  13.069 0.0000000000
70306  59.668  -25.647  13.651 0.0000000000
70319  59.926  -26.140  13.091 0.0000000000
61514  19.397  -32.008  36.143 0.0000000000
61530  19.406  -31.946  35.316 0.0000000000
60253  18.985  -32.486  33.974 0.0000000000
60272  18.563  -32.918  32.619 0.0000000000
59033  17.535  -33.700  32.630 0.0000000000
57712  16.964  -34.261  33.064 0.0000000000
78996  55.196  -18.266  13.460 0.0000000000
77924  55.639  -18.762  13.644 0.0000000000
77923  56.352  -18.977  13.980 0.0000000000
77922  56.723  -18.957  14.543 0.0000000000
164091  56.439  -20.948  16.171 0.0000000000
77862  54.609  -19.723  18.848 0.0000000000
165891  54.652  -20.651  18.023 0.0000000000
73655  53.933  -22.602  14.766 0.0000000000
74669  53.654  -21.825  14.937 0.0000000000
74670  52.854  -21.334  14.461 0.0000000000
74671  52.087  -21.293  13.951 0.0000000000
74684  51.361  -21.312  13.583 0.0000000000
76724  48.934  -20.449  22.908 0.0000000000
151727  49.222  -25.460  18.758 0.0000000000
70233  49.075  -25.171  17.980 0.0000000000
158622  49.131  -24.730  17.831 0.0000000000
71331  48.371  -24.545  16.779 0.0000000000
71325  48.841  -24.423  17.369 0.0000000000
73627  48.176  -23.541  16.332 0.0000000000
74660  48.053  -22.493  15.352 0.0000000000
72517  47.502  -23.764  13.888 0.0000000000
72518  47.347  -24.200  14.088 0.0000000000
72550  47.166  -23.656  12.505 0.0000000000
72565  46.973  -23.835  11.210 0.0000000000
72600  46.928  -23.929  9.844 0.0000000000
168218  46.613  -24.161  10.351 0.0000000000
71440  46.219  -24.420  10.483 0.0000000000
168138  45.859  -24.552  10.034 0.0000000000
71425  45.490  -24.600  11.349 0.0000000000
71459  45.198  -24.637  9.814 0.0000000000
71475  44.137  -24.751  8.877 0.0000000000
71476  43.379  -24.930  8.853 0.0000000000
69209  41.158  -26.806  11.265 0.0000000000
68007  40.594  -27.101  10.864 0.0000000000
69238  40.132  -26.556  9.195 0.0000000000
69239  39.440  -26.837  8.863 0.0000000000
69259  39.212  -26.586  7.241 0.0000000000
59200  39.041  -34.008  19.019 0.0000000000
174645  39.179  -33.609  18.428 0.0000000000
158206  38.539  -33.823  18.414 0.0000000000
59226  38.182  -33.541  17.798 0.0000000000
60481  37.861  -33.224  17.170 0.0000000000
59236  36.725  -33.263  16.294 0.0000000000
60505  37.264  -32.819  15.753 0.0000000000
61851  36.684  -32.271  14.455 0.0000000000
61938  29.964  -31.974  9.955 0.0000000000
161167  30.573  -31.660  10.400 0.0000000000
61937  30.522  -31.639  9.569 0.0000000000
61953  30.680  -31.742  8.925 0.0000000000
60663  30.767  -32.608  8.444 0.0000000000
179085  59.146  -15.256  0.971 0.0000000000
178386  58.572  -15.346  0.223 0.0000000000
82732  57.235  -15.757  0.011 0.0000000000
164660  56.028  -15.822  -0.909 0.0000000000
78071  52.094  -19.868  1.027 0.0000000000
57815  28.284  -34.571  24.750 0.0000000000
174721  28.645  -34.783  25.657 0.0000000000
150273  28.113  -34.597  26.172 0.0000000000
167611  27.268  -34.388  26.403 0.0000000000
57783  28.723  -34.521  27.756 0.0000000000
57784  28.185  -34.406  27.481 0.0000000000
179932  26.754  -34.271  26.545 0.0000000000
57798  26.964  -34.235  27.093 0.0000000000
59093  26.264  -33.933  27.531 0.0000000000
59084  25.625  -33.651  28.014 0.0000000000
57725  30.262  -34.076  31.499 0.0000000000
163989  29.446  -34.126  30.470 0.0000000000
57752  28.812  -33.902  30.335 0.0000000000
59052  28.287  -33.641  30.923 0.0000000000
59071  27.831  -33.803  29.568 0.0000000000
59072  27.211  -33.763  29.166 0.0000000000
59073  26.422  -33.631  28.988 0.0000000000
59074  25.734  -33.510  28.728 0.0000000000
60314  25.103  -33.365  28.450 0.0000000000
155776  24.761  -32.943  28.833 0.0000000000
60302  24.792  -32.634  29.497 0.0000000000
60284  25.717  -32.527  31.187 0.0000000000
60293  25.067  -32.557  30.139 0.0000000000
61612  24.299  -32.115  29.586 0.0000000000
61598  23.987  -31.510  30.026 0.0000000000
62876  23.890  -30.895  30.681 0.0000000000
62890  23.440  -30.846  30.079 0.0000000000
56460  38.864  -35.256  30.016 0.0000000000
56480  39.271  -35.724  29.485 0.0000000000
152718  38.700  -36.535  27.782 0.0000000000
55175  38.440  -36.357  28.348 0.0000000000
55176  37.659  -36.270  28.298 0.0000000000
158876  36.856  -36.197  28.249 0.0000000000
56465  34.999  -35.388  30.177 0.0000000000
56466  34.197  -35.373  30.078 0.0000000000
56486  34.554  -35.585  29.453 0.0000000000
55202  33.931  -35.924  27.402 0.0000000000
55203  33.301  -35.656  27.050 0.0000000000
56509  32.692  -35.467  27.187 0.0000000000
56520  32.046  -35.283  26.600 0.0000000000
159785  31.453  -35.214  27.037 0.0000000000
56521  31.237  -35.171  26.425 0.0000000000
56522  30.474  -35.068  26.287 0.0000000000
56534  29.285  -34.906  25.527 0.0000000000
149246  56.006  -24.788  12.708 0.0000000000
172967  55.881  -16.594  17.642 0.0000000000
80095  55.202  -17.518  18.729 0.0000000000
153867  55.027  -16.872  19.393 0.0000000000
78922  54.516  -18.576  19.517 0.0000000000
77850  54.282  -19.221  19.334 0.0000000000
77851  53.680  -19.229  19.490 0.0000000000
179950  50.030  -25.223  22.026 0.0000000000
69059  49.580  -25.796  20.458 0.0000000000
66617  48.516  -28.425  22.098 0.0000000000
67847  48.437  -27.536  21.007 0.0000000000
150313  47.213  -28.265  20.324 0.0000000000
66652  47.801  -27.934  20.653 0.0000000000
67865  48.623  -26.853  20.640 0.0000000000
69060  48.957  -26.261  20.123 0.0000000000
70235  47.880  -25.915  18.053 0.0000000000
160649  46.450  -26.666  18.193 0.0000000000
69108  46.805  -26.223  17.699 0.0000000000
70249  46.728  -25.965  17.094 0.0000000000
70273  45.649  -25.750  15.509 0.0000000000
70285  45.477  -25.572  14.926 0.0000000000
70294  44.682  -25.400  14.022 0.0000000000
69156  44.669  -25.702  14.779 0.0000000000
69157  43.362  -26.331  14.385 0.0000000000
69144  43.934  -26.561  15.541 0.0000000000
150548  43.546  -26.597  15.040 0.0000000000
69171  42.523  -26.902  13.609 0.0000000000
69184  42.068  -27.209  13.220 0.0000000000
66685  43.748  -28.594  17.293 0.0000000000
66693  43.488  -28.230  16.657 0.0000000000
66703  42.706  -28.255  15.575 0.0000000000
65492  42.452  -28.933  15.806 0.0000000000
66722  42.429  -28.023  14.954 0.0000000000
67950  42.120  -27.871  14.368 0.0000000000
67967  41.856  -27.764  13.728 0.0000000000
67996  41.577  -27.381  12.647 0.0000000000
67997  41.044  -27.669  12.276 0.0000000000
66768  40.419  -28.152  11.989 0.0000000000
66771  39.770  -28.441  11.469 0.0000000000
66772  39.194  -28.694  11.088 0.0000000000
57934  33.592  -34.437  16.933 0.0000000000
170547  33.599  -34.038  16.331 0.0000000000
59253  32.621  -33.794  15.530 0.0000000000
59270  30.771  -33.572  14.553 0.0000000000
60527  31.505  -33.504  14.435 0.0000000000
171554  31.773  -33.164  13.837 0.0000000000
149375  31.265  -32.929  13.325 0.0000000000
60590  30.576  -32.445  12.430 0.0000000000
61901  30.279  -32.200  11.759 0.0000000000
60571  28.579  -32.864  13.033 0.0000000000
60609  27.392  -33.209  11.158 0.0000000000
164397  27.981  -32.859  11.569 0.0000000000
60592  29.081  -32.617  12.305 0.0000000000
61902  29.532  -32.372  11.646 0.0000000000
61920  29.946  -32.060  10.903 0.0000000000
152923  56.725  -17.779  4.767 0.0000000000
179389  56.494  -17.430  3.532 0.0000000000
80357  56.256  -17.718  4.079 0.0000000000
79171  55.568  -18.002  3.940 0.0000000000
158778  54.569  -18.582  4.448 0.0000000000
79173  53.937  -18.697  3.928 0.0000000000
169276  54.164  -18.371  3.248 0.0000000000
79188  53.564  -18.650  3.092 0.0000000000
78060  52.925  -19.048  2.693 0.0000000000
78012  52.034  -19.785  5.966 0.0000000000
76919  51.713  -20.289  5.735 0.0000000000
76931  51.672  -20.396  4.957 0.0000000000
74866  51.590  -21.765  5.085 0.0000000000
75866  51.485  -21.085  4.584 0.0000000000
76946  51.682  -20.439  4.078 0.0000000000
75879  51.452  -21.224  3.575 0.0000000000
61799  24.043  -31.983  18.158 0.0000000000
61814  23.108  -32.212  17.214 0.0000000000
59131  26.566  -34.131  24.036 0.0000000000
59145  25.421  -33.711  23.354 0.0000000000
59132  25.372  -33.851  24.158 0.0000000000
175797  24.835  -33.567  23.024 0.0000000000
175221  23.058  -32.804  21.934 0.0000000000
60421  22.550  -32.414  21.634 0.0000000000
59104  24.008  -33.365  25.943 0.0000000000
59124  23.399  -33.028  24.544 0.0000000000
59135  23.087  -32.861  23.767 0.0000000000
153403  22.144  -32.309  23.977 0.0000000000
60385  22.595  -32.571  23.676 0.0000000000
59148  22.785  -32.679  23.155 0.0000000000
169421  22.123  -32.244  21.934 0.0000000000
149651  21.874  -32.150  21.300 0.0000000000
59099  45.686  -33.014  26.760 0.0000000000
60333  46.175  -32.573  26.266 0.0000000000
60348  46.172  -32.762  25.387 0.0000000000
60377  45.527  -33.263  23.997 0.0000000000
59129  45.161  -33.718  24.447 0.0000000000
60391  45.390  -33.206  23.255 0.0000000000
60406  44.891  -33.347  21.886 0.0000000000
60414  44.863  -33.148  21.021 0.0000000000
60429  44.145  -33.062  20.002 0.0000000000
60415  44.365  -33.412  20.563 0.0000000000
59183  43.288  -33.849  20.298 0.0000000000
59184  42.300  -34.055  20.434 0.0000000000
155753  41.426  -33.862  20.125 0.0000000000
59185  40.716  -34.055  20.171 0.0000000000
56552  42.060  -35.800  23.678 0.0000000000
56564  41.812  -35.639  22.992 0.0000000000
56577  41.501  -35.469  22.213 0.0000000000
56566  40.297  -36.127  22.507 0.0000000000
56578  40.641  -35.626  21.977 0.0000000000
57862  40.584  -35.136  21.337 0.0000000000
57873  39.940  -34.402  20.243 0.0000000000
57885  39.389  -34.260  19.665 0.0000000000
57901  37.622  -34.661  18.896 0.0000000000
57875  37.582  -35.356  19.888 0.0000000000
57887  37.139  -35.160  19.208 0.0000000000
57902  37.060  -34.682  18.527 0.0000000000
157357  35.847  -35.107  18.236 0.0000000000
57904  35.225  -35.030  17.919 0.0000000000
57920  34.699  -34.743  17.510 0.0000000000
53932  38.541  -36.762  27.141 0.0000000000
53946  38.363  -37.014  26.340 0.0000000000
53948  36.814  -36.842  26.461 0.0000000000
53947  37.527  -37.066  26.027 0.0000000000
53973  37.348  -37.075  24.538 0.0000000000
55271  36.879  -36.535  22.735 0.0000000000
171293  34.326  -35.891  25.448 0.0000000000
55232  34.895  -36.122  25.229 0.0000000000
55243  34.995  -36.145  24.590 0.0000000000
149589  34.736  -35.951  23.992 0.0000000000
53990  35.451  -36.319  24.091 0.0000000000
149271  35.894  -36.458  23.478 0.0000000000
175285  36.233  -36.487  22.963 0.0000000000
55300  36.195  -36.138  21.622 0.0000000000
56593  35.884  -35.812  20.882 0.0000000000
152187  34.359  -35.452  20.873 0.0000000000
173823  34.576  -35.399  20.144 0.0000000000
57890  34.667  -35.219  18.676 0.0000000000
57905  34.607  -35.050  18.045 0.0000000000
57921  33.953  -34.771  17.641 0.0000000000
57935  32.859  -34.548  17.095 0.0000000000
57936  32.089  -34.513  16.900 0.0000000000
57937  31.148  -34.556  17.007 0.0000000000
57946  30.668  -34.336  16.299 0.0000000000
57947  29.902  -34.249  16.030 0.0000000000
59257  29.197  -34.037  15.848 0.0000000000
59258  28.577  -33.729  15.678 0.0000000000
57878  30.398  -34.426  20.082 0.0000000000
57894  29.707  -34.440  18.962 0.0000000000
57911  29.451  -34.406  18.331 0.0000000000
59216  28.431  -33.776  18.383 0.0000000000
57912  28.913  -34.138  18.010 0.0000000000
59244  28.313  -33.682  16.759 0.0000000000
164894  28.276  -33.603  16.112 0.0000000000
59274  28.029  -33.340  15.552 0.0000000000
61853  25.206  -32.007  14.892 0.0000000000
61868  25.004  -32.172  14.152 0.0000000000
60552  24.735  -32.525  13.584 0.0000000000
74724  55.083  -21.755  10.464 0.0000000000
74738  55.703  -22.336  10.245 0.0000000000
71420  57.585  -25.215  12.048 0.0000000000
172501  32.352  -31.438  35.991 0.0000000000
60230  31.135  -31.972  36.417 0.0000000000
164359  30.856  -31.506  36.852 0.0000000000
60241  29.534  -32.530  35.986 0.0000000000
60242  28.689  -32.443  35.283 0.0000000000
61493  28.975  -31.327  37.324 0.0000000000
61511  28.366  -31.625  36.635 0.0000000000
61526  28.216  -31.914  35.748 0.0000000000
61538  28.016  -32.074  35.070 0.0000000000
61547  27.151  -31.967  33.883 0.0000000000
61548  26.641  -31.748  33.459 0.0000000000
61549  25.925  -31.300  33.224 0.0000000000
62803  25.637  -30.567  34.387 0.0000000000
62823  25.536  -30.668  33.651 0.0000000000
62843  25.413  -30.864  33.048 0.0000000000
62861  24.560  -30.766  31.936 0.0000000000
62862  23.955  -30.385  31.833 0.0000000000
62877  23.191  -30.475  30.820 0.0000000000
62760  23.847  -30.367  36.155 0.0000000000
62782  24.145  -30.225  35.305 0.0000000000
149312  23.568  -30.138  34.769 0.0000000000
149822  22.440  -30.223  34.238 0.0000000000
64068  23.004  -30.069  33.620 0.0000000000
62846  22.798  -30.145  32.264 0.0000000000
62864  22.583  -30.286  31.463 0.0000000000
62878  22.275  -30.435  30.716 0.0000000000
62893  21.242  -30.783  29.901 0.0000000000
62894  20.483  -31.046  29.727 0.0000000000
61616  19.245  -31.818  29.148 0.0000000000
61600  19.257  -31.894  30.064 0.0000000000
168549  18.545  -32.875  31.788 0.0000000000
59065  18.100  -33.055  30.541 0.0000000000
81558  58.154  -16.779  4.354 0.0000000000
80355  57.542  -17.381  4.791 0.0000000000
175865  56.534  -18.117  5.341 0.0000000000
79141  56.061  -18.358  5.595 0.0000000000
79142  55.471  -18.558  5.825 0.0000000000
79143  54.807  -18.754  5.990 0.0000000000
79123  53.780  -18.754  6.825 0.0000000000
162990  56.294  -17.841  7.309 0.0000000000
80273  55.619  -17.880  7.617 0.0000000000
77999  52.892  -18.940  7.074 0.0000000000
77983  52.365  -19.377  8.342 0.0000000000
164368  52.182  -20.008  8.752 0.0000000000
77971  52.492  -19.409  9.113 0.0000000000
75799  52.581  -20.813  9.356 0.0000000000
75787  54.331  -21.303  10.471 0.0000000000
80231  53.412  -18.236  10.518 0.0000000000
77957  52.985  -18.977  10.914 0.0000000000
76864  52.968  -19.685  10.913 0.0000000000
167129  56.556  -22.052  11.539 0.0000000000
73690  57.025  -22.482  12.182 0.0000000000
73689  57.597  -23.057  12.856 0.0000000000
76845  56.169  -20.228  13.412 0.0000000000
74694  56.609  -21.695  13.205 0.0000000000
72513  58.754  -24.554  14.841 0.0000000000
71361  58.804  -24.983  14.689 0.0000000000
179080  57.547  -24.851  14.350 0.0000000000
71382  56.854  -24.762  13.666 0.0000000000
78963  56.979  -17.821  16.122 0.0000000000
78947  56.573  -18.318  16.484 0.0000000000
77861  55.079  -20.011  18.237 0.0000000000
76784  55.487  -20.641  17.627 0.0000000000
75684  55.680  -21.373  17.317 0.0000000000
75696  56.066  -21.913  16.766 0.0000000000
72498  56.378  -23.975  15.938 0.0000000000
72531  53.005  -23.620  12.801 0.0000000000
78913  52.021  -18.571  20.580 0.0000000000
77841  51.577  -18.942  19.990 0.0000000000
150256  51.309  -19.508  18.003 0.0000000000
75634  48.961  -21.247  22.546 0.0000000000
75639  48.882  -21.212  21.699 0.0000000000
71314  49.797  -24.641  19.020 0.0000000000
72449  49.880  -24.190  19.341 0.0000000000
73594  49.692  -23.586  19.777 0.0000000000
73595  49.235  -22.958  19.460 0.0000000000
73581  49.311  -22.901  20.146 0.0000000000
76738  48.953  -20.454  21.236 0.0000000000
76753  49.623  -19.887  19.805 0.0000000000
76768  49.326  -20.557  18.621 0.0000000000
76767  49.794  -19.950  18.911 0.0000000000
152369  50.981  -19.912  16.815 0.0000000000
74685  50.665  -21.510  13.266 0.0000000000
74673  48.846  -21.853  14.321 0.0000000000
74687  49.297  -21.792  13.617 0.0000000000
74696  50.670  -21.848  12.609 0.0000000000
73704  49.445  -22.418  10.496 0.0000000000
161081  46.497  -24.165  9.264 0.0000000000
72642  46.428  -24.087  8.013 0.0000000000
72660  46.434  -24.153  7.227 0.0000000000
149714  45.719  -24.431  7.221 0.0000000000
155111  45.977  -24.495  6.530 0.0000000000
70307  44.222  -25.097  12.701 0.0000000000
70336  43.456  -25.201  11.619 0.0000000000
71462  43.136  -24.987  9.550 0.0000000000
171550  42.998  -25.137  8.231 0.0000000000
159823  41.316  -26.156  10.296 0.0000000000
70390  41.151  -25.802  8.365 0.0000000000
70377  41.216  -25.821  9.082 0.0000000000
70376  41.838  -25.586  9.450 0.0000000000
150472  42.285  -25.442  8.173 0.0000000000
60444  43.667  -32.589  19.551 0.0000000000
60460  41.781  -32.693  18.581 0.0000000000
61795  42.142  -32.180  18.115 0.0000000000
61820  41.510  -31.667  17.047 0.0000000000
63134  40.681  -31.274  16.007 0.0000000000
60463  39.619  -33.252  18.049 0.0000000000
60492  39.756  -32.468  16.978 0.0000000000
61824  38.644  -32.277  16.233 0.0000000000
61823  39.373  -32.060  16.401 0.0000000000
61834  39.764  -31.514  15.919 0.0000000000
64396  39.405  -30.612  13.471 0.0000000000
64403  39.120  -30.292  12.848 0.0000000000
171236  38.441  -30.490  12.606 0.0000000000
64410  38.836  -30.011  12.246 0.0000000000
65583  38.126  -29.607  11.270 0.0000000000
65620  36.779  -28.863  9.525 0.0000000000
149188  33.921  -33.707  15.863 0.0000000000
60509  34.220  -33.318  15.234 0.0000000000
60525  34.485  -32.902  14.591 0.0000000000
155006  33.286  -33.035  14.091 0.0000000000
154448  33.941  -32.790  14.019 0.0000000000
167282  35.240  -32.633  14.455 0.0000000000
61865  35.484  -32.177  13.731 0.0000000000
61880  35.282  -31.882  12.980 0.0000000000
61918  31.523  -31.730  11.444 0.0000000000
61917  32.251  -31.681  11.632 0.0000000000
61898  33.034  -31.698  11.798 0.0000000000
63229  32.634  -30.962  10.545 0.0000000000
63198  33.272  -31.191  11.148 0.0000000000
61896  34.296  -31.808  12.311 0.0000000000
63186  35.013  -31.686  12.387 0.0000000000
63185  35.662  -31.471  12.478 0.0000000000
176965  35.857  -31.175  12.149 0.0000000000
64414  35.972  -30.890  11.810 0.0000000000
158112  36.199  -30.393  11.251 0.0000000000
64432  34.779  -30.071  10.149 0.0000000000
64430  36.218  -29.875  10.523 0.0000000000
80372  56.404  -17.245  2.949 0.0000000000
81590  56.385  -16.932  2.242 0.0000000000
81601  56.170  -16.718  1.545 0.0000000000
80394  54.887  -17.338  1.554 0.0000000000
81602  55.518  -16.851  1.236 0.0000000000
81614  56.124  -16.430  0.838 0.0000000000
81629  55.810  -16.214  0.100 0.0000000000
82734  55.564  -16.041  -0.624 0.0000000000
82748  55.501  -15.886  -1.434 0.0000000000
162477  52.412  -19.231  0.644 0.0000000000
73715  55.607  -22.780  9.549 0.0000000000
72615  56.888  -23.588  8.474 0.0000000000
72616  56.200  -23.482  8.360 0.0000000000
53962  37.485  -37.119  25.213 0.0000000000
53986  38.933  -36.921  23.351 0.0000000000
53988  36.999  -36.915  23.997 0.0000000000
54001  37.354  -36.755  23.394 0.0000000000
55284  37.401  -36.378  22.179 0.0000000000
55303  34.043  -35.408  21.887 0.0000000000
56531  43.052  -35.798  25.408 0.0000000000
56569  30.361  -34.487  23.169 0.0000000000
56579  39.961  -35.906  22.002 0.0000000000
57738  29.871  -34.140  30.915 0.0000000000
57773  29.315  -34.557  28.170 0.0000000000
57775  27.474  -34.013  28.383 0.0000000000
57797  27.791  -34.435  26.954 0.0000000000
57806  28.118  -34.610  25.348 0.0000000000
57817  26.717  -34.354  25.243 0.0000000000
57828  27.330  -34.207  23.999 0.0000000000
57865  30.444  -34.383  20.735 0.0000000000
57889  35.312  -35.253  18.489 0.0000000000
57893  30.332  -34.605  18.964 0.0000000000
57906  33.979  -35.030  18.412 0.0000000000
57925  29.930  -34.563  17.847 0.0000000000
59055  18.121  -33.150  31.297 0.0000000000
59061  28.049  -33.721  30.193 0.0000000000
59083  26.302  -33.765  28.304 0.0000000000
59102  25.424  -33.865  26.534 0.0000000000
59122  25.477  -33.981  24.982 0.0000000000
59147  23.395  -33.046  23.127 0.0000000000
59153  44.871  -33.590  22.843 0.0000000000
59156  27.320  -33.486  22.037 0.0000000000
59170  29.225  -33.871  20.911 0.0000000000
59174  25.830  -33.343  21.668 0.0000000000
59182  43.868  -33.575  20.273 0.0000000000
59203  28.925  -33.876  19.584 0.0000000000
59237  35.935  -33.626  16.431 0.0000000000
59241  32.179  -34.154  16.102 0.0000000000
59251  34.697  -33.573  15.859 0.0000000000
59256  29.859  -33.987  15.383 0.0000000000
59287  24.442  -33.129  13.349 0.0000000000
59315  26.339  -33.545  11.909 0.0000000000
59316  25.279  -34.295  12.093 0.0000000000
60254  18.479  -32.910  34.376 0.0000000000
60262  19.029  -32.521  33.087 0.0000000000
60277  26.663  -32.923  31.802 0.0000000000
60279  19.057  -32.325  31.509 0.0000000000
60292  26.002  -33.242  30.088 0.0000000000
60301  25.248  -33.194  29.124 0.0000000000
60342  23.742  -33.089  26.575 0.0000000000
60344  18.294  -32.747  26.648 0.0000000000
60356  23.351  -33.040  25.448 0.0000000000
60386  22.112  -32.293  23.190 0.0000000000
60387  20.039  -32.007  23.408 0.0000000000
60390  45.875  -32.749  23.522 0.0000000000
60408  24.233  -33.299  21.695 0.0000000000
60420  23.012  -32.666  21.278 0.0000000000
60451  24.729  -32.494  19.414 0.0000000000
60495  37.545  -33.007  16.487 0.0000000000
60565  33.751  -32.221  12.818 0.0000000000
60574  25.599  -32.972  12.887 0.0000000000
60593  28.257  -32.782  12.287 0.0000000000
60608  28.117  -32.940  10.812 0.0000000000
60622  27.783  -33.294  10.510 0.0000000000
61539  27.480  -31.864  34.529 0.0000000000
61540  26.770  -31.453  34.223 0.0000000000
61561  19.911  -31.672  33.101 0.0000000000
61572  24.781  -31.415  31.428 0.0000000000
61586  19.978  -31.541  31.665 0.0000000000
61597  24.636  -32.063  30.123 0.0000000000
61652  23.742  -32.536  28.033 0.0000000000
61654  22.613  -31.333  27.491 0.0000000000
61702  21.677  -31.735  24.513 0.0000000000
61704  20.368  -31.494  24.560 0.0000000000
61798  24.698  -32.042  18.226 0.0000000000
61800  23.307  -32.092  17.996 0.0000000000
61811  25.528  -32.078  17.590 0.0000000000
61882  33.022  -32.202  12.519 0.0000000000
61921  29.279  -32.396  10.981 0.0000000000
61969  30.925  -31.972  8.414 0.0000000000
62754  31.305  -30.711  36.592 0.0000000000
62778  31.687  -30.601  36.172 0.0000000000
62827  20.974  -30.737  33.754 0.0000000000
62844  24.915  -30.716  32.617 0.0000000000
62847  22.068  -30.290  32.564 0.0000000000
62849  20.272  -31.306  32.799 0.0000000000
62863  23.348  -30.190  31.640 0.0000000000
62892  22.028  -30.593  29.998 0.0000000000
62906  21.253  -30.801  29.156 0.0000000000
62966  20.353  -31.208  25.639 0.0000000000
63002  46.936  -31.137  23.474 0.0000000000
63050  45.212  -31.565  19.807 0.0000000000
63139  41.358  -30.759  15.765 0.0000000000
63141  40.130  -31.110  15.290 0.0000000000
63246  30.971  -31.354  9.210 0.0000000000
64080  23.155  -30.040  32.882 0.0000000000
64343  42.720  -30.198  16.786 0.0000000000
67885  47.211  -27.286  19.490 0.0000000000
69248  40.644  -26.164  8.739 0.0000000000
70389  41.769  -25.580  8.699 0.0000000000
71273  49.862  -24.497  22.083 0.0000000000
72581  47.493  -23.474  10.146 0.0000000000
73564  49.672  -23.506  21.278 0.0000000000
73693  48.618  -22.345  12.388 0.0000000000
73751  48.447  -23.263  9.012 0.0000000000
73783  54.063  -23.232  6.781 0.0000000000
73803  51.962  -22.404  5.441 0.0000000000
74807  51.935  -21.700  7.404 0.0000000000
75813  52.160  -20.689  8.790 0.0000000000
75831  51.748  -21.085  7.495 0.0000000000
75916  51.888  -20.899  1.107 0.0000000000
76872  52.751  -19.941  10.238 0.0000000000
76908  51.790  -20.118  6.502 0.0000000000
76918  52.095  -19.846  5.305 0.0000000000
76984  51.823  -20.456  1.391 0.0000000000
78051  52.343  -19.611  2.959 0.0000000000
80396  53.766  -17.808  1.380 0.0000000000
81600  57.171  -16.262  1.431 0.0000000000
82710  58.636  -15.483  0.816 0.0000000000
82733  56.219  -15.924  -0.320 0.0000000000
150626  28.793  -34.376  28.397 0.0000000000
150854  31.119  -34.845  29.351 0.0000000000
151227  31.201  -33.800  15.119 0.0000000000
151993  38.552  -37.119  23.876 0.0000000000
152178  56.713  -15.705  -0.745 0.0000000000
152470  30.090  -34.416  19.553 0.0000000000
152549  22.479  -30.682  29.431 0.0000000000
154291  19.780  -31.368  29.498 0.0000000000
156140  51.595  -21.251  6.326 0.0000000000
156450  25.552  -32.760  30.456 0.0000000000
157662  24.454  -30.230  33.064 0.0000000000
157995  26.057  -33.935  23.736 0.0000000000
158113  41.633  -27.672  13.180 0.0000000000
161810  31.161  -34.579  22.123 0.0000000000
162863  35.519  -36.037  22.150 0.0000000000
162903  23.752  -30.526  31.247 0.0000000000
163604  56.701  -16.593  1.733 0.0000000000
163963  22.896  -31.926  27.133 0.0000000000
165779  25.794  -33.873  12.051 0.0000000000
165993  52.667  -22.773  6.194 0.0000000000
167324  44.920  -24.640  9.062 0.0000000000
168548  18.674  -32.355  26.610 0.0000000000
168608  18.125  -33.211  31.758 0.0000000000
170889  33.229  -34.660  17.518 0.0000000000
170971  25.910  -32.213  15.093 0.0000000000
171059  29.936  -34.411  16.636 0.0000000000
172454  32.917  -34.907  21.928 0.0000000000
172939  40.918  -30.268  14.726 0.0000000000
173210  19.527  -31.781  30.752 0.0000000000
175535  29.491  -31.557  37.191 0.0000000000
175566  49.787  -23.918  21.528 0.0000000000
175611  21.601  -30.401  33.194 0.0000000000
176534  53.243  -21.965  8.579 0.0000000000
177887  55.924  -20.748  17.232 0.0000000000
178137  24.105  -32.972  27.738 0.0000000000
178162  56.680  -15.854  -0.168 0.0000000000
179690  27.140  -32.960  12.784 0.0000000000
