#!ascii label  , from subject sub-v2s2x29086_ses-1 vox2ras=TkReg
1909
7755  -9.447  -69.275  -20.672 0.5000000000
157038  -11.944  -70.265  -22.674 0.5000000000
142435  -12.555  -70.244  -22.767 0.5000000000
7251  -13.452  -71.035  -23.076 0.5000000000
7208  -9.281  -70.618  -19.311 0.5000000000
7218  -9.135  -69.881  -20.041 0.5000000000
7219  -9.818  -69.613  -20.196 0.5000000000
7756  -10.162  -69.085  -20.583 0.5000000000
7757  -10.903  -69.109  -20.316 0.6000000238
8290  -10.755  -68.864  -21.397 0.5000000000
6729  -14.144  -71.284  -23.283 0.5000000000
7783  -11.466  -69.762  -22.383 0.5000000000
154844  -12.126  -69.589  -22.509 0.6000000238
7252  -14.083  -70.499  -22.978 0.6000000238
8302  -13.010  -68.597  -22.505 0.6000000238
6730  -14.792  -70.878  -22.991 0.6999999881
150523  -13.505  -69.237  -22.735 0.6999999881
7253  -14.643  -69.836  -22.807 0.6999999881
138387  -14.822  -68.962  -22.753 0.6999999881
7254  -15.211  -70.298  -22.636 0.6999999881
7209  -9.971  -70.300  -19.609 0.5000000000
7742  -10.468  -69.739  -19.965 0.6000000238
160091  -10.358  -70.706  -19.280 0.6000000238
7743  -11.260  -69.904  -19.672 0.6000000238
8291  -11.342  -68.588  -21.605 0.5000000000
6742  -15.498  -71.321  -23.437 0.5000000000
6196  -16.252  -71.472  -23.663 0.5000000000
6173  -16.169  -71.945  -22.396 0.6999999881
153642  -15.763  -71.287  -23.295 0.6999999881
6732  -15.942  -71.359  -23.029 0.6999999881
7774  -11.702  -69.044  -22.041 0.6000000238
8293  -12.585  -68.149  -22.018 0.6999999881
6717  -15.667  -71.376  -21.985 0.6999999881
8303  -13.748  -68.329  -22.663 0.6999999881
7241  -15.592  -70.516  -22.021 0.6999999881
149520  -15.307  -68.405  -22.743 0.6999999881
7786  -15.335  -69.446  -22.595 0.6999999881
160369  -15.471  -70.001  -22.301 0.6999999881
7227  -15.917  -70.301  -21.441 0.6999999881
8294  -15.903  -68.860  -22.365 0.6999999881
7766  -16.240  -69.940  -21.424 0.6999999881
7776  -16.441  -69.325  -21.836 0.6999999881
6667  -9.352  -71.125  -18.627 0.5000000000
6668  -10.141  -71.258  -18.536 0.6000000238
149187  -10.887  -71.334  -18.348 0.6000000238
7210  -11.234  -70.653  -19.269 0.6000000238
149911  -12.357  -70.781  -18.813 0.6000000238
7758  -11.660  -69.116  -20.036 0.6000000238
7744  -11.980  -69.740  -19.553 0.6000000238
8286  -11.766  -68.202  -21.106 0.6000000238
136119  -16.601  -72.547  -22.132 0.6999999881
8830  -12.146  -67.976  -21.557 0.6999999881
6172  -15.748  -72.155  -21.542 0.6999999881
5654  -16.499  -73.302  -21.557 0.6999999881
5115  -16.609  -73.879  -20.934 0.6999999881
8831  -12.858  -67.528  -21.632 0.6999999881
5668  -15.945  -72.757  -21.548 0.6999999881
156021  -17.254  -74.613  -19.869 0.6999999881
8842  -13.267  -67.838  -22.284 0.6999999881
138219  -13.604  -67.248  -21.982 0.6999999881
6704  -15.743  -71.783  -21.080 0.6999999881
5653  -16.031  -73.319  -20.831 0.6999999881
5102  -16.430  -73.824  -20.183 0.6999999881
8843  -13.992  -67.554  -22.517 0.6999999881
134633  -15.799  -70.959  -21.283 0.6999999881
6144  -16.221  -72.572  -20.011 0.6999999881
7228  -16.284  -70.514  -20.993 0.6999999881
149550  -15.978  -71.360  -20.680 0.6999999881
8305  -15.976  -67.942  -22.683 0.6999999881
6705  -16.702  -71.050  -20.499 0.6999999881
8295  -16.576  -68.484  -22.372 0.6999999881
7229  -17.146  -70.390  -20.901 0.6999999881
7777  -17.111  -69.088  -21.839 0.6999999881
156561  -9.652  -71.366  -18.066 0.5000000000
6647  -10.228  -71.425  -17.806 0.6000000238
6648  -11.033  -71.410  -17.407 0.6000000238
157970  -10.162  -71.437  -16.993 0.5000000000
6649  -11.963  -71.364  -17.483 0.6000000238
139364  -8.511  -71.494  -16.339 0.5000000000
160874  -9.663  -71.449  -16.782 0.5000000000
6669  -12.188  -71.178  -18.230 0.6000000238
6624  -12.442  -71.371  -16.817 0.6000000238
7194  -13.026  -70.484  -18.657 0.6000000238
6650  -12.812  -71.200  -17.625 0.6000000238
7745  -12.478  -69.099  -19.722 0.6000000238
137099  -12.024  -68.416  -20.423 0.6999999881
8268  -13.248  -68.771  -19.617 0.6999999881
8821  -13.105  -67.565  -20.875 0.6999999881
8278  -12.779  -68.244  -20.235 0.6999999881
4582  -17.392  -74.604  -19.196 0.6999999881
8832  -14.025  -66.839  -21.611 0.6999999881
8822  -13.961  -67.244  -20.815 0.6999999881
5089  -17.042  -74.073  -19.136 0.6999999881
158286  -17.748  -74.669  -18.552 0.6999999881
9395  -14.818  -66.718  -22.045 0.6999999881
5616  -16.669  -73.042  -19.488 0.6999999881
4568  -17.484  -74.174  -18.619 0.6999999881
4584  -18.883  -75.517  -18.737 0.6999999881
9404  -15.972  -66.975  -22.607 0.6000000238
6145  -16.948  -72.282  -19.737 0.6999999881
5597  -17.167  -73.504  -18.854 0.6999999881
5582  -18.457  -73.683  -17.725 0.6999999881
4556  -18.475  -74.717  -17.663 0.6999999881
4570  -18.802  -75.274  -17.804 0.6999999881
6693  -17.340  -71.585  -20.142 0.6999999881
146196  -18.054  -71.992  -19.826 0.6000000238
6134  -18.477  -72.339  -19.251 0.6999999881
5617  -18.055  -72.921  -18.624 0.6999999881
8296  -17.385  -68.216  -22.574 0.6000000238
7767  -16.782  -69.832  -21.337 0.6999999881
7768  -17.651  -69.763  -21.476 0.6999999881
6706  -17.661  -70.939  -20.549 0.6999999881
6694  -18.281  -71.369  -20.353 0.6000000238
6146  -18.914  -71.949  -19.794 0.6000000238
136706  -17.743  -69.012  -22.068 0.6000000238
7230  -18.034  -70.471  -21.051 0.6000000238
6707  -18.404  -70.932  -20.795 0.5000000000
147083  -18.843  -71.626  -20.192 0.5000000000
6695  -19.561  -71.813  -20.260 0.5000000000
7778  -18.500  -69.461  -22.180 0.6000000238
7231  -18.761  -70.684  -21.326 0.5000000000
145313  -10.762  -71.423  -16.460 0.6000000238
150382  -10.574  -71.420  -15.720 0.6000000238
148011  -12.871  -71.392  -16.191 0.5000000000
142787  -12.606  -71.396  -15.448 0.6999999881
145979  -9.818  -71.436  -16.122 0.5000000000
6597  -9.203  -71.450  -15.226 0.6000000238
6598  -10.015  -71.408  -15.138 0.6000000238
6074  -7.766  -71.462  -14.458 0.6000000238
6596  -8.353  -71.545  -15.357 0.6000000238
150735  -13.492  -71.352  -16.294 0.4000000060
6574  -8.597  -71.373  -14.402 0.6000000238
6651  -13.618  -71.048  -17.380 0.5000000000
7175  -13.343  -70.823  -18.077 0.6000000238
7728  -13.349  -69.866  -18.915 0.6000000238
8279  -13.562  -68.034  -20.117 0.6999999881
7746  -13.654  -69.240  -19.146 0.6000000238
9384  -14.709  -66.772  -21.210 0.6999999881
9396  -15.696  -66.605  -22.169 0.6000000238
9385  -15.438  -66.512  -21.478 0.6000000238
8845  -16.160  -67.301  -22.786 0.6000000238
5618  -18.995  -72.623  -18.699 0.6000000238
5599  -18.650  -73.173  -18.060 0.6000000238
5057  -18.699  -74.153  -17.411 0.6999999881
4557  -18.964  -74.769  -17.185 0.6999999881
4075  -19.465  -75.507  -17.173 0.6999999881
8306  -16.710  -67.609  -22.783 0.6000000238
6135  -19.368  -72.224  -19.459 0.6000000238
4076  -19.960  -76.197  -16.963 0.6999999881
8297  -18.215  -68.512  -22.632 0.6000000238
6708  -19.069  -71.259  -20.824 0.4000000060
6147  -20.150  -72.267  -19.799 0.4000000060
6136  -19.870  -72.591  -18.989 0.5000000000
5619  -19.538  -73.016  -18.203 0.6000000238
158330  -19.853  -73.904  -17.083 0.6000000238
4061  -20.059  -75.571  -16.423 0.6000000238
8298  -18.967  -68.729  -22.948 0.5000000000
7779  -19.346  -69.581  -22.811 0.5000000000
7243  -19.051  -70.255  -22.050 0.5000000000
7232  -19.452  -70.942  -21.696 0.5000000000
6137  -20.647  -72.714  -19.364 0.4000000060
5600  -20.869  -73.384  -18.338 0.6000000238
6577  -11.520  -71.367  -14.417 0.6000000238
142774  -11.814  -71.408  -15.230 0.6000000238
6579  -13.123  -71.388  -14.945 0.6000000238
6575  -9.419  -71.343  -14.395 0.6000000238
6576  -10.200  -71.326  -14.329 0.5000000000
6559  -9.947  -70.557  -13.163 0.6000000238
7084  -9.624  -70.058  -12.926 0.6000000238
6601  -13.335  -71.387  -15.668 0.6000000238
149309  -8.050  -70.979  -13.901 0.6999999881
7630  -8.668  -69.575  -13.487 0.6000000238
8179  -9.176  -69.042  -13.577 0.6000000238
6652  -14.366  -70.911  -17.137 0.5000000000
6602  -14.095  -71.356  -15.941 0.6000000238
7664  -7.345  -69.766  -14.338 0.6000000238
135980  -8.731  -69.013  -14.003 0.6999999881
7176  -14.027  -70.576  -17.766 0.5000000000
8194  -7.804  -69.328  -14.366 0.6999999881
7196  -14.434  -69.978  -18.083 0.6000000238
143000  -8.097  -68.898  -15.102 0.6000000238
8280  -14.416  -67.917  -19.935 0.6000000238
7747  -14.281  -69.079  -18.984 0.6000000238
8813  -15.357  -67.868  -19.769 0.6000000238
8823  -14.910  -67.244  -20.442 0.6000000238
9386  -16.235  -66.440  -21.654 0.6000000238
9398  -17.344  -66.658  -22.402 0.6000000238
8847  -19.065  -67.253  -23.107 0.6000000238
8838  -17.493  -67.336  -22.948 0.6000000238
8848  -19.811  -67.394  -23.207 0.6000000238
5059  -20.620  -74.009  -17.126 0.6000000238
5042  -21.023  -74.463  -16.558 0.6000000238
4544  -20.684  -74.866  -16.145 0.6000000238
7787  -19.730  -68.713  -23.333 0.5000000000
7244  -19.842  -70.433  -22.679 0.5000000000
3528  -21.426  -76.523  -15.728 0.6000000238
5620  -21.105  -73.162  -18.965 0.4000000060
5060  -21.479  -74.160  -17.217 0.6000000238
5043  -21.824  -74.631  -16.681 0.6000000238
6560  -11.222  -71.133  -13.587 0.6000000238
155915  -11.295  -70.729  -12.960 0.5000000000
6547  -11.990  -71.001  -13.148 0.6000000238
6548  -12.928  -71.084  -13.131 0.5000000000
146405  -10.410  -71.049  -13.654 0.6000000238
7069  -10.854  -70.031  -12.432 0.6000000238
155751  -11.937  -71.283  -13.902 0.5000000000
6561  -12.600  -71.286  -13.814 0.5000000000
137758  -13.576  -71.378  -14.462 0.5000000000
7632  -10.019  -69.683  -12.801 0.5000000000
6546  -10.678  -70.668  -13.077 0.6000000238
8180  -9.816  -68.887  -13.471 0.5000000000
6580  -13.830  -71.394  -15.130 0.6000000238
8212  -8.898  -68.747  -15.567 0.6999999881
142050  -9.398  -68.729  -15.112 0.6000000238
8213  -9.785  -68.708  -16.019 0.6000000238
7713  -15.355  -69.914  -17.860 0.5000000000
8251  -8.145  -68.566  -17.117 0.5000000000
8230  -9.065  -68.709  -16.305 0.6999999881
7730  -14.923  -69.337  -18.507 0.5000000000
8824  -15.757  -67.251  -20.305 0.5000000000
9375  -16.038  -66.713  -20.940 0.6000000238
141006  -18.516  -66.566  -22.127 0.6000000238
137323  -17.839  -66.509  -21.929 0.5000000000
9400  -19.210  -66.720  -22.331 0.6000000238
9407  -18.633  -66.862  -22.705 0.6000000238
5621  -21.807  -73.385  -19.224 0.5000000000
5602  -22.261  -73.742  -18.682 0.5000000000
5044  -22.513  -74.899  -16.855 0.6000000238
4077  -22.738  -75.996  -16.689 0.6000000238
7070  -11.407  -70.091  -12.251 0.6000000238
7087  -11.681  -70.474  -12.482 0.6000000238
8148  -10.873  -69.294  -12.645 0.6000000238
6549  -13.861  -71.194  -13.225 0.5000000000
8164  -10.292  -69.169  -12.940 0.6000000238
142958  -10.592  -68.828  -13.417 0.6999999881
160267  -15.180  -71.453  -15.044 0.6000000238
144951  -10.111  -68.698  -15.032 0.6000000238
8196  -10.311  -68.704  -14.154 0.6000000238
6603  -14.833  -71.353  -15.902 0.6000000238
8763  -10.086  -68.488  -17.033 0.6000000238
8231  -10.536  -68.604  -16.476 0.6000000238
7177  -14.823  -70.445  -17.509 0.5000000000
8269  -15.895  -68.386  -19.166 0.5000000000
139230  -8.703  -68.285  -17.659 0.5000000000
8786  -9.407  -68.390  -17.400 0.6000000238
137035  -16.888  -66.654  -21.064 0.5000000000
9366  -18.271  -66.677  -20.609 0.6000000238
143121  -17.684  -66.541  -21.195 0.5000000000
9390  -19.674  -66.842  -21.822 0.5000000000
9408  -19.473  -67.060  -22.821 0.5000000000
5090  -22.925  -73.922  -18.878 0.6000000238
5063  -23.418  -74.595  -18.057 0.6000000238
8149  -11.459  -69.176  -12.381 0.6000000238
7071  -12.123  -70.158  -12.044 0.5000000000
7072  -12.921  -70.300  -11.876 0.5000000000
8166  -11.937  -68.779  -12.727 0.6999999881
6538  -13.347  -70.805  -12.459 0.5000000000
138474  -11.749  -68.641  -14.239 0.6999999881
8181  -11.393  -68.708  -13.439 0.6000000238
6550  -14.635  -71.153  -13.024 0.5000000000
8197  -11.063  -68.678  -14.868 0.6000000238
6564  -14.678  -71.353  -13.769 0.5000000000
6604  -16.089  -71.420  -15.699 0.6000000238
145813  -11.483  -68.271  -16.982 0.6999999881
6629  -16.301  -71.248  -16.278 0.6000000238
8788  -11.230  -67.857  -17.442 0.6000000238
7178  -15.730  -70.452  -17.331 0.6000000238
9354  -10.383  -66.720  -18.809 0.6999999881
8807  -10.120  -67.509  -18.151 0.6999999881
8262  -15.654  -68.901  -18.710 0.5000000000
7714  -16.278  -69.955  -17.661 0.5000000000
8806  -9.324  -67.779  -18.148 0.6000000238
8270  -16.615  -68.240  -19.128 0.5000000000
9365  -9.208  -66.305  -19.528 0.5000000000
8815  -17.044  -67.780  -19.480 0.6000000238
8825  -16.721  -67.188  -20.240 0.5000000000
9364  -8.463  -66.291  -19.666 0.6000000238
9376  -17.583  -66.861  -20.439 0.5000000000
9389  -18.987  -66.550  -21.631 0.6000000238
8828  -20.087  -67.243  -21.118 0.5000000000
8150  -12.266  -69.000  -12.016 0.6999999881
7598  -12.755  -69.225  -11.545 0.5000000000
7617  -12.709  -69.741  -11.669 0.5000000000
8728  -13.574  -68.188  -14.113 0.8000000119
139071  -12.677  -68.442  -13.125 0.6999999881
7073  -13.780  -70.486  -11.813 0.5000000000
6539  -14.217  -70.898  -12.465 0.5000000000
8753  -13.279  -68.372  -15.771 0.6999999881
8199  -12.775  -68.543  -14.431 0.6999999881
8182  -12.262  -68.535  -13.599 0.8000000119
8198  -12.084  -68.669  -15.080 0.6999999881
6540  -15.070  -70.944  -12.463 0.5000000000
8790  -12.647  -67.374  -17.071 0.6999999881
8766  -12.764  -68.022  -16.544 0.6999999881
6582  -15.788  -71.434  -14.901 0.6000000238
6551  -15.361  -71.203  -13.174 0.5000000000
152738  -11.856  -66.601  -18.290 0.6000000238
9340  -11.565  -67.242  -17.815 0.6000000238
7696  -17.228  -70.181  -16.949 0.6000000238
9909  -10.794  -66.162  -19.199 0.6999999881
9355  -11.145  -66.717  -18.489 0.6999999881
8263  -16.550  -68.808  -18.570 0.6000000238
158883  -16.978  -69.943  -17.449 0.6000000238
9922  -10.199  -65.794  -19.690 0.6000000238
8808  -17.308  -68.246  -18.756 0.6000000238
9367  -18.232  -67.143  -19.732 0.6000000238
10585  -8.484  -64.906  -19.963 0.6000000238
9377  -18.914  -66.970  -20.106 0.6000000238
9378  -19.352  -66.852  -20.962 0.5000000000
9296  -13.660  -67.616  -13.544 0.6000000238
8167  -12.746  -68.448  -12.465 0.5000000000
8151  -12.944  -68.552  -11.654 0.5000000000
7059  -14.263  -70.173  -11.228 0.5000000000
8741  -13.522  -68.431  -14.984 0.8000000119
7075  -15.508  -70.537  -11.852 0.5000000000
9323  -13.205  -67.277  -16.710 0.6999999881
6583  -16.646  -71.310  -15.190 0.6000000238
11126  -9.969  -64.407  -14.305 0.6000000238
155288  -12.586  -66.394  -18.095 0.8000000119
11137  -10.514  -64.272  -15.452 0.6000000238
9924  -11.604  -65.534  -19.670 0.6999999881
9911  -12.928  -65.843  -18.733 0.8000000119
6605  -16.795  -71.198  -15.917 0.6000000238
135751  -9.904  -64.377  -17.007 0.6000000238
9923  -10.837  -65.327  -19.954 0.6000000238
160416  -17.285  -68.843  -18.125 0.6000000238
160884  -17.682  -68.294  -18.205 0.6000000238
11178  -9.840  -64.076  -19.363 0.6000000238
11189  -9.557  -64.487  -19.992 0.6000000238
10587  -10.022  -64.822  -20.212 0.6000000238
8816  -17.771  -67.628  -19.177 0.6000000238
8817  -18.416  -67.612  -18.882 0.6000000238
10586  -9.180  -64.871  -20.100 0.5000000000
8818  -19.332  -67.579  -19.425 0.5000000000
8827  -19.681  -67.390  -20.245 0.5000000000
8812  -19.694  -68.097  -18.848 0.5000000000
149409  -13.426  -67.379  -12.875 0.5000000000
8702  -13.112  -67.904  -12.273 0.5000000000
9297  -13.977  -67.286  -14.114 0.6000000238
9281  -13.755  -66.885  -13.375 0.5000000000
9314  -13.823  -67.054  -16.245 0.8000000119
9307  -14.150  -67.154  -14.923 0.6999999881
9885  -13.913  -66.159  -16.680 0.8000000119
9342  -13.025  -66.699  -17.355 0.8000000119
6566  -16.386  -71.136  -13.789 0.6000000238
7076  -16.157  -70.322  -11.957 0.5000000000
11728  -11.618  -63.527  -13.498 0.6000000238
9912  -13.591  -65.683  -18.350 0.8000000119
162140  -17.170  -70.455  -13.753 0.5000000000
11129  -11.820  -63.783  -15.024 0.6999999881
11128  -11.327  -63.899  -14.411 0.6000000238
9925  -12.380  -65.285  -19.834 0.8000000119
154733  -17.355  -70.438  -16.261 0.6000000238
7144  -17.295  -70.816  -15.539 0.6000000238
7105  -17.265  -70.515  -14.263 0.6000000238
11151  -11.316  -64.107  -16.420 0.6000000238
154236  -17.652  -68.498  -17.681 0.6000000238
7716  -17.341  -69.380  -17.440 0.6000000238
7682  -17.534  -68.854  -15.731 0.6000000238
11162  -10.252  -64.107  -18.139 0.6000000238
158489  -11.109  -64.059  -20.339 0.6000000238
10598  -12.151  -64.471  -20.657 0.5000000000
136811  -18.115  -68.009  -17.834 0.6000000238
11190  -10.420  -64.174  -20.112 0.6000000238
8811  -19.140  -67.778  -18.654 0.6000000238
135426  -18.993  -67.828  -17.996 0.6000000238
8794  -19.469  -68.140  -18.092 0.5000000000
8264  -20.088  -68.548  -18.316 0.5000000000
158218  -20.652  -68.264  -19.619 0.5000000000
8272  -21.073  -68.686  -19.246 0.5000000000
9848  -14.124  -66.423  -14.448 0.6000000238
9876  -14.095  -66.255  -15.959 0.6999999881
12332  -10.993  -62.767  -11.659 0.6000000238
11101  -11.219  -63.150  -11.988 0.6000000238
9900  -14.262  -65.505  -17.195 0.8000000119
7089  -16.678  -70.225  -12.520 0.5000000000
11719  -12.040  -62.758  -13.285 0.6000000238
10558  -14.173  -65.391  -18.007 0.8000000119
7634  -17.255  -68.999  -13.453 0.5000000000
11729  -12.269  -62.972  -13.900 0.6999999881
10590  -14.008  -64.885  -19.887 0.8000000119
7665  -17.473  -69.263  -14.952 0.6000000238
7648  -17.384  -69.781  -14.091 0.6000000238
11749  -12.775  -63.510  -16.159 0.8000000119
155530  -12.611  -64.135  -20.829 0.6999999881
8233  -17.614  -68.628  -17.003 0.6000000238
8755  -17.721  -67.948  -15.742 0.6000000238
11761  -12.755  -63.634  -17.258 0.6999999881
147627  -11.379  -63.634  -18.888 0.6999999881
11203  -12.094  -63.924  -20.710 0.6000000238
8791  -18.013  -67.978  -17.155 0.6000000238
8756  -18.281  -67.596  -15.478 0.6000000238
11179  -10.598  -63.820  -19.188 0.6000000238
8768  -18.418  -67.702  -16.585 0.5000000000
8793  -19.241  -68.038  -17.383 0.5000000000
9864  -14.225  -65.621  -14.736 0.6000000238
10486  -14.376  -64.999  -14.249 0.5000000000
12329  -8.924  -62.518  -10.666 0.6000000238
10520  -14.799  -64.809  -15.607 0.6999999881
12330  -9.813  -62.677  -10.885 0.6000000238
9886  -14.285  -65.532  -16.429 0.6999999881
10541  -15.280  -64.447  -16.719 0.6000000238
161078  -11.481  -62.085  -12.657 0.6000000238
12941  -10.420  -61.932  -12.309 0.6000000238
10559  -14.763  -65.015  -17.734 0.6000000238
11166  -15.209  -64.571  -18.218 0.6999999881
12367  -12.255  -62.244  -13.754 0.8000000119
10591  -14.741  -64.522  -19.812 0.6999999881
11182  -15.417  -64.286  -19.237 0.6000000238
11740  -12.503  -63.149  -14.685 0.8000000119
11205  -13.860  -63.849  -21.100 0.8000000119
11206  -14.681  -63.670  -21.104 0.6999999881
11762  -13.472  -63.253  -16.950 0.6999999881
11770  -13.489  -63.341  -18.035 0.6999999881
134694  -13.843  -63.021  -19.340 0.6000000238
11787  -13.887  -63.272  -20.908 0.8000000119
12929  -7.798  -61.823  -11.014 0.6000000238
12349  -8.941  -62.276  -11.580 0.6000000238
12952  -10.679  -61.652  -12.979 0.6999999881
11780  -16.465  -63.083  -19.248 0.6000000238
12953  -11.990  -61.886  -13.491 0.6999999881
12973  -11.916  -61.502  -14.616 0.6999999881
11788  -16.247  -63.258  -20.319 0.6999999881
12443  -15.952  -62.489  -21.347 0.6000000238
12395  -12.990  -62.006  -15.025 0.8000000119
13000  -13.601  -61.907  -16.250 0.6000000238
12411  -13.897  -62.306  -16.896 0.5000000000
11779  -14.494  -62.857  -21.205 0.6999999881
13046  -15.848  -61.507  -21.218 0.6999999881
13037  -16.452  -61.810  -20.820 0.6000000238
11750  -13.417  -62.905  -16.093 0.8000000119
12421  -14.362  -62.393  -18.840 0.6000000238
11778  -14.151  -62.714  -20.324 0.6000000238
13581  -7.430  -61.025  -11.052 0.6000000238
12928  -7.043  -61.619  -11.734 0.6000000238
12364  -8.520  -62.159  -12.597 0.6999999881
144428  -7.866  -62.146  -12.116 0.6000000238
12951  -9.849  -61.811  -12.986 0.6999999881
12961  -10.037  -61.656  -13.749 0.6999999881
148964  -11.149  -61.437  -14.508 0.6999999881
142766  -11.331  -61.458  -15.323 0.6000000238
11789  -16.503  -62.652  -20.473 0.6000000238
12986  -12.709  -61.528  -15.718 0.6000000238
13014  -13.816  -61.820  -17.172 0.6000000238
13027  -16.463  -61.563  -19.699 0.5000000000
13662  -15.782  -60.553  -20.878 0.6000000238
13026  -16.166  -60.593  -19.774 0.5000000000
14279  -15.126  -59.589  -18.814 0.5000000000
14298  -14.696  -59.848  -20.051 0.6000000238
14293  -15.310  -59.547  -19.587 0.5000000000
14829  -6.352  -59.044  -10.923 0.6000000238
13580  -6.683  -60.806  -11.611 0.6000000238
12347  -7.151  -62.095  -12.413 0.6999999881
13594  -6.289  -61.410  -12.176 0.6999999881
157237  -6.892  -62.150  -13.616 0.6999999881
12381  -8.373  -62.123  -13.475 0.6999999881
12970  -9.283  -61.858  -14.673 0.6000000238
12972  -10.564  -61.613  -15.274 0.5000000000
151583  -10.100  -61.880  -16.281 0.6999999881
12995  -9.253  -61.837  -17.474 0.6000000238
161020  -11.557  -61.591  -16.699 0.6000000238
139886  -11.652  -61.562  -17.977 0.6000000238
13021  -11.399  -61.265  -18.371 0.6000000238
13023  -13.525  -61.033  -19.481 0.6000000238
14297  -13.681  -59.724  -19.347 0.5000000000
14290  -13.020  -59.186  -18.766 0.5000000000
14925  -14.101  -58.808  -18.529 0.5000000000
16839  -3.041  -56.596  -9.394 0.6999999881
16121  -2.550  -56.968  -9.911 0.6999999881
16838  -2.236  -56.316  -9.712 0.6999999881
14828  -5.038  -59.168  -11.180 0.6000000238
137165  -2.477  -58.069  -10.780 0.6999999881
16847  -2.008  -56.708  -10.403 0.6999999881
17656  -1.949  -55.874  -10.807 0.6999999881
18467  -3.084  -54.558  -11.253 0.6000000238
13579  -5.936  -60.429  -11.870 0.6999999881
14827  -3.776  -59.293  -11.415 0.6999999881
14826  -2.758  -59.184  -11.851 0.6999999881
16146  -2.007  -57.099  -11.403 0.6999999881
13593  -5.529  -61.071  -12.446 0.6999999881
14207  -4.468  -59.783  -11.827 0.6999999881
14841  -2.112  -58.204  -12.105 0.6999999881
12393  -7.366  -62.120  -14.838 0.6999999881
12982  -8.107  -61.969  -16.307 0.6000000238
12983  -9.049  -62.026  -16.453 0.6000000238
13011  -9.018  -61.312  -18.087 0.6000000238
14275  -8.217  -60.231  -17.770 0.6000000238
12997  -11.040  -61.752  -17.457 0.6000000238
12996  -10.071  -61.598  -17.982 0.6000000238
13635  -9.813  -60.843  -18.263 0.6000000238
13641  -10.599  -60.425  -18.319 0.5000000000
14287  -10.586  -59.393  -18.190 0.6000000238
14908  -10.020  -58.547  -17.829 0.6000000238
141833  -12.763  -60.062  -19.013 0.5000000000
14922  -11.565  -58.892  -18.228 0.5000000000
14910  -11.956  -58.006  -18.100 0.5000000000
17617  -2.682  -55.291  -8.803 0.6999999881
17641  -2.013  -55.235  -10.456 0.6999999881
18454  -2.503  -54.563  -10.784 0.6000000238
156240  -3.619  -53.635  -11.037 0.6000000238
18468  -3.622  -54.172  -11.312 0.6000000238
17659  -4.594  -55.391  -11.367 0.4000000060
16168  -2.441  -57.288  -12.330 0.6000000238
16864  -3.038  -55.848  -11.852 0.5000000000
17658  -3.558  -54.976  -11.657 0.5000000000
17660  -5.568  -55.824  -11.013 0.4000000060
16848  -6.449  -56.210  -10.763 0.5000000000
12950  -5.934  -61.809  -13.073 0.6999999881
13592  -4.575  -60.847  -12.879 0.8000000119
157071  -2.421  -58.923  -12.394 0.6999999881
16190  -3.374  -57.842  -13.020 0.5000000000
16170  -4.006  -57.206  -12.553 0.4000000060
16891  -5.382  -56.849  -11.764 0.4000000060
16868  -6.713  -56.618  -11.249 0.4000000060
16892  -6.956  -56.768  -11.962 0.4000000060
145796  -5.434  -61.750  -13.798 0.8000000119
13607  -4.339  -60.909  -14.128 0.8000000119
14232  -3.382  -59.960  -13.323 0.8000000119
14231  -3.156  -59.545  -13.351 0.8000000119
14855  -3.219  -58.609  -13.369 0.6000000238
16191  -4.526  -57.809  -12.985 0.5000000000
16171  -5.177  -57.314  -12.346 0.4000000060
16147  -6.141  -57.016  -11.894 0.4000000060
12379  -6.590  -62.103  -14.513 0.6999999881
12392  -6.701  -61.874  -15.623 0.8000000119
12979  -6.023  -61.386  -15.820 0.6999999881
13627  -6.775  -60.979  -16.756 0.5000000000
15515  -4.939  -58.126  -13.580 0.5000000000
16193  -6.328  -57.315  -13.294 0.4000000060
16903  -7.070  -56.579  -12.989 0.4000000060
12981  -7.163  -61.718  -16.420 0.6000000238
13009  -7.779  -61.281  -17.712 0.5000000000
14267  -7.773  -60.113  -17.335 0.5000000000
14900  -8.360  -59.278  -17.255 0.6000000238
14276  -8.992  -59.487  -17.829 0.6000000238
14901  -9.324  -58.392  -17.339 0.6000000238
17616  -2.071  -54.868  -9.169 0.6000000238
19227  -2.118  -53.831  -9.215 0.5000000000
134556  -3.261  -53.317  -10.561 0.5000000000
20022  -3.845  -52.642  -10.494 0.4000000060
19257  -4.180  -53.774  -11.052 0.5000000000
18455  -4.966  -54.116  -10.765 0.5000000000
18470  -5.213  -54.960  -10.844 0.5000000000
18457  -6.585  -54.926  -10.004 0.5000000000
17644  -7.687  -55.798  -10.311 0.5000000000
17628  -8.289  -55.308  -9.824 0.5000000000
16849  -7.178  -56.254  -10.717 0.5000000000
17663  -9.228  -54.671  -10.796 0.5000000000
155746  -4.027  -60.422  -14.156 0.6999999881
14865  -3.922  -59.416  -14.078 0.6000000238
14877  -5.482  -58.747  -14.545 0.5000000000
14866  -4.608  -58.756  -14.075 0.5000000000
17661  -8.072  -55.913  -11.377 0.5000000000
18479  -8.430  -54.730  -11.906 0.5000000000
149079  -5.195  -61.565  -14.398 0.8000000119
13613  -5.061  -60.932  -15.077 0.6999999881
14256  -6.007  -60.764  -15.891 0.6000000238
15536  -5.307  -58.323  -14.099 0.5000000000
16211  -6.564  -57.322  -14.086 0.4000000060
16927  -7.077  -56.411  -14.043 0.5000000000
17677  -7.576  -56.046  -12.232 0.4000000060
18478  -7.844  -54.389  -12.528 0.5000000000
14258  -7.148  -59.904  -16.440 0.5000000000
14879  -7.136  -58.761  -15.377 0.5000000000
15555  -6.566  -58.298  -14.796 0.6000000238
16221  -6.803  -57.450  -14.588 0.5000000000
144839  -7.105  -56.674  -14.545 0.5000000000
17709  -7.226  -55.443  -14.398 0.5000000000
14899  -7.656  -59.635  -16.824 0.5000000000
146249  -7.833  -58.311  -15.844 0.5000000000
15556  -7.429  -57.760  -15.168 0.5000000000
154234  -7.350  -56.995  -14.946 0.5000000000
138833  -8.885  -58.074  -16.845 0.6000000238
15570  -8.524  -57.714  -16.300 0.6000000238
144597  -2.386  -52.756  -8.813 0.5000000000
20832  -3.461  -52.013  -9.771 0.5000000000
20021  -3.257  -52.675  -10.057 0.5000000000
141665  -4.326  -52.025  -10.406 0.4000000060
20023  -4.607  -52.653  -10.588 0.4000000060
20822  -3.124  -51.773  -9.138 0.5000000000
20833  -4.076  -51.588  -10.069 0.4000000060
19249  -5.519  -53.689  -10.287 0.5000000000
19230  -6.815  -53.618  -9.206 0.5000000000
18437  -7.951  -54.776  -9.195 0.5000000000
18438  -8.652  -54.721  -9.228 0.4000000060
18439  -9.348  -54.487  -9.390 0.4000000060
19251  -10.223  -53.577  -10.020 0.4000000060
21741  -4.379  -50.728  -10.029 0.4000000060
20834  -4.700  -51.316  -10.283 0.4000000060
20835  -5.126  -51.968  -10.241 0.4000000060
20009  -5.842  -52.400  -9.683 0.5000000000
19229  -6.034  -53.234  -9.708 0.5000000000
20010  -6.560  -52.771  -9.104 0.5000000000
20824  -5.738  -51.516  -9.735 0.4000000060
21729  -6.217  -51.130  -9.106 0.4000000060
19997  -7.028  -52.317  -8.595 0.5000000000
19998  -7.799  -52.678  -8.243 0.4000000060
19218  -8.671  -53.700  -8.331 0.4000000060
18426  -9.682  -53.968  -8.745 0.4000000060
18427  -10.311  -53.629  -8.779 0.4000000060
23538  -4.842  -49.380  -9.940 0.4000000060
22631  -4.865  -50.007  -10.117 0.4000000060
21743  -5.297  -51.025  -10.200 0.4000000060
24443  -5.632  -47.602  -9.645 0.4000000060
143992  -5.864  -48.069  -9.591 0.4000000060
22620  -6.186  -50.231  -9.059 0.4000000060
160960  -6.759  -50.272  -8.492 0.4000000060
145141  -7.283  -50.875  -8.212 0.5000000000
19983  -8.062  -52.114  -7.925 0.5000000000
19984  -8.496  -52.651  -7.879 0.4000000060
19206  -9.684  -53.249  -7.789 0.4000000060
22609  -7.274  -49.887  -8.090 0.4000000060
21704  -8.607  -50.669  -7.462 0.4000000060
20787  -9.747  -51.402  -7.089 0.4000000060
19985  -9.274  -52.593  -7.532 0.4000000060
157713  -10.308  -53.179  -7.830 0.4000000060
25340  -5.108  -46.609  -9.043 0.4000000060
26281  -5.676  -46.628  -9.074 0.3000000119
146101  -6.403  -48.470  -8.661 0.3000000119
22608  -6.516  -49.402  -8.621 0.4000000060
26249  -5.879  -45.645  -7.545 0.4000000060
151724  -6.039  -46.664  -8.760 0.3000000119
25329  -6.156  -47.266  -8.427 0.3000000119
24422  -6.454  -48.208  -8.014 0.4000000060
24391  -7.450  -48.080  -6.362 0.5000000000
22584  -9.096  -49.465  -6.898 0.4000000060
22600  -9.200  -50.197  -7.097 0.4000000060
21690  -9.978  -50.635  -6.915 0.4000000060
20801  -12.389  -51.491  -7.689 0.3000000119
25303  -7.641  -47.459  -5.592 0.5000000000
25304  -8.489  -47.550  -5.489 0.5000000000
23488  -9.693  -49.033  -6.509 0.4000000060
22586  -10.563  -50.000  -6.733 0.4000000060
147010  -11.392  -50.244  -6.692 0.3000000119
147539  -5.433  -45.532  -8.412 0.4000000060
27222  -5.581  -45.225  -6.158 0.4000000060
26234  -5.896  -45.919  -6.528 0.4000000060
25301  -6.290  -46.598  -6.058 0.5000000000
24390  -7.023  -47.590  -6.201 0.5000000000
27204  -5.493  -45.405  -5.150 0.4000000060
26224  -6.539  -46.440  -5.285 0.5000000000
26204  -7.534  -46.289  -4.985 0.5000000000
25287  -7.947  -46.957  -5.168 0.4000000060
25305  -9.705  -47.543  -5.790 0.4000000060
23490  -11.098  -49.368  -6.672 0.3000000119
27182  -7.171  -45.581  -4.766 0.3000000119
27183  -7.798  -45.761  -5.035 0.3000000119
26225  -9.088  -46.576  -5.566 0.3000000119
27237  -5.620  -44.850  -7.708 0.4000000060
140468  -4.977  -44.485  -3.840 0.3000000119
135708  -5.742  -43.881  -3.844 0.4000000060
25316  -10.372  -47.351  -6.276 0.3000000119
144962  -4.537  -43.656  -3.365 0.3000000119
133926  -5.050  -42.745  -3.877 0.3000000119
6599  -11.311  -71.413  -15.854 0.6000000238
142731  -10.906  -71.399  -14.991 0.5000000000
13045  -14.992  -60.916  -20.923 0.6000000238
13024  -14.029  -61.633  -19.033 0.6000000238
7250  -12.190  -70.940  -22.889 0.5000000000
8285  -11.275  -68.529  -21.241 0.5000000000
7785  -13.961  -69.785  -22.841 0.6999999881
6731  -15.430  -70.990  -22.747 0.6999999881
8304  -14.584  -68.081  -22.742 0.6999999881
7775  -15.863  -69.745  -21.965 0.6999999881
159480  -13.070  -69.424  -19.303 0.5000000000
6691  -15.854  -72.167  -20.512 0.6999999881
9403  -15.299  -66.968  -22.579 0.6999999881
8844  -15.403  -67.457  -22.778 0.6999999881
6692  -16.395  -71.804  -20.198 0.6999999881
6600  -12.118  -71.402  -16.034 0.6000000238
6133  -17.488  -72.661  -19.206 0.6999999881
7242  -18.422  -70.149  -21.579 0.5000000000
6558  -8.884  -70.943  -13.816 0.6999999881
9405  -16.845  -67.012  -22.676 0.6000000238
5584  -20.202  -73.480  -17.755 0.6000000238
4543  -20.208  -74.977  -16.345 0.6000000238
8307  -18.002  -67.750  -22.926 0.5000000000
7780  -20.144  -69.447  -23.378 0.5000000000
5601  -21.512  -73.562  -18.518 0.5000000000
7103  -9.227  -70.426  -13.312 0.6000000238
142639  -7.857  -69.948  -13.824 0.6999999881
7159  -15.193  -70.889  -16.940 0.6000000238
9387  -17.076  -66.493  -21.805 0.5000000000
9406  -17.782  -66.949  -22.710 0.5000000000
8846  -18.279  -67.225  -23.002 0.5000000000
8309  -19.407  -67.931  -23.252 0.5000000000
4062  -21.659  -75.670  -15.865 0.6000000238
5061  -22.299  -74.362  -17.339 0.6000000238
5622  -22.551  -73.628  -19.409 0.5000000000
8215  -11.582  -68.662  -15.782 0.6000000238
141603  -16.688  -70.734  -13.301 0.5000000000
135490  -9.876  -64.489  -15.947 0.6000000238
152824  -9.049  -64.284  -19.409 0.6000000238
9356  -18.813  -67.418  -19.203 0.6000000238
138088  -10.594  -64.285  -16.248 0.6000000238
10577  -13.346  -65.323  -19.359 0.8000000119
155278  -11.389  -64.061  -17.126 0.6000000238
8767  -17.851  -67.954  -16.442 0.6000000238
11180  -11.065  -63.728  -19.938 0.6000000238
8792  -18.658  -67.764  -17.372 0.6000000238
11193  -15.158  -64.064  -20.460 0.8000000119
8200  -17.528  -68.227  -15.064 0.6000000238
11799  -12.725  -63.775  -20.858 0.6000000238
11181  -11.806  -63.534  -19.732 0.6999999881
11771  -13.995  -62.920  -17.684 0.6000000238
13013  -12.969  -61.430  -17.519 0.6000000238
12434  -14.561  -62.183  -20.437 0.6999999881
137068  -13.789  -61.567  -18.247 0.6000000238
14291  -14.468  -59.317  -19.278 0.5000000000
12994  -8.282  -61.751  -17.308 0.5000000000
13022  -12.826  -61.227  -18.876 0.6000000238
15603  -12.829  -58.024  -18.103 0.5000000000
16122  -3.569  -57.100  -9.515 0.6999999881
14813  -4.289  -58.718  -10.749 0.6000000238
15461  -2.075  -57.778  -11.109 0.6999999881
14206  -3.385  -59.755  -12.133 0.8000000119
15513  -2.632  -58.238  -12.961 0.6000000238
19245  -2.131  -54.063  -9.753 0.6000000238
16865  -3.965  -55.896  -11.827 0.5000000000
16889  -3.476  -56.530  -12.180 0.5000000000
17689  -7.372  -55.662  -13.170 0.5000000000
19228  -2.559  -53.362  -9.779 0.5000000000
140185  -8.300  -55.759  -10.601 0.5000000000
14246  -4.787  -60.263  -14.922 0.6000000238
14248  -6.108  -60.065  -15.603 0.6000000238
15569  -8.093  -57.466  -15.759 0.5000000000
20823  -3.810  -51.258  -9.599 0.5000000000
19231  -7.581  -54.003  -8.856 0.5000000000
20810  -6.343  -51.947  -9.065 0.6000000238
24441  -4.676  -48.211  -9.502 0.4000000060
23540  -5.513  -48.332  -9.971 0.4000000060
22619  -5.688  -49.740  -9.883 0.4000000060
25341  -6.083  -47.068  -8.977 0.3000000119
137961  -6.060  -49.357  -9.358 0.4000000060
138971  -8.072  -51.332  -7.795 0.5000000000
20798  -8.609  -52.000  -7.646 0.4000000060
23516  -7.027  -48.995  -7.862 0.4000000060
22598  -7.847  -49.515  -7.527 0.4000000060
20799  -10.782  -52.205  -7.143 0.4000000060
20800  -11.602  -52.055  -7.528 0.4000000060
26235  -6.115  -46.488  -7.096 0.3000000119
136752  -6.541  -47.846  -7.161 0.5000000000
23502  -7.176  -48.515  -7.187 0.4000000060
23487  -8.928  -48.878  -6.467 0.5000000000
160798  -7.726  -48.963  -7.211 0.4000000060
20789  -11.292  -51.542  -6.984 0.4000000060
147645  -9.143  -47.216  -5.530 0.5000000000
23475  -9.360  -48.540  -6.192 0.4000000060
23489  -10.453  -48.687  -6.408 0.4000000060
26202  -6.102  -45.855  -4.911 0.5000000000
27165  -5.590  -44.988  -3.996 0.5000000000
26203  -6.850  -46.039  -4.879 0.4000000060
26226  -9.699  -46.906  -5.925 0.4000000060
154321  -6.824  -44.856  -4.574 0.4000000060
133920  -5.276  -43.337  -3.632 0.3000000119
134276  -5.821  -43.139  -4.231 0.3000000119
134636  -6.518  -43.927  -4.566 0.3000000119
2390  -19.492  -79.824  -17.902 0.5000000000
2024  -19.277  -80.081  -17.049 0.5000000000
2006  -19.607  -80.906  -15.902 0.5000000000
2363  -19.814  -80.082  -15.927 0.5000000000
1666  -19.939  -81.480  -15.688 0.5000000000
2007  -20.267  -80.668  -15.652 0.5000000000
1366  -20.832  -82.111  -15.962 0.6000000238
2378  -19.709  -79.183  -17.774 0.5000000000
2377  -19.513  -79.368  -17.102 0.5000000000
2371  -19.614  -79.665  -16.421 0.5000000000
2364  -20.345  -79.748  -15.663 0.5000000000
1375  -21.371  -82.113  -16.589 0.6000000238
2014  -21.342  -80.533  -15.936 0.6000000238
1673  -21.238  -81.333  -16.076 0.6000000238
2750  -20.360  -78.784  -18.947 0.4000000060
4127  -20.767  -75.711  -21.292 0.4000000060
4115  -20.783  -75.970  -20.462 0.4000000060
3598  -21.166  -76.653  -20.560 0.5000000000
3121  -21.309  -77.393  -20.346 0.5000000000
2762  -21.192  -78.129  -20.132 0.5000000000
3111  -21.009  -77.488  -19.535 0.5000000000
3584  -20.628  -76.920  -18.924 0.5000000000
2751  -20.802  -78.144  -19.281 0.5000000000
3100  -20.379  -78.094  -18.485 0.5000000000
1087  -21.840  -82.267  -17.544 0.6000000238
1388  -21.996  -82.773  -18.750 0.6000000238
140930  -20.087  -78.108  -17.630 0.5000000000
140796  -19.820  -78.894  -16.516 0.5000000000
136975  -20.009  -78.175  -16.805 0.5000000000
1680  -22.129  -81.490  -17.552 0.6000000238
2372  -20.075  -79.175  -15.938 0.5000000000
2009  -21.355  -79.932  -15.838 0.6000000238
143402  -21.742  -80.777  -16.428 0.6000000238
1389  -22.362  -82.334  -19.398 0.6000000238
2025  -22.537  -80.306  -17.612 0.6000000238
1693  -22.669  -81.418  -19.068 0.6000000238
1398  -22.621  -82.129  -20.084 0.6999999881
2037  -22.803  -80.530  -18.483 0.6000000238
1704  -22.905  -81.315  -20.026 0.6999999881
5125  -18.718  -73.822  -22.156 0.6000000238
4611  -18.611  -74.683  -20.832 0.6000000238
4597  -18.066  -74.914  -19.888 0.6000000238
4613  -20.230  -75.158  -21.493 0.5000000000
4599  -20.279  -75.466  -20.506 0.5000000000
4598  -19.621  -75.510  -19.656 0.6000000238
3597  -20.702  -76.314  -19.579 0.5000000000
4114  -20.380  -75.788  -19.829 0.5000000000
148679  -20.202  -76.342  -18.568 0.5000000000
3575  -20.295  -77.374  -18.002 0.5000000000
4090  -20.106  -76.662  -17.870 0.5000000000
3088  -20.110  -77.602  -17.162 0.5000000000
1099  -21.928  -83.988  -19.765 0.6999999881
1397  -22.181  -83.207  -19.913 0.6000000238
1109  -22.835  -82.989  -20.509 0.8000000119
2699  -20.237  -78.254  -16.031 0.5000000000
2691  -20.781  -78.595  -15.576 0.5000000000
160635  -21.313  -78.858  -15.763 0.6000000238
154695  -22.402  -82.661  -20.101 0.6999999881
1408  -22.640  -82.819  -20.494 0.6999999881
152901  -22.214  -80.106  -16.882 0.6000000238
1718  -23.198  -81.129  -20.813 0.6999999881
2379  -22.555  -79.573  -17.252 0.6000000238
135268  -23.133  -79.920  -18.962 0.6000000238
2404  -23.503  -79.653  -19.742 0.6999999881
152877  -23.818  -81.106  -21.659 0.6000000238
5670  -18.324  -73.157  -22.666 0.5000000000
5104  -17.649  -74.561  -20.507 0.6000000238
135219  -18.732  -75.250  -19.516 0.6000000238
4101  -19.984  -75.914  -19.028 0.6000000238
146868  -19.833  -76.172  -17.681 0.6000000238
3562  -20.106  -76.941  -17.048 0.5000000000
3544  -20.314  -76.517  -16.259 0.6000000238
888  -22.811  -83.715  -20.113 0.6999999881
3072  -20.221  -77.467  -16.469 0.5000000000
148830  -20.719  -76.550  -15.788 0.5000000000
1110  -23.423  -83.211  -20.511 0.5000000000
1390  -24.804  -83.018  -18.828 0.6000000238
3526  -20.521  -77.340  -15.939 0.6000000238
2700  -21.888  -78.640  -16.159 0.5000000000
1120  -24.122  -82.890  -20.660 0.6000000238
2701  -22.494  -78.801  -16.907 0.5000000000
1409  -22.885  -81.925  -20.837 0.6999999881
1419  -23.749  -82.240  -21.210 0.6000000238
136050  -22.879  -79.020  -17.691 0.5000000000
137215  -23.745  -81.683  -21.528 0.6000000238
1728  -24.377  -81.095  -21.856 0.6000000238
2733  -23.257  -78.602  -18.217 0.5000000000
2405  -23.810  -78.838  -19.660 0.6000000238
2069  -23.758  -80.400  -21.466 0.5000000000
2772  -24.419  -79.213  -21.768 0.5000000000
2077  -25.445  -80.272  -22.466 0.5000000000
5669  -17.399  -72.829  -22.364 0.6000000238
5116  -17.463  -73.706  -21.702 0.6000000238
6174  -17.360  -72.001  -23.080 0.4000000060
158544  -21.063  -75.982  -15.774 0.5000000000
1399  -24.881  -82.746  -19.564 0.6000000238
149280  -21.475  -77.223  -15.718 0.5000000000
161989  -24.573  -82.732  -20.312 0.5000000000
3074  -22.371  -78.001  -16.613 0.5000000000
1420  -24.445  -82.354  -20.927 0.5000000000
1410  -24.999  -82.253  -20.212 0.5000000000
1400  -25.284  -82.036  -19.556 0.5000000000
3101  -23.259  -77.348  -17.583 0.5000000000
147871  -24.302  -81.800  -21.514 0.5000000000
1729  -24.984  -81.335  -21.627 0.5000000000
2734  -23.709  -78.176  -18.839 0.6000000238
3113  -24.471  -77.369  -19.846 0.6000000238
2075  -24.220  -80.489  -21.941 0.5000000000
1736  -25.122  -80.797  -22.111 0.6000000238
3123  -24.508  -77.985  -20.505 0.6000000238
140813  -24.693  -78.627  -21.786 0.5000000000
6186  -16.841  -71.555  -23.433 0.4000000060
3546  -22.514  -76.763  -16.528 0.5000000000
1705  -25.613  -81.380  -19.665 0.5000000000
148625  -22.767  -77.379  -16.925 0.5000000000
3089  -23.574  -76.650  -17.813 0.5000000000
1730  -25.630  -81.203  -20.998 0.5000000000
1706  -25.962  -80.676  -19.858 0.5000000000
2039  -26.058  -80.196  -19.548 0.5000000000
2394  -26.309  -79.457  -19.189 0.5000000000
3104  -27.529  -78.143  -18.330 0.5000000000
3586  -24.029  -76.653  -18.571 0.6000000238
3599  -24.677  -76.783  -20.010 0.6000000238
150701  -26.138  -80.677  -21.435 0.5000000000
136643  -24.788  -77.266  -20.611 0.6000000238
2079  -27.392  -79.967  -21.542 0.5000000000
3613  -25.085  -77.076  -21.260 0.5000000000
145520  -25.575  -77.552  -22.198 0.5000000000
5091  -23.561  -74.336  -18.773 0.5000000000
2060  -26.480  -80.309  -20.431 0.5000000000
2052  -26.445  -80.132  -19.999 0.5000000000
2395  -27.205  -79.329  -19.560 0.5000000000
2736  -27.158  -78.766  -18.988 0.5000000000
142214  -23.960  -75.361  -18.443 0.5000000000
4601  -24.461  -74.907  -19.906 0.6000000238
2070  -26.817  -80.223  -21.090 0.5000000000
2053  -27.124  -79.809  -20.236 0.5000000000
2753  -28.017  -79.235  -19.418 0.5000000000
2737  -28.255  -78.791  -18.786 0.5000000000
3105  -28.540  -78.150  -18.091 0.5000000000
138475  -24.950  -76.441  -20.589 0.5000000000
2072  -28.161  -79.712  -21.138 0.5000000000
5105  -23.332  -73.910  -19.492 0.5000000000
143327  -29.221  -79.525  -19.563 0.5000000000
2396  -28.887  -79.358  -19.179 0.5000000000
2738  -29.197  -78.998  -18.559 0.5000000000
2718  -30.530  -78.788  -17.954 0.4000000060
2397  -29.699  -79.406  -19.035 0.4000000060
145610  -8.735  -71.443  -17.139 0.4000000060
11116  -10.195  -64.350  -13.519 0.5000000000
11700  -10.149  -63.307  -10.703 0.5000000000
148546  -10.436  -64.034  -11.302 0.5000000000
12328  -8.316  -62.320  -10.482 0.5000000000
12313  -9.471  -63.171  -10.253 0.5000000000
11109  -10.531  -64.241  -12.702 0.5000000000
16112  -4.031  -56.483  -8.905 0.5000000000
17618  -3.855  -55.645  -8.441 0.5000000000
18422  -2.138  -54.164  -8.910 0.5000000000
4078  -23.328  -75.957  -17.405 0.5000000000
3563  -23.058  -76.679  -17.130 0.5000000000
1674  -21.789  -81.469  -16.833 0.6000000238
2365  -20.963  -79.397  -15.643 0.6000000238
1681  -22.481  -81.074  -18.014 0.6000000238
2016  -22.111  -79.433  -16.550 0.6000000238
2050  -23.208  -80.487  -19.898 0.6999999881
136321  -19.312  -75.075  -20.427 0.6000000238
3062  -21.143  -77.755  -15.684 0.5000000000
2392  -23.123  -79.273  -18.376 0.6000000238
2059  -23.498  -80.235  -20.682 0.6000000238
2415  -23.798  -79.388  -20.439 0.6000000238
1100  -23.775  -83.624  -19.831 0.6999999881
158387  -22.290  -77.356  -16.400 0.5000000000
2714  -22.927  -78.147  -17.405 0.5000000000
3122  -24.131  -78.069  -19.704 0.6000000238
2763  -24.153  -78.684  -20.418 0.6000000238
2425  -24.099  -79.825  -21.668 0.5000000000
148880  -26.622  -80.295  -21.848 0.5000000000
1421  -25.026  -81.830  -20.933 0.5000000000
1719  -25.842  -80.999  -20.312 0.5000000000
3112  -24.095  -77.385  -19.085 0.5000000000
3133  -24.788  -77.899  -21.383 0.5000000000
4091  -23.828  -75.942  -18.116 0.5000000000
4103  -24.644  -76.148  -19.750 0.5000000000
4102  -24.299  -75.889  -18.931 0.5000000000
2407  -27.672  -79.544  -19.881 0.5000000000
2062  -27.973  -79.739  -20.687 0.5000000000
2416  -28.063  -79.630  -20.268 0.5000000000
2717  -29.620  -78.575  -18.025 0.5000000000
2417  -28.470  -79.681  -20.574 0.4000000060
146118  -29.943  -79.075  -18.443 0.4000000060
1668  -25.040  -81.452  -15.894 0.5000000000
1676  -24.962  -81.098  -16.765 0.6000000238
1683  -24.965  -81.523  -17.624 0.6000000238
1682  -24.832  -82.120  -17.632 0.6000000238
1081  -24.437  -83.077  -17.447 0.4000000060
138340  -25.300  -80.311  -17.872 0.4000000060
155396  -25.288  -81.142  -18.373 0.4000000060
1383  -25.040  -82.042  -18.318 0.6000000238
1694  -25.363  -81.690  -19.009 0.4000000060
1382  -24.788  -82.644  -17.896 0.5000000000
1391  -25.104  -82.384  -18.943 0.5000000000
870  -24.421  -83.567  -18.700 0.6000000238
880  -23.391  -84.115  -19.462 0.6000000238
667  -22.132  -84.114  -19.787 0.6000000238
877  -21.359  -84.419  -19.501 0.6000000238
1095  -21.644  -83.656  -19.289 0.6000000238
1094  -21.187  -84.013  -18.841 0.6000000238
1086  -21.496  -83.269  -17.999 0.5000000000
1381  -21.374  -82.745  -17.063 0.5000000000
1072  -20.450  -82.719  -15.987 0.4000000060
1364  -19.656  -82.156  -15.791 0.5000000000
3094  -30.068  -78.037  -17.479 0.3000000119
1679  -19.034  -80.863  -17.083 0.4000000060
8184  -17.382  -67.975  -13.674 0.4000000060
136636  -17.669  -67.738  -14.423 0.4000000060
8743  -17.835  -67.759  -15.106 0.5000000000
15595  -11.363  -57.291  -17.689 0.5000000000
15583  -10.315  -56.863  -17.384 0.5000000000
16235  -10.866  -56.867  -17.088 0.5000000000
16242  -9.756  -56.494  -16.788 0.4000000060
16231  -8.639  -56.584  -16.282 0.4000000060
15516  -10.622  -57.607  -13.364 0.4000000060
148979  -8.171  -55.894  -15.962 0.4000000060
16940  -8.389  -55.184  -16.082 0.4000000060
144284  -9.094  -55.457  -16.483 0.4000000060
16928  -7.318  -55.850  -14.731 0.4000000060
17718  -7.855  -54.765  -15.689 0.4000000060
16917  -9.792  -56.081  -14.075 0.4000000060
17710  -7.360  -55.053  -14.970 0.4000000060
18518  -7.746  -53.640  -15.243 0.4000000060
18520  -9.858  -53.849  -14.614 0.4000000060
18491  -7.255  -54.773  -13.617 0.4000000060
18517  -7.281  -53.800  -14.559 0.4000000060
149168  -7.598  -55.062  -12.845 0.4000000060
19288  -7.363  -53.330  -13.854 0.4000000060
19250  -9.944  -53.355  -10.608 0.3000000119
19258  -8.812  -53.458  -11.623 0.4000000060
151267  -11.166  -52.890  -8.571 0.3000000119
20011  -11.041  -52.758  -9.390 0.3000000119
20034  -9.397  -52.997  -11.191 0.3000000119
20025  -9.876  -52.505  -10.774 0.3000000119
15538  -10.232  -57.334  -14.328 0.4000000060
16224  -9.687  -56.607  -15.203 0.4000000060
16223  -9.396  -55.713  -16.234 0.4000000060
16234  -9.919  -56.371  -16.689 0.4000000060
16929  -9.264  -55.205  -15.932 0.4000000060
17711  -9.221  -54.676  -15.598 0.4000000060
17690  -10.540  -55.744  -13.279 0.4000000060
18505  -9.633  -54.620  -14.628 0.4000000060
18519  -9.262  -54.065  -15.281 0.4000000060
17719  -8.483  -54.671  -15.987 0.4000000060
3022  -30.033  -78.399  -9.518 0.3000000119
139186  -29.617  -77.706  -10.238 0.3000000119
2659  -29.828  -79.055  -9.788 0.4000000060
2658  -29.576  -79.025  -10.680 0.3000000119
3030  -29.326  -78.034  -10.983 0.4000000060
136916  -29.024  -80.150  -11.318 0.3000000119
144345  -29.312  -79.344  -11.316 0.3000000119
2677  -29.108  -79.364  -12.027 0.4000000060
1613  -28.391  -80.868  -11.445 0.3000000119
2322  -29.050  -80.019  -12.005 0.3000000119
2335  -28.903  -79.843  -12.628 0.3000000119
1960  -28.497  -80.672  -12.621 0.3000000119
1972  -28.575  -80.290  -13.090 0.3000000119
2349  -28.349  -79.931  -13.690 0.3000000119
1638  -28.131  -81.223  -12.797 0.3000000119
1644  -28.048  -81.155  -13.510 0.3000000119
1643  -27.740  -80.986  -14.141 0.3000000119
1637  -27.727  -81.622  -13.168 0.3000000119
156771  -27.646  -81.481  -13.716 0.3000000119
1658  -27.081  -81.045  -14.531 0.3000000119
1052  -25.951  -83.728  -12.587 0.3000000119
136855  -26.948  -82.469  -13.186 0.3000000119
1348  -26.726  -82.296  -13.769 0.3000000119
1358  -26.270  -81.982  -14.386 0.3000000119
1657  -26.395  -81.363  -14.679 0.3000000119
1053  -26.357  -83.029  -13.198 0.4000000060
3038  -28.950  -77.981  -11.762 0.3000000119
2296  -29.373  -79.622  -9.976 0.4000000060
2676  -28.859  -78.526  -12.256 0.4000000060
1935  -28.919  -80.220  -10.507 0.3000000119
2683  -28.295  -79.044  -13.547 0.4000000060
1330  -27.951  -81.489  -12.150 0.3000000119
2348  -27.887  -79.440  -14.099 0.4000000060
2002  -27.177  -80.340  -14.601 0.4000000060
1329  -27.534  -81.978  -12.119 0.3000000119
2001  -26.435  -80.717  -14.897 0.4000000060
1041  -26.473  -83.197  -12.197 0.3000000119
1311  -26.676  -82.768  -11.638 0.4000000060
2000  -25.685  -81.049  -15.240 0.4000000060
1357  -25.433  -82.226  -14.718 0.3000000119
1034  -26.197  -83.354  -11.656 0.3000000119
3460  -29.133  -76.996  -10.895 0.3000000119
3472  -28.794  -77.168  -11.626 0.3000000119
139086  -29.050  -76.234  -10.802 0.3000000119
3037  -28.492  -77.504  -12.438 0.3000000119
3043  -28.169  -77.481  -13.204 0.3000000119
2279  -28.816  -79.684  -9.106 0.4000000060
140280  -28.407  -78.285  -12.998 0.3000000119
3050  -27.936  -77.959  -13.755 0.3000000119
1934  -28.390  -80.702  -10.747 0.3000000119
161648  -28.577  -80.343  -10.212 0.4000000060
141811  -27.495  -77.990  -14.307 0.3000000119
158294  -27.475  -79.705  -14.458 0.4000000060
2360  -27.326  -79.009  -14.501 0.4000000060
1313  -27.750  -81.633  -11.619 0.3000000119
1933  -27.539  -80.962  -10.671 0.3000000119
2359  -26.833  -79.431  -14.814 0.4000000060
149720  -26.260  -79.983  -15.108 0.4000000060
1312  -27.264  -82.122  -11.651 0.3000000119
148616  -26.848  -81.287  -10.959 0.3000000119
2367  -25.497  -79.872  -15.864 0.4000000060
155899  -25.281  -79.504  -16.571 0.5000000000
1610  -26.902  -82.073  -11.312 0.3000000119
2010  -25.250  -80.698  -15.968 0.4000000060
2017  -25.081  -80.262  -16.815 0.5000000000
1032  -24.824  -83.615  -11.335 0.3000000119
3471  -28.435  -76.451  -12.282 0.3000000119
4000  -28.727  -76.137  -11.482 0.3000000119
2278  -28.083  -79.618  -9.480 0.4000000060
153851  -27.053  -77.689  -14.822 0.4000000060
2693  -26.185  -78.160  -15.716 0.4000000060
147388  -27.545  -80.357  -10.252 0.4000000060
2368  -26.063  -79.080  -15.460 0.4000000060
157422  -25.740  -78.546  -16.115 0.5000000000
2715  -25.661  -78.910  -17.758 0.4000000060
1944  -26.811  -80.534  -10.613 0.3000000119
2380  -25.308  -79.541  -17.367 0.4000000060
1943  -25.934  -80.650  -11.019 0.3000000119
2038  -25.658  -80.285  -18.804 0.4000000060
1609  -26.096  -81.645  -11.215 0.3000000119
1310  -25.967  -82.967  -11.414 0.3000000119
1308  -24.367  -82.923  -11.385 0.3000000119
3484  -28.172  -76.701  -13.058 0.3000000119
3049  -27.504  -77.325  -14.302 0.3000000119
3064  -26.811  -77.130  -15.478 0.3000000119
2294  -27.465  -79.688  -9.910 0.4000000060
3075  -26.491  -77.307  -16.664 0.5000000000
2716  -26.057  -78.147  -17.665 0.4000000060
2293  -26.772  -79.828  -10.313 0.4000000060
2735  -26.169  -78.779  -18.466 0.4000000060
137671  -25.110  -80.249  -11.390 0.3000000119
2305  -25.502  -79.770  -10.978 0.3000000119
1628  -24.533  -81.598  -11.821 0.3000000119
157057  -23.605  -82.757  -11.418 0.3000000119
1326  -24.027  -82.120  -11.718 0.3000000119
150678  -27.240  -76.877  -14.904 0.3000000119
3529  -26.820  -76.893  -16.258 0.4000000060
148102  -26.435  -77.553  -17.223 0.4000000060
2321  -23.886  -79.629  -12.189 0.3000000119
156166  -23.354  -79.767  -12.370 0.3000000119
138660  -24.341  -80.900  -12.061 0.3000000119
1958  -23.738  -80.422  -12.209 0.3000000119
1627  -23.780  -81.297  -12.004 0.3000000119
2319  -22.827  -79.578  -12.152 0.3000000119
2303  -22.573  -80.229  -11.624 0.3000000119
2320  -23.080  -80.289  -12.120 0.3000000119
155097  -22.608  -81.356  -11.477 0.3000000119
1626  -23.101  -81.390  -11.809 0.3000000119
3548  -28.241  -76.467  -16.718 0.3000000119
3564  -27.879  -76.902  -17.214 0.4000000060
138016  -22.144  -80.179  -10.968 0.3000000119
1932  -21.641  -80.516  -10.487 0.3000000119
4534  -29.071  -75.366  -15.436 0.3000000119
4049  -28.340  -75.691  -15.574 0.3000000119
3565  -28.683  -76.996  -17.210 0.3000000119
4051  -29.934  -75.846  -15.828 0.3000000119
4065  -29.490  -76.238  -16.371 0.3000000119
156415  -29.760  -76.817  -16.727 0.3000000119
15582  -9.651  -57.272  -17.142 0.5000000000
19265  -8.287  -53.916  -12.108 0.5000000000
19264  -7.711  -53.465  -12.729 0.4000000060
16232  -9.152  -56.073  -16.667 0.4000000060
869  -23.841  -84.105  -18.648 0.6000000238
153091  -24.897  -82.683  -18.446 0.5000000000
2051  -25.640  -80.937  -19.225 0.4000000060
3103  -26.720  -78.237  -18.327 0.4000000060
3090  -26.851  -77.680  -17.806 0.4000000060
3092  -28.358  -77.404  -17.576 0.4000000060
3077  -29.505  -77.232  -17.143 0.3000000119
16236  -11.536  -57.269  -16.851 0.5000000000
15571  -10.581  -57.010  -16.215 0.4000000060
16904  -10.160  -56.558  -13.427 0.4000000060
137803  -29.259  -79.713  -10.870 0.3000000119
1343  -27.365  -82.195  -12.776 0.3000000119
1328  -27.039  -82.555  -12.101 0.3000000119
1926  -28.880  -80.004  -9.713 0.4000000060
150891  -25.772  -80.477  -15.381 0.4000000060
2295  -28.284  -80.109  -9.840 0.4000000060
152619  -28.138  -80.597  -10.416 0.3000000119
1611  -27.495  -81.483  -11.213 0.3000000119
2686  -26.725  -78.487  -14.988 0.4000000060
1608  -25.386  -82.162  -11.404 0.3000000119
3076  -27.027  -77.064  -17.140 0.4000000060
137570  -25.255  -79.110  -10.972 0.3000000119
1325  -23.351  -81.994  -11.701 0.3000000119
3531  -27.893  -76.087  -16.087 0.3000000119
1940  -22.248  -80.869  -11.123 0.3000000119
861  -20.854  -83.938  -17.907 0.5000000000
860  -20.101  -84.562  -17.911 0.5000000000
868  -20.733  -84.598  -18.901 0.5000000000
650  -22.270  -84.934  -19.228 0.5000000000
862  -23.849  -84.098  -17.899 0.4000000060
5107  -24.335  -74.322  -20.475 0.4000000060
1376  -24.615  -82.452  -17.152 0.5000000000
1367  -24.662  -82.144  -16.189 0.3000000119
1067  -25.199  -82.776  -14.405 0.3000000119
1368  -25.024  -81.973  -15.405 0.4000000060
1347  -25.985  -82.577  -14.047 0.3000000119
2668  -26.004  -79.221  -10.583 0.3000000119
2656  -26.758  -78.377  -10.045 0.3000000119
136704  -26.759  -79.063  -10.154 0.3000000119
2281  -29.643  -79.399  -9.294 0.3000000119
3019  -26.384  -77.735  -10.234 0.3000000119
2657  -27.421  -78.920  -9.624 0.3000000119
2641  -28.286  -79.198  -9.010 0.3000000119
2631  -29.007  -79.240  -8.348 0.3000000119
3005  -28.724  -78.610  -8.018 0.3000000119
3020  -27.072  -77.849  -9.724 0.3000000119
3004  -28.113  -77.932  -8.565 0.3000000119
3012  -28.371  -78.730  -8.563 0.3000000119
139015  -28.565  -77.924  -7.933 0.3000000119
2264  -29.370  -79.368  -8.566 0.3000000119
145858  -29.747  -79.199  -8.289 0.3000000119
3435  -27.752  -77.006  -8.974 0.3000000119
2632  -29.502  -79.114  -7.918 0.3000000119
2620  -29.607  -78.758  -7.325 0.3000000119
1665  -19.480  -81.576  -15.924 0.3000000119
854  -24.186  -83.627  -17.657 0.5000000000
662  -23.064  -84.625  -18.997 0.4000000060
660  -21.476  -84.712  -19.491 0.5000000000
1356  -24.642  -82.535  -15.353 0.3000000119
18507  -11.186  -54.333  -13.728 0.3000000119
18506  -10.279  -54.482  -14.030 0.3000000119
20066  -7.785  -52.716  -14.005 0.3000000119
157880  -20.586  -83.164  -16.426 0.4000000060
859  -19.324  -84.724  -17.481 0.4000000060
242  -19.980  -86.665  -16.261 0.4000000060
261  -19.996  -86.463  -18.025 0.4000000060
262  -21.039  -86.032  -18.285 0.4000000060
448  -21.616  -85.701  -18.653 0.4000000060
159655  -22.092  -85.361  -18.872 0.4000000060
446  -20.213  -85.687  -18.762 0.4000000060
649  -20.952  -85.050  -19.140 0.4000000060
455  -21.512  -85.215  -19.311 0.4000000060
117  -19.512  -86.924  -14.723 0.3000000119
243  -20.615  -86.386  -15.852 0.4000000060
432  -21.690  -85.784  -16.849 0.4000000060
867  -20.291  -85.133  -18.829 0.4000000060
250  -19.949  -86.666  -17.188 0.4000000060
268  -19.883  -86.221  -18.533 0.4000000060
123  -19.220  -86.925  -15.718 0.3000000119
251  -20.552  -86.463  -16.788 0.4000000060
431  -21.035  -86.186  -17.396 0.4000000060
447  -20.876  -85.675  -18.955 0.4000000060
439  -21.733  -85.805  -17.756 0.4000000060
440  -22.293  -85.424  -18.148 0.4000000060
148010  -20.138  -86.686  -14.522 0.3000000119
236  -20.056  -86.683  -15.310 0.3000000119
425  -21.102  -86.083  -16.416 0.3000000119
147992  -21.183  -86.008  -15.543 0.3000000119
627  -22.756  -84.866  -16.414 0.3000000119
634  -23.326  -84.427  -16.923 0.3000000119
433  -22.380  -85.315  -17.206 0.3000000119
141865  -23.630  -84.039  -16.719 0.3000000119
1073  -24.338  -82.811  -16.535 0.3000000119
853  -23.765  -84.045  -17.285 0.3000000119
633  -22.972  -84.816  -17.189 0.3000000119
643  -23.404  -84.481  -17.548 0.3000000119
156522  -23.351  -84.578  -18.230 0.3000000119
2981  -17.417  -77.185  -6.665 0.3000000119
3413  -18.230  -76.570  -6.585 0.3000000119
141342  -23.507  -78.111  -12.255 0.3000000119
4437  -19.479  -75.258  -8.376 0.3000000119
3958  -19.715  -75.587  -8.958 0.3000000119
3969  -20.331  -75.567  -9.980 0.3000000119
3449  -20.940  -76.457  -10.832 0.3000000119
3979  -21.305  -75.943  -11.397 0.3000000119
3468  -22.074  -76.682  -12.155 0.3000000119
3469  -22.776  -76.672  -12.206 0.3000000119
3457  -23.673  -76.645  -11.770 0.3000000119
162391  -20.378  -74.544  -9.560 0.3000000119
4451  -20.504  -75.005  -10.055 0.3000000119
4452  -21.036  -74.875  -10.559 0.3000000119
4463  -21.650  -74.775  -10.997 0.3000000119
4480  -22.277  -75.441  -11.761 0.3000000119
138330  -22.071  -85.403  -16.266 0.3000000119
3426  -18.716  -76.817  -7.203 0.3000000119
3439  -20.475  -76.768  -9.191 0.3000000119
3950  -19.568  -76.053  -8.370 0.3000000119
136925  -19.237  -75.628  -7.744 0.3000000119
3951  -19.972  -76.247  -8.883 0.3000000119
3959  -20.145  -75.934  -9.448 0.3000000119
4915  -21.448  -73.762  -9.678 0.3000000119
112  -19.824  -86.858  -13.988 0.3000000119
269  -20.389  -86.106  -18.531 0.4000000060
642  -22.906  -84.963  -17.801 0.3000000119
651  -22.710  -85.043  -18.556 0.4000000060
661  -21.892  -84.651  -19.571 0.6000000238
863  -24.238  -83.728  -18.187 0.6000000238
878  -21.726  -84.398  -19.678 0.6000000238
879  -22.553  -84.452  -19.661 0.6000000238
881  -24.053  -83.789  -19.177 0.6999999881
1033  -25.610  -83.539  -11.473 0.3000000119
1040  -25.867  -83.748  -11.916 0.3000000119
1079  -19.998  -83.258  -16.247 0.4000000060
1080  -20.965  -82.720  -16.414 0.4000000060
1088  -24.595  -83.217  -18.171 0.5000000000
1101  -24.457  -83.355  -19.328 0.6000000238
1108  -22.396  -83.501  -20.123 0.6000000238
1111  -24.255  -83.164  -20.077 0.5000000000
1119  -23.275  -82.674  -20.938 0.6000000238
1309  -25.167  -82.972  -11.362 0.3000000119
1327  -24.682  -82.341  -11.518 0.3000000119
1342  -26.879  -82.744  -12.679 0.3000000119
1344  -27.767  -81.718  -12.615 0.3000000119
1349  -27.323  -81.986  -13.501 0.3000000119
1365  -20.238  -82.111  -15.740 0.5000000000
1411  -25.443  -81.655  -20.232 0.5000000000
1418  -23.303  -82.153  -21.173 0.6000000238
1600  -27.953  -81.009  -10.811 0.3000000119
1612  -28.010  -81.179  -11.223 0.3000000119
1629  -28.316  -81.005  -12.106 0.3000000119
1642  -27.123  -81.602  -14.142 0.3000000119
1656  -25.599  -81.652  -15.010 0.4000000060
1667  -20.590  -81.446  -15.668 0.5000000000
1672  -19.213  -81.274  -16.404 0.3000000119
1675  -24.791  -81.800  -16.895 0.6000000238
1692  -22.290  -81.885  -18.364 0.6000000238
1727  -23.373  -81.589  -21.409 0.6000000238
1731  -26.158  -80.675  -20.847 0.5000000000
1941  -22.817  -80.858  -11.728 0.3000000119
1942  -25.069  -81.088  -11.560 0.3000000119
1945  -28.734  -80.516  -11.154 0.3000000119
1957  -23.268  -80.861  -12.076 0.3000000119
1959  -24.460  -80.305  -11.974 0.3000000119
1961  -28.725  -80.504  -11.885 0.3000000119
1973  -28.785  -80.268  -12.474 0.3000000119
1984  -27.915  -80.230  -14.169 0.4000000060
1985  -28.235  -80.615  -13.680 0.3000000119
2008  -20.890  -80.196  -15.649 0.5000000000
2013  -19.404  -80.466  -16.410 0.5000000000
2015  -21.800  -80.093  -16.267 0.6000000238
2026  -25.073  -80.885  -17.504 0.6000000238
2061  -27.344  -79.892  -20.616 0.5000000000
2068  -23.481  -80.930  -21.305 0.6000000238
2071  -27.560  -79.860  -20.991 0.5000000000
2078  -25.844  -80.549  -22.064 0.5000000000
2265  -29.623  -79.432  -8.798 0.3000000119
2280  -29.295  -79.626  -9.174 0.4000000060
2306  -26.173  -79.995  -10.650 0.4000000060
2307  -29.200  -79.748  -11.517 0.3000000119
2334  -28.627  -79.713  -13.157 0.3000000119
2366  -21.620  -79.400  -15.967 0.6000000238
2393  -25.666  -79.537  -18.287 0.4000000060
2406  -26.790  -79.730  -19.807 0.5000000000
2408  -28.540  -79.548  -19.726 0.5000000000
2619  -29.271  -78.945  -7.762 0.3000000119
2669  -29.237  -78.714  -11.507 0.4000000060
2680  -28.750  -79.165  -12.784 0.3000000119
2682  -27.711  -78.636  -14.120 0.3000000119
2687  -27.271  -78.364  -14.547 0.3000000119
2690  -20.414  -78.609  -15.709 0.5000000000
2692  -25.523  -79.117  -16.118 0.4000000060
2698  -19.786  -78.731  -17.290 0.5000000000
2702  -25.520  -78.747  -16.892 0.5000000000
2703  -26.000  -77.902  -16.623 0.5000000000
2732  -20.005  -78.696  -18.114 0.4000000060
2752  -23.445  -79.077  -18.955 0.6000000238
2761  -20.819  -78.866  -19.846 0.5000000000
2764  -24.442  -78.598  -21.196 0.5000000000
2771  -24.084  -79.229  -21.129 0.5000000000
3011  -27.770  -78.404  -9.118 0.3000000119
3021  -29.753  -78.508  -10.226 0.3000000119
3061  -20.608  -77.988  -15.645 0.5000000000
3063  -26.424  -77.470  -16.007 0.4000000060
3073  -21.810  -77.733  -15.962 0.5000000000
3091  -27.669  -77.483  -17.724 0.4000000060
3093  -29.130  -77.727  -17.591 0.3000000119
3102  -23.702  -77.354  -18.308 0.5000000000
3448  -20.583  -76.208  -10.043 0.3000000119
3467  -21.559  -76.415  -11.876 0.3000000119
3495  -27.598  -76.550  -14.332 0.3000000119
3496  -27.879  -76.993  -13.738 0.3000000119
3527  -20.918  -77.218  -15.722 0.5000000000
3545  -22.126  -76.245  -16.101 0.6000000238
3547  -27.494  -76.581  -16.548 0.4000000060
3549  -29.048  -76.594  -16.768 0.3000000119
3585  -21.010  -76.925  -19.774 0.5000000000
3587  -24.418  -76.704  -19.331 0.6000000238
3970  -20.769  -75.632  -10.617 0.3000000119
3973  -29.211  -75.868  -10.355 0.3000000119
3980  -21.783  -75.338  -11.474 0.3000000119
3986  -28.924  -75.508  -11.014 0.3000000119
3996  -21.910  -75.947  -11.849 0.3000000119
3997  -22.490  -75.968  -12.043 0.3000000119
4047  -20.546  -75.860  -15.950 0.5000000000
4050  -29.078  -75.765  -15.938 0.3000000119
4063  -22.267  -75.678  -16.263 0.6000000238
4064  -28.633  -76.026  -16.302 0.3000000119
4089  -19.533  -75.885  -18.101 0.6999999881
4445  -20.062  -75.107  -9.449 0.3000000119
4464  -22.344  -74.818  -11.333 0.3000000119
4522  -29.113  -75.036  -14.781 0.3000000119
4532  -20.467  -75.294  -16.056 0.6000000238
4533  -20.954  -75.400  -15.875 0.6000000238
4542  -19.636  -74.881  -16.707 0.6000000238
4545  -21.387  -74.991  -16.142 0.6000000238
4546  -22.071  -75.186  -16.339 0.6000000238
4558  -23.008  -75.339  -17.072 0.6000000238
4559  -23.543  -75.213  -17.797 0.5000000000
4569  -18.266  -74.967  -18.271 0.6999999881
4571  -23.744  -74.873  -18.423 0.5000000000
4583  -18.081  -75.065  -18.999 0.6000000238
4585  -24.130  -74.993  -19.067 0.6000000238
4586  -24.529  -75.489  -19.539 0.5000000000
4600  -23.973  -74.343  -19.624 0.4000000060
4612  -19.480  -74.759  -21.268 0.5000000000
4914  -20.857  -74.368  -9.947 0.3000000119
5041  -20.152  -74.427  -16.587 0.6000000238
5058  -19.385  -74.235  -17.013 0.6999999881
5062  -22.999  -74.720  -17.485 0.6000000238
5075  -18.069  -74.283  -17.985 0.6999999881
5076  -21.107  -73.743  -17.823 0.6000000238
5077  -21.924  -73.938  -17.952 0.6000000238
5078  -22.816  -74.182  -18.134 0.6000000238
5088  -16.628  -73.715  -19.517 0.6999999881
5103  -16.911  -74.281  -20.323 0.6999999881
5117  -18.126  -74.221  -21.309 0.6000000238
5583  -19.200  -73.582  -17.484 0.6999999881
5598  -17.891  -73.576  -18.187 0.6999999881
5633  -15.878  -72.839  -20.458 0.6999999881
5634  -16.224  -73.278  -20.074 0.6999999881
5652  -15.796  -72.572  -20.971 0.6999999881
6541  -15.986  -70.800  -12.602 0.5000000000
6552  -16.052  -71.127  -13.343 0.5000000000
6562  -13.322  -71.310  -13.826 0.5000000000
6563  -13.933  -71.354  -13.966 0.5000000000
6565  -15.688  -71.316  -13.977 0.5000000000
6578  -12.374  -71.384  -14.595 0.5000000000
6581  -14.636  -71.421  -15.230 0.6000000238
6622  -9.203  -71.454  -16.631 0.5000000000
6623  -11.614  -71.402  -16.671 0.6000000238
6625  -13.207  -71.292  -16.858 0.4000000060
6626  -13.912  -71.207  -16.705 0.5000000000
6627  -14.642  -71.187  -16.506 0.6000000238
6628  -15.502  -71.276  -16.264 0.6000000238
6670  -12.763  -70.948  -18.326 0.6000000238
6681  -9.989  -70.906  -19.087 0.5000000000
6682  -10.722  -71.032  -19.041 0.6000000238
7060  -15.105  -70.211  -11.232 0.5000000000
7074  -14.653  -70.591  -11.806 0.5000000000
7083  -9.068  -69.963  -13.197 0.6000000238
7085  -10.331  -70.168  -12.700 0.5000000000
7086  -11.001  -70.313  -12.581 0.5000000000
7088  -12.462  -70.654  -12.447 0.5000000000
7090  -17.166  -70.007  -13.249 0.5000000000
7102  -8.494  -70.319  -13.532 0.6999999881
7104  -16.881  -70.896  -14.017 0.6000000238
7123  -17.110  -70.955  -14.686 0.6000000238
7124  -17.452  -70.261  -14.853 0.6000000238
7145  -17.529  -69.920  -15.673 0.6000000238
7160  -16.061  -70.939  -16.795 0.6000000238
7161  -16.891  -70.846  -16.530 0.6000000238
7179  -16.612  -70.444  -17.157 0.6000000238
7193  -11.574  -71.106  -18.824 0.6000000238
7195  -13.688  -70.235  -18.380 0.6000000238
7211  -11.857  -70.444  -19.258 0.6000000238
7212  -12.609  -70.042  -19.206 0.5000000000
7614  -10.554  -69.652  -12.612 0.6000000238
7615  -11.138  -69.643  -12.361 0.6000000238
7616  -11.943  -69.605  -12.059 0.6000000238
7631  -9.472  -69.448  -13.109 0.6000000238
7715  -16.849  -69.462  -17.943 0.6000000238
7729  -14.031  -69.615  -18.660 0.6000000238
7731  -15.959  -69.408  -18.208 0.5000000000
7765  -9.991  -69.144  -21.173 0.5000000000
7784  -12.807  -69.448  -22.636 0.6000000238
8165  -11.043  -68.987  -12.869 0.6000000238
8178  -8.249  -69.360  -13.946 0.6999999881
8183  -13.012  -68.384  -13.710 0.8000000119
8195  -8.790  -68.820  -14.711 0.6999999881
8211  -8.301  -68.749  -16.201 0.6000000238
8214  -10.713  -68.688  -15.781 0.6000000238
8216  -17.590  -68.466  -16.307 0.6000000238
8232  -11.203  -68.554  -16.453 0.6000000238
8252  -8.860  -68.597  -16.931 0.5000000000
8261  -14.917  -68.596  -19.208 0.6000000238
8265  -20.862  -68.947  -18.507 0.5000000000
8271  -20.374  -68.447  -19.022 0.5000000000
8276  -10.716  -68.816  -20.979 0.5000000000
8277  -11.316  -68.525  -20.666 0.6000000238
8292  -11.940  -68.422  -21.806 0.5000000000
8301  -12.347  -68.840  -22.273 0.6000000238
8308  -18.656  -67.847  -23.062 0.5000000000
8310  -20.513  -68.440  -23.522 0.5000000000
8714  -13.230  -68.075  -13.203 0.6000000238
8730  -18.138  -67.409  -14.022 0.4000000060
8740  -12.901  -68.587  -15.245 0.6999999881
8742  -13.908  -67.892  -14.740 0.8000000119
8744  -18.269  -67.526  -14.792 0.5000000000
8752  -12.450  -68.549  -15.868 0.6999999881
8754  -13.877  -67.805  -15.530 0.8000000119
8764  -10.864  -68.340  -17.018 0.6000000238
8765  -11.949  -68.400  -16.533 0.6999999881
8787  -10.525  -67.987  -17.572 0.6000000238
8789  -12.005  -67.801  -17.176 0.6999999881
8805  -8.437  -67.661  -18.362 0.5000000000
8809  -17.984  -67.893  -18.491 0.6000000238
8810  -18.533  -67.787  -18.166 0.6000000238
8814  -16.229  -67.806  -19.671 0.5000000000
8819  -20.042  -67.906  -19.562 0.5000000000
8820  -12.387  -67.874  -20.982 0.6999999881
8826  -17.510  -67.305  -19.819 0.6000000238
8836  -14.196  -67.056  -22.218 0.6999999881
8837  -14.694  -67.246  -22.611 0.6999999881
9313  -13.464  -67.789  -16.201 0.6999999881
9324  -13.502  -66.636  -16.837 0.8000000119
9339  -10.832  -67.329  -18.002 0.6999999881
9341  -12.279  -67.025  -17.609 0.6999999881
9353  -9.645  -66.966  -18.798 0.6000000238
9374  -15.348  -66.824  -20.868 0.6000000238
9388  -18.357  -66.491  -21.406 0.6000000238
9397  -16.515  -66.642  -22.291 0.6000000238
9399  -18.023  -66.660  -22.439 0.6000000238
9401  -19.931  -67.020  -22.509 0.5000000000
9863  -14.179  -66.316  -15.201 0.6999999881
9877  -14.348  -65.455  -15.592 0.6999999881
9898  -13.211  -66.132  -17.956 0.8000000119
9899  -13.705  -66.038  -17.460 0.8000000119
9910  -11.389  -66.100  -19.062 0.6999999881
9921  -8.801  -65.504  -20.025 0.6000000238
10485  -14.088  -65.722  -13.986 0.5000000000
10540  -14.788  -65.015  -16.959 0.6000000238
10560  -15.270  -64.532  -17.465 0.6000000238
10578  -14.661  -64.901  -18.782 0.6999999881
10588  -10.882  -64.489  -20.394 0.6000000238
10589  -11.498  -64.828  -20.368 0.5000000000
10597  -11.537  -64.181  -20.545 0.6000000238
10599  -13.039  -64.722  -20.552 0.6999999881
10600  -13.682  -64.387  -20.748 0.8000000119
11100  -10.836  -63.883  -11.891 0.5000000000
11110  -11.222  -63.681  -12.623 0.6000000238
11117  -10.788  -64.140  -13.955 0.5000000000
11127  -10.569  -64.224  -14.718 0.6000000238
11138  -11.217  -64.112  -15.662 0.6000000238
11139  -11.949  -63.870  -15.856 0.6000000238
11150  -10.755  -64.201  -17.111 0.6000000238
11152  -12.013  -63.905  -16.695 0.6999999881
11163  -11.030  -63.972  -17.971 0.6000000238
11164  -11.843  -63.864  -17.671 0.6999999881
11165  -12.388  -63.545  -18.472 0.6999999881
11183  -16.069  -63.643  -19.188 0.6000000238
11191  -11.567  -63.785  -20.444 0.6000000238
11192  -14.362  -64.279  -20.639 0.8000000119
11194  -15.634  -63.337  -21.004 0.6999999881
11204  -13.190  -64.018  -20.959 0.8000000119
11701  -10.703  -63.340  -11.266 0.5000000000
11718  -11.671  -62.922  -12.678 0.6000000238
11730  -12.566  -62.534  -14.297 0.8000000119
11739  -11.945  -63.471  -14.283 0.6999999881
11741  -12.896  -62.453  -14.863 0.8000000119
11751  -13.762  -62.804  -16.734 0.5000000000
11777  -12.823  -63.352  -19.516 0.6999999881
11785  -12.256  -63.655  -20.487 0.6999999881
11786  -13.079  -63.501  -20.630 0.6000000238
11800  -13.454  -63.670  -20.993 0.8000000119
11801  -14.982  -62.952  -21.262 0.6999999881
11802  -16.265  -62.861  -21.130 0.6000000238
12311  -8.304  -62.525  -9.828 0.5000000000
12312  -8.780  -62.844  -10.024 0.5000000000
12331  -10.558  -62.761  -11.250 0.6000000238
12348  -7.369  -62.019  -11.811 0.6000000238
12350  -10.113  -62.312  -11.626 0.6000000238
12351  -10.838  -62.319  -11.863 0.6000000238
12352  -11.324  -62.464  -12.303 0.6000000238
12362  -6.674  -62.064  -12.984 0.6999999881
12363  -7.538  -62.182  -13.006 0.6999999881
12365  -9.522  -62.057  -12.308 0.6000000238
12366  -11.793  -62.252  -12.992 0.6000000238
12378  -6.032  -61.774  -15.179 0.8000000119
12380  -7.526  -62.168  -13.977 0.6999999881
12382  -12.663  -62.059  -14.459 0.8000000119
12394  -8.294  -62.038  -14.492 0.6999999881
12403  -13.289  -62.279  -15.588 0.8000000119
12404  -13.638  -62.370  -16.241 0.8000000119
12420  -14.132  -62.229  -17.669 0.5000000000
12442  -15.254  -62.251  -21.241 0.6999999881
12444  -16.309  -62.382  -21.194 0.6000000238
12939  -5.899  -61.579  -12.680 0.6999999881
12940  -6.585  -61.848  -12.368 0.6999999881
12942  -11.111  -61.941  -12.452 0.6000000238
12943  -11.494  -61.773  -13.072 0.6999999881
12948  -4.838  -61.358  -13.965 0.8000000119
12949  -5.167  -61.437  -13.222 0.8000000119
12958  -5.741  -61.878  -14.480 0.8000000119
12959  -6.162  -62.035  -13.714 0.6999999881
12960  -9.175  -61.909  -13.732 0.6999999881
12962  -10.922  -61.502  -13.732 0.6999999881
12963  -11.720  -61.570  -13.840 0.6999999881
12964  -12.259  -61.804  -14.123 0.6999999881
12968  -4.827  -61.196  -14.575 0.6999999881
12969  -7.669  -62.036  -15.527 0.6000000238
12971  -10.280  -61.580  -14.534 0.6999999881
12974  -12.637  -61.706  -14.906 0.6999999881
12980  -6.551  -61.341  -16.416 0.6999999881
12984  -11.081  -61.650  -16.331 0.6999999881
12985  -12.003  -61.464  -16.125 0.6000000238
12987  -13.138  -61.835  -15.586 0.8000000119
12992  -6.957  -61.300  -16.912 0.6000000238
12993  -7.501  -61.549  -17.127 0.6000000238
12998  -12.691  -61.449  -16.451 0.6000000238
12999  -13.281  -61.656  -16.337 0.6000000238
13010  -8.213  -60.972  -18.017 0.5000000000
13012  -10.910  -61.513  -18.101 0.6000000238
13020  -10.638  -61.210  -18.338 0.6000000238
13025  -14.316  -61.833  -19.443 0.6000000238
13034  -14.163  -61.020  -20.235 0.6000000238
13035  -14.823  -61.496  -20.859 0.6999999881
13036  -16.264  -60.803  -20.577 0.6000000238
13047  -16.156  -61.110  -21.073 0.6000000238
13591  -3.993  -60.294  -12.481 0.8000000119
13600  -3.827  -60.430  -13.177 0.8000000119
13601  -4.350  -60.994  -13.563 0.8000000119
13606  -3.872  -60.456  -13.713 0.8000000119
13612  -4.448  -60.702  -14.592 0.6999999881
13619  -5.657  -61.069  -15.677 0.6999999881
13620  -6.249  -61.042  -16.221 0.6999999881
13628  -7.230  -61.053  -17.303 0.5000000000
13629  -7.689  -60.743  -17.573 0.5000000000
13634  -8.913  -60.515  -18.072 0.6000000238
13642  -11.300  -60.676  -18.476 0.5000000000
13643  -12.158  -60.814  -18.777 0.6000000238
13644  -13.158  -60.580  -19.219 0.5000000000
13645  -15.652  -60.075  -19.331 0.5000000000
13653  -13.966  -60.424  -19.889 0.6000000238
13654  -14.593  -60.365  -20.458 0.6000000238
13655  -15.521  -59.932  -20.377 0.6000000238
13656  -15.932  -60.016  -20.050 0.5000000000
13661  -15.182  -60.129  -20.718 0.6000000238
13663  -15.933  -60.439  -20.738 0.6000000238
14205  -2.801  -59.546  -12.461 0.6999999881
14208  -5.610  -59.733  -11.564 0.6999999881
14209  -6.610  -59.881  -11.318 0.6000000238
14220  -2.885  -59.533  -12.932 0.6999999881
14221  -3.267  -59.961  -12.787 0.8000000119
14222  -5.001  -60.379  -12.188 0.6999999881
14239  -3.652  -59.882  -13.798 0.8000000119
14240  -4.129  -60.047  -14.439 0.6999999881
14247  -5.502  -60.521  -15.372 0.6000000238
14257  -6.595  -60.510  -16.311 0.5000000000
14266  -7.251  -60.477  -16.959 0.5000000000
14277  -9.696  -59.859  -18.126 0.6000000238
14288  -11.221  -59.849  -18.355 0.5000000000
14289  -12.053  -59.734  -18.547 0.5000000000
14853  -2.279  -58.473  -12.656 0.6000000238
14854  -2.740  -58.962  -13.094 0.6000000238
14864  -3.316  -59.248  -13.614 0.8000000119
14876  -4.632  -59.489  -14.591 0.6000000238
14878  -6.317  -59.201  -15.129 0.6000000238
14888  -6.802  -59.614  -15.810 0.5000000000
14889  -7.468  -59.177  -16.134 0.5000000000
14890  -8.124  -58.740  -16.544 0.5000000000
14909  -10.993  -58.069  -18.035 0.5000000000
14911  -12.383  -57.919  -18.092 0.5000000000
14912  -13.486  -58.148  -17.995 0.5000000000
14923  -12.475  -58.512  -18.290 0.5000000000
14924  -13.371  -58.417  -18.439 0.5000000000
15446  -4.115  -57.683  -9.784 0.6999999881
15462  -3.585  -58.199  -10.390 0.6999999881
15477  -2.004  -57.757  -11.508 0.6999999881
15478  -2.176  -58.422  -11.552 0.6999999881
15479  -3.071  -58.716  -11.075 0.6999999881
15495  -2.274  -57.910  -12.503 0.6000000238
15514  -4.027  -58.348  -13.511 0.6000000238
15535  -3.748  -58.916  -13.739 0.6000000238
15537  -6.042  -57.976  -14.302 0.5000000000
15557  -10.187  -57.009  -15.456 0.4000000060
15558  -10.738  -57.595  -15.170 0.4000000060
15572  -11.269  -57.369  -16.216 0.4000000060
15581  -9.162  -56.900  -16.716 0.6000000238
15584  -10.806  -56.922  -17.436 0.5000000000
15585  -11.588  -57.251  -17.293 0.5000000000
15593  -10.015  -57.582  -17.484 0.5000000000
15594  -10.613  -57.288  -17.705 0.5000000000
16128  -1.986  -57.230  -10.977 0.6999999881
16129  -2.182  -57.395  -10.561 0.6999999881
16130  -3.045  -57.587  -10.120 0.6999999881
16167  -2.249  -56.944  -11.904 0.6000000238
16169  -3.047  -57.158  -12.529 0.5000000000
16172  -6.516  -57.108  -12.479 0.4000000060
16189  -2.669  -57.650  -12.736 0.5000000000
16192  -5.473  -57.719  -12.992 0.5000000000
16194  -10.275  -57.128  -13.584 0.4000000060
16195  -10.626  -57.170  -13.000 0.4000000060
16210  -5.748  -57.850  -13.711 0.4000000060
16212  -9.583  -55.993  -14.980 0.4000000060
16213  -9.856  -56.701  -14.153 0.4000000060
16222  -7.871  -56.850  -15.517 0.5000000000
16233  -9.222  -55.872  -16.581 0.4000000060
16243  -10.384  -56.723  -17.223 0.4000000060
16827  -2.944  -56.011  -9.093 0.6999999881
16837  -1.932  -55.914  -10.200 0.6999999881
16846  -1.903  -56.535  -10.847 0.6999999881
16863  -2.241  -56.295  -11.467 0.5000000000
16866  -4.992  -56.236  -11.522 0.5000000000
16867  -5.936  -56.591  -11.286 0.4000000060
16869  -7.405  -56.382  -11.319 0.4000000060
16888  -2.709  -56.635  -12.095 0.6000000238
16890  -4.491  -56.695  -12.007 0.4000000060
16939  -7.700  -55.477  -15.501 0.4000000060
16941  -8.942  -54.997  -16.245 0.4000000060
17625  -1.925  -55.134  -9.750 0.6999999881
17626  -2.095  -55.585  -9.454 0.6999999881
17627  -7.465  -55.269  -9.751 0.5000000000
17629  -8.892  -54.990  -9.720 0.5000000000
17630  -9.290  -54.789  -10.125 0.4000000060
17642  -6.075  -55.406  -10.492 0.5000000000
17643  -6.930  -55.755  -10.283 0.5000000000
17645  -8.852  -55.220  -10.386 0.5000000000
17657  -2.558  -55.273  -11.278 0.6000000238
17662  -8.626  -55.222  -11.243 0.5000000000
17678  -8.131  -55.330  -12.042 0.5000000000
17688  -7.222  -55.568  -13.844 0.5000000000
17699  -9.557  -55.336  -14.789 0.4000000060
17700  -9.973  -55.354  -13.916 0.4000000060
17701  -10.617  -55.001  -13.600 0.4000000060
17720  -8.839  -54.349  -15.858 0.4000000060
18423  -2.500  -54.541  -8.538 0.5000000000
18424  -8.333  -54.226  -8.728 0.4000000060
18425  -9.028  -54.195  -8.736 0.4000000060
18434  -2.031  -54.473  -9.439 0.6000000238
18435  -6.280  -54.077  -9.820 0.6000000238
18436  -7.125  -54.485  -9.390 0.5000000000
18440  -10.043  -53.958  -9.423 0.4000000060
18453  -2.037  -54.582  -10.070 0.6000000238
18456  -5.759  -54.524  -10.361 0.6000000238
18458  -9.734  -54.159  -10.237 0.3000000119
18469  -4.334  -54.517  -11.229 0.6000000238
18471  -8.867  -54.399  -11.459 0.5000000000
18503  -7.180  -54.661  -14.366 0.4000000060
18504  -7.189  -54.054  -13.927 0.4000000060
18526  -8.155  -54.094  -15.719 0.4000000060
19205  -8.957  -53.231  -7.906 0.4000000060
19207  -10.691  -53.250  -8.225 0.4000000060
19216  -7.275  -53.160  -8.671 0.5000000000
19217  -7.986  -53.511  -8.439 0.4000000060
19219  -9.355  -53.683  -8.260 0.4000000060
19232  -10.554  -53.378  -9.489 0.3000000119
19233  -10.827  -53.260  -8.906 0.4000000060
19246  -2.561  -53.963  -10.351 0.5000000000
19247  -4.037  -53.186  -10.826 0.4000000060
19248  -4.789  -53.359  -10.690 0.5000000000
19256  -3.128  -54.005  -10.939 0.6000000238
19259  -9.445  -53.896  -11.017 0.4000000060
19277  -7.510  -53.192  -13.255 0.4000000060
19986  -10.152  -52.768  -7.427 0.4000000060
19987  -10.910  -52.771  -7.697 0.4000000060
19996  -2.547  -52.301  -8.663 0.5000000000
19999  -8.370  -53.163  -8.140 0.4000000060
20000  -11.465  -52.549  -8.056 0.4000000060
20007  -2.270  -53.172  -8.987 0.5000000000
20008  -2.731  -52.586  -9.317 0.5000000000
20024  -5.311  -52.876  -10.261 0.5000000000
20026  -10.484  -52.850  -10.150 0.3000000119
20788  -10.453  -51.461  -6.931 0.4000000060
20790  -11.959  -51.485  -7.193 0.4000000060
20811  -7.487  -51.820  -8.196 0.5000000000
20838  -10.914  -52.251  -9.957 0.3000000119
20845  -9.150  -52.124  -11.211 0.3000000119
21691  -10.909  -50.814  -6.764 0.4000000060
21692  -11.731  -50.980  -6.844 0.3000000119
21703  -7.948  -50.343  -7.734 0.5000000000
21705  -9.227  -50.992  -7.254 0.4000000060
21716  -6.638  -50.833  -8.654 0.4000000060
21727  -4.047  -50.543  -9.558 0.4000000060
21728  -5.698  -50.637  -9.831 0.4000000060
21742  -4.938  -50.650  -10.219 0.4000000060
22585  -9.798  -49.746  -6.834 0.4000000060
22599  -8.525  -49.870  -7.286 0.4000000060
22630  -4.415  -49.938  -9.796 0.4000000060
22632  -5.351  -49.278  -10.159 0.4000000060
23476  -9.842  -48.461  -6.192 0.4000000060
23486  -8.145  -48.586  -6.562 0.5000000000
23503  -8.403  -49.208  -6.989 0.4000000060
23525  -5.762  -48.846  -9.815 0.4000000060
23526  -6.165  -48.635  -9.288 0.4000000060
23539  -5.020  -48.659  -9.911 0.4000000060
24392  -8.822  -48.238  -5.920 0.5000000000
24393  -9.512  -48.092  -5.913 0.4000000060
24394  -10.130  -48.014  -6.113 0.4000000060
24431  -6.180  -47.675  -8.857 0.3000000119
24442  -5.236  -47.848  -9.766 0.4000000060
24444  -5.955  -47.396  -9.268 0.3000000119
25286  -7.240  -46.775  -5.131 0.5000000000
25288  -8.608  -46.943  -5.308 0.4000000060
25302  -6.901  -47.082  -5.665 0.5000000000
25315  -6.463  -47.196  -6.577 0.5000000000
25352  -4.927  -47.419  -9.376 0.4000000060
25353  -5.444  -47.162  -9.494 0.4000000060
25354  -5.749  -47.102  -9.333 0.4000000060
26205  -8.337  -46.314  -5.186 0.3000000119
26223  -5.924  -45.997  -5.620 0.5000000000
26250  -6.038  -46.258  -8.246 0.3000000119
26266  -5.785  -46.232  -8.622 0.3000000119
26267  -5.954  -46.825  -9.019 0.3000000119
27180  -5.641  -45.417  -4.513 0.5000000000
27181  -6.370  -45.361  -4.397 0.4000000060
27250  -5.440  -44.907  -8.249 0.4000000060
28210  -5.025  -44.403  -5.864 0.4000000060
28238  -5.443  -44.405  -6.984 0.4000000060
28254  -5.149  -44.325  -7.638 0.4000000060
30919  -4.710  -41.927  -4.471 0.3000000119
133917  -5.444  -44.342  -3.670 0.3000000119
133918  -4.895  -44.103  -3.510 0.3000000119
133919  -5.062  -43.764  -3.477 0.3000000119
133922  -6.309  -43.156  -4.941 0.3000000119
134667  -9.844  -64.453  -15.102 0.6000000238
134745  -9.658  -70.989  -13.733 0.5000000000
135220  -21.960  -76.959  -16.003 0.5000000000
135223  -8.929  -62.020  -15.623 0.6000000238
135371  -8.156  -62.168  -11.269 0.6000000238
135390  -4.719  -58.167  -10.148 0.6000000238
135687  -22.864  -79.768  -18.055 0.6000000238
135801  -18.767  -66.633  -20.935 0.6000000238
135904  -11.606  -52.402  -8.821 0.3000000119
135911  -8.924  -55.599  -16.539 0.4000000060
135953  -7.379  -53.977  -13.232 0.4000000060
135999  -12.985  -63.014  -15.391 0.8000000119
136948  -25.177  -77.540  -21.759 0.5000000000
137524  -9.449  -68.766  -14.260 0.6000000238
137644  -14.266  -71.416  -14.520 0.5000000000
137878  -10.844  -71.302  -14.183 0.6000000238
138156  -5.347  -50.207  -10.212 0.4000000060
138657  -14.153  -61.895  -18.202 0.6000000238
138980  -12.132  -66.002  -18.918 0.6000000238
139020  -13.993  -68.607  -19.466 0.6000000238
139034  -7.450  -54.303  -15.153 0.4000000060
139192  -28.972  -79.602  -20.131 0.4000000060
139224  -9.918  -52.115  -7.114 0.4000000060
139266  -9.504  -65.530  -19.988 0.5000000000
139604  -6.198  -46.998  -7.710 0.3000000119
139726  -21.265  -75.296  -11.072 0.3000000119
139912  -23.998  -83.524  -16.865 0.3000000119
140368  -20.656  -77.576  -18.871 0.5000000000
140845  -3.788  -52.193  -10.176 0.5000000000
140978  -17.398  -68.597  -14.298 0.6000000238
141220  -15.029  -71.432  -14.562 0.6000000238
141864  -20.377  -73.032  -18.590 0.6000000238
141932  -8.121  -48.037  -5.871 0.5000000000
141971  -13.335  -70.178  -22.852 0.5000000000
142059  -12.443  -63.498  -15.385 0.6999999881
142569  -16.449  -71.230  -14.411 0.6000000238
142983  -12.083  -61.461  -15.344 0.6000000238
143033  -18.747  -67.628  -15.968 0.6000000238
143278  -5.689  -45.556  -8.210 0.4000000060
143305  -14.210  -63.377  -21.073 0.8000000119
143504  -9.150  -47.752  -5.620 0.5000000000
143716  -20.453  -79.075  -15.633 0.6000000238
143798  -6.820  -51.505  -8.594 0.4000000060
144555  -9.914  -68.119  -17.694 0.6999999881
144874  -22.984  -82.569  -20.817 0.6999999881
145000  -5.474  -59.709  -15.026 0.6000000238
145024  -10.685  -70.446  -19.474 0.6000000238
145132  -15.082  -59.497  -19.730 0.5000000000
145226  -9.517  -71.437  -17.345 0.5000000000
145238  -9.016  -71.454  -15.953 0.5000000000
145352  -11.555  -71.352  -18.095 0.6000000238
145383  -27.556  -77.620  -9.223 0.3000000119
145399  -9.228  -51.773  -7.353 0.4000000060
145588  -9.320  -64.611  -16.387 0.6000000238
146209  -23.116  -77.398  -12.288 0.3000000119
146222  -17.497  -69.505  -16.550 0.6000000238
146436  -5.443  -61.401  -15.100 0.8000000119
147071  -22.965  -80.725  -19.266 0.6999999881
147278  -10.316  -49.346  -6.682 0.4000000060
147406  -4.566  -44.092  -3.547 0.3000000119
147675  -16.236  -61.885  -21.326 0.6000000238
147959  -2.063  -57.568  -11.952 0.6000000238
147964  -20.447  -86.496  -17.540 0.4000000060
148817  -8.468  -62.037  -15.307 0.6000000238
148940  -20.998  -83.285  -17.044 0.5000000000
149223  -20.073  -74.475  -8.969 0.3000000119
149355  -13.452  -67.153  -21.402 0.6999999881
149416  -5.933  -57.363  -12.538 0.4000000060
149534  -28.340  -80.799  -13.180 0.3000000119
149568  -7.555  -56.282  -15.188 0.4000000060
149675  -6.131  -47.986  -9.193 0.4000000060
149686  -19.462  -74.939  -7.798 0.3000000119
150155  -20.890  -80.845  -15.704 0.6000000238
150364  -14.198  -69.052  -22.773 0.6999999881
150455  -19.733  -74.953  -8.844 0.3000000119
150694  -10.021  -53.554  -8.218 0.4000000060
151112  -28.107  -81.275  -11.677 0.3000000119
151128  -9.709  -61.857  -15.449 0.5000000000
151205  -5.726  -45.104  -7.005 0.4000000060
151467  -16.856  -74.196  -19.636 0.6999999881
151511  -14.792  -64.958  -16.228 0.6999999881
152720  -20.584  -86.376  -18.062 0.4000000060
152801  -13.006  -71.373  -14.337 0.6000000238
153023  -14.118  -66.959  -15.578 0.8000000119
153446  -6.098  -44.598  -4.089 0.4000000060
153505  -12.873  -70.801  -22.947 0.5000000000
154010  -13.791  -58.978  -18.890 0.5000000000
154391  -8.421  -61.472  -17.862 0.6000000238
154432  -21.302  -78.280  -15.727 0.5000000000
154583  -26.593  -77.751  -15.387 0.3000000119
154755  -9.099  -62.013  -13.026 0.6999999881
154812  -13.984  -66.451  -13.809 0.6000000238
155165  -9.806  -66.287  -19.374 0.5000000000
155247  -10.914  -64.049  -13.253 0.6000000238
155302  -25.675  -83.074  -13.795 0.3000000119
155335  -17.283  -74.186  -20.977 0.6000000238
155415  -11.093  -64.095  -15.049 0.6000000238
155445  -10.996  -68.689  -14.012 0.6999999881
155517  -21.276  -76.603  -11.494 0.3000000119
155885  -10.263  -61.895  -17.232 0.6000000238
156059  -15.805  -63.805  -20.128 0.6999999881
156121  -22.139  -80.802  -17.123 0.6000000238
156530  -23.392  -77.922  -18.045 0.5000000000
156536  -15.326  -71.432  -15.512 0.6000000238
156550  -8.893  -64.579  -19.916 0.6000000238
156746  -21.580  -85.768  -16.108 0.3000000119
157233  -18.159  -67.679  -16.033 0.6000000238
157549  -12.035  -61.524  -17.005 0.6000000238
157948  -11.657  -68.267  -21.498 0.6999999881
157992  -7.736  -56.097  -10.794 0.5000000000
158302  -13.983  -65.267  -18.839 0.8000000119
158777  -7.974  -70.461  -13.770 0.6999999881
159031  -23.811  -79.795  -21.084 0.5000000000
159061  -6.102  -60.942  -12.023 0.6999999881
159068  -20.882  -78.146  -15.605 0.5000000000
159142  -6.139  -46.711  -8.429 0.3000000119
159146  -16.559  -62.173  -20.109 0.6000000238
159334  -10.144  -60.162  -18.251 0.6000000238
159443  -7.324  -60.183  -11.084 0.6000000238
159930  -10.773  -61.641  -15.768 0.6999999881
160037  -22.577  -75.395  -16.584 0.6000000238
160220  -25.560  -80.959  -21.697 0.6000000238
160541  -10.079  -55.985  -13.636 0.4000000060
160553  -17.193  -70.906  -16.095 0.6000000238
160568  -8.308  -69.018  -14.389 0.6999999881
160896  -9.450  -68.614  -16.758 0.6999999881
161005  -8.725  -51.364  -7.524 0.4000000060
161149  -11.089  -52.912  -8.067 0.3000000119
161212  -5.120  -58.584  -14.244 0.5000000000
161477  -12.100  -61.282  -18.444 0.6000000238
161494  -18.817  -67.660  -18.540 0.6000000238
161708  -8.219  -53.615  -15.526 0.4000000060
161810  -5.421  -42.451  -4.486 0.3000000119
162206  -21.984  -80.439  -16.656 0.6000000238
162241  -11.642  -61.456  -15.730 0.6000000238
