#!ascii label  , from subject sub-v2s2x29086_ses-1 vox2ras=TkReg
948
71045  18.098  -6.817  -37.259 0.2500000000
71057  18.338  -6.853  -37.955 0.2500000000
70037  18.662  -7.456  -38.120 0.7500000000
145716  16.807  -4.137  -37.524 0.2500000000
153910  17.044  -4.383  -37.891 0.1250000000
74139  17.288  -4.247  -38.442 0.3750000000
73078  17.432  -4.889  -38.168 0.2500000000
71058  17.886  -6.172  -37.718 0.2500000000
72080  18.285  -6.185  -38.463 0.7500000000
70036  19.075  -7.790  -38.497 0.8750000000
70049  18.800  -7.011  -38.690 0.8750000000
68872  19.569  -8.196  -38.906 0.8750000000
72094  17.886  -5.456  -38.523 0.3750000000
72093  18.389  -5.723  -38.999 0.8750000000
157922  19.950  -6.897  -40.159 1.0000000000
71079  19.453  -6.601  -39.794 1.0000000000
146714  18.876  -6.275  -39.259 0.8750000000
70047  19.928  -7.867  -39.473 1.0000000000
71068  19.229  -6.926  -39.301 0.8750000000
70062  20.361  -7.506  -40.148 1.0000000000
74140  16.812  -3.706  -38.042 0.2500000000
73093  17.734  -4.769  -38.811 0.7500000000
156715  18.096  -4.612  -39.349 0.8750000000
72106  18.712  -5.534  -39.561 0.8750000000
73092  18.228  -5.156  -39.161 0.7500000000
71088  19.855  -6.306  -40.390 1.0000000000
72105  19.260  -5.928  -39.966 1.0000000000
73103  19.067  -5.234  -40.182 1.0000000000
140269  21.376  -6.931  -41.260 1.0000000000
71087  20.548  -6.812  -40.824 1.0000000000
70076  21.141  -7.476  -40.772 1.0000000000
74127  16.576  -3.391  -37.525 0.1250000000
74155  17.196  -3.613  -38.796 0.6250000000
74167  18.232  -4.151  -39.886 1.0000000000
74154  17.684  -4.153  -39.157 0.8750000000
73104  18.519  -4.878  -39.762 1.0000000000
72112  21.162  -6.335  -41.678 1.0000000000
72113  20.321  -6.023  -41.101 1.0000000000
72114  19.639  -5.625  -40.634 1.0000000000
73117  19.443  -4.912  -40.828 1.0000000000
71086  21.946  -6.632  -41.716 1.0000000000
71084  22.826  -6.741  -41.219 1.0000000000
70075  22.016  -7.280  -41.064 1.0000000000
135987  16.447  0.163  -39.569 0.2500000000
75236  16.504  -2.898  -37.953 0.2500000000
76434  16.598  -2.391  -38.632 0.3750000000
75248  16.797  -3.124  -38.500 0.5000000000
75260  18.186  -3.410  -40.331 1.0000000000
75247  17.137  -2.933  -39.170 0.6250000000
74181  18.632  -3.954  -40.562 1.0000000000
74180  19.214  -4.185  -40.986 1.0000000000
72127  22.011  -5.681  -42.220 1.0000000000
72129  20.722  -5.719  -41.763 1.0000000000
74191  20.439  -4.129  -42.155 1.0000000000
73126  21.735  -4.930  -42.295 1.0000000000
72126  22.518  -6.035  -42.181 1.0000000000
148600  22.420  -4.834  -41.855 1.0000000000
73115  22.633  -5.454  -41.776 1.0000000000
78668  16.817  -0.480  -40.010 0.5000000000
77557  16.420  -0.824  -39.115 0.3750000000
76444  16.692  -1.695  -39.160 0.5000000000
77564  16.896  -1.283  -39.749 0.5000000000
76456  17.773  -2.173  -40.574 0.8750000000
75276  18.203  -2.725  -40.780 1.0000000000
76455  18.172  -2.012  -41.156 1.0000000000
74192  19.623  -3.781  -41.670 1.0000000000
75275  18.834  -3.385  -41.100 1.0000000000
74201  21.406  -3.847  -42.539 1.0000000000
74202  20.911  -3.598  -42.565 1.0000000000
75287  22.037  -3.630  -42.336 1.0000000000
74190  22.124  -4.589  -41.955 1.0000000000
74179  23.005  -4.576  -41.352 0.8750000000
78679  16.754  0.195  -40.321 0.5000000000
78678  17.171  -0.114  -40.817 0.6250000000
77581  17.616  -0.747  -41.174 0.6250000000
156491  18.029  -1.309  -41.404 1.0000000000
77571  17.672  -1.504  -40.813 0.7500000000
158257  19.174  -2.333  -42.129 1.0000000000
76483  21.572  -2.222  -43.066 1.0000000000
76492  21.100  -2.321  -43.164 1.0000000000
75301  20.609  -2.913  -42.906 1.0000000000
75302  19.872  -2.543  -42.715 1.0000000000
75299  21.769  -2.846  -42.715 1.0000000000
151126  21.557  -3.366  -42.667 1.0000000000
75300  21.186  -2.997  -42.835 1.0000000000
76482  22.052  -2.189  -42.608 0.8750000000
145697  22.335  -2.824  -42.207 1.0000000000
75274  22.784  -3.428  -41.839 0.8750000000
78687  17.564  0.033  -41.513 0.8750000000
78694  19.469  -0.661  -43.338 1.0000000000
77595  18.945  -1.037  -42.661 1.0000000000
77593  21.331  -1.630  -43.348 1.0000000000
77610  20.515  -1.411  -43.590 1.0000000000
78702  21.532  -0.306  -43.464 1.0000000000
77580  22.400  -1.403  -42.359 1.0000000000
78693  21.668  -0.913  -43.166 1.0000000000
79847  16.907  0.689  -40.874 0.5000000000
160148  17.277  0.415  -41.227 0.8750000000
79853  17.943  0.340  -42.125 1.0000000000
80953  20.196  0.788  -44.101 1.0000000000
147930  19.783  -0.276  -43.695 1.0000000000
78695  18.687  -0.182  -42.682 1.0000000000
80951  21.787  0.972  -44.085 1.0000000000
79869  21.586  0.382  -43.802 1.0000000000
80944  22.771  0.881  -43.335 1.0000000000
138399  22.209  0.865  -43.779 1.0000000000
146454  21.147  -0.108  -43.708 1.0000000000
78692  22.763  -0.168  -42.605 1.0000000000
79868  22.161  0.311  -43.442 1.0000000000
78691  23.287  -0.136  -42.132 0.8750000000
84123  18.867  3.556  -44.049 1.0000000000
84116  17.754  3.522  -42.605 0.3750000000
83062  18.383  3.139  -43.290 0.8750000000
80962  19.985  1.514  -44.204 1.0000000000
80960  21.593  1.450  -44.508 1.0000000000
80961  21.102  1.141  -44.422 1.0000000000
85118  18.434  4.822  -43.763 0.8750000000
84122  19.314  4.002  -44.938 1.0000000000
83069  19.553  3.107  -44.625 1.0000000000
83076  20.022  3.383  -45.418 1.0000000000
82014  20.431  1.922  -44.766 1.0000000000
83066  22.038  2.197  -44.530 1.0000000000
82012  21.413  2.244  -45.086 1.0000000000
84131  19.817  4.073  -45.915 1.0000000000
84130  20.439  3.546  -45.945 1.0000000000
84128  21.751  3.533  -45.215 1.0000000000
158037  21.231  3.425  -45.646 1.0000000000
83073  21.355  2.876  -45.438 1.0000000000
84138  19.645  4.753  -46.326 1.0000000000
84137  20.335  4.311  -46.339 1.0000000000
84129  20.857  3.736  -46.038 1.0000000000
89670  20.401  9.220  -44.058 0.1250000000
90527  20.841  9.660  -43.433 0.1250000000
89691  20.410  9.341  -45.674 0.2500000000
89682  20.954  9.754  -45.231 0.1250000000
90551  21.028  10.290  -45.513 0.2500000000
89698  20.069  9.466  -46.559 0.5000000000
156986  20.520  10.171  -46.614 0.2500000000
90569  20.016  10.371  -47.886 0.3750000000
90539  21.228  10.281  -44.850 0.2500000000
90562  20.834  10.670  -46.144 0.2500000000
91419  20.584  11.323  -46.500 0.2500000000
91420  20.464  10.726  -47.049 0.2500000000
91429  20.198  11.083  -47.749 0.2500000000
160769  20.079  10.754  -48.176 0.3750000000
91428  20.372  11.550  -47.098 0.2500000000
91436  20.138  11.134  -48.455 0.3750000000
151588  17.845  -6.308  -37.147 0.1250000000
160800  17.876  -5.832  -38.136 0.2500000000
73063  17.203  -4.900  -37.568 0.1250000000
70074  22.595  -7.299  -40.895 1.0000000000
78686  18.181  -0.639  -41.935 0.8750000000
141793  20.735  -0.250  -43.810 1.0000000000
70012  18.208  -7.416  -36.266 0.1250000000
68863  18.777  -8.055  -37.865 0.6250000000
67783  19.820  -8.900  -38.724 0.7500000000
73064  16.955  -4.525  -37.311 0.1250000000
67782  20.394  -9.287  -39.157 1.0000000000
72068  17.556  -5.714  -37.379 0.1250000000
68888  20.534  -8.252  -39.858 1.0000000000
68902  21.690  -8.081  -40.655 1.0000000000
137175  22.970  -7.290  -40.657 1.0000000000
77546  15.998  -0.886  -38.265 0.2500000000
136971  16.269  -1.579  -38.408 0.2500000000
73102  23.070  -5.358  -40.913 0.8750000000
76454  22.959  -2.647  -41.557 0.8750000000
149970  23.149  -3.849  -41.482 0.8750000000
77579  23.032  -1.232  -41.743 0.8750000000
162333  16.997  3.541  -41.102 0.1250000000
157150  17.360  3.155  -41.859 0.1250000000
80929  16.879  1.447  -41.033 0.3750000000
79854  17.680  1.117  -42.166 0.6250000000
79860  22.763  0.338  -42.971 1.0000000000
78685  22.852  -0.673  -42.185 0.8750000000
84115  18.272  4.046  -43.335 0.5000000000
140089  18.738  4.263  -44.176 0.8750000000
82008  18.529  2.310  -43.212 0.8750000000
82006  22.262  1.551  -44.062 1.0000000000
83060  22.659  2.384  -43.987 1.0000000000
141829  22.408  2.878  -44.379 1.0000000000
85124  18.852  4.807  -44.685 1.0000000000
83067  21.892  2.863  -44.914 1.0000000000
85132  18.957  5.466  -45.242 0.8750000000
86089  19.592  5.350  -46.577 1.0000000000
85139  20.707  4.989  -46.531 1.0000000000
144746  21.523  4.040  -45.673 1.0000000000
89656  20.118  9.535  -42.529 0.1250000000
88754  19.939  8.775  -43.873 0.1250000000
88781  19.855  7.967  -46.136 0.6250000000
139680  20.042  8.822  -46.069 0.6250000000
89704  19.631  9.223  -47.583 0.5000000000
89669  21.022  9.690  -44.423 0.2500000000
89718  19.943  9.555  -48.401 0.5000000000
91411  21.022  10.927  -45.314 0.2500000000
146477  20.712  11.530  -45.809 0.2500000000
90574  20.129  10.350  -48.735 0.5000000000
141007  20.541  12.070  -46.415 0.1250000000
92271  20.589  12.808  -48.664 0.2500000000
91447  20.276  10.863  -49.300 0.3750000000
92283  20.853  12.386  -49.701 0.2500000000
92259  20.531  12.205  -47.139 0.1250000000
70023  18.408  -7.473  -37.493 0.3750000000
70048  19.363  -7.506  -39.091 0.8750000000
68871  20.145  -8.573  -39.297 1.0000000000
70063  19.666  -7.233  -39.679 1.0000000000
70061  20.983  -7.986  -40.324 1.0000000000
74168  17.633  -3.509  -39.591 0.8750000000
73118  18.837  -4.557  -40.377 1.0000000000
71099  21.859  -6.201  -42.157 1.0000000000
73116  20.127  -5.306  -41.314 1.0000000000
73129  19.926  -4.558  -41.508 1.0000000000
71085  22.453  -6.736  -41.566 1.0000000000
76443  17.051  -2.229  -39.452 0.5000000000
75261  17.583  -2.705  -40.021 0.8750000000
73125  22.190  -5.374  -42.198 1.0000000000
73127  21.506  -5.050  -42.341 1.0000000000
73128  20.784  -5.025  -42.093 1.0000000000
73140  21.005  -4.300  -42.370 1.0000000000
73139  21.526  -4.485  -42.380 1.0000000000
74189  22.560  -4.139  -41.834 1.0000000000
141788  17.315  -1.819  -40.096 0.6250000000
77572  17.254  -0.984  -40.442 0.6250000000
75290  18.694  -2.557  -41.509 1.0000000000
76469  18.607  -1.696  -41.945 1.0000000000
75288  20.150  -3.335  -42.332 1.0000000000
75289  19.371  -3.004  -41.901 1.0000000000
74200  21.618  -4.170  -42.448 1.0000000000
74178  23.585  -3.888  -40.808 0.8750000000
76485  19.339  -1.811  -42.695 1.0000000000
77592  21.851  -1.561  -42.958 1.0000000000
76484  21.399  -2.634  -42.940 1.0000000000
157847  20.477  -2.363  -43.171 1.0000000000
77609  20.976  -1.832  -43.447 1.0000000000
76468  22.630  -2.013  -41.952 0.8750000000
136391  20.269  -0.285  -43.784 1.0000000000
78704  20.597  -0.788  -43.683 1.0000000000
77611  19.978  -1.194  -43.502 1.0000000000
154516  21.229  -0.960  -43.416 1.0000000000
76494  20.071  -1.827  -43.312 1.0000000000
78703  20.987  -0.623  -43.602 1.0000000000
78701  22.144  -0.227  -43.064 1.0000000000
146898  22.231  -0.796  -42.724 1.0000000000
140766  17.329  0.858  -41.564 0.6250000000
79862  18.412  0.623  -42.680 0.7500000000
79861  19.201  0.121  -43.270 1.0000000000
79873  18.952  0.827  -43.188 1.0000000000
79871  20.460  0.203  -43.984 1.0000000000
80954  19.480  1.114  -43.704 1.0000000000
149079  20.608  1.228  -44.478 1.0000000000
79879  20.801  0.680  -44.219 1.0000000000
162484  22.678  1.343  -43.615 1.0000000000
80952  21.329  0.786  -44.162 1.0000000000
79870  21.011  0.258  -43.944 1.0000000000
83061  19.082  2.715  -43.842 1.0000000000
83056  17.820  2.726  -42.670 0.7500000000
80955  18.694  1.543  -43.164 1.0000000000
82015  19.772  2.288  -44.368 1.0000000000
82013  21.039  1.702  -44.773 1.0000000000
82020  20.832  2.399  -45.321 1.0000000000
83068  20.226  2.635  -45.134 1.0000000000
83075  20.522  2.945  -45.639 1.0000000000
85130  21.123  4.483  -46.190 1.0000000000
85140  20.028  5.081  -46.564 1.0000000000
85131  19.261  4.709  -45.643 1.0000000000
89671  19.997  9.110  -43.287 0.1250000000
90552  20.756  9.935  -45.984 0.2500000000
88764  20.101  8.728  -44.558 0.3750000000
88772  20.131  8.707  -45.349 0.5000000000
161683  19.703  9.789  -47.779 0.5000000000
92260  20.374  11.887  -47.926 0.2500000000
152552  20.420  11.688  -48.972 0.2500000000
70024  18.199  -7.421  -36.775 0.2500000000
70011  18.240  -7.944  -36.239 0.1250000000
68862  19.285  -8.490  -38.290 0.7500000000
67798  20.796  -8.947  -39.685 1.0000000000
83050  16.890  2.987  -41.138 0.5000000000
80938  17.174  1.676  -41.531 0.6250000000
80945  17.495  1.791  -42.088 0.7500000000
79863  18.134  1.298  -42.664 0.8750000000
82001  17.399  2.454  -41.961 0.7500000000
82000  17.931  1.980  -42.677 0.8750000000
135617  19.279  5.359  -46.137 1.0000000000
86095  20.575  5.692  -47.054 1.0000000000
85138  21.455  5.203  -46.310 1.0000000000
88765  19.634  8.351  -44.249 0.3750000000
88780  19.774  8.529  -46.856 0.7500000000
91446  20.584  11.223  -50.005 0.2500000000
91457  20.951  10.691  -50.903 0.3750000000
64217  20.965  -12.502  -36.735 0.7500000000
64215  22.937  -12.114  -36.528 0.7500000000
64218  20.262  -12.189  -36.427 0.7500000000
65480  19.884  -11.587  -36.702 0.7500000000
64231  22.558  -11.980  -37.296 0.7500000000
64233  21.306  -12.187  -37.402 0.7500000000
64234  20.563  -11.939  -37.129 0.7500000000
65490  22.833  -11.392  -37.631 0.7500000000
65491  22.278  -11.668  -37.902 0.7500000000
64248  21.642  -11.761  -37.979 0.7500000000
66661  19.791  -10.029  -38.015 0.7500000000
67767  19.525  -9.233  -38.124 0.6250000000
65509  21.273  -11.143  -38.457 0.7500000000
66660  20.503  -10.509  -38.568 0.8750000000
66643  23.161  -10.731  -37.779 0.7500000000
65507  22.557  -11.009  -38.285 0.7500000000
65519  21.970  -10.789  -38.737 0.7500000000
66673  21.353  -10.359  -39.094 0.8750000000
138033  21.098  -9.605  -39.436 0.8750000000
67765  23.191  -9.599  -38.595 0.7500000000
66671  22.720  -9.946  -39.015 0.7500000000
67780  22.455  -9.613  -39.512 0.8750000000
160980  23.224  -8.824  -39.317 0.7500000000
67795  22.634  -9.071  -39.744 0.8750000000
68886  21.979  -8.631  -40.255 0.8750000000
70046  23.334  -8.004  -39.828 0.8750000000
70059  22.879  -7.937  -40.339 0.8750000000
70058  23.356  -7.470  -40.179 0.8750000000
71078  23.212  -6.909  -40.521 0.8750000000
73090  24.536  -5.264  -39.226 0.3750000000
72092  23.875  -5.906  -39.486 0.6250000000
72103  23.445  -5.615  -40.162 0.7500000000
72104  23.108  -6.219  -40.798 0.7500000000
73089  25.220  -4.757  -39.019 0.5000000000
74153  24.565  -4.501  -39.503 0.5000000000
74165  24.003  -4.330  -40.142 0.7500000000
74166  23.509  -4.608  -40.718 0.7500000000
75245  25.596  -3.463  -39.002 0.1250000000
74152  25.081  -3.914  -39.248 0.3750000000
74164  24.511  -3.714  -39.739 0.6250000000
150055  24.023  -3.585  -40.191 0.6250000000
75244  26.263  -2.615  -38.747 0.1250000000
148616  25.674  -2.724  -39.035 0.1250000000
76430  25.263  -2.117  -39.329 0.1250000000
77551  25.582  -1.431  -39.382 0.1250000000
147299  24.399  -1.565  -40.214 0.6250000000
77563  23.816  -1.687  -40.719 0.6250000000
76467  23.220  -1.836  -41.295 0.7500000000
146580  26.107  -1.450  -39.089 0.1250000000
78660  26.256  -0.065  -39.695 0.1250000000
78662  25.149  -0.170  -40.349 0.1250000000
78672  24.556  -0.399  -40.769 0.5000000000
77570  23.651  -1.119  -41.175 0.6250000000
78684  23.564  -0.491  -41.614 0.7500000000
77550  26.604  -1.181  -39.080 0.1250000000
79842  24.766  0.221  -40.932 0.5000000000
79851  24.421  0.519  -41.474 0.6250000000
79852  23.829  0.193  -41.817 0.7500000000
86073  18.587  5.537  -44.231 0.6250000000
87005  18.812  6.326  -44.730 0.5000000000
86080  19.051  6.058  -45.860 0.7500000000
80934  24.426  1.547  -41.881 0.6250000000
81989  23.880  1.580  -42.491 0.6250000000
80950  23.241  1.616  -43.145 0.8750000000
81980  24.777  2.083  -41.559 0.5000000000
145070  24.274  2.332  -42.221 0.6250000000
81999  23.757  2.183  -42.826 0.7500000000
84121  22.430  3.619  -44.597 0.8750000000
84127  22.259  4.200  -45.222 0.8750000000
83059  23.353  2.493  -43.425 0.7500000000
84114  23.036  3.273  -43.942 0.8750000000
84120  23.110  3.976  -44.278 0.8750000000
145507  22.942  4.337  -44.797 0.8750000000
85128  22.802  4.836  -45.321 0.8750000000
83046  24.764  2.842  -41.694 0.3750000000
83054  24.418  3.232  -42.332 0.5000000000
84107  24.072  3.674  -42.955 0.6250000000
84092  25.655  4.138  -41.284 0.2500000000
84099  24.927  3.688  -41.801 0.3750000000
84106  24.577  4.061  -42.457 0.5000000000
87004  19.063  6.820  -45.473 0.6250000000
87012  19.212  6.605  -46.392 0.7500000000
86090  19.375  5.934  -46.712 0.8750000000
85129  22.023  4.808  -45.805 0.8750000000
86079  22.183  5.522  -46.179 0.7500000000
86072  23.212  5.480  -45.344 0.8750000000
84113  23.660  4.154  -43.715 0.6250000000
154072  24.697  4.749  -42.599 0.5000000000
86071  23.717  5.598  -44.746 0.7500000000
85100  25.119  4.644  -42.002 0.2500000000
87894  19.254  7.434  -45.147 0.6250000000
157578  19.743  6.158  -47.269 0.8750000000
137869  20.302  6.053  -47.474 0.8750000000
86094  21.296  6.025  -47.219 0.8750000000
87018  20.778  6.460  -47.922 0.7500000000
86086  22.201  6.091  -46.636 0.8750000000
86077  23.570  6.218  -45.295 0.7500000000
86066  24.127  5.633  -44.066 0.5000000000
86981  25.406  6.395  -42.981 0.2500000000
86059  24.924  5.900  -43.093 0.5000000000
85116  24.555  5.194  -43.044 0.5000000000
86048  26.096  5.685  -41.993 0.2500000000
87893  19.403  7.357  -45.892 0.5000000000
88787  19.628  7.709  -47.226 0.6250000000
87910  19.603  7.063  -47.483 0.7500000000
87025  20.562  7.004  -48.278 0.7500000000
87908  21.235  7.011  -48.154 0.7500000000
87907  21.950  7.261  -47.611 0.7500000000
87917  21.032  7.527  -48.400 0.7500000000
87900  22.504  7.156  -46.994 0.7500000000
87899  22.909  7.403  -46.416 0.7500000000
145810  23.000  8.071  -46.352 0.7500000000
87888  24.368  7.367  -44.559 0.5000000000
87892  23.948  7.836  -45.118 0.3750000000
160590  23.574  7.403  -45.426 0.6250000000
86988  25.596  6.967  -43.175 0.2500000000
86995  24.709  6.962  -43.944 0.3750000000
148786  24.552  8.121  -44.635 0.3750000000
144733  19.708  8.279  -47.771 0.6250000000
87909  20.026  7.442  -47.949 0.7500000000
87925  20.869  8.111  -48.483 0.7500000000
88791  21.710  8.279  -48.399 0.7500000000
158894  22.401  8.470  -47.299 0.7500000000
88779  22.860  8.699  -46.650 0.6250000000
88763  24.327  8.672  -45.015 0.3750000000
88778  23.408  8.580  -45.989 0.3750000000
87882  25.773  7.712  -43.492 0.1250000000
89680  25.821  9.155  -44.407 0.1250000000
89681  25.031  8.810  -44.499 0.2500000000
88792  20.306  8.136  -48.255 0.6250000000
88798  21.081  8.554  -48.973 0.7500000000
88797  21.467  8.627  -48.963 0.6250000000
89703  22.129  8.680  -47.887 0.7500000000
89696  23.447  9.279  -46.207 0.3750000000
89702  22.540  9.142  -47.220 0.3750000000
87906  22.552  7.849  -47.036 0.7500000000
90549  25.032  10.098  -45.274 0.2500000000
90550  24.391  9.971  -45.550 0.3750000000
89687  26.841  9.910  -45.026 0.1250000000
89688  26.068  9.768  -44.838 0.1250000000
88761  26.410  8.775  -44.056 0.1250000000
89709  19.913  8.750  -48.376 0.6250000000
88799  20.535  8.542  -48.841 0.6250000000
89716  21.591  9.185  -49.477 0.3750000000
90573  22.032  9.630  -48.792 0.3750000000
91426  23.972  11.285  -47.085 0.2500000000
90568  22.903  10.010  -47.145 0.3750000000
89707  22.276  9.453  -47.917 0.3750000000
91416  25.908  11.021  -46.326 0.1250000000
90559  24.767  10.553  -45.840 0.3750000000
90560  24.092  10.348  -46.103 0.3750000000
89685  28.043  9.528  -45.617 0.1250000000
90558  25.566  10.578  -45.684 0.1250000000
90585  20.965  9.715  -50.172 0.3750000000
153902  20.223  8.956  -49.027 0.3750000000
88810  20.901  8.978  -49.400 0.3750000000
90584  22.003  9.929  -49.436 0.3750000000
89728  21.359  9.317  -49.894 0.3750000000
91435  22.856  11.021  -48.286 0.3750000000
90583  22.233  10.357  -48.994 0.3750000000
91434  23.542  11.506  -47.785 0.3750000000
91427  23.212  10.844  -47.448 0.3750000000
90572  22.572  10.253  -48.058 0.3750000000
91432  26.932  11.073  -48.093 0.1250000000
91417  25.150  11.108  -46.273 0.1250000000
91425  24.753  11.509  -46.924 0.2500000000
90566  27.268  10.530  -46.985 0.1250000000
91456  21.683  10.323  -51.130 0.2500000000
91455  22.157  11.145  -50.200 0.2500000000
91445  21.901  10.110  -50.067 0.3750000000
90594  21.591  9.506  -50.319 0.3750000000
92290  23.245  12.422  -49.621 0.1250000000
91444  22.486  11.112  -49.217 0.3750000000
92281  23.676  12.326  -48.825 0.1250000000
92270  23.122  11.746  -48.512 0.2500000000
92289  26.027  12.065  -49.653 0.1250000000
92268  24.462  12.237  -48.215 0.1250000000
90596  21.134  9.931  -50.765 0.3750000000
90595  21.457  9.617  -50.581 0.3750000000
162766  21.796  10.810  -51.265 0.2500000000
93232  23.277  12.699  -50.420 0.1250000000
93243  22.971  12.631  -51.462 0.1250000000
93231  24.320  12.943  -50.233 0.1250000000
93242  23.911  12.952  -51.032 0.1250000000
148241  26.522  11.546  -49.472 0.1250000000
93240  25.452  12.615  -50.847 0.1250000000
157849  22.110  12.659  -53.069 0.1250000000
93251  25.241  12.836  -51.571 0.1250000000
138661  23.761  13.104  -52.399 0.1250000000
92298  26.293  11.836  -51.145 0.1250000000
91464  26.632  11.280  -50.846 0.1250000000
67796  22.205  -9.158  -39.864 0.8750000000
71077  23.612  -6.788  -39.759 0.6250000000
161999  24.559  1.030  -41.583 0.6250000000
138794  23.639  3.288  -43.386 0.8750000000
85117  24.107  5.023  -43.584 0.5000000000
85110  25.511  5.319  -42.128 0.3750000000
87020  19.495  6.552  -47.143 0.8750000000
87019  20.017  6.628  -47.738 0.7500000000
87011  22.078  6.629  -47.148 0.7500000000
87010  22.691  6.697  -46.521 0.7500000000
86065  24.578  6.185  -43.763 0.5000000000
86996  24.157  6.412  -44.527 0.5000000000
86989  25.052  6.614  -43.406 0.5000000000
92267  25.837  11.891  -48.078 0.1250000000
92291  22.608  11.934  -50.273 0.2500000000
93252  24.471  13.049  -51.748 0.1250000000
92299  25.780  12.315  -51.446 0.1250000000
76441  24.663  -2.219  -39.793 0.5000000000
75259  23.832  -3.078  -40.559 0.6250000000
75273  23.339  -3.246  -41.205 0.7500000000
148863  24.905  0.813  -41.127 0.3750000000
80924  24.880  1.421  -41.312 0.3750000000
83039  25.268  3.215  -41.217 0.2500000000
160918  24.994  12.535  -49.121 0.1250000000
62735  21.474  -13.405  -35.816 0.7500000000
62736  20.829  -13.350  -35.656 0.7500000000
64202  19.962  -12.421  -35.789 0.7500000000
64219  19.604  -11.833  -36.053 0.7500000000
62745  22.484  -12.760  -36.122 0.7500000000
62764  21.607  -12.689  -36.930 0.7500000000
64214  23.505  -11.910  -35.999 0.7500000000
66645  19.505  -10.429  -37.285 0.6250000000
65493  20.121  -11.239  -37.432 0.7500000000
65489  23.345  -11.114  -37.168 0.6250000000
66659  22.945  -10.300  -38.397 0.7500000000
67778  23.414  -8.968  -38.855 0.6250000000
70045  23.735  -7.436  -39.308 0.5000000000
71066  24.618  -6.462  -38.628 0.3750000000
71067  24.073  -6.573  -39.058 0.5000000000
73077  25.668  -5.363  -38.666 0.1250000000
75232  26.176  -3.869  -38.690 0.1250000000
159577  26.042  -3.182  -38.783 0.1250000000
145818  26.909  -2.675  -38.531 0.1250000000
77539  27.204  -1.470  -38.891 0.1250000000
162550  27.098  -0.909  -39.010 0.1250000000
78648  26.713  -0.497  -39.249 0.1250000000
79821  26.999  0.348  -39.317 0.1250000000
79832  25.736  0.231  -40.196 0.1250000000
80923  25.454  1.198  -40.806 0.1250000000
81979  25.256  1.934  -41.022 0.2500000000
83040  25.069  2.538  -41.182 0.2500000000
147107  18.839  7.193  -44.640 0.5000000000
85098  26.771  5.384  -41.559 0.1250000000
85099  25.884  5.016  -41.641 0.2500000000
86979  26.685  6.748  -42.413 0.1250000000
87881  26.597  7.853  -43.276 0.1250000000
88760  27.233  8.935  -44.192 0.1250000000
88773  19.809  8.018  -45.124 0.3750000000
88759  28.058  8.886  -44.538 0.1250000000
89694  28.035  9.724  -46.384 0.1250000000
88777  28.469  8.930  -46.054 0.1250000000
90571  27.374  10.525  -48.457 0.1250000000
151769  27.656  9.565  -49.599 0.1250000000
138046  21.363  10.331  -44.025 0.1250000000
91475  21.675  11.331  -51.818 0.2500000000
92311  21.607  11.707  -52.306 0.1250000000
92321  21.180  12.352  -52.777 0.1250000000
93261  24.545  13.187  -52.696 0.1250000000
93262  23.013  13.150  -53.040 0.1250000000
92309  25.617  12.543  -52.377 0.1250000000
90605  26.983  10.714  -51.320 0.1250000000
92308  26.198  11.944  -51.978 0.1250000000
72111  22.830  -6.165  -41.680 0.7500000000
80943  23.385  0.922  -42.773 0.7500000000
79859  23.392  0.327  -42.439 0.7500000000
163809  18.045  4.758  -42.974 0.3750000000
70060  22.324  -8.017  -40.588 0.8750000000
67766  20.106  -9.645  -38.599 0.7500000000
66674  20.660  -9.932  -39.033 0.8750000000
68887  21.253  -8.554  -40.162 0.8750000000
76453  23.536  -2.470  -40.924 0.6250000000
86088  21.011  5.554  -46.681 0.8750000000
86087  21.642  5.698  -46.580 0.8750000000
138453  22.671  5.327  -45.744 0.8750000000
89717  20.545  9.524  -49.359 0.3750000000
91458  20.629  10.364  -50.183 0.3750000000
92293  20.951  11.650  -50.845 0.1250000000
91466  21.312  10.845  -51.418 0.2500000000
62748  20.598  -12.808  -36.124 0.7500000000
62747  21.248  -13.009  -36.291 0.7500000000
64216  22.212  -12.511  -36.827 0.7500000000
64201  23.114  -12.371  -35.715 0.7500000000
65479  23.050  -11.629  -37.051 0.7500000000
64232  21.941  -12.165  -37.422 0.7500000000
65492  20.907  -11.647  -37.839 0.7500000000
65508  21.964  -11.309  -38.319 0.7500000000
66644  20.077  -10.688  -37.905 0.7500000000
67752  19.239  -9.558  -37.456 0.6250000000
65510  20.549  -11.121  -38.122 0.7500000000
66672  22.157  -10.193  -39.164 0.8750000000
67781  21.837  -9.727  -39.540 0.8750000000
67779  22.942  -9.259  -39.306 0.7500000000
68870  23.014  -8.612  -39.747 0.7500000000
68885  22.536  -8.615  -40.145 0.8750000000
68869  23.534  -8.336  -39.183 0.6250000000
72079  25.252  -6.066  -38.505 0.2500000000
72091  24.581  -5.952  -38.937 0.5000000000
73091  23.996  -5.083  -39.773 0.7500000000
74138  25.940  -4.654  -38.700 0.1250000000
75246  25.018  -3.000  -39.423 0.2500000000
75258  24.362  -2.980  -39.992 0.6250000000
76429  25.887  -2.024  -39.008 0.1250000000
76416  26.625  -1.939  -38.863 0.1250000000
77552  24.982  -1.476  -39.760 0.5000000000
77561  25.368  -0.830  -39.862 0.1250000000
78649  26.018  -0.807  -39.447 0.1250000000
77562  24.784  -0.885  -40.267 0.5000000000
78661  25.697  -0.315  -39.927 0.1250000000
78683  24.213  -0.061  -41.263 0.6250000000
79841  25.311  0.505  -40.671 0.1250000000
80935  24.010  0.881  -42.062 0.6250000000
83055  23.926  2.867  -42.852 0.6250000000
85122  23.720  4.978  -44.225 0.7500000000
85111  24.238  4.479  -43.029 0.5000000000
87901  19.428  7.187  -46.788 0.6250000000
86078  22.882  6.029  -45.954 0.7500000000
147320  25.026  5.302  -42.536 0.3750000000
87002  23.791  7.026  -45.102 0.6250000000
87003  23.260  6.931  -45.782 0.7500000000
154625  24.457  5.597  -43.512 0.5000000000
87871  26.251  7.245  -42.932 0.1250000000
86980  25.939  6.594  -42.702 0.1250000000
86058  25.575  5.918  -42.535 0.2500000000
86057  26.195  6.227  -42.299 0.1250000000
87918  20.568  7.582  -48.347 0.7500000000
88786  22.050  8.007  -47.776 0.7500000000
87898  23.356  7.816  -45.742 0.6250000000
88771  23.797  8.425  -45.467 0.3750000000
87883  25.206  7.239  -43.578 0.1250000000
87887  25.013  7.848  -44.036 0.3750000000
89708  21.852  8.870  -48.660 0.3750000000
89689  24.683  9.452  -45.058 0.3750000000
88762  25.680  8.438  -43.999 0.1250000000
150401  25.333  9.614  -44.803 0.1250000000
89679  26.636  9.377  -44.505 0.1250000000
90567  23.661  10.616  -46.722 0.3750000000
90547  26.970  10.288  -45.709 0.1250000000
89695  27.642  9.997  -45.831 0.1250000000
89678  27.417  9.455  -44.731 0.1250000000
90548  26.232  10.230  -45.372 0.1250000000
89729  20.935  9.393  -49.903 0.3750000000
91418  24.396  10.981  -46.422 0.2500000000
90557  26.697  10.754  -46.476 0.1250000000
91423  26.185  11.254  -46.997 0.1250000000
91424  25.496  11.448  -46.899 0.1250000000
92282  22.844  11.875  -49.366 0.3750000000
91422  26.824  11.010  -47.294 0.1250000000
91433  26.339  11.426  -47.713 0.1250000000
91443  26.443  11.531  -48.519 0.1250000000
91442  27.004  11.020  -48.952 0.1250000000
92257  25.139  11.949  -47.601 0.1250000000
137665  25.215  12.284  -48.579 0.1250000000
90555  27.718  10.118  -46.874 0.1250000000
146051  27.315  10.605  -47.682 0.1250000000
91465  21.738  10.770  -51.258 0.2500000000
90606  21.581  10.126  -51.089 0.2500000000
92300  22.385  11.830  -51.272 0.2500000000
93221  23.967  12.767  -49.540 0.1250000000
153373  25.724  12.301  -50.194 0.1250000000
92279  25.409  12.412  -49.447 0.1250000000
152976  26.329  11.831  -50.307 0.1250000000
92301  21.746  11.151  -51.739 0.1250000000
92310  22.037  11.867  -52.102 0.1250000000
93254  22.769  12.695  -52.370 0.1250000000
93241  24.785  12.927  -50.907 0.1250000000
90593  27.057  10.743  -50.548 0.1250000000
93230  25.120  12.780  -50.192 0.1250000000
93263  21.298  12.637  -53.211 0.1250000000
92320  21.740  12.154  -52.706 0.1250000000
61466  21.198  -13.750  -35.287 0.7500000000
62746  21.823  -12.983  -36.325 0.7500000000
62734  22.055  -13.238  -35.695 0.7500000000
158722  20.269  -12.957  -35.600 0.7500000000
66633  19.087  -10.526  -36.451 0.5000000000
67764  23.688  -9.129  -38.084 0.6250000000
70035  23.949  -7.761  -38.513 0.5000000000
79831  26.299  0.637  -39.950 0.1250000000
80912  26.894  1.347  -39.708 0.1250000000
146723  25.776  0.744  -40.426 0.1250000000
87870  27.041  7.421  -42.795 0.1250000000
89715  27.708  9.856  -48.761 0.1250000000
90582  27.381  10.354  -49.286 0.1250000000
62723  20.199  -13.323  -35.145 0.7500000000
144061  19.133  -11.441  -35.690 0.5000000000
61454  22.338  -13.799  -34.535 0.6250000000
62722  22.247  -13.539  -35.095 0.6250000000
64189  24.100  -12.244  -34.742 0.3750000000
65467  24.670  -11.001  -35.526 0.2500000000
65468  24.010  -11.497  -35.785 0.3750000000
71056  24.217  -7.023  -38.536 0.3750000000
86997  18.561  6.899  -44.028 0.3750000000
87889  19.161  7.812  -44.485 0.2500000000
61465  21.714  -13.650  -35.384 0.6250000000
149047  23.759  -10.872  -36.718 0.5000000000
66658  23.528  -9.923  -37.773 0.5000000000
67751  24.125  -9.203  -37.205 0.3750000000
64178  24.448  -12.517  -34.116 0.5000000000
62732  23.381  -12.589  -34.997 0.6250000000
68861  23.813  -8.467  -38.372 0.5000000000
61441  22.005  -14.192  -34.104 0.6250000000
64204  18.756  -11.361  -35.106 0.3750000000
64190  19.204  -12.466  -34.783 0.3750000000
61455  21.659  -13.996  -34.824 0.6250000000
61457  20.149  -13.822  -34.583 0.6250000000
62710  24.091  -13.044  -33.715 0.3750000000
62711  23.428  -13.358  -33.872 0.5000000000
61440  22.758  -13.812  -33.973 0.6250000000
64177  25.150  -12.287  -33.902 0.3750000000
65458  24.950  -11.366  -34.975 0.2500000000
68851  19.009  -8.764  -37.612 0.3750000000
66631  24.598  -10.337  -36.009 0.2500000000
67741  23.956  -9.911  -37.023 0.3750000000
160383  24.191  -8.008  -37.953 0.2500000000
70034  24.499  -7.417  -37.992 0.2500000000
76423  15.934  -1.544  -37.867 0.1250000000
79837  16.529  0.776  -40.172 0.2500000000
81994  16.999  2.350  -41.332 0.3750000000
80930  16.591  1.793  -40.523 0.2500000000
84108  17.614  4.315  -42.476 0.2500000000
88766  18.890  8.238  -43.850 0.2500000000
78656  16.125  0.092  -38.721 0.1250000000
76422  16.187  -2.138  -37.876 0.2500000000
68852  18.483  -8.199  -37.016 0.2500000000
66642  23.644  -10.493  -37.190 0.5000000000
62737  19.721  -12.737  -35.221 0.5000000000
64203  19.284  -12.030  -35.331 0.5000000000
62733  22.718  -12.992  -35.382 0.6250000000
64200  23.775  -12.049  -35.402 0.5000000000
65478  23.557  -11.454  -36.503 0.5000000000
71055  24.915  -6.757  -38.181 0.2500000000
65481  19.312  -11.207  -36.248 0.3750000000
65494  19.549  -11.017  -36.843 0.3750000000
67753  18.759  -9.040  -36.898 0.2500000000
61467  20.650  -13.750  -35.135 0.6250000000
68850  24.140  -8.528  -37.647 0.2500000000
62721  22.945  -13.270  -34.589 0.5000000000
64199  24.419  -11.691  -35.173 0.2500000000
64188  24.857  -11.908  -34.537 0.2500000000
65477  24.107  -10.908  -36.166 0.3750000000
66632  24.081  -10.348  -36.568 0.3750000000
62720  23.745  -12.841  -34.337 0.5000000000
62709  24.771  -12.839  -33.539 0.3750000000
64191  18.780  -11.905  -34.610 0.3750000000
61456  20.882  -14.091  -34.758 0.6250000000
138567  23.800  -13.469  -33.366 0.3750000000
61439  23.257  -13.832  -33.363 0.5000000000
67740  24.537  -9.662  -36.468 0.2500000000
68849  24.577  -8.532  -37.093 0.2500000000
76407  15.937  -1.872  -37.658 0.1250000000
60382  20.958  -15.071  -33.104 0.5000000000
61429  23.857  -13.860  -32.810 0.2500000000
60380  22.780  -14.661  -32.594 0.3750000000
61430  22.513  -14.347  -33.355 0.5000000000
60394  20.843  -14.732  -33.788 0.5000000000
60383  20.100  -15.192  -32.753 0.3750000000
60396  19.441  -14.206  -33.312 0.5000000000
61442  20.483  -14.414  -34.193 0.5000000000
60395  20.111  -14.687  -33.447 0.5000000000
61458  19.511  -13.601  -34.151 0.3750000000
60353  18.627  -15.014  -31.277 0.1250000000
60368  19.485  -15.240  -32.320 0.3750000000
62712  19.097  -13.151  -33.965 0.2500000000
58160  19.507  -17.029  -30.431 0.1250000000
59331  19.600  -16.213  -31.539 0.2500000000
59341  21.012  -15.831  -32.000 0.3750000000
60379  23.522  -14.442  -32.345 0.2500000000
59340  21.854  -15.599  -31.754 0.3750000000
60367  21.468  -15.355  -32.422 0.5000000000
136951  18.719  -15.956  -30.492 0.1250000000
59342  20.078  -15.795  -32.156 0.3750000000
59350  20.727  -15.568  -32.576 0.3750000000
60370  18.490  -14.276  -31.396 0.1250000000
62700  18.477  -12.861  -32.556 0.1250000000
81978  25.701  2.650  -40.792 0.1250000000
62724  19.500  -13.119  -34.597 0.3750000000
142298  21.218  -14.418  -34.264 0.5000000000
60393  21.578  -14.693  -33.637 0.5000000000
62725  18.795  -12.533  -34.136 0.2500000000
60384  19.329  -14.612  -32.704 0.5000000000
140644  23.182  -14.211  -32.878 0.3750000000
60381  21.954  -14.881  -32.870 0.3750000000
60366  22.300  -15.093  -32.151 0.3750000000
61431  18.927  -13.862  -32.811 0.1250000000
61444  19.126  -13.604  -33.516 0.1250000000
61443  19.800  -14.101  -33.903 0.5000000000
59332  18.881  -15.782  -31.148 0.1250000000
59333  18.549  -15.173  -30.616 0.1250000000
59343  19.195  -15.543  -31.791 0.2500000000
60354  18.471  -14.454  -30.771 0.1250000000
60369  18.889  -14.803  -31.937 0.1250000000
61445  18.681  -13.300  -32.897 0.1250000000
58161  18.930  -16.586  -30.345 0.1250000000
58174  19.210  -16.448  -30.899 0.1250000000
155209  20.498  -16.279  -31.569 0.3750000000
59339  22.665  -15.408  -31.529 0.2500000000
61420  18.688  -14.068  -32.091 0.1250000000
61432  18.555  -13.415  -32.274 0.1250000000
58173  20.006  -16.674  -31.046 0.2500000000
159738  21.391  -16.067  -31.335 0.2500000000
66634  18.583  -9.892  -35.893 0.2500000000
60365  23.101  -14.913  -31.922 0.2500000000
58172  20.924  -16.560  -30.926 0.1250000000
139087  18.412  -9.041  -35.708 0.1250000000
86067  18.107  5.524  -43.113 0.1250000000
148232  18.394  6.275  -43.693 0.1250000000
151493  17.863  6.369  -42.851 0.1250000000
86982  17.599  7.075  -42.569 0.1250000000
87884  18.551  7.641  -43.760 0.1250000000
86990  18.170  7.004  -43.303 0.1250000000
87873  17.485  7.669  -42.167 0.1250000000
88756  18.300  8.394  -43.105 0.1250000000
85112  17.429  5.078  -42.373 0.1250000000
87872  17.956  7.705  -42.898 0.1250000000
150436  17.797  8.199  -42.466 0.1250000000
88727  17.598  8.670  -41.525 0.1250000000
80918  16.384  1.557  -39.926 0.1250000000
146322  18.472  -10.199  -35.204 0.1250000000
144151  16.455  2.939  -40.685 0.1250000000
141453  17.006  4.650  -41.744 0.1250000000
138167  16.794  5.403  -41.673 0.1250000000
86061  16.817  6.226  -41.468 0.1250000000
86970  16.744  6.933  -40.910 0.1250000000
88728  17.265  8.196  -41.075 0.1250000000
89647  18.012  9.174  -41.433 0.1250000000
88740  18.522  8.923  -42.753 0.1250000000
84109  17.275  3.874  -41.766 0.1250000000
67742  18.931  -9.802  -36.727 0.1250000000
65469  18.774  -10.772  -35.655 0.1250000000
136825  18.477  -10.720  -34.846 0.1250000000
81985  16.651  2.266  -40.816 0.1250000000
68840  18.418  -8.621  -36.270 0.1250000000
67743  18.594  -9.277  -36.292 0.1250000000
142972  18.380  -8.848  -35.342 0.1250000000
67732  18.398  -9.560  -35.160 0.1250000000
86060  17.357  5.845  -42.291 0.1250000000
162408  17.339  6.509  -42.208 0.1250000000
88742  17.516  8.212  -41.819 0.1250000000
87860  17.136  7.617  -41.369 0.1250000000
88741  17.930  8.774  -42.242 0.1250000000
86955  16.582  6.827  -40.130 0.1250000000
89643  17.770  9.405  -40.692 0.1250000000
62698  25.070  -13.149  -32.960 0.1250000000
64187  25.489  -11.859  -34.235 0.1250000000
65457  25.448  -11.419  -34.634 0.1250000000
65466  25.390  -10.905  -35.090 0.1250000000
66625  25.202  -10.325  -35.507 0.1250000000
67731  25.020  -9.823  -35.902 0.1250000000
68837  26.329  -8.430  -36.180 0.1250000000
68838  25.537  -8.586  -36.271 0.1250000000
68839  24.826  -8.877  -36.601 0.1250000000
70020  26.352  -7.525  -36.928 0.1250000000
70022  24.717  -7.887  -37.385 0.1250000000
71042  26.813  -7.006  -37.233 0.1250000000
71043  26.033  -7.032  -37.422 0.1250000000
71054  25.688  -6.553  -37.968 0.1250000000
60352  23.445  -15.246  -31.306 0.1250000000
59330  22.218  -15.863  -31.114 0.1250000000
60364  23.875  -14.754  -31.724 0.1250000000
141153  25.033  -14.051  -31.997 0.1250000000
64166  26.232  -12.521  -33.221 0.1250000000
62697  25.826  -13.009  -32.832 0.1250000000
64176  25.943  -12.092  -33.771 0.1250000000
65446  26.597  -11.108  -34.333 0.1250000000
66618  26.865  -10.023  -34.885 0.1250000000
67730  25.608  -9.670  -35.578 0.1250000000
68824  26.886  -8.891  -35.724 0.1250000000
70009  27.163  -7.583  -36.750 0.1250000000
72078  26.027  -5.895  -38.256 0.1250000000
72067  26.514  -6.354  -37.729 0.1250000000
141737  27.283  -6.426  -37.368 0.1250000000
61428  24.653  -13.667  -32.564 0.1250000000
62708  25.495  -12.659  -33.375 0.1250000000
71044  25.208  -7.155  -37.605 0.1250000000
65456  26.003  -10.984  -34.705 0.1250000000
68848  25.146  -8.193  -36.748 0.1250000000
61419  24.251  -14.193  -32.130 0.1250000000
59329  23.019  -15.744  -30.941 0.1250000000
61427  25.420  -13.517  -32.422 0.1250000000
65447  26.024  -11.534  -34.278 0.1250000000
66624  25.977  -10.267  -35.077 0.1250000000
163101  26.502  -10.591  -34.684 0.1250000000
67739  25.208  -9.227  -36.043 0.1250000000
70010  25.897  -8.002  -36.561 0.1250000000
68825  25.960  -9.008  -35.798 0.1250000000
68836  27.093  -8.245  -36.271 0.1250000000
70021  25.542  -7.597  -37.060 0.1250000000
157867  27.462  -6.988  -37.049 0.1250000000
59328  23.804  -15.715  -30.819 0.1250000000
60351  24.244  -15.167  -31.144 0.1250000000
64175  26.595  -12.121  -33.517 0.1250000000
72065  27.777  -5.873  -37.428 0.1250000000
62699  24.357  -13.305  -33.129 0.3750000000
67797  21.542  -9.173  -39.908 0.8750000000
71097  22.619  -6.398  -41.891 1.0000000000
71098  22.356  -6.339  -42.160 1.0000000000
72081  17.571  -5.515  -37.895 0.2500000000
72128  21.384  -5.705  -42.163 1.0000000000
73101  23.611  -4.987  -40.326 0.7500000000
74151  25.608  -4.124  -38.935 0.2500000000
75309  20.876  -2.490  -43.139 1.0000000000
76442  24.085  -2.309  -40.326 0.6250000000
76493  20.718  -2.055  -43.422 1.0000000000
77569  24.236  -1.024  -40.710 0.5000000000
77594  19.550  -1.301  -43.177 1.0000000000
77608  20.910  -1.244  -43.544 1.0000000000
78673  24.048  -0.587  -41.081 0.6250000000
78705  20.151  -0.768  -43.640 1.0000000000
79872  19.752  0.296  -43.803 1.0000000000
82005  22.851  1.879  -43.650 0.8750000000
82007  19.282  1.908  -43.709 1.0000000000
83074  20.870  3.020  -45.711 1.0000000000
85123  23.363  4.925  -44.858 0.8750000000
85147  20.425  5.440  -46.729 1.0000000000
86096  19.894  5.693  -46.965 1.0000000000
87017  21.497  6.611  -47.703 0.7500000000
87851  16.775  7.585  -40.563 0.1250000000
87916  21.562  7.646  -48.249 0.7500000000
87924  21.277  8.159  -48.512 0.6250000000
88752  26.963  8.416  -43.673 0.1250000000
88753  26.256  8.261  -43.665 0.1250000000
88809  21.281  8.982  -49.343 0.3750000000
89677  27.946  9.403  -45.050 0.1250000000
89683  20.516  9.251  -44.867 0.2500000000
89686  27.509  9.811  -45.301 0.1250000000
89690  23.986  9.198  -45.561 0.3750000000
89697  23.002  9.444  -46.682 0.3750000000
89701  27.617  10.205  -47.365 0.1250000000
90556  27.403  10.280  -46.342 0.1250000000
90561  23.464  9.958  -46.409 0.3750000000
90563  20.004  9.954  -47.282 0.3750000000
91454  27.058  10.871  -49.782 0.1250000000
92258  24.292  11.857  -47.551 0.1250000000
92269  23.813  11.987  -48.125 0.3750000000
92278  25.945  12.026  -48.918 0.1250000000
92280  24.544  12.575  -48.939 0.1250000000
92292  21.970  11.047  -50.955 0.2500000000
93220  24.764  12.754  -49.563 0.1250000000
93253  23.605  12.953  -51.747 0.1250000000
93264  20.516  12.835  -53.247 0.1250000000
137999  20.524  12.702  -46.793 0.1250000000
145234  22.498  -10.474  -38.756 0.7500000000
147169  23.364  -6.280  -40.066 0.7500000000
147580  26.287  10.610  -45.894 0.1250000000
152986  26.554  -3.245  -38.569 0.1250000000
153106  20.481  10.157  -49.548 0.5000000000
153318  26.696  11.247  -50.194 0.1250000000
155356  21.630  9.786  -50.876 0.3750000000
155766  16.981  -1.775  -39.624 0.5000000000
155864  26.580  -7.954  -36.541 0.1250000000
157435  25.795  11.630  -47.430 0.1250000000
157558  16.636  1.242  -40.570 0.3750000000
157720  25.952  12.163  -50.777 0.1250000000
159243  23.872  9.789  -45.923 0.3750000000
160828  21.254  -2.149  -43.205 1.0000000000
160846  21.116  2.618  -45.439 1.0000000000
162666  23.392  4.470  -44.401 0.8750000000
163032  25.083  -5.486  -38.887 0.1250000000
163433  26.621  -11.675  -33.906 0.1250000000
163783  25.624  10.077  -45.164 0.1250000000
