#!ascii label  , from subject sub-v2s2x29079_ses-1 vox2ras=TkReg
1701
22012  -23.083  -47.935  -22.437 0.5000000000
22001  -22.175  -47.826  -22.340 0.4000000060
22000  -21.496  -47.627  -22.066 0.6000000238
22763  -22.600  -47.413  -22.375 0.6000000238
146377  -24.411  -46.053  -23.535 0.6000000238
22774  -23.481  -47.319  -22.550 0.5000000000
24940  -25.083  -44.047  -24.016 0.6000000238
23503  -22.660  -46.742  -22.422 0.6999999881
145827  -23.712  -45.815  -22.980 0.6999999881
23504  -23.856  -46.588  -22.967 0.6999999881
24933  -24.904  -44.623  -23.620 0.6999999881
26499  -26.149  -42.940  -24.166 0.5000000000
24934  -25.468  -44.576  -23.691 0.5000000000
139462  -19.289  -51.261  -14.675 0.5000000000
23491  -22.430  -45.998  -22.027 0.6999999881
24218  -23.334  -45.300  -22.386 0.6999999881
25665  -24.296  -43.942  -23.423 0.6999999881
25664  -23.276  -43.842  -22.973 0.6999999881
151069  -23.375  -43.665  -23.656 0.6999999881
26489  -23.251  -43.279  -24.055 0.6999999881
27307  -26.173  -42.153  -24.306 0.6000000238
22725  -22.291  -46.975  -18.644 0.6999999881
23462  -22.474  -46.468  -19.215 0.6999999881
23482  -22.079  -45.983  -21.343 0.6999999881
19732  -18.685  -50.865  -14.818 0.6000000238
18980  -17.838  -51.713  -15.392 0.4000000060
24217  -22.831  -45.489  -22.024 0.6999999881
25672  -24.409  -43.514  -23.952 0.6999999881
26498  -25.172  -42.645  -24.367 0.6999999881
28093  -24.160  -41.011  -24.731 0.6999999881
28095  -26.748  -40.683  -24.375 0.6000000238
24174  -23.151  -45.885  -18.092 0.6999999881
23451  -22.753  -46.402  -18.362 0.6999999881
138514  -22.571  -46.052  -19.887 0.6999999881
24183  -22.990  -45.800  -18.983 0.6999999881
21214  -19.876  -48.804  -14.089 0.6000000238
139763  -22.983  -45.506  -19.789 0.6999999881
24915  -23.367  -44.392  -21.483 0.6999999881
24195  -22.621  -45.567  -20.621 0.6999999881
24184  -23.449  -45.118  -19.289 0.6999999881
140146  -23.850  -44.653  -18.838 0.6999999881
19731  -17.932  -51.026  -15.273 0.5000000000
26488  -22.711  -43.388  -23.421 0.6999999881
26483  -22.945  -43.375  -22.730 0.6999999881
25631  -24.266  -43.859  -19.586 0.6999999881
27305  -23.387  -42.496  -24.374 0.6999999881
25657  -23.379  -43.828  -22.183 0.6999999881
24903  -23.547  -44.480  -20.627 0.6999999881
25639  -23.979  -43.916  -20.402 0.6999999881
18305  -16.805  -52.308  -15.837 0.4000000060
26463  -24.214  -43.323  -20.839 0.6999999881
26464  -24.572  -42.792  -20.321 0.6999999881
26497  -24.411  -43.041  -24.245 0.6999999881
28092  -22.980  -41.583  -24.724 0.6999999881
28071  -22.591  -41.485  -22.438 0.6999999881
26478  -23.621  -42.365  -21.769 0.6999999881
28094  -25.451  -40.809  -24.532 0.6999999881
152143  -22.780  -42.060  -22.387 0.6999999881
28825  -25.737  -39.995  -24.651 0.6999999881
28824  -24.335  -40.273  -24.961 0.6999999881
31153  -27.821  -37.526  -24.320 0.5000000000
137110  -27.584  -38.701  -23.986 0.5000000000
30415  -28.951  -38.351  -22.406 0.4000000060
30414  -28.527  -37.980  -22.987 0.5000000000
24882  -24.108  -44.430  -18.049 0.6999999881
156230  -20.048  -48.105  -14.104 0.6000000238
151363  -23.653  -44.129  -20.971 0.6999999881
139573  -18.720  -50.121  -14.440 0.5000000000
25621  -24.256  -44.101  -18.919 0.6999999881
28082  -21.983  -42.041  -24.371 0.6999999881
27287  -22.710  -42.765  -22.829 0.6999999881
135212  -22.086  -41.272  -23.508 0.6999999881
30427  -26.267  -38.385  -24.864 0.6999999881
135971  -26.850  -38.673  -24.402 0.6999999881
29614  -26.072  -39.137  -24.720 0.6999999881
30428  -27.276  -38.187  -24.384 0.6999999881
23408  -22.770  -46.457  -14.942 0.6999999881
24138  -23.529  -45.534  -15.631 0.6999999881
24139  -23.837  -44.994  -15.973 0.8000000119
24861  -24.062  -44.650  -16.405 0.8000000119
23406  -21.782  -46.942  -14.505 0.6000000238
149779  -22.769  -45.836  -14.500 0.6000000238
24128  -23.252  -45.322  -14.803 0.6000000238
24873  -24.131  -44.546  -17.095 0.8000000119
23407  -22.303  -46.416  -14.415 0.6000000238
23396  -21.555  -46.271  -14.225 0.6000000238
22674  -20.524  -47.724  -14.389 0.6000000238
140820  -21.068  -46.741  -14.417 0.6000000238
159051  -19.015  -48.663  -13.808 0.6000000238
21918  -19.349  -48.080  -13.870 0.6000000238
25632  -24.623  -43.400  -19.087 0.6999999881
20496  -18.347  -49.583  -14.346 0.5000000000
20476  -18.547  -48.861  -14.103 0.6000000238
25622  -24.560  -43.704  -18.281 0.6999999881
151782  -24.741  -42.915  -19.584 0.6999999881
28823  -23.053  -40.750  -24.810 0.6999999881
134212  -22.120  -42.112  -23.285 0.6999999881
27274  -24.491  -42.080  -20.804 0.6999999881
30426  -25.034  -38.641  -25.234 0.8000000119
29613  -24.657  -39.445  -25.134 0.6999999881
150627  -22.225  -41.305  -24.507 0.6999999881
28066  -23.662  -40.911  -21.601 0.6999999881
31151  -25.443  -37.906  -25.451 0.8000000119
28812  -22.472  -40.475  -24.128 0.6999999881
30429  -28.063  -38.075  -23.739 0.5000000000
31143  -28.922  -37.520  -22.451 0.5000000000
146125  -28.984  -36.599  -22.456 0.5000000000
31133  -29.414  -37.201  -22.052 0.4000000060
24847  -24.179  -44.400  -15.712 0.6999999881
25584  -24.644  -43.790  -15.849 0.8000000119
25597  -24.809  -43.628  -16.541 0.8000000119
26434  -25.172  -43.125  -17.060 0.8000000119
26443  -25.207  -42.650  -17.980 0.8000000119
22667  -20.311  -46.940  -14.278 0.6000000238
140177  -19.554  -46.935  -14.024 0.6000000238
134634  -24.861  -43.288  -17.829 0.8000000119
20495  -17.857  -49.732  -14.914 0.6000000238
21917  -18.702  -48.030  -14.016 0.6000000238
22665  -19.130  -47.397  -13.973 0.6000000238
27256  -25.416  -42.066  -18.564 0.6999999881
141246  -17.695  -50.320  -15.186 0.5000000000
27266  -25.297  -41.961  -19.248 0.6999999881
28050  -25.498  -41.247  -19.275 0.6999999881
19741  -17.381  -50.677  -15.691 0.5000000000
20514  -17.438  -49.938  -15.540 0.5000000000
27275  -25.082  -41.614  -20.034 0.6999999881
29612  -23.248  -39.707  -24.872 0.6999999881
29603  -22.761  -39.405  -23.482 0.6999999881
134317  -22.768  -40.766  -22.273 0.6999999881
158941  -23.897  -38.849  -25.107 0.6999999881
31142  -28.429  -37.209  -23.271 0.5000000000
24835  -23.359  -44.620  -14.511 0.6999999881
24821  -23.459  -43.877  -14.305 0.6999999881
25583  -23.932  -44.245  -14.909 0.6999999881
159075  -24.397  -43.919  -15.235 0.8000000119
26418  -25.172  -43.148  -16.000 0.8000000119
24118  -22.058  -45.603  -14.099 0.6999999881
25569  -24.072  -43.547  -14.700 0.8000000119
27237  -25.718  -42.007  -16.428 0.8000000119
24117  -21.139  -45.541  -14.111 0.6000000238
23395  -20.638  -46.179  -14.287 0.6000000238
27246  -25.603  -41.901  -17.816 0.6999999881
21213  -18.056  -49.047  -14.657 0.6000000238
152038  -25.492  -41.684  -18.881 0.8000000119
137957  -25.681  -41.404  -18.432 0.6999999881
28039  -25.887  -40.762  -18.744 0.8000000119
20513  -16.982  -50.257  -16.166 0.4000000060
28058  -24.548  -41.229  -20.872 0.6999999881
28067  -24.538  -40.450  -20.936 0.6999999881
18995  -16.281  -52.133  -17.015 0.4000000060
154602  -24.476  -39.830  -21.072 0.6999999881
28059  -25.180  -40.805  -20.147 0.6999999881
151075  -24.270  -38.160  -25.175 0.8000000119
28787  -23.585  -40.199  -21.593 0.6999999881
28797  -22.749  -40.098  -22.687 0.6999999881
31163  -26.324  -37.287  -25.607 0.8000000119
31152  -26.825  -37.756  -24.964 0.6999999881
31883  -27.477  -37.084  -25.013 0.5000000000
32548  -29.177  -35.729  -22.846 0.5000000000
31869  -28.654  -36.364  -23.193 0.5000000000
31871  -30.243  -36.272  -22.331 0.4000000060
25554  -23.507  -43.109  -14.151 0.6000000238
26385  -24.226  -42.681  -14.544 0.6999999881
26400  -25.037  -42.637  -15.218 0.8000000119
26401  -25.479  -42.393  -15.823 0.8000000119
157631  -22.105  -45.014  -13.977 0.6999999881
24818  -21.567  -44.917  -13.915 0.6999999881
142267  -25.833  -41.654  -17.086 0.8000000119
24116  -20.212  -45.529  -14.221 0.6000000238
28017  -25.994  -41.237  -16.383 0.8000000119
156349  -19.682  -45.796  -14.158 0.6000000238
28029  -26.199  -40.698  -17.522 0.8000000119
28028  -25.898  -41.279  -17.677 0.8000000119
21926  -18.235  -48.321  -14.567 0.6000000238
145145  -18.373  -47.692  -14.548 0.6000000238
138199  -25.692  -40.446  -19.468 0.8999999762
28040  -25.987  -40.891  -18.112 0.8000000119
28776  -25.192  -39.903  -20.236 0.8000000119
21231  -17.630  -49.213  -15.377 0.5000000000
30397  -24.557  -37.855  -20.979 0.8000000119
21230  -17.189  -49.424  -16.065 0.4000000060
31162  -25.040  -37.176  -25.766 0.8000000119
30425  -23.548  -38.226  -24.491 0.8000000119
138178  -23.702  -39.479  -21.529 0.6999999881
139832  -23.122  -38.705  -24.013 0.8000000119
29594  -23.152  -39.184  -22.260 0.6999999881
30413  -23.206  -37.902  -23.246 0.8000000119
31898  -25.800  -36.634  -26.075 0.8000000119
31149  -23.537  -37.670  -24.387 0.8000000119
31900  -28.042  -36.281  -24.998 0.6000000238
25553  -22.855  -43.420  -13.887 0.6000000238
27223  -25.311  -42.050  -15.282 0.6999999881
24819  -22.083  -44.491  -13.884 0.6000000238
27210  -25.179  -41.388  -15.085 0.6999999881
27224  -25.634  -41.687  -15.736 0.6999999881
134633  -20.860  -44.853  -14.156 0.6000000238
25552  -22.102  -43.692  -13.795 0.6000000238
26371  -22.960  -42.771  -13.792 0.6000000238
25551  -21.359  -44.121  -13.923 0.6000000238
28018  -26.267  -40.603  -16.808 0.8000000119
23405  -19.305  -46.058  -14.298 0.6000000238
28741  -26.382  -40.037  -16.533 0.6999999881
21925  -17.996  -47.811  -15.096 0.5000000000
28761  -26.251  -40.259  -18.178 0.8000000119
21937  -17.623  -47.957  -15.750 0.3000000119
29557  -26.287  -38.881  -19.151 0.8000000119
157695  -26.104  -40.181  -18.918 0.8000000119
29570  -25.633  -39.087  -20.016 0.8000000119
30403  -23.249  -38.509  -22.527 0.8000000119
29584  -24.047  -38.649  -21.369 0.8000000119
31141  -23.173  -37.246  -23.368 0.8000000119
31899  -27.031  -36.659  -25.754 0.6999999881
32576  -28.765  -35.551  -24.684 0.6000000238
33215  -30.418  -34.576  -23.439 0.3000000119
27193  -23.999  -41.808  -14.124 0.6000000238
27995  -25.238  -40.626  -14.815 0.6999999881
28729  -25.873  -40.196  -15.300 0.6999999881
25581  -19.597  -43.717  -15.926 0.5000000000
26370  -22.302  -42.852  -13.698 0.6000000238
28740  -26.169  -40.487  -16.068 0.6999999881
24126  -18.984  -45.782  -14.763 0.5000000000
24834  -20.210  -44.879  -14.408 0.5000000000
26369  -21.551  -43.210  -13.856 0.6000000238
29536  -26.582  -39.345  -16.616 0.6999999881
23415  -17.912  -46.789  -15.778 0.3000000119
22673  -18.257  -47.089  -15.009 0.5000000000
28751  -26.435  -39.967  -17.297 0.8000000119
30346  -26.824  -38.500  -17.677 0.8000000119
136987  -26.490  -39.611  -17.969 0.8000000119
30371  -26.458  -38.050  -19.341 0.8999999762
29551  -26.565  -38.994  -18.240 0.8000000119
21239  -17.393  -48.658  -15.892 0.4000000060
31127  -24.822  -37.248  -20.832 0.8999999762
30384  -25.280  -38.356  -20.520 0.8999999762
29571  -25.978  -38.435  -19.831 0.8999999762
31897  -24.635  -36.382  -25.789 0.8000000119
31882  -24.144  -36.879  -25.378 0.8000000119
146449  -23.321  -37.792  -22.182 0.8000000119
30396  -23.697  -38.033  -21.566 0.8000000119
32574  -26.523  -36.033  -26.230 0.6999999881
32585  -28.122  -35.588  -25.608 0.6000000238
33226  -29.483  -34.331  -24.970 0.6000000238
32561  -29.199  -35.227  -23.668 0.6000000238
138442  -23.806  -41.173  -13.854 0.6000000238
27994  -24.518  -41.116  -14.356 0.6000000238
142332  -22.753  -42.154  -13.634 0.6000000238
158283  -22.279  -42.302  -13.678 0.6000000238
24833  -19.743  -44.726  -14.842 0.6000000238
137032  -20.203  -44.371  -14.698 0.5000000000
28730  -26.312  -39.774  -15.893 0.6999999881
24136  -18.606  -45.660  -15.470 0.4000000060
152988  -26.819  -38.751  -17.019 0.6999999881
22685  -17.843  -47.387  -15.585 0.4000000060
29543  -26.627  -39.188  -17.469 0.8000000119
30385  -26.037  -37.770  -20.018 0.8000000119
30358  -26.756  -38.212  -18.525 0.8000000119
31854  -24.737  -36.605  -20.975 0.8999999762
31095  -26.901  -37.661  -18.974 0.8000000119
31128  -25.407  -36.947  -20.569 0.8000000119
31881  -23.444  -36.916  -24.368 0.8000000119
31868  -23.111  -36.468  -22.933 0.8000000119
31896  -23.764  -36.120  -24.970 0.8000000119
31132  -23.150  -37.213  -22.401 0.8000000119
138704  -25.339  -35.800  -26.200 0.8000000119
33237  -27.973  -34.779  -26.265 0.6999999881
33975  -28.846  -33.473  -26.467 0.6000000238
33976  -29.629  -33.142  -26.106 0.6000000238
33977  -30.622  -33.134  -25.875 0.6000000238
27191  -22.815  -41.461  -13.660 0.6000000238
29511  -25.780  -38.993  -14.419 0.8000000119
28718  -25.412  -39.775  -14.463 0.6999999881
26383  -20.502  -42.603  -15.255 0.5000000000
149800  -21.829  -42.443  -13.914 0.5000000000
29523  -26.562  -39.082  -15.756 0.8000000119
25566  -19.952  -44.088  -15.239 0.5000000000
25568  -20.942  -43.563  -14.325 0.5000000000
30324  -26.835  -38.426  -15.600 0.8000000119
24846  -19.409  -44.461  -15.550 0.5000000000
30335  -26.885  -38.628  -16.352 0.8000000119
30336  -27.095  -38.083  -16.979 0.8000000119
31073  -27.387  -37.356  -17.267 0.8000000119
30347  -27.122  -37.825  -17.835 0.8000000119
31110  -26.673  -37.341  -19.534 0.8000000119
31855  -25.716  -36.392  -20.470 0.8000000119
134269  -23.276  -36.127  -23.898 0.8000000119
32534  -24.396  -35.858  -21.333 0.8000000119
31853  -23.606  -36.520  -21.712 0.8999999762
158320  -23.769  -35.469  -24.812 0.8000000119
32584  -27.227  -35.455  -26.279 0.6999999881
32583  -26.139  -35.251  -26.515 0.6999999881
33238  -28.799  -34.240  -25.991 0.6999999881
33236  -26.893  -34.675  -26.673 0.6999999881
140830  -27.442  -34.135  -26.746 0.6999999881
146236  -28.144  -33.862  -26.673 0.6999999881
29504  -24.317  -39.105  -13.738 0.8000000119
27982  -23.988  -40.579  -13.887 0.6000000238
28709  -24.044  -39.861  -13.806 0.6000000238
29505  -25.068  -39.061  -13.924 0.8000000119
28727  -21.248  -39.838  -15.331 0.6000000238
27992  -21.411  -40.464  -14.894 0.5000000000
28708  -23.348  -39.945  -13.735 0.6000000238
29535  -21.053  -38.790  -15.720 0.6000000238
29520  -21.175  -39.308  -15.580 0.6000000238
28728  -21.831  -39.205  -15.223 0.6000000238
27993  -22.018  -40.446  -14.279 0.5000000000
27189  -21.444  -41.855  -14.354 0.5000000000
31798  -20.861  -36.776  -16.143 0.5000000000
31071  -21.110  -37.326  -16.024 0.5000000000
31072  -21.557  -37.215  -16.220 0.6000000238
30321  -21.646  -38.599  -15.729 0.6000000238
27208  -21.737  -41.109  -14.280 0.5000000000
31064  -27.020  -37.871  -15.468 0.8000000119
30325  -27.139  -37.990  -16.128 0.8000000119
153033  -21.279  -36.776  -16.335 0.5000000000
26384  -21.098  -42.685  -14.458 0.5000000000
31049  -20.403  -36.823  -15.633 0.4000000060
135173  -20.619  -43.208  -14.861 0.5000000000
144743  -27.321  -37.512  -16.562 0.6999999881
136815  -27.481  -36.357  -19.039 0.8000000119
31085  -27.384  -37.178  -18.063 0.8000000119
31807  -27.671  -36.701  -17.534 0.6999999881
143209  -25.231  -35.946  -20.780 0.8000000119
31119  -26.154  -36.976  -20.144 0.8000000119
31820  -27.616  -36.544  -18.342 0.8000000119
31836  -27.018  -36.547  -19.681 0.8000000119
31845  -26.941  -35.907  -19.997 0.8000000119
33224  -24.474  -34.520  -25.405 0.8999999762
32559  -23.442  -35.474  -24.172 0.8999999762
32541  -23.445  -35.693  -22.128 0.8000000119
32547  -23.212  -35.534  -23.179 1.0000000000
32573  -25.160  -34.922  -26.127 0.8000000119
33235  -25.950  -34.412  -26.481 0.6999999881
138801  -23.923  -38.623  -13.788 0.8000000119
150895  -25.397  -38.499  -13.940 0.8000000119
30322  -21.897  -37.810  -15.869 0.6000000238
29503  -23.620  -39.231  -13.792 0.6000000238
30315  -26.022  -38.308  -14.294 0.8000000119
30303  -26.212  -37.602  -14.181 0.8000000119
29521  -22.236  -38.406  -15.459 0.6000000238
29502  -22.966  -39.403  -14.041 0.6000000238
30316  -26.613  -38.086  -14.892 0.8000000119
31799  -21.691  -36.481  -16.443 0.5000000000
29510  -22.583  -38.899  -14.719 0.6000000238
28707  -22.651  -40.179  -13.961 0.6000000238
31790  -20.678  -36.179  -15.947 0.4000000060
31791  -21.194  -36.266  -16.372 0.4000000060
32482  -21.664  -35.793  -16.461 0.4000000060
32483  -22.153  -35.856  -16.334 0.4000000060
31801  -27.628  -36.850  -16.608 0.6999999881
32472  -21.126  -35.563  -16.084 0.4000000060
32473  -21.725  -35.276  -16.230 0.4000000060
31062  -22.847  -36.881  -15.774 0.4000000060
33134  -22.113  -34.790  -16.126 0.4000000060
32474  -22.745  -35.347  -16.246 0.5000000000
32491  -27.972  -36.094  -17.860 0.6999999881
33133  -21.433  -34.881  -15.829 0.3000000119
33135  -22.747  -34.734  -16.203 0.5000000000
31844  -26.450  -36.285  -20.129 0.8000000119
32516  -27.531  -35.748  -19.508 0.8000000119
32503  -27.878  -35.906  -18.665 0.8000000119
33223  -23.958  -34.241  -24.629 0.8000000119
139150  -23.374  -34.734  -23.633 1.0000000000
138807  -23.437  -34.751  -22.559 0.8000000119
33189  -24.253  -35.081  -21.640 0.8000000119
32536  -25.770  -34.870  -20.730 0.8000000119
32525  -26.123  -35.571  -20.367 0.8000000119
33213  -23.504  -34.071  -24.023 1.0000000000
33190  -25.089  -34.598  -21.249 0.8000000119
33204  -23.360  -33.978  -23.221 0.8000000119
33234  -25.143  -34.075  -26.025 0.8999999762
33973  -26.687  -33.789  -26.718 0.6999999881
33974  -27.560  -33.417  -26.973 0.6999999881
34883  -27.773  -32.731  -26.793 0.6999999881
34893  -28.513  -32.598  -26.766 0.6999999881
34884  -29.032  -32.780  -26.676 0.6999999881
35866  -30.593  -32.047  -26.477 0.6000000238
35865  -29.828  -31.890  -26.488 0.6999999881
35863  -28.344  -32.148  -26.432 0.6999999881
36776  -30.905  -31.374  -25.716 0.6000000238
36775  -30.159  -31.410  -25.846 0.6000000238
30301  -24.622  -38.333  -13.719 0.8000000119
30302  -25.366  -37.778  -13.762 0.8000000119
30299  -23.289  -38.564  -14.099 0.8000000119
30300  -23.916  -37.993  -13.957 0.8000000119
31038  -24.591  -37.428  -13.830 0.8000000119
31061  -22.116  -37.088  -16.087 0.5000000000
30323  -22.565  -37.675  -15.657 0.6000000238
31050  -23.196  -37.467  -15.090 0.5000000000
31792  -22.764  -36.073  -16.047 0.5000000000
31051  -23.837  -37.241  -14.417 0.6999999881
30314  -23.423  -37.873  -14.394 0.6999999881
31040  -26.524  -36.794  -14.088 0.6999999881
31053  -27.250  -36.789  -14.995 0.6999999881
31794  -27.576  -36.643  -15.781 0.6999999881
142278  -27.909  -36.153  -16.221 0.6999999881
32485  -28.167  -35.554  -16.742 0.6999999881
33882  -23.348  -34.026  -15.973 0.5000000000
32492  -28.165  -35.655  -17.435 0.6999999881
137668  -22.207  -33.746  -15.396 0.4000000060
33871  -22.919  -33.727  -15.703 0.4000000060
32526  -27.130  -35.247  -20.063 0.8000000119
32504  -28.240  -35.444  -18.118 0.6999999881
33179  -26.537  -34.700  -20.426 0.8000000119
33928  -27.545  -33.534  -20.556 0.6999999881
146268  -23.662  -33.996  -22.463 0.8000000119
33964  -24.516  -33.706  -25.090 0.8999999762
33963  -23.831  -33.728  -24.280 0.8999999762
33952  -23.493  -33.258  -23.594 0.8000000119
154612  -24.201  -33.692  -22.048 0.8000000119
34880  -25.277  -33.325  -25.907 0.8999999762
33972  -25.818  -33.736  -26.371 0.8999999762
35861  -26.795  -32.464  -26.084 0.8000000119
134985  -31.255  -32.808  -26.161 0.4000000060
34882  -27.031  -33.106  -26.765 0.8000000119
35862  -27.626  -32.085  -26.085 0.6999999881
35864  -29.121  -32.091  -26.596 0.6999999881
37696  -31.640  -30.005  -24.668 0.5000000000
155800  -25.137  -37.241  -13.640 0.8000000119
31785  -24.690  -36.297  -14.299 0.6999999881
31775  -25.806  -36.341  -13.503 0.6999999881
33142  -22.195  -35.303  -16.300 0.4000000060
32463  -23.933  -35.454  -15.479 0.6000000238
142275  -25.268  -35.847  -13.876 0.6999999881
31786  -27.112  -36.257  -14.427 0.6999999881
32476  -27.629  -36.041  -15.243 0.6999999881
33136  -23.467  -34.818  -16.053 0.5000000000
32477  -28.091  -35.454  -15.874 0.6999999881
33872  -23.544  -33.225  -15.696 0.4000000060
33149  -28.430  -34.962  -17.390 0.6999999881
133816  -22.666  -33.222  -15.162 0.3000000119
34790  -23.036  -32.593  -15.136 0.3000000119
33873  -24.142  -33.390  -15.829 0.5000000000
33180  -27.532  -34.423  -20.231 0.6999999881
32517  -28.157  -35.152  -19.023 0.6999999881
33166  -27.764  -35.034  -19.735 0.6999999881
33155  -28.541  -34.747  -18.303 0.6999999881
33167  -28.209  -34.501  -19.606 0.6999999881
33927  -26.716  -33.903  -20.604 0.6999999881
33946  -23.723  -33.251  -22.617 0.8000000119
33937  -24.240  -34.316  -21.854 0.8000000119
33938  -25.024  -33.758  -21.410 0.8000000119
33191  -25.878  -34.207  -20.872 0.8000000119
34840  -24.478  -33.092  -21.868 0.8000000119
34873  -24.232  -33.113  -24.293 0.8000000119
34875  -25.701  -32.624  -25.482 0.8000000119
34874  -24.833  -32.861  -25.022 0.8000000119
35853  -26.990  -31.547  -25.328 0.8000000119
136327  -27.973  -31.586  -25.628 0.8000000119
151267  -29.834  -30.915  -24.959 0.6999999881
36764  -31.213  -30.671  -24.902 0.6000000238
36774  -28.233  -31.115  -25.330 0.6999999881
132983  -28.694  -31.543  -25.969 0.6999999881
38603  -27.835  -29.448  -25.535 0.6999999881
31774  -25.067  -36.727  -13.751 0.6999999881
33126  -24.868  -34.337  -15.194 0.6000000238
32453  -25.025  -35.043  -14.434 0.6000000238
147419  -25.904  -35.670  -13.411 0.6999999881
31776  -26.597  -35.867  -13.689 0.6999999881
32464  -24.551  -35.651  -14.732 0.6000000238
32456  -27.077  -35.123  -13.767 0.6999999881
32465  -27.355  -35.612  -14.355 0.6999999881
33125  -24.296  -34.876  -15.298 0.6000000238
34778  -22.199  -32.639  -14.737 0.3000000119
33137  -24.082  -34.101  -15.724 0.5000000000
33116  -25.615  -34.408  -14.326 0.6000000238
34791  -24.318  -32.789  -15.875 0.4000000060
33875  -25.416  -33.321  -15.518 0.6000000238
33883  -28.548  -34.177  -16.163 0.6999999881
33895  -28.839  -34.217  -17.757 0.6999999881
33889  -28.685  -34.224  -16.936 0.6999999881
33903  -28.845  -34.079  -18.536 0.6999999881
135753  -24.114  -31.296  -15.387 0.3000000119
33915  -28.611  -33.917  -19.266 0.6999999881
34841  -25.254  -32.932  -21.329 0.8000000119
33939  -25.969  -33.422  -20.978 0.8000000119
33940  -26.743  -33.120  -20.732 0.6999999881
34831  -27.421  -32.861  -20.712 0.6999999881
34821  -28.599  -33.164  -19.526 0.6999999881
34852  -24.134  -32.502  -22.202 0.8000000119
34842  -26.029  -32.644  -20.995 0.8000000119
34866  -24.424  -32.433  -24.331 0.8000000119
34865  -24.024  -32.495  -23.597 0.8000000119
34857  -23.863  -32.535  -22.837 0.8000000119
35810  -24.593  -31.995  -21.844 0.8000000119
35852  -25.929  -31.893  -24.998 0.8000000119
37689  -23.665  -30.064  -23.697 0.8000000119
37681  -24.100  -30.436  -23.013 0.8000000119
38572  -23.952  -29.761  -23.298 0.8000000119
38583  -24.088  -29.080  -23.570 0.8000000119
37695  -30.717  -30.141  -24.415 0.6000000238
37694  -30.016  -30.363  -24.468 0.6999999881
151059  -27.533  -29.864  -25.309 0.8000000119
132989  -28.672  -30.904  -25.202 0.6000000238
38617  -28.087  -28.716  -26.169 0.6999999881
38618  -28.869  -28.615  -26.034 0.6000000238
38604  -29.161  -29.184  -25.368 0.6000000238
33127  -25.327  -33.881  -15.156 0.6000000238
32436  -27.513  -34.476  -13.984 0.6999999881
32457  -27.686  -34.952  -14.301 0.6999999881
33862  -25.913  -33.682  -14.650 0.6000000238
33118  -28.074  -34.335  -14.413 0.6999999881
157234  -27.997  -34.786  -14.629 0.6999999881
32466  -27.946  -35.209  -14.975 0.6999999881
138102  -24.918  -32.439  -15.887 0.4000000060
34792  -24.835  -33.005  -15.880 0.4000000060
34780  -26.834  -32.782  -14.652 0.5000000000
33102  -28.013  -33.910  -14.131 0.6999999881
33138  -28.275  -34.729  -15.638 0.6999999881
34793  -25.499  -32.722  -15.680 0.5000000000
34794  -26.218  -32.429  -15.257 0.5000000000
33890  -28.930  -33.536  -16.520 0.6999999881
35765  -24.287  -32.125  -15.719 0.3000000119
35766  -24.937  -31.753  -15.625 0.3000000119
33181  -28.183  -33.771  -20.005 0.6999999881
143156  -29.114  -33.015  -16.957 0.6999999881
37593  -24.339  -30.619  -15.207 0.3000000119
34816  -29.113  -32.771  -18.315 0.6999999881
33904  -29.011  -33.494  -18.049 0.6999999881
35811  -25.312  -32.246  -21.372 0.8000000119
35803  -27.618  -32.259  -20.708 0.6999999881
34832  -28.115  -32.876  -20.300 0.6999999881
36707  -29.509  -31.488  -18.636 0.6999999881
35804  -28.245  -32.004  -20.303 0.6999999881
35805  -28.813  -31.655  -19.878 0.6999999881
35842  -23.947  -31.837  -22.970 0.8000000119
36729  -24.476  -31.378  -22.019 0.8000000119
34843  -26.827  -32.409  -20.846 0.6999999881
36717  -28.402  -31.284  -20.445 0.6999999881
37660  -29.296  -30.349  -20.457 0.6999999881
35843  -24.236  -31.902  -23.759 0.8000000119
36739  -24.038  -31.158  -22.679 0.8000000119
36722  -25.225  -31.603  -21.528 0.8000000119
35812  -26.109  -31.845  -21.089 0.8000000119
36725  -27.961  -30.952  -20.973 0.8000000119
37667  -28.924  -29.987  -21.189 0.6999999881
36751  -24.275  -31.371  -23.847 0.8000000119
37672  -24.637  -30.770  -22.325 0.8000000119
37683  -25.981  -29.826  -22.423 0.8000000119
37673  -27.565  -30.138  -21.897 0.8000000119
36760  -24.921  -31.298  -24.189 0.8000000119
37692  -24.313  -30.467  -24.559 0.8000000119
37682  -24.867  -30.107  -22.634 0.8000000119
38575  -27.335  -29.078  -22.767 0.8000000119
36761  -25.794  -31.197  -24.620 0.8000000119
37691  -23.321  -29.869  -24.269 0.8000000119
38573  -25.076  -29.410  -22.945 0.8000000119
38574  -26.310  -29.196  -22.825 0.8000000119
151855  -25.369  -30.539  -25.012 0.8000000119
39477  -24.644  -28.375  -23.910 0.8000000119
37704  -25.993  -29.958  -25.435 0.8000000119
38593  -32.249  -29.447  -24.672 0.5000000000
38605  -29.968  -29.163  -25.145 0.6000000238
38601  -26.090  -29.261  -26.116 0.8000000119
38602  -27.031  -29.615  -25.661 0.8000000119
38591  -30.342  -29.684  -24.343 0.6000000238
39494  -31.216  -28.520  -25.655 0.6000000238
39492  -29.640  -28.612  -25.883 0.6000000238
39493  -30.423  -28.587  -25.745 0.6000000238
33117  -26.366  -34.063  -13.938 0.6999999881
32435  -26.768  -34.578  -13.764 0.6999999881
34779  -26.085  -33.046  -15.094 0.6000000238
33848  -27.913  -33.480  -14.128 0.6999999881
154610  -28.388  -33.742  -14.472 0.6999999881
133652  -28.494  -33.873  -14.911 0.6999999881
33849  -28.476  -33.399  -14.284 0.6999999881
36675  -25.677  -31.409  -15.276 0.4000000060
35750  -26.355  -31.802  -15.214 0.5000000000
33884  -28.771  -33.723  -15.926 0.6999999881
137856  -29.198  -32.858  -16.472 0.6999999881
37619  -24.975  -30.095  -15.144 0.3000000119
38461  -25.967  -30.005  -15.162 0.3000000119
37571  -27.326  -30.755  -14.851 0.5000000000
35776  -30.149  -31.672  -15.612 0.6999999881
35782  -29.365  -32.302  -16.931 0.6999999881
137085  -26.475  -29.509  -15.475 0.3000000119
35787  -29.786  -31.530  -17.175 0.6999999881
38481  -25.487  -29.335  -15.424 0.3000000119
153445  -29.938  -30.877  -18.395 0.6999999881
35813  -27.034  -31.748  -20.927 0.8000000119
36712  -29.315  -31.260  -19.444 0.6999999881
35814  -27.775  -31.571  -20.757 0.6999999881
36726  -28.597  -30.615  -20.712 0.6999999881
37668  -29.760  -29.846  -20.896 0.6999999881
36750  -23.985  -30.778  -23.363 0.8000000119
36730  -25.194  -31.093  -21.850 0.8000000119
37665  -27.482  -30.639  -21.411 0.6999999881
138926  -24.001  -31.377  -23.252 0.8000000119
37674  -28.331  -29.834  -21.823 0.8000000119
36759  -24.048  -30.543  -23.904 0.8000000119
38576  -28.077  -29.017  -22.669 0.8000000119
37702  -23.467  -29.744  -24.853 0.8000000119
37703  -24.446  -29.957  -25.260 0.8000000119
38582  -23.261  -29.460  -23.940 0.8000000119
38584  -25.487  -28.740  -23.298 0.8000000119
39478  -26.040  -28.166  -23.733 0.8000000119
144312  -27.898  -27.886  -23.542 0.8000000119
38600  -24.762  -29.409  -25.918 0.8000000119
38599  -23.551  -29.275  -25.446 0.8000000119
39476  -23.331  -28.742  -24.201 0.8000000119
39483  -23.910  -28.068  -24.650 0.8000000119
40383  -27.564  -27.542  -23.966 0.8000000119
38616  -27.117  -28.894  -26.301 0.8000000119
33863  -26.639  -33.419  -14.316 0.6000000238
33847  -27.427  -33.157  -14.197 0.6000000238
36674  -24.972  -30.941  -15.276 0.3000000119
35767  -25.591  -32.115  -15.609 0.5000000000
34761  -28.049  -33.105  -14.171 0.6000000238
36639  -27.761  -31.634  -14.766 0.5000000000
35736  -28.814  -32.550  -14.378 0.6999999881
34762  -28.991  -33.128  -14.662 0.6999999881
34782  -29.928  -32.365  -14.991 0.6999999881
36655  -28.310  -31.813  -14.199 0.6000000238
139200  -29.854  -31.959  -14.755 0.6999999881
35753  -30.170  -31.931  -14.914 0.6999999881
35777  -30.699  -31.100  -15.137 0.6999999881
38480  -24.581  -29.391  -15.640 0.3000000119
38462  -26.948  -30.146  -15.182 0.3000000119
36658  -31.411  -31.011  -14.216 0.6999999881
39392  -27.333  -28.527  -16.407 0.3000000119
36689  -30.445  -30.903  -16.027 0.6999999881
35783  -29.903  -31.650  -16.403 0.6999999881
40309  -25.482  -27.598  -17.960 0.3000000119
151134  -25.983  -27.808  -17.321 0.3000000119
40298  -26.657  -28.136  -16.905 0.3000000119
40299  -27.534  -28.021  -16.945 0.3000000119
40325  -24.868  -27.500  -18.572 0.3000000119
36713  -29.799  -30.820  -19.052 0.6999999881
37656  -30.083  -30.187  -19.373 0.6999999881
37675  -28.892  -29.507  -21.736 0.8000000119
38577  -28.730  -28.607  -22.686 0.8000000119
39479  -28.532  -27.983  -23.277 0.8000000119
39482  -23.298  -28.614  -25.588 0.8000000119
154780  -23.289  -28.549  -24.944 0.8000000119
40395  -26.065  -27.229  -24.801 0.8000000119
39485  -26.593  -27.615  -24.121 0.8000000119
38614  -25.068  -28.843  -26.646 0.8000000119
40394  -24.725  -27.372  -25.128 0.8000000119
39502  -26.711  -28.359  -27.140 0.6999999881
39503  -27.717  -28.381  -27.020 0.6000000238
36640  -28.326  -31.938  -14.123 0.6000000238
37574  -30.107  -31.411  -14.217 0.6000000238
35769  -31.020  -31.131  -14.648 0.6999999881
39373  -27.982  -28.829  -15.747 0.4000000060
38465  -30.148  -29.981  -14.476 0.6000000238
38455  -32.020  -30.627  -14.212 0.6999999881
150128  -31.151  -30.827  -15.059 0.6999999881
39375  -30.813  -29.087  -15.247 0.4000000060
37620  -31.173  -29.937  -15.805 0.6999999881
36696  -30.784  -30.452  -16.145 0.6999999881
36702  -30.157  -30.910  -17.271 0.6999999881
130112  -28.039  -27.027  -18.030 0.3000000119
40287  -30.990  -28.405  -15.920 0.4000000060
38488  -31.839  -29.051  -15.613 0.6000000238
38534  -31.163  -29.210  -17.651 0.6999999881
37645  -30.339  -30.452  -17.766 0.6999999881
37651  -30.225  -30.299  -18.610 0.6999999881
38549  -31.082  -29.140  -18.463 0.6999999881
37662  -30.479  -29.590  -19.710 0.6999999881
38562  -30.734  -28.868  -20.839 0.6999999881
38563  -27.854  -29.576  -22.376 0.8000000119
38565  -29.208  -29.047  -22.056 0.8000000119
136735  -27.142  -28.020  -23.602 0.8000000119
40385  -29.097  -27.520  -23.563 0.8000000119
39484  -25.331  -27.748  -24.335 0.8000000119
40397  -28.076  -27.136  -24.370 0.8000000119
39500  -24.293  -28.178  -27.169 0.8000000119
40405  -24.396  -27.056  -26.109 0.8000000119
40406  -25.537  -26.738  -25.593 0.8000000119
40407  -26.716  -26.699  -25.240 0.8000000119
39505  -29.387  -28.240  -26.599 0.6000000238
38615  -26.159  -28.711  -26.661 0.8000000119
39518  -28.340  -27.995  -27.598 0.6000000238
39517  -27.362  -27.902  -27.801 0.6999999881
40430  -28.173  -27.617  -28.161 0.6999999881
37573  -29.739  -31.724  -14.013 0.6000000238
38452  -30.021  -30.989  -13.924 0.6000000238
38466  -31.241  -30.005  -14.794 0.6000000238
40285  -29.455  -28.052  -15.425 0.3000000119
38487  -31.643  -29.498  -15.286 0.6000000238
141968  -28.524  -27.808  -16.635 0.3000000119
40286  -30.490  -28.199  -15.470 0.3000000119
145107  -31.702  -28.665  -15.575 0.5000000000
130768  -30.123  -27.333  -16.601 0.3000000119
148534  -30.845  -27.647  -16.196 0.5000000000
38511  -31.271  -29.217  -16.718 0.6999999881
130716  -27.102  -26.129  -19.045 0.3000000119
149683  -28.190  -26.488  -18.554 0.3000000119
40313  -31.574  -27.935  -17.550 0.4000000060
39430  -31.401  -28.676  -18.052 0.6999999881
130633  -26.919  -25.494  -19.450 0.3000000119
139841  -31.382  -28.515  -18.782 0.6000000238
39449  -31.208  -28.356  -20.421 0.6000000238
38567  -30.596  -28.727  -21.562 0.8000000119
39454  -31.467  -27.880  -20.785 0.6000000238
38566  -29.946  -28.930  -21.825 0.8000000119
39459  -30.944  -28.157  -21.833 0.6999999881
39460  -31.433  -27.759  -21.422 0.6999999881
39468  -29.302  -27.992  -22.967 0.8000000119
39457  -29.601  -28.478  -22.377 0.8000000119
39469  -30.102  -27.997  -22.714 0.6999999881
39470  -30.793  -27.927  -22.440 0.6999999881
40366  -31.319  -27.633  -22.093 0.6999999881
40384  -28.347  -27.523  -23.796 0.8000000119
40374  -29.868  -27.520  -23.279 0.8000000119
40386  -30.504  -27.150  -23.573 0.6999999881
40375  -30.627  -27.548  -22.989 0.6999999881
40398  -28.887  -27.100  -24.170 0.8000000119
41252  -30.481  -26.730  -24.091 0.6999999881
41253  -31.031  -26.784  -23.776 0.6999999881
38613  -23.838  -28.764  -26.302 0.8000000119
39491  -23.504  -28.102  -26.514 0.8000000119
40396  -27.168  -27.164  -24.558 0.8000000119
135917  -29.436  -26.664  -24.605 0.8000000119
40415  -24.278  -26.949  -27.127 0.8000000119
138375  -26.224  -26.227  -26.040 0.8000000119
41263  -27.739  -26.724  -25.029 0.8000000119
40427  -24.555  -27.103  -27.767 0.8000000119
42205  -25.877  -25.865  -26.794 0.8000000119
41272  -27.305  -26.251  -25.765 0.8000000119
39501  -25.547  -28.287  -27.205 0.8000000119
39515  -24.893  -27.664  -27.707 0.8000000119
138449  -26.549  -27.199  -28.118 0.6999999881
39519  -29.164  -27.926  -27.318 0.6000000238
40432  -29.762  -27.571  -27.650 0.6000000238
39516  -26.104  -27.741  -27.644 0.8000000119
40429  -27.531  -27.369  -28.265 0.6999999881
40442  -28.176  -27.084  -28.545 0.6999999881
39378  -32.053  -28.443  -15.852 0.5000000000
39393  -31.993  -28.400  -16.098 0.5000000000
149534  -28.667  -27.340  -17.345 0.3000000119
149275  -31.068  -27.340  -16.835 0.4000000060
40290  -32.036  -28.303  -16.114 0.5000000000
150239  -31.487  -28.437  -17.813 0.6000000238
132134  -29.515  -26.343  -18.380 0.3000000119
40327  -31.675  -27.623  -18.114 0.5000000000
39431  -31.613  -28.072  -18.275 0.6000000238
156356  -28.685  -25.501  -19.301 0.3000000119
42137  -30.166  -25.841  -18.650 0.3000000119
40350  -31.773  -27.475  -18.685 0.6000000238
40363  -31.932  -27.175  -19.314 0.6000000238
148287  -26.757  -24.875  -19.885 0.3000000119
142088  -28.551  -24.688  -19.911 0.3000000119
43093  -30.640  -25.368  -19.054 0.3000000119
43117  -27.937  -24.589  -20.040 0.3000000119
147782  -31.896  -27.239  -20.843 0.6000000238
44002  -26.482  -24.321  -20.459 0.3000000119
40367  -31.817  -27.177  -21.704 0.6999999881
159047  -31.173  -27.505  -22.650 0.6999999881
41273  -28.315  -26.294  -25.563 0.8000000119
41275  -30.103  -26.242  -25.020 0.6999999881
136182  -30.535  -26.417  -24.548 0.6999999881
41274  -29.231  -26.290  -25.312 0.6999999881
42208  -28.937  -25.856  -26.068 0.6999999881
41280  -25.454  -25.976  -27.404 0.8000000119
42215  -26.144  -25.539  -27.454 0.6999999881
42206  -26.708  -25.745  -26.521 0.8000000119
42207  -27.815  -25.705  -26.394 0.6000000238
154216  -31.996  -27.077  -27.789 0.6000000238
40428  -25.342  -27.079  -28.115 0.6999999881
40440  -25.847  -26.435  -28.247 0.6999999881
42230  -26.314  -25.755  -28.379 0.6999999881
150725  -28.573  -27.394  -28.303 0.6999999881
40444  -29.705  -27.227  -28.201 0.6999999881
40441  -27.019  -26.487  -28.489 0.6999999881
44113  -29.528  -23.600  -30.719 0.5000000000
43221  -30.007  -24.479  -30.455 0.5000000000
41206  -32.108  -26.439  -19.534 0.6000000238
41226  -32.124  -26.880  -20.055 0.6000000238
41227  -32.387  -26.177  -20.222 0.6000000238
41237  -32.624  -25.949  -21.638 0.6000000238
40376  -31.674  -27.136  -22.454 0.6999999881
41243  -32.569  -25.832  -22.527 0.6999999881
41254  -31.688  -26.439  -23.660 0.6999999881
44889  -24.720  -23.096  -21.796 0.3000000119
41266  -31.149  -26.379  -24.253 0.6999999881
41242  -31.971  -26.531  -22.867 0.6999999881
156883  -31.683  -26.143  -24.115 0.6999999881
42216  -27.609  -25.020  -27.168 0.6999999881
42209  -29.839  -25.826  -25.777 0.6999999881
136744  -30.686  -25.715  -25.513 0.6000000238
41288  -24.925  -26.465  -27.663 0.6999999881
41298  -25.576  -25.960  -28.050 0.6999999881
145780  -26.929  -25.268  -27.032 0.6999999881
43170  -27.502  -24.636  -27.776 0.6000000238
42231  -26.689  -25.149  -28.519 0.6999999881
41303  -30.432  -26.903  -28.446 0.6000000238
40446  -31.226  -27.088  -28.094 0.5000000000
41300  -27.882  -26.130  -28.802 0.6999999881
41310  -28.524  -25.750  -29.236 0.6999999881
42243  -29.370  -25.543  -29.660 0.6999999881
42255  -30.133  -25.259  -30.009 0.6000000238
42147  -32.287  -25.727  -19.846 0.5000000000
43104  -32.415  -25.174  -20.163 0.4000000060
42165  -32.560  -25.540  -20.503 0.5000000000
41233  -32.565  -26.036  -20.892 0.6000000238
138812  -32.836  -24.813  -21.471 0.5000000000
42175  -32.743  -25.405  -21.198 0.6000000238
137476  -32.861  -25.005  -22.691 0.6000000238
44903  -25.291  -22.869  -22.389 0.3000000119
44890  -25.971  -23.148  -22.001 0.3000000119
42191  -32.183  -25.792  -23.947 0.6999999881
42200  -31.646  -25.879  -24.534 0.6000000238
42199  -30.933  -26.039  -24.862 0.6000000238
42217  -28.626  -25.335  -26.785 0.6000000238
43161  -30.429  -25.357  -26.217 0.6000000238
42223  -26.270  -25.489  -28.127 0.6999999881
43171  -28.297  -24.721  -27.402 0.6000000238
42218  -29.570  -25.444  -26.514 0.6000000238
42224  -26.747  -24.947  -27.841 0.6999999881
43180  -28.019  -24.277  -28.110 0.6000000238
41309  -27.643  -25.441  -29.098 0.6999999881
139745  -29.544  -26.200  -29.167 0.6999999881
41311  -30.369  -26.434  -29.010 0.6000000238
41312  -31.798  -26.269  -29.217 0.5000000000
42244  -31.049  -26.109  -29.401 0.6000000238
138495  -31.741  -25.726  -29.848 0.5000000000
43197  -28.467  -25.025  -29.661 0.6000000238
42256  -30.939  -25.554  -29.873 0.5000000000
43210  -30.861  -25.012  -30.332 0.5000000000
43211  -31.444  -25.283  -30.213 0.5000000000
43222  -30.906  -24.477  -30.812 0.5000000000
44114  -30.924  -23.848  -31.232 0.5000000000
43132  -32.331  -24.300  -20.763 0.4000000060
43122  -32.617  -24.849  -20.791 0.4000000060
44032  -32.349  -23.531  -21.677 0.4000000060
44883  -29.604  -23.262  -21.407 0.4000000060
42178  -32.829  -25.231  -21.930 0.6000000238
44904  -26.129  -22.812  -22.669 0.3000000119
44905  -26.829  -22.661  -22.876 0.3000000119
44906  -27.933  -22.686  -22.571 0.3000000119
42192  -32.683  -25.094  -23.916 0.6000000238
47047  -26.137  -21.449  -24.092 0.3000000119
42201  -32.323  -25.288  -24.702 0.6000000238
43162  -31.281  -25.210  -25.910 0.5000000000
43163  -32.080  -24.961  -25.508 0.6000000238
43182  -29.740  -24.556  -27.362 0.6000000238
43173  -30.125  -24.975  -26.893 0.6000000238
43181  -28.920  -24.333  -27.607 0.6000000238
43174  -30.986  -24.815  -26.584 0.6000000238
44073  -29.660  -23.930  -27.805 0.6000000238
44082  -28.716  -23.441  -28.582 0.6000000238
42242  -27.874  -25.124  -29.357 0.6999999881
42254  -29.188  -24.791  -30.050 0.5000000000
149869  -30.324  -23.987  -30.889 0.5000000000
44022  -31.076  -23.684  -20.950 0.4000000060
43133  -32.713  -24.199  -21.371 0.4000000060
44885  -31.460  -23.274  -21.475 0.4000000060
44896  -30.919  -22.816  -21.931 0.4000000060
43136  -32.966  -24.452  -22.151 0.4000000060
43139  -33.072  -24.355  -23.020 0.4000000060
146145  -32.880  -24.850  -23.327 0.5000000000
146564  -26.921  -22.265  -23.303 0.3000000119
45960  -28.157  -21.890  -23.446 0.3000000119
45940  -28.180  -22.301  -22.935 0.4000000060
43147  -33.016  -24.437  -23.770 0.4000000060
47049  -27.849  -21.392  -24.019 0.3000000119
45961  -28.949  -21.734  -23.429 0.4000000060
44054  -32.556  -24.319  -25.755 0.5000000000
152836  -32.794  -24.687  -24.390 0.6000000238
43175  -31.839  -24.626  -26.218 0.5000000000
44063  -31.552  -24.235  -26.883 0.5000000000
146765  -30.516  -23.735  -27.755 0.6000000238
44075  -32.034  -23.594  -27.042 0.5000000000
44083  -29.216  -23.488  -28.281 0.6000000238
44956  -29.980  -23.273  -28.234 0.6000000238
44090  -28.304  -23.888  -29.346 0.6000000238
44955  -28.615  -23.243  -29.212 0.6000000238
43209  -28.411  -24.288  -29.818 0.5000000000
44099  -28.970  -23.974  -30.265 0.5000000000
44991  -30.726  -23.058  -31.602 0.5000000000
44992  -31.286  -22.726  -32.023 0.5000000000
152402  -32.821  -23.845  -22.020 0.4000000060
44909  -33.010  -23.082  -23.003 0.4000000060
44035  -33.064  -23.781  -22.666 0.4000000060
44908  -32.292  -22.637  -22.634 0.4000000060
44918  -33.260  -22.909  -23.759 0.4000000060
142808  -33.390  -23.360  -24.243 0.4000000060
152739  -27.059  -20.818  -24.679 0.3000000119
44065  -32.946  -23.481  -25.789 0.4000000060
44049  -33.115  -24.005  -24.449 0.5000000000
147531  -26.740  -20.422  -24.997 0.3000000119
44937  -32.651  -23.244  -26.603 0.4000000060
44074  -31.271  -23.747  -27.432 0.5000000000
155151  -32.391  -23.040  -27.173 0.4000000060
44945  -30.978  -23.259  -27.941 0.5000000000
44946  -31.803  -23.163  -27.570 0.5000000000
138184  -29.133  -23.079  -28.704 0.6000000238
46006  -30.369  -22.362  -28.914 0.5000000000
135371  -30.644  -22.782  -28.453 0.5000000000
44112  -28.804  -23.052  -30.368 0.5000000000
44969  -28.614  -23.113  -29.821 0.6000000238
44964  -29.031  -22.646  -29.319 0.6000000238
44965  -29.758  -22.682  -28.815 0.6000000238
147090  -28.715  -22.729  -29.770 0.6000000238
44978  -29.234  -22.740  -30.995 0.5000000000
44990  -29.690  -22.398  -31.570 0.5000000000
44993  -32.198  -23.010  -32.187 0.5000000000
44977  -28.909  -22.221  -30.771 0.5000000000
50152  -25.328  -17.726  -26.852 0.3000000119
50137  -27.183  -17.918  -26.578 0.4000000060
51205  -27.848  -17.559  -26.858 0.4000000060
46022  -29.611  -22.095  -29.436 0.5000000000
52302  -26.140  -16.755  -27.897 0.4000000060
47127  -29.200  -21.748  -30.295 0.5000000000
47137  -31.292  -20.917  -30.086 0.5000000000
47130  -31.911  -21.177  -29.354 0.5000000000
47142  -29.474  -21.051  -31.396 0.5000000000
48218  -31.418  -20.353  -30.561 0.5000000000
44989  -29.095  -22.059  -31.218 0.5000000000
47148  -29.576  -21.109  -31.868 0.6000000238
45000  -31.678  -22.234  -32.443 0.5000000000
46056  -30.720  -21.931  -32.267 0.6000000238
46068  -31.022  -21.405  -32.666 0.5000000000
46069  -32.062  -21.669  -32.833 0.4000000060
142583  -27.238  -16.966  -27.449 0.4000000060
50140  -29.540  -18.212  -26.288 0.4000000060
47136  -29.677  -21.248  -30.632 0.5000000000
48224  -30.035  -20.435  -31.839 0.5000000000
48230  -30.391  -19.860  -32.446 0.5000000000
48225  -30.749  -19.679  -31.821 0.5000000000
46055  -29.849  -21.701  -32.031 0.5000000000
47149  -30.076  -21.111  -32.402 0.5000000000
47165  -32.011  -20.351  -33.495 0.4000000060
47159  -30.421  -20.665  -32.760 0.5000000000
47160  -31.317  -20.768  -33.112 0.5000000000
52305  -28.508  -16.817  -27.691 0.4000000060
52319  -27.413  -16.417  -28.485 0.4000000060
48217  -30.346  -20.675  -30.876 0.5000000000
141743  -32.148  -19.988  -30.274 0.4000000060
47158  -30.017  -20.465  -32.395 0.4000000060
48239  -30.585  -20.035  -32.891 0.4000000060
48240  -31.190  -20.060  -33.343 0.5000000000
48244  -32.441  -19.755  -33.924 0.3000000119
49199  -31.770  -19.070  -31.392 0.4000000060
49215  -30.745  -19.487  -32.875 0.4000000060
48243  -31.531  -19.739  -33.598 0.5000000000
49219  -32.358  -18.928  -34.368 0.4000000060
49218  -31.409  -19.051  -33.769 0.4000000060
49216  -30.978  -18.985  -33.149 0.4000000060
50201  -34.918  -18.382  -34.817 0.4000000060
48242  -30.943  -19.522  -33.313 0.4000000060
152741  -32.892  -18.513  -34.635 0.4000000060
51269  -31.513  -17.618  -33.629 0.4000000060
51278  -33.677  -17.552  -34.932 0.4000000060
156743  -34.335  -17.983  -34.803 0.4000000060
51279  -35.794  -17.974  -34.586 0.4000000060
50196  -31.572  -18.295  -34.154 0.3000000119
50199  -32.765  -17.936  -34.806 0.4000000060
51276  -32.074  -16.859  -34.492 0.4000000060
52360  -31.801  -16.889  -33.764 0.4000000060
137937  -33.184  -16.853  -35.180 0.3000000119
152075  -34.841  -17.628  -34.893 0.4000000060
51280  -36.243  -17.281  -34.314 0.4000000060
51274  -31.945  -17.597  -34.440 0.3000000119
52372  -33.981  -15.971  -35.339 0.4000000060
52369  -34.201  -16.771  -35.155 0.5000000000
53335  -33.216  -16.199  -35.535 0.4000000060
24914  -23.055  -44.971  -21.774 0.6999999881
24164  -23.815  -45.005  -17.503 0.6999999881
24129  -23.749  -44.888  -15.226 0.6999999881
26419  -25.469  -42.622  -16.478 0.8000000119
24820  -22.774  -44.199  -14.018 0.6000000238
27209  -24.717  -41.947  -14.766 0.6999999881
28769  -26.333  -39.615  -18.651 0.8000000119
23428  -18.084  -46.088  -16.033 0.4000000060
28710  -24.727  -39.624  -13.957 0.6000000238
27206  -20.820  -41.961  -15.042 0.5000000000
30359  -27.112  -37.588  -18.469 0.8000000119
29512  -26.400  -38.757  -14.983 0.8000000119
31063  -23.457  -36.870  -15.200 0.6000000238
31039  -25.666  -37.084  -13.659 0.6999999881
33101  -27.264  -33.884  -13.990 0.6999999881
38585  -26.723  -28.569  -23.197 0.8000000119
33865  -29.268  -32.944  -15.074 0.6999999881
37661  -29.934  -30.040  -20.135 0.6999999881
38561  -30.169  -29.239  -21.207 0.6999999881
39377  -31.711  -28.975  -15.542 0.6000000238
38555  -30.986  -29.052  -19.248 0.6999999881
38558  -30.880  -28.964  -20.040 0.6000000238
38464  -29.541  -30.364  -14.232 0.6000000238
131103  -31.521  -27.734  -16.738 0.5000000000
43103  -31.909  -25.223  -19.672 0.4000000060
44897  -31.854  -22.953  -22.059 0.4000000060
142860  -30.960  -19.099  -32.395 0.4000000060
22775  -24.274  -47.218  -23.069 0.5000000000
23505  -24.684  -46.757  -23.649 0.5000000000
21992  -20.835  -48.199  -21.277 0.6999999881
18983  -20.013  -51.018  -14.294 0.5000000000
140102  -26.206  -41.399  -24.384 0.6999999881
24175  -23.582  -45.242  -18.290 0.6999999881
26477  -23.542  -43.159  -21.827 0.6999999881
25651  -23.719  -43.810  -21.315 0.6999999881
28826  -26.890  -39.754  -24.401 0.6999999881
29604  -28.327  -38.777  -23.213 0.5000000000
31884  -28.197  -36.702  -24.077 0.5000000000
22666  -19.776  -47.509  -14.009 0.6000000238
22675  -21.154  -47.352  -14.556 0.6000000238
25611  -24.585  -43.854  -17.336 0.8000000119
26453  -25.036  -42.655  -18.948 0.6999999881
31870  -29.485  -36.153  -22.200 0.4000000060
23394  -19.765  -46.259  -14.060 0.6000000238
23393  -19.167  -46.710  -14.151 0.6000000238
26435  -25.537  -42.339  -17.138 0.6999999881
141637  -17.796  -48.492  -15.204 0.5000000000
28768  -25.938  -39.698  -19.419 0.8000000119
32560  -28.680  -35.946  -23.831 0.5000000000
24127  -19.591  -45.409  -14.441 0.6000000238
29585  -24.796  -39.201  -20.806 0.8000000119
32575  -27.450  -36.055  -25.815 0.6999999881
32577  -29.218  -34.922  -24.460 0.6000000238
28007  -25.744  -40.958  -15.542 0.6999999881
24817  -20.672  -44.277  -14.345 0.6000000238
31126  -23.889  -37.320  -21.421 0.8999999762
33225  -28.837  -34.999  -25.406 0.6000000238
33967  -30.911  -33.800  -24.867 0.4000000060
24152  -18.316  -45.369  -16.339 0.3000000119
156437  -18.658  -46.049  -15.013 0.5000000000
23416  -18.360  -46.348  -15.305 0.5000000000
31118  -25.428  -37.521  -20.493 0.8999999762
32572  -24.237  -35.371  -25.497 0.8000000119
27192  -23.342  -41.614  -13.662 0.6000000238
28717  -24.683  -40.278  -14.166 0.6000000238
29522  -26.104  -39.451  -15.116 0.8000000119
24137  -19.196  -45.162  -15.131 0.4000000060
25567  -20.399  -43.804  -14.793 0.5000000000
34885  -29.937  -32.450  -26.642 0.6000000238
34886  -30.712  -32.476  -26.472 0.4000000060
27981  -23.246  -40.771  -13.673 0.6000000238
26399  -20.124  -42.597  -15.871 0.5000000000
25582  -20.137  -43.284  -15.479 0.5000000000
27190  -22.197  -41.759  -13.799 0.5000000000
31065  -27.304  -37.311  -15.780 0.6999999881
155536  -23.628  -40.279  -13.776 0.6000000238
28715  -21.791  -39.913  -14.786 0.6000000238
27207  -21.010  -41.190  -15.044 0.5000000000
157823  -20.634  -41.521  -15.465 0.5000000000
27980  -22.442  -40.959  -13.819 0.5000000000
30334  -21.381  -37.952  -15.873 0.6000000238
152629  -22.168  -40.037  -14.330 0.6000000238
28716  -22.309  -39.603  -14.482 0.6000000238
32535  -25.167  -35.316  -21.002 0.8000000119
30313  -22.888  -38.157  -14.916 0.6000000238
31800  -22.295  -36.457  -16.175 0.4000000060
31793  -23.290  -36.368  -15.607 0.5000000000
32475  -23.358  -35.698  -15.843 0.5000000000
32484  -27.951  -36.181  -17.070 0.6999999881
33881  -22.559  -34.219  -15.982 0.4000000060
132666  -29.371  -31.359  -25.869 0.6999999881
31773  -24.422  -36.814  -14.185 0.6999999881
31784  -23.964  -36.315  -14.955 0.6000000238
33143  -28.361  -34.854  -16.459 0.6999999881
133186  -23.764  -32.525  -15.537 0.3000000119
150135  -28.519  -34.498  -18.966 0.6999999881
33896  -28.975  -33.566  -17.298 0.6999999881
37693  -26.597  -30.750  -24.972 0.8000000119
37706  -27.964  -30.336  -25.069 0.6000000238
36762  -29.280  -30.627  -24.815 0.6000000238
152733  -28.482  -29.120  -25.582 0.6000000238
33874  -24.759  -33.616  -15.670 0.6000000238
32454  -25.693  -35.138  -13.750 0.6999999881
34815  -28.929  -33.369  -18.794 0.6999999881
35798  -28.641  -32.386  -19.698 0.6999999881
37705  -27.193  -30.227  -25.209 0.8000000119
33876  -28.490  -34.055  -15.461 0.6999999881
35751  -26.980  -32.194  -14.876 0.5000000000
34803  -29.547  -32.327  -16.047 0.6999999881
34811  -29.145  -32.857  -17.569 0.6999999881
34822  -28.964  -32.648  -19.022 0.6999999881
35793  -29.415  -32.053  -17.873 0.6999999881
35799  -29.093  -31.946  -19.214 0.6999999881
36719  -29.591  -30.626  -19.769 0.6999999881
36723  -25.917  -31.163  -21.433 0.8000000119
36732  -26.704  -30.761  -21.494 0.8000000119
139016  -26.722  -30.207  -21.959 0.8000000119
33877  -28.916  -33.398  -15.292 0.6999999881
37594  -25.744  -30.633  -15.027 0.3000000119
37595  -26.484  -30.485  -15.048 0.5000000000
34795  -29.434  -32.771  -15.393 0.6999999881
38450  -27.934  -30.483  -14.475 0.5000000000
36695  -30.265  -30.985  -16.633 0.6999999881
36708  -29.845  -31.233  -17.862 0.6999999881
39371  -25.152  -28.743  -15.991 0.3000000119
37652  -30.781  -29.780  -18.119 0.6999999881
133398  -29.756  -31.802  -14.586 0.6000000238
40284  -28.259  -28.383  -16.129 0.3000000119
36703  -30.587  -30.390  -16.919 0.6999999881
40310  -26.781  -27.483  -17.566 0.3000000119
40311  -27.794  -27.514  -17.486 0.3000000119
38484  -29.980  -29.605  -14.600 0.6000000238
38485  -30.914  -29.627  -15.013 0.6000000238
38486  -31.628  -29.396  -15.162 0.6000000238
153149  -30.049  -28.742  -15.084 0.4000000060
150528  -31.591  -29.204  -15.845 0.6999999881
37637  -31.029  -29.850  -16.513 0.6999999881
37646  -30.920  -29.807  -17.264 0.6999999881
138493  -31.335  -28.399  -19.588 0.6000000238
40399  -29.739  -27.039  -23.952 0.8000000119
41264  -28.627  -26.690  -24.812 0.8000000119
40431  -28.949  -27.564  -27.989 0.6000000238
136903  -29.642  -27.542  -16.242 0.3000000119
39374  -29.108  -28.777  -14.869 0.5000000000
148505  -29.391  -27.181  -17.226 0.3000000119
154270  -31.358  -28.261  -15.966 0.5000000000
40300  -31.524  -28.354  -17.063 0.5000000000
130697  -27.625  -25.692  -19.318 0.3000000119
149667  -28.803  -26.275  -18.638 0.3000000119
41205  -31.840  -26.868  -18.669 0.5000000000
39450  -31.707  -27.682  -19.995 0.6000000238
39458  -30.387  -28.441  -22.172 0.8000000119
41232  -32.256  -26.586  -21.284 0.6000000238
41265  -30.045  -26.619  -24.439 0.6999999881
41301  -28.832  -26.606  -28.884 0.6999999881
130613  -28.221  -25.219  -19.565 0.3000000119
41177  -30.888  -26.232  -18.248 0.3000000119
139523  -27.237  -24.478  -20.247 0.3000000119
44005  -28.465  -24.185  -20.367 0.3000000119
155122  -32.290  -26.583  -20.626 0.6000000238
41236  -32.171  -26.530  -22.065 0.6000000238
41299  -26.979  -25.514  -28.819 0.6999999881
42182  -32.640  -25.447  -23.283 0.6999999881
42241  -27.330  -24.928  -28.980 0.6999999881
139743  -31.145  -26.601  -28.800 0.5000000000
43121  -32.133  -24.688  -20.287 0.4000000060
43188  -27.782  -24.392  -28.810 0.6000000238
44081  -28.284  -23.818  -28.709 0.6000000238
136490  -31.561  -24.864  -30.650 0.4000000060
44008  -31.681  -24.136  -20.517 0.4000000060
44894  -29.166  -22.773  -22.015 0.4000000060
158534  -27.325  -22.801  -22.592 0.3000000119
45958  -26.599  -21.918  -23.689 0.3000000119
45959  -27.344  -21.889  -23.632 0.3000000119
43154  -32.695  -24.569  -25.038 0.5000000000
44062  -30.584  -24.337  -27.286 0.5000000000
43196  -27.956  -24.597  -29.314 0.5000000000
44042  -33.264  -23.707  -23.555 0.4000000060
47050  -28.607  -21.373  -23.928 0.4000000060
44064  -32.323  -23.971  -26.440 0.5000000000
44925  -33.370  -22.742  -24.474 0.4000000060
44957  -31.555  -22.738  -28.150 0.5000000000
46043  -29.024  -21.736  -31.168 0.6000000238
152554  -26.558  -18.254  -26.404 0.3000000119
51206  -28.560  -17.661  -26.773 0.4000000060
142150  -30.483  -21.129  -30.189 0.5000000000
51222  -28.370  -17.246  -27.149 0.4000000060
50191  -31.198  -18.357  -33.462 0.4000000060
52370  -35.509  -16.961  -34.806 0.4000000060
52366  -31.897  -16.165  -34.117 0.4000000060
52371  -36.166  -16.590  -34.427 0.3000000119
18340  -21.736  -52.152  -17.694 0.5000000000
19016  -20.959  -51.595  -18.940 0.5000000000
17603  -21.859  -53.239  -15.323 0.4000000060
146284  -21.957  -52.098  -16.464 0.5000000000
18328  -21.819  -52.482  -17.045 0.5000000000
19017  -21.517  -51.349  -17.969 0.6000000238
19770  -21.058  -50.809  -18.728 0.6000000238
135017  -21.992  -52.077  -15.717 0.5000000000
18990  -21.989  -51.406  -15.314 0.5000000000
19759  -21.841  -50.840  -17.140 0.5000000000
18984  -21.896  -51.416  -14.645 0.5000000000
20549  -21.468  -49.548  -18.209 0.6000000238
21267  -21.300  -49.163  -18.923 0.6000000238
20548  -21.179  -49.990  -18.776 0.6000000238
144170  -21.462  -47.842  -20.016 0.6000000238
21278  -21.436  -48.399  -19.377 0.6000000238
21981  -21.011  -48.291  -20.429 0.6000000238
21982  -21.156  -47.655  -20.827 0.6000000238
19742  -21.962  -50.692  -15.646 0.5000000000
145905  -21.831  -50.093  -17.119 0.5000000000
20539  -21.700  -49.511  -17.503 0.6000000238
19735  -21.898  -50.869  -14.909 0.5000000000
156117  -21.917  -50.042  -15.867 0.5000000000
21963  -21.769  -48.224  -18.477 0.6000000238
19725  -21.413  -50.923  -13.962 0.5000000000
19734  -21.705  -50.510  -14.488 0.5000000000
22724  -21.863  -47.603  -19.157 0.6000000238
22734  -21.672  -47.198  -20.202 0.6000000238
22756  -21.398  -47.030  -21.811 0.6000000238
19749  -21.926  -50.403  -16.438 0.5000000000
143435  -21.849  -50.144  -15.118 0.5000000000
142336  -21.880  -49.008  -16.004 0.5000000000
20526  -21.855  -49.513  -16.539 0.5000000000
21240  -21.814  -48.847  -17.171 0.5000000000
21254  -21.630  -48.874  -18.059 0.6000000238
158143  -21.643  -49.955  -14.601 0.5000000000
20500  -21.701  -49.472  -14.934 0.5000000000
20477  -21.211  -50.185  -14.287 0.5000000000
20499  -21.266  -49.529  -14.454 0.5000000000
22735  -22.071  -46.952  -19.432 0.6000000238
23461  -22.063  -46.580  -20.004 0.6000000238
23481  -21.570  -46.527  -21.311 0.6000000238
23472  -21.635  -46.666  -20.668 0.6000000238
153138  -21.920  -48.417  -15.997 0.5000000000
141058  -22.283  -47.459  -17.104 0.5000000000
21217  -21.788  -48.809  -15.341 0.5000000000
21955  -21.905  -48.189  -17.605 0.6000000238
22715  -22.545  -46.932  -17.804 0.6000000238
19724  -20.580  -50.551  -14.115 0.5000000000
19733  -19.553  -50.466  -14.453 0.5000000000
21938  -21.948  -48.036  -15.394 0.5000000000
145160  -22.228  -47.650  -16.028 0.5000000000
22702  -22.719  -46.950  -16.371 0.5000000000
154893  -22.767  -46.820  -17.122 0.6000000238
21216  -21.406  -48.826  -14.663 0.5000000000
21215  -20.751  -49.071  -14.285 0.5000000000
21928  -21.277  -48.061  -14.644 0.6000000238
22687  -22.624  -47.018  -15.494 0.6000000238
23429  -23.095  -46.303  -16.763 0.5000000000
24163  -23.445  -45.676  -17.332 0.6000000238
22676  -21.807  -47.597  -14.900 0.6000000238
22686  -22.216  -47.476  -15.295 0.6000000238
23441  -22.976  -46.337  -17.571 0.6000000238
21927  -20.713  -48.442  -14.293 0.5000000000
20497  -19.104  -49.468  -14.043 0.4000000060
22677  -22.305  -47.005  -14.882 0.6000000238
23417  -23.087  -46.291  -15.797 0.6000000238
24153  -23.500  -45.747  -16.402 0.5000000000
146195  -23.790  -45.141  -16.711 0.6000000238
155448  -23.702  -45.374  -16.182 0.6999999881
33965  -29.358  -33.773  -25.778 0.5000000000
35734  -27.648  -32.050  -14.642 0.5000000000
38560  -29.541  -29.492  -21.520 0.6000000238
39504  -28.606  -28.295  -26.799 0.5000000000
39520  -29.897  -27.886  -27.059 0.5000000000
41302  -29.662  -26.760  -28.672 0.5000000000
53337  -35.619  -16.072  -34.835 0.4000000060
53338  -36.195  -15.840  -34.412 0.3000000119
54289  -36.624  -14.640  -33.752 0.3000000119
55241  -36.889  -14.057  -33.604 0.3000000119
16857  -21.547  -54.410  -14.529 0.4000000060
17608  -21.624  -53.509  -16.156 0.5000000000
17616  -21.623  -53.170  -16.954 0.5000000000
136924  -20.429  -51.241  -19.554 0.5000000000
17595  -21.933  -52.877  -14.518 0.4000000060
19777  -20.717  -50.476  -19.491 0.6000000238
20556  -20.880  -49.727  -19.626 0.6000000238
137845  -20.450  -50.215  -20.196 0.5000000000
21289  -20.639  -48.905  -20.951 0.5000000000
17586  -21.877  -53.188  -13.563 0.4000000060
18976  -21.751  -51.697  -14.006 0.5000000000
18975  -21.378  -51.635  -13.638 0.5000000000
19726  -21.764  -51.078  -14.374 0.5000000000
143864  -20.746  -51.245  -13.812 0.3000000119
18981  -18.507  -51.631  -15.047 0.4000000060
33227  -30.248  -34.140  -24.302 0.4000000060
33966  -30.053  -33.702  -25.278 0.4000000060
38451  -28.895  -30.988  -13.807 0.5000000000
38483  -28.333  -29.281  -14.786 0.4000000060
39506  -30.120  -28.225  -26.451 0.5000000000
40416  -31.092  -27.713  -26.994 0.5000000000
150939  -30.950  -27.409  -27.563 0.5000000000
54293  -35.992  -14.906  -34.664 0.3000000119
155093  -37.111  -13.545  -33.488 0.3000000119
17594  -21.857  -53.638  -14.412 0.4000000060
22714  -22.100  -47.558  -18.110 0.6000000238
20498  -20.338  -49.719  -14.254 0.5000000000
39507  -30.839  -28.171  -26.387 0.5000000000
17602  -21.649  -53.933  -15.352 0.4000000060
19007  -21.884  -51.703  -17.100 0.5000000000
19771  -21.561  -50.287  -17.914 0.6000000238
158001  -21.971  -51.317  -16.266 0.5000000000
18302  -21.945  -52.083  -14.749 0.5000000000
157795  -21.881  -48.800  -16.510 0.5000000000
21929  -21.673  -48.284  -14.996 0.5000000000
141696  -35.626  -15.373  -34.908 0.4000000060
18296  -21.836  -52.448  -13.925 0.4000000060
19788  -20.099  -50.898  -20.280 0.4000000060
20578  -20.250  -49.664  -21.491 0.4000000060
18295  -21.649  -52.410  -13.257 0.4000000060
26398  -19.748  -42.965  -16.230 0.4000000060
28005  -20.543  -41.026  -15.993 0.4000000060
27222  -20.369  -41.889  -15.859 0.4000000060
28750  -20.419  -39.900  -17.285 0.4000000060
28016  -20.487  -40.537  -16.798 0.4000000060
152341  -20.547  -40.402  -16.160 0.4000000060
28006  -20.891  -40.470  -15.583 0.4000000060
29533  -19.639  -38.990  -16.163 0.3000000119
145534  -20.251  -39.534  -16.199 0.3000000119
30320  -20.114  -38.191  -15.707 0.4000000060
28739  -20.755  -39.936  -15.810 0.4000000060
29534  -20.321  -38.959  -15.865 0.4000000060
31060  -20.541  -37.459  -15.843 0.4000000060
30333  -20.787  -38.141  -15.809 0.4000000060
136606  -27.559  -29.776  -15.155 0.3000000119
41178  -31.312  -26.958  -17.530 0.3000000119
149444  -30.251  -26.364  -18.090 0.3000000119
158191  -31.274  -26.582  -18.049 0.3000000119
132703  -31.595  -26.900  -18.071 0.3000000119
42139  -31.922  -25.997  -19.210 0.3000000119
46023  -30.658  -21.933  -29.244 0.4000000060
44007  -30.779  -24.087  -20.374 0.3000000119
44021  -30.141  -23.726  -20.892 0.3000000119
47129  -31.049  -21.451  -29.632 0.4000000060
44893  -28.331  -22.932  -22.036 0.3000000119
44907  -28.664  -22.466  -22.558 0.3000000119
46008  -32.019  -22.117  -28.368 0.4000000060
47114  -32.347  -21.448  -28.637 0.3000000119
46024  -31.590  -21.795  -29.021 0.4000000060
157012  -30.694  -20.092  -31.243 0.4000000060
44884  -30.503  -23.250  -21.427 0.3000000119
45931  -30.474  -22.322  -22.342 0.3000000119
45932  -31.370  -22.425  -22.441 0.3000000119
156747  -29.184  -22.408  -22.445 0.3000000119
44895  -30.032  -22.779  -21.899 0.3000000119
47040  -31.467  -21.480  -23.286 0.3000000119
45945  -32.735  -22.382  -23.271 0.3000000119
47039  -30.523  -21.479  -23.256 0.3000000119
45943  -30.937  -21.922  -22.830 0.3000000119
45962  -32.411  -21.663  -23.487 0.3000000119
45963  -33.076  -22.134  -23.943 0.3000000119
133996  -33.281  -23.375  -24.909 0.3000000119
47038  -29.690  -21.583  -23.311 0.3000000119
44055  -32.958  -23.962  -25.208 0.3000000119
47073  -28.332  -20.953  -24.416 0.3000000119
142604  -28.705  -20.525  -24.695 0.3000000119
44938  -33.127  -22.645  -26.102 0.3000000119
48140  -28.143  -20.465  -24.870 0.3000000119
49141  -28.473  -19.374  -25.628 0.3000000119
44947  -32.843  -22.561  -26.881 0.3000000119
45996  -32.993  -21.859  -27.186 0.3000000119
47115  -32.912  -21.000  -28.133 0.3000000119
51220  -26.577  -17.032  -27.314 0.3000000119
51204  -27.163  -17.377  -27.041 0.3000000119
44958  -32.411  -22.512  -27.663 0.3000000119
52304  -27.694  -16.731  -27.856 0.3000000119
52318  -26.596  -16.417  -28.508 0.3000000119
47052  -30.111  -21.093  -23.724 0.3000000119
47053  -31.023  -21.016  -23.704 0.3000000119
47055  -32.839  -21.380  -24.164 0.3000000119
45974  -33.286  -21.969  -24.698 0.3000000119
44930  -33.327  -22.682  -25.261 0.3000000119
47074  -28.998  -20.888  -24.312 0.3000000119
48125  -29.712  -20.699  -24.178 0.3000000119
48126  -30.563  -20.560  -24.109 0.3000000119
48127  -31.563  -20.498  -24.131 0.3000000119
47075  -32.508  -20.680  -24.433 0.3000000119
47076  -33.087  -21.206  -24.968 0.3000000119
45981  -33.341  -21.911  -25.540 0.3000000119
48141  -29.306  -20.322  -24.652 0.3000000119
48142  -30.115  -20.164  -24.577 0.3000000119
48143  -31.050  -20.020  -24.524 0.3000000119
49140  -27.634  -19.361  -25.727 0.3000000119
49120  -28.780  -19.957  -25.108 0.3000000119
49121  -29.666  -19.722  -25.005 0.3000000119
47104  -33.146  -21.143  -27.422 0.3000000119
50121  -28.183  -18.774  -26.063 0.3000000119
52321  -29.027  -16.418  -28.247 0.3000000119
47131  -32.692  -20.697  -28.900 0.3000000119
52320  -28.224  -16.430  -28.388 0.3000000119
48219  -32.771  -19.817  -29.650 0.3000000119
49192  -32.503  -19.365  -30.438 0.3000000119
50179  -32.382  -18.403  -31.343 0.3000000119
153041  -31.578  -17.783  -32.822 0.3000000119
147681  -31.661  -18.570  -31.971 0.3000000119
47054  -32.027  -21.062  -23.811 0.3000000119
153837  -32.830  -20.388  -25.297 0.3000000119
49143  -30.150  -19.150  -25.404 0.3000000119
49123  -31.561  -19.446  -24.949 0.3000000119
48144  -32.048  -20.024  -24.668 0.3000000119
48159  -32.384  -19.579  -25.294 0.3000000119
47085  -33.288  -21.146  -25.828 0.3000000119
49142  -29.296  -19.281  -25.489 0.3000000119
50123  -29.811  -18.687  -25.843 0.3000000119
47094  -33.313  -21.156  -26.655 0.3000000119
49175  -33.419  -19.562  -28.041 0.3000000119
137364  -33.402  -19.941  -27.431 0.3000000119
51207  -29.301  -17.696  -26.692 0.3000000119
52306  -29.300  -16.735  -27.758 0.3000000119
48199  -33.202  -20.309  -28.176 0.3000000119
48207  -33.136  -19.908  -28.827 0.3000000119
53275  -28.741  -16.002  -28.734 0.3000000119
53276  -29.494  -15.947  -28.527 0.3000000119
141099  -33.025  -19.176  -29.750 0.3000000119
49200  -32.623  -18.769  -30.790 0.3000000119
51261  -32.050  -17.933  -31.994 0.3000000119
48160  -32.874  -19.841  -25.860 0.3000000119
50142  -31.083  -18.158  -26.118 0.3000000119
50125  -31.500  -18.502  -25.789 0.3000000119
49146  -32.591  -19.199  -25.965 0.3000000119
146602  -33.201  -20.437  -26.195 0.3000000119
49158  -32.770  -18.618  -26.629 0.3000000119
48191  -33.375  -20.467  -26.964 0.3000000119
51208  -30.089  -17.697  -26.619 0.3000000119
51209  -30.985  -17.701  -26.560 0.3000000119
52307  -29.946  -16.877  -27.479 0.3000000119
158247  -30.022  -15.947  -28.460 0.3000000119
53277  -30.620  -15.964  -28.414 0.3000000119
49176  -33.445  -18.610  -28.643 0.3000000119
49182  -33.257  -19.243  -29.128 0.3000000119
53292  -29.272  -15.519  -28.942 0.3000000119
53293  -30.086  -15.555  -28.836 0.3000000119
147116  -33.337  -18.595  -29.375 0.3000000119
138530  -33.029  -18.704  -30.130 0.3000000119
50173  -32.983  -18.122  -30.581 0.3000000119
157911  -32.055  -17.468  -32.300 0.3000000119
49157  -32.169  -18.627  -26.018 0.3000000119
50143  -31.881  -18.030  -26.428 0.3000000119
49168  -33.302  -19.134  -27.325 0.3000000119
51224  -30.603  -17.201  -27.076 0.3000000119
51225  -31.758  -17.214  -27.155 0.3000000119
52323  -30.964  -16.558  -27.756 0.3000000119
53278  -31.580  -16.011  -28.387 0.3000000119
55192  -29.757  -14.435  -29.526 0.3000000119
53294  -31.128  -15.448  -28.999 0.3000000119
150731  -29.717  -15.090  -29.174 0.3000000119
54247  -30.428  -14.930  -29.293 0.3000000119
54248  -31.294  -14.755  -29.525 0.3000000119
51250  -33.280  -17.296  -29.661 0.3000000119
158275  -33.195  -17.689  -30.138 0.3000000119
51262  -32.624  -17.224  -31.693 0.3000000119
52351  -32.038  -17.050  -32.739 0.3000000119
145035  -33.135  -18.329  -27.443 0.3000000119
52324  -32.085  -16.535  -27.908 0.3000000119
52308  -32.627  -17.131  -27.677 0.3000000119
140235  -33.003  -17.693  -27.670 0.3000000119
53279  -32.301  -16.083  -28.451 0.3000000119
52325  -32.762  -16.620  -28.421 0.3000000119
151188  -33.203  -17.100  -28.865 0.3000000119
55208  -30.178  -13.717  -29.856 0.3000000119
53295  -32.057  -15.646  -28.927 0.3000000119
55193  -30.669  -14.280  -29.713 0.3000000119
143599  -31.874  -15.167  -29.379 0.3000000119
51255  -33.058  -17.337  -30.624 0.3000000119
52352  -32.608  -16.382  -31.936 0.3000000119
53334  -32.695  -15.565  -35.127 0.3000000119
135886  -32.191  -15.580  -34.538 0.3000000119
52361  -32.061  -16.071  -33.006 0.3000000119
56295  -30.498  -13.000  -30.056 0.3000000119
53296  -32.649  -15.988  -28.989 0.3000000119
152947  -33.039  -16.553  -29.252 0.3000000119
55209  -30.961  -13.606  -29.992 0.3000000119
54261  -31.481  -14.117  -29.927 0.3000000119
54249  -32.511  -15.398  -29.500 0.3000000119
53307  -32.898  -15.922  -29.706 0.3000000119
52341  -33.105  -16.605  -30.100 0.3000000119
53318  -32.922  -15.803  -31.166 0.3000000119
137117  -32.953  -16.574  -30.992 0.3000000119
132707  -32.686  -15.545  -32.056 0.3000000119
54280  -32.524  -14.680  -33.172 0.3000000119
53325  -32.452  -15.282  -32.824 0.3000000119
150265  -32.199  -15.135  -34.296 0.3000000119
53332  -32.140  -15.364  -33.720 0.3000000119
56296  -31.253  -12.977  -30.271 0.3000000119
154000  -31.588  -13.521  -30.182 0.3000000119
55210  -32.062  -13.935  -30.403 0.3000000119
55211  -32.581  -14.472  -30.760 0.3000000119
54263  -32.839  -15.278  -30.349 0.3000000119
53314  -33.017  -16.024  -30.428 0.3000000119
55222  -32.452  -13.715  -31.062 0.3000000119
54270  -32.862  -15.016  -31.323 0.3000000119
55228  -32.779  -13.975  -32.503 0.3000000119
54276  -32.711  -14.785  -32.210 0.3000000119
55240  -32.633  -14.000  -33.705 0.3000000119
54290  -32.456  -14.918  -34.778 0.3000000119
155368  -32.681  -13.791  -34.376 0.3000000119
53341  -34.224  -15.412  -35.424 0.3000000119
53336  -34.815  -16.109  -35.161 0.3000000119
56309  -31.468  -12.482  -30.815 0.3000000119
140253  -31.994  -12.598  -31.211 0.3000000119
56310  -31.928  -13.157  -30.720 0.3000000119
56311  -32.504  -12.985  -31.420 0.3000000119
143911  -32.716  -13.590  -31.712 0.3000000119
55223  -32.735  -14.252  -31.576 0.3000000119
55242  -32.525  -14.223  -34.627 0.3000000119
54295  -33.582  -14.671  -35.705 0.3000000119
53342  -35.066  -15.426  -35.350 0.3000000119
21299  -21.153  -48.267  -21.894 0.4000000060
28738  -20.199  -39.339  -16.732 0.3000000119
140501  -20.694  -39.519  -15.921 0.4000000060
42146  -31.443  -25.586  -19.064 0.3000000119
45941  -29.260  -22.079  -22.857 0.3000000119
45944  -31.878  -22.040  -22.945 0.3000000119
50138  -27.965  -18.112  -26.430 0.3000000119
52303  -26.945  -16.725  -27.911 0.3000000119
50122  -29.000  -18.758  -25.938 0.3000000119
28026  -20.263  -39.729  -18.061 0.4000000060
45942  -30.074  -21.945  -22.826 0.3000000119
49122  -30.573  -19.585  -24.963 0.3000000119
45988  -33.246  -21.895  -26.385 0.3000000119
53274  -27.914  -15.945  -28.947 0.3000000119
50124  -30.644  -18.598  -25.783 0.3000000119
49144  -31.051  -19.016  -25.361 0.3000000119
49145  -31.919  -19.019  -25.519 0.3000000119
50141  -30.346  -18.171  -26.205 0.3000000119
150924  -33.409  -19.232  -28.512 0.3000000119
49169  -33.421  -18.810  -27.988 0.3000000119
52322  -29.907  -16.355  -28.099 0.3000000119
48176  -33.154  -19.647  -26.605 0.3000000119
51226  -32.590  -17.762  -27.094 0.3000000119
50165  -33.389  -17.846  -28.931 0.3000000119
54246  -29.094  -14.963  -29.291 0.3000000119
155270  -33.348  -18.083  -28.122 0.3000000119
54262  -32.150  -14.692  -29.948 0.3000000119
53339  -32.918  -14.948  -35.281 0.3000000119
142435  -32.877  -13.203  -32.145 0.3000000119
33205  -29.669  -34.976  -23.034 0.4000000060
19740  -17.016  -51.116  -16.249 0.3000000119
18988  -16.965  -51.832  -16.103 0.3000000119
19748  -16.531  -50.755  -16.858 0.3000000119
18989  -17.445  -51.434  -15.775 0.3000000119
27235  -19.956  -41.814  -17.289 0.3000000119
27245  -20.155  -40.878  -17.945 0.3000000119
27236  -20.322  -41.269  -16.904 0.3000000119
140216  -20.434  -39.993  -16.431 0.3000000119
26417  -20.010  -42.214  -16.526 0.3000000119
27255  -19.710  -40.915  -18.643 0.3000000119
26433  -19.585  -41.988  -17.950 0.3000000119
32549  -29.804  -35.512  -22.513 0.3000000119
18307  -21.955  -52.629  -15.302 0.4000000060
18314  -21.884  -52.765  -16.150 0.5000000000
18974  -20.890  -51.966  -13.418 0.5000000000
18996  -16.628  -51.641  -16.646 0.4000000060
20566  -20.495  -49.619  -20.573 0.5000000000
21277  -20.957  -48.992  -19.983 0.6000000238
21948  -21.986  -48.223  -16.745 0.5000000000
21993  -21.122  -47.573  -21.565 0.6999999881
22013  -23.884  -47.725  -22.592 0.5000000000
22664  -18.700  -47.217  -14.298 0.6000000238
22746  -21.322  -47.060  -21.134 0.6000000238
22762  -21.894  -47.161  -22.191 0.6000000238
23404  -18.745  -46.448  -14.610 0.5000000000
23473  -22.043  -46.208  -20.632 0.6000000238
23490  -21.840  -46.546  -21.991 0.6999999881
23492  -23.118  -45.996  -22.484 0.6999999881
24119  -22.677  -45.038  -14.164 0.6999999881
24196  -23.286  -45.030  -20.182 0.6999999881
24207  -22.589  -45.433  -21.478 0.6999999881
24229  -23.978  -45.212  -23.000 0.6999999881
24230  -24.709  -45.376  -23.507 0.6999999881
24845  -18.893  -44.925  -15.937 0.3000000119
24862  -24.445  -44.181  -16.485 0.8000000119
24892  -23.828  -44.450  -19.679 0.6999999881
24902  -23.099  -44.989  -21.049 0.6000000238
24922  -23.391  -44.543  -22.373 0.6999999881
24932  -24.134  -44.546  -23.082 0.6999999881
25570  -24.689  -43.341  -15.210 0.8000000119
25640  -24.454  -43.377  -19.945 0.6999999881
25673  -25.392  -43.412  -24.234 0.6999999881
26372  -23.455  -42.350  -13.878 0.6000000238
26442  -24.857  -43.139  -18.428 0.6999999881
27265  -24.927  -42.346  -19.803 0.6999999881
27283  -23.698  -41.650  -21.636 0.6999999881
27293  -22.316  -42.818  -23.840 0.6999999881
27306  -24.883  -41.688  -24.451 0.6999999881
28027  -20.438  -40.502  -17.485 0.3000000119
29519  -19.677  -38.635  -15.793 0.3000000119
29615  -27.051  -39.114  -24.297 0.6000000238
30404  -29.410  -37.923  -22.045 0.4000000060
31052  -26.908  -37.449  -14.866 0.6999999881
31096  -27.225  -37.042  -18.899 0.8000000119
31134  -29.894  -36.833  -22.044 0.4000000060
31150  -24.294  -37.493  -25.223 0.8000000119
31861  -29.401  -36.647  -22.121 0.4000000060
32455  -26.353  -35.167  -13.492 0.6999999881
32562  -30.235  -35.087  -22.895 0.3000000119
33128  -28.212  -34.523  -14.972 0.6999999881
33214  -29.706  -34.642  -23.841 0.4000000060
33864  -28.896  -33.249  -14.746 0.6999999881
33985  -28.291  -33.107  -26.899 0.6999999881
34760  -27.566  -32.540  -14.399 0.5000000000
34781  -29.542  -32.633  -14.872 0.6999999881
34783  -30.266  -32.018  -15.037 0.6999999881
34796  -30.023  -32.153  -15.188 0.6999999881
34802  -29.123  -33.120  -15.901 0.6999999881
34881  -26.208  -33.167  -26.343 0.8999999762
35733  -27.160  -31.661  -15.069 0.5000000000
35735  -27.901  -32.496  -14.116 0.6000000238
35752  -29.449  -32.399  -14.825 0.6999999881
35754  -30.924  -31.184  -14.643 0.6999999881
35755  -31.784  -30.994  -13.936 0.6999999881
35768  -30.482  -31.969  -14.966 0.6999999881
35831  -24.044  -31.846  -22.359 0.8000000119
35851  -24.910  -32.045  -24.556 0.8000000119
36653  -26.612  -31.128  -15.107 0.5000000000
36654  -27.603  -31.328  -14.867 0.5000000000
36656  -28.903  -32.072  -14.259 0.6999999881
36657  -30.643  -31.382  -14.606 0.6999999881
36659  -32.133  -30.828  -13.999 0.6999999881
36676  -32.032  -30.685  -14.146 0.6999999881
36690  -31.045  -30.632  -15.186 0.6999999881
36718  -29.009  -30.964  -20.110 0.6999999881
36724  -27.263  -31.157  -21.101 0.6999999881
36731  -25.734  -30.544  -21.998 0.8000000119
36763  -30.427  -30.848  -24.769 0.6999999881
36773  -27.585  -30.972  -25.176 0.8000000119
37572  -28.370  -31.447  -14.020 0.6000000238
37575  -30.950  -30.970  -14.174 0.6999999881
37576  -32.013  -30.932  -13.834 0.6999999881
37596  -31.732  -30.326  -14.696 0.6000000238
37618  -24.065  -30.068  -15.406 0.3000000119
37657  -30.587  -29.682  -18.927 0.6999999881
37666  -28.148  -30.370  -21.345 0.8000000119
37684  -27.008  -29.675  -22.382 0.8000000119
37707  -28.629  -29.911  -25.029 0.6000000238
38453  -30.165  -30.784  -14.339 0.6000000238
38454  -31.746  -30.929  -14.008 0.6000000238
38463  -28.682  -30.054  -14.266 0.5000000000
38467  -31.654  -29.804  -15.047 0.6000000238
38512  -31.374  -28.998  -16.561 0.5000000000
38557  -30.318  -29.425  -20.472 0.6999999881
38564  -28.514  -29.254  -22.213 0.8000000119
38589  -23.233  -29.182  -24.706 0.8000000119
38590  -29.522  -29.849  -24.705 0.6000000238
38592  -31.189  -29.564  -24.439 0.5000000000
38606  -30.806  -29.091  -24.973 0.6000000238
39376  -30.984  -28.929  -15.571 0.6000000238
39410  -31.306  -28.928  -17.328 0.6000000238
39446  -31.682  -27.870  -19.095 0.6000000238
39453  -31.062  -28.302  -21.165 0.6999999881
39514  -24.348  -27.610  -27.509 0.8000000119
39521  -30.476  -27.897  -26.875 0.5000000000
40288  -32.072  -28.371  -15.821 0.5000000000
40289  -32.331  -28.226  -15.862 0.5000000000
40312  -31.557  -28.157  -17.476 0.5000000000
40328  -31.632  -27.429  -18.004 0.4000000060
40393  -23.562  -27.862  -25.637 0.8000000119
40404  -23.820  -27.521  -26.549 0.8000000119
40414  -23.962  -27.577  -27.224 0.8000000119
40439  -25.147  -26.592  -28.034 0.6999999881
40443  -28.991  -27.158  -28.458 0.6999999881
40445  -30.425  -27.298  -27.896 0.6000000238
41241  -31.312  -27.124  -23.212 0.6999999881
41271  -25.149  -26.361  -26.679 0.8000000119
42138  -30.989  -25.800  -18.659 0.3000000119
42181  -32.282  -26.045  -23.272 0.6999999881
42210  -31.509  -25.539  -25.199 0.6000000238
43172  -29.249  -24.960  -27.126 0.6000000238
43187  -27.270  -24.722  -28.378 0.6000000238
44023  -32.013  -23.815  -21.084 0.4000000060
44072  -28.731  -23.820  -28.149 0.6000000238
44098  -28.542  -23.628  -29.930 0.5000000000
44898  -32.661  -23.253  -22.299 0.3000000119
44970  -28.765  -22.496  -30.244 0.5000000000
44979  -30.090  -23.285  -31.166 0.5000000000
45930  -29.681  -22.348  -22.367 0.3000000119
46007  -31.173  -22.316  -28.699 0.5000000000
46009  -32.686  -21.716  -27.937 0.3000000119
46021  -28.908  -22.259  -29.999 0.6000000238
46033  -28.906  -21.975  -30.650 0.6000000238
46054  -29.157  -21.650  -31.629 0.5000000000
47048  -27.014  -21.365  -24.199 0.3000000119
47051  -29.331  -21.230  -23.811 0.3000000119
47128  -30.083  -21.570  -29.877 0.5000000000
47138  -32.189  -20.505  -29.746 0.5000000000
47141  -29.048  -21.544  -30.987 0.5000000000
47147  -29.110  -21.426  -31.483 0.6000000238
47161  -32.516  -21.133  -33.288 0.4000000060
48226  -31.572  -19.765  -30.976 0.3000000119
49119  -27.947  -19.955  -25.325 0.3000000119
50139  -28.756  -18.207  -26.364 0.4000000060
50164  -33.311  -18.030  -29.789 0.3000000119
50184  -31.292  -18.437  -32.681 0.3000000119
50197  -32.181  -18.262  -34.568 0.3000000119
51203  -26.315  -17.602  -26.756 0.3000000119
51221  -27.807  -17.065  -27.292 0.3000000119
51223  -29.800  -17.310  -26.996 0.3000000119
51236  -33.101  -17.375  -28.243 0.3000000119
51254  -32.698  -17.814  -31.232 0.3000000119
51277  -32.612  -17.205  -34.872 0.3000000119
52368  -32.426  -16.361  -34.988 0.4000000060
53273  -27.045  -16.008  -28.971 0.4000000060
53340  -33.417  -15.434  -35.347 0.3000000119
54287  -32.295  -14.704  -34.081 0.3000000119
54288  -36.467  -15.227  -34.053 0.3000000119
54291  -32.773  -14.339  -35.413 0.3000000119
54294  -36.448  -14.416  -34.392 0.3000000119
130115  -30.797  -26.682  -17.562 0.3000000119
131253  -31.139  -27.886  -16.278 0.5000000000
131433  -31.522  -28.182  -16.944 0.5000000000
133958  -26.592  -31.312  -21.148 0.8000000119
136542  -29.213  -32.180  -18.605 0.6999999881
136676  -31.523  -26.275  -18.557 0.3000000119
137031  -25.240  -45.260  -23.689 0.5000000000
138724  -30.271  -25.873  -29.512 0.5000000000
139804  -29.240  -29.719  -14.369 0.6000000238
139814  -18.162  -50.266  -14.796 0.5000000000
140646  -23.709  -34.834  -24.535 0.8000000119
142307  -22.661  -48.495  -22.544 0.5000000000
143202  -24.207  -42.731  -21.121 0.6999999881
144144  -30.433  -27.608  -27.345 0.5000000000
144239  -28.640  -22.094  -23.049 0.4000000060
145873  -21.847  -49.495  -15.615 0.5000000000
145890  -21.774  -48.385  -22.319 0.4000000060
146785  -26.122  -34.634  -13.655 0.6999999881
147399  -29.126  -31.893  -14.062 0.6000000238
148288  -28.341  -25.901  -19.072 0.3000000119
149097  -31.978  -28.266  -16.115 0.5000000000
149098  -31.940  -28.222  -16.117 0.5000000000
149221  -31.531  -27.717  -17.444 0.4000000060
149535  -30.474  -27.692  -15.995 0.3000000119
150373  -29.109  -17.169  -27.201 0.3000000119
152448  -24.718  -32.527  -21.687 0.8000000119
152845  -30.470  -22.370  -31.899 0.6000000238
152848  -26.089  -41.110  -17.089 0.8000000119
154390  -36.404  -16.356  -34.127 0.3000000119
156535  -21.562  -48.676  -18.683 0.6000000238
156699  -32.728  -20.254  -29.279 0.3000000119
157399  -33.284  -20.582  -27.630 0.3000000119
157450  -23.134  -45.909  -15.093 0.6999999881
157928  -27.141  -30.425  -21.675 0.8000000119
158030  -27.807  -28.449  -23.128 0.8000000119
158342  -24.064  -34.742  -24.993 0.8999999762
