#!ascii label  , from subject sub-v2s2x29079_ses-1 vox2ras=TkReg
1788
4567  27.986  -68.936  -18.962 0.6999999881
159903  27.594  -69.262  -18.619 0.8000000119
4564  27.228  -68.530  -17.774 0.8000000119
4552  26.775  -69.158  -15.713 0.6999999881
3815  29.072  -70.555  -19.652 0.6000000238
4162  28.210  -69.492  -19.131 0.6000000238
4150  26.776  -69.474  -16.534 0.6000000238
3445  29.747  -71.717  -19.590 0.6000000238
145134  27.084  -67.991  -17.398 0.8000000119
5027  26.961  -68.294  -16.311 0.6999999881
5032  26.886  -67.404  -16.256 0.6999999881
137830  26.657  -67.781  -14.832 0.6999999881
4169  28.741  -69.636  -19.404 0.6000000238
5043  27.390  -68.189  -18.546 0.6999999881
5028  26.750  -68.378  -15.364 0.6999999881
3110  30.054  -72.141  -19.274 0.6000000238
3102  30.285  -72.484  -18.671 0.6000000238
2789  29.641  -72.846  -18.968 0.6000000238
150037  28.435  -74.404  -16.359 0.6000000238
144293  29.446  -73.872  -17.361 0.6000000238
5548  26.536  -66.638  -17.139 0.8000000119
6109  26.401  -65.762  -16.796 0.8000000119
6100  26.595  -65.956  -15.765 0.6999999881
6706  26.526  -65.442  -15.226 0.6999999881
150393  26.620  -65.322  -13.975 0.6999999881
5554  26.828  -67.558  -18.658 0.8000000119
155258  26.663  -66.485  -16.260 0.6999999881
6088  26.622  -66.298  -14.742 0.6999999881
5039  26.721  -67.317  -17.493 0.8000000119
5540  26.717  -66.824  -15.339 0.6999999881
140078  28.254  -68.350  -19.365 0.6999999881
3814  30.029  -70.891  -19.755 0.6999999881
3101  30.825  -71.784  -19.085 0.6000000238
3444  30.477  -71.482  -19.571 0.6000000238
2773  29.538  -73.533  -16.861 0.6000000238
2772  29.821  -73.378  -17.549 0.6000000238
2459  27.779  -74.196  -15.216 0.6000000238
134265  31.062  -75.883  -13.470 0.6999999881
1769  28.783  -76.010  -13.979 0.6000000238
134427  31.195  -77.359  -12.313 0.5000000000
1143  31.002  -76.869  -13.396 0.6000000238
131418  30.882  -77.818  -11.749 0.5000000000
6724  25.907  -65.253  -17.624 0.8999999762
6715  26.397  -65.181  -16.084 0.8000000119
6716  25.992  -64.389  -16.250 0.6999999881
5555  26.329  -66.841  -18.217 0.6999999881
6112  26.101  -66.064  -17.892 0.8999999762
7311  26.135  -64.202  -15.242 0.6999999881
5047  28.174  -67.800  -19.809 0.8000000119
5048  27.495  -67.792  -19.482 0.8000000119
136724  28.798  -68.179  -19.621 0.8000000119
4166  31.532  -69.920  -19.656 0.6999999881
4573  29.086  -68.925  -19.483 0.6999999881
3813  30.883  -70.773  -19.612 0.8000000119
3443  31.370  -71.198  -19.005 0.8000000119
3430  30.765  -71.859  -17.391 0.6999999881
3093  29.995  -72.858  -16.970 0.6999999881
2769  28.857  -73.664  -16.024 0.6000000238
2103  29.087  -75.357  -13.620 0.6999999881
134361  31.676  -76.012  -12.752 0.6999999881
6729  25.670  -65.495  -18.679 0.8999999762
148938  26.127  -65.001  -16.804 0.8000000119
5563  27.090  -67.087  -19.774 0.8000000119
6114  25.996  -66.269  -18.952 0.8000000119
5562  27.787  -67.412  -19.997 0.6999999881
4571  31.194  -68.402  -19.665 0.6999999881
5045  29.597  -67.929  -19.791 0.6000000238
4167  29.946  -69.119  -19.717 0.8000000119
148040  31.935  -70.092  -19.272 0.8000000119
3429  31.288  -71.484  -17.845 0.8000000119
3088  29.934  -72.162  -16.426 0.6999999881
146884  28.934  -72.858  -15.514 0.8000000119
3089  29.496  -72.883  -16.233 0.6999999881
2758  28.432  -73.228  -13.157 0.8000000119
151570  30.831  -75.154  -12.336 0.6999999881
2100  29.589  -74.927  -13.145 0.6999999881
2766  28.338  -73.343  -14.843 0.6999999881
131428  31.440  -75.697  -12.218 0.6999999881
131434  30.946  -75.277  -12.965 0.6999999881
11868  23.484  -56.768  -20.678 0.6000000238
12429  23.710  -55.627  -20.980 0.6000000238
13035  23.430  -53.809  -22.197 0.6000000238
13644  22.290  -52.781  -22.084 0.6999999881
6730  25.329  -64.722  -18.349 0.8999999762
5564  28.722  -66.920  -20.083 0.6000000238
150231  31.166  -67.722  -19.443 0.6000000238
150169  29.973  -67.454  -19.749 0.6000000238
4165  32.248  -69.429  -19.381 0.6999999881
3802  31.778  -70.361  -17.318 0.6999999881
4161  32.386  -69.843  -18.783 0.6999999881
8987  24.952  -61.427  -17.370 0.6999999881
9448  24.416  -61.292  -16.620 0.6999999881
3793  31.084  -70.991  -16.981 0.8000000119
3801  31.993  -70.469  -18.150 0.8000000119
9936  25.755  -59.953  -17.092 0.6000000238
9463  25.087  -60.636  -16.844 0.6000000238
143859  24.611  -60.438  -16.315 0.6999999881
3423  30.414  -71.591  -16.686 0.6999999881
9919  25.139  -59.794  -16.441 0.5000000000
10389  24.935  -59.064  -16.389 0.6999999881
3080  28.481  -72.028  -14.120 0.8000000119
3420  29.320  -72.034  -15.602 0.8000000119
9918  25.789  -58.998  -16.745 0.5000000000
134154  29.195  -73.985  -12.154 0.6999999881
154478  26.096  -58.199  -16.783 0.5000000000
10868  26.702  -57.715  -16.738 0.6000000238
10869  25.775  -57.585  -16.793 0.5000000000
11320  25.235  -56.942  -17.352 0.6000000238
11321  24.318  -57.294  -17.667 0.6999999881
11335  23.462  -57.293  -18.603 0.6999999881
11334  24.293  -56.699  -18.215 0.6000000238
141965  24.043  -55.669  -20.326 0.6000000238
11319  26.079  -56.866  -16.806 0.6000000238
11856  24.409  -56.011  -18.773 0.6000000238
145782  25.824  -56.363  -17.327 0.5000000000
11847  25.279  -56.225  -17.991 0.5000000000
12415  24.680  -55.188  -19.451 0.6000000238
13034  24.326  -53.471  -21.909 0.6000000238
13640  24.432  -52.773  -21.669 0.6999999881
14213  23.190  -52.468  -19.899 0.6000000238
13629  21.697  -52.774  -20.311 0.6999999881
11855  25.403  -55.430  -18.434 0.6000000238
12428  24.550  -54.342  -20.788 0.6000000238
13029  24.900  -52.999  -21.231 0.6999999881
14218  24.298  -52.283  -20.211 0.5000000000
7331  25.246  -63.898  -17.986 0.8999999762
5565  27.886  -66.895  -20.185 0.6000000238
6122  27.078  -66.329  -20.194 0.6999999881
7929  25.389  -63.736  -16.936 0.8000000119
7916  25.466  -63.484  -15.812 0.6999999881
7930  25.062  -62.892  -16.694 0.6999999881
7944  25.037  -63.114  -17.630 0.8000000119
4569  32.497  -68.702  -19.259 0.6999999881
8986  25.360  -61.492  -17.992 0.8000000119
137625  24.572  -61.842  -17.197 0.6000000238
9462  25.604  -60.838  -17.591 0.6999999881
9947  26.268  -60.205  -17.992 0.6000000238
3414  28.874  -71.554  -14.771 0.8000000119
3413  29.415  -71.060  -15.364 0.8000000119
145881  28.466  -71.788  -13.316 0.8000000119
9935  26.423  -59.313  -17.568 0.5000000000
3074  28.505  -72.438  -12.795 0.8000000119
10402  26.651  -58.511  -17.161 0.5000000000
10882  27.893  -58.583  -17.535 0.5000000000
10867  27.414  -58.002  -16.702 0.6000000238
11318  26.714  -56.969  -16.510 0.6000000238
155544  22.724  -52.545  -17.809 0.5000000000
146432  26.125  -55.659  -17.591 0.5000000000
14206  23.501  -52.157  -18.467 0.5000000000
145302  22.334  -52.775  -18.839 0.6000000238
146141  25.015  -54.155  -19.586 0.6999999881
13018  25.046  -53.227  -20.129 0.6999999881
14221  24.384  -52.528  -21.114 0.6999999881
13633  24.804  -52.617  -20.369 0.6000000238
12404  26.686  -54.933  -17.386 0.6999999881
13017  25.414  -53.443  -18.997 0.6000000238
13627  25.660  -52.709  -18.295 0.5000000000
147288  25.775  -65.606  -19.670 0.6999999881
6737  25.323  -64.822  -19.431 0.6999999881
7337  25.094  -64.010  -19.086 0.6999999881
7958  25.037  -63.217  -18.613 0.8000000119
8483  25.195  -62.470  -18.878 0.6999999881
145534  25.363  -61.867  -18.527 0.6999999881
13595  22.800  -52.941  -16.061 0.5000000000
10388  28.372  -58.512  -17.064 0.5000000000
10848  27.789  -58.155  -16.857 0.6000000238
13607  22.522  -52.731  -16.870 0.5000000000
10832  27.896  -58.037  -16.446 0.5000000000
10371  28.579  -58.691  -16.269 0.5000000000
10849  27.380  -57.596  -16.463 0.6000000238
11846  26.350  -56.226  -16.872 0.6000000238
14217  24.723  -52.227  -19.424 0.5000000000
158409  28.676  -59.007  -15.410 0.5000000000
11308  27.134  -56.738  -16.233 0.6000000238
10833  27.472  -57.360  -16.082 0.6000000238
6736  25.740  -64.774  -20.218 0.6999999881
7344  25.315  -64.028  -20.103 0.6999999881
7967  25.264  -63.261  -19.582 0.6999999881
12398  26.975  -54.736  -16.836 0.5000000000
9885  29.698  -59.797  -14.878 0.5000000000
13618  26.181  -53.013  -17.503 0.5000000000
10818  28.103  -58.499  -15.575 0.5000000000
11303  27.285  -56.826  -15.736 0.5000000000
11838  26.999  -55.915  -16.341 0.5000000000
13006  26.684  -54.025  -17.384 0.5000000000
139418  26.954  -55.838  -15.339 0.5000000000
12381  26.778  -55.049  -15.227 0.5000000000
10347  27.697  -58.608  -14.065 0.5000000000
11293  27.206  -57.122  -14.384 0.5000000000
12394  26.956  -54.771  -16.104 0.5000000000
9874  28.732  -59.478  -13.971 0.5000000000
10806  27.377  -57.875  -14.240 0.5000000000
11831  27.120  -56.222  -15.836 0.5000000000
9886  28.999  -59.472  -14.789 0.5000000000
10358  27.661  -58.304  -14.888 0.5000000000
146222  27.410  -58.170  -13.358 0.5000000000
159551  21.079  -54.753  -14.610 0.6000000238
150331  20.724  -54.194  -15.110 0.6000000238
12969  21.505  -54.366  -14.986 0.5000000000
12371  20.989  -55.283  -13.959 0.6999999881
12385  20.381  -54.839  -14.545 0.6000000238
12970  19.877  -54.298  -15.145 0.6000000238
12387  18.742  -54.694  -14.390 0.6999999881
12354  20.500  -55.725  -13.191 0.6000000238
12372  20.012  -55.337  -13.832 0.6999999881
12386  19.513  -54.865  -14.464 0.6999999881
12971  19.051  -54.415  -15.089 0.6999999881
12374  18.327  -54.765  -13.713 0.8000000119
11807  20.513  -56.054  -11.824 0.5000000000
12353  21.337  -55.724  -13.178 0.5000000000
12373  19.113  -55.161  -13.717 0.8000000119
12355  19.567  -55.615  -12.872 0.6000000238
14135  16.919  -52.879  -13.402 0.6999999881
11798  21.099  -56.067  -10.992 0.5000000000
11806  21.187  -56.076  -11.930 0.5000000000
12947  17.889  -54.461  -12.975 0.6999999881
157599  17.593  -53.876  -14.386 0.6999999881
12356  18.635  -55.161  -12.903 0.6999999881
12336  19.727  -55.893  -11.847 0.6999999881
14152  16.615  -52.826  -13.577 0.6999999881
12935  17.570  -53.918  -12.196 0.6999999881
12319  20.110  -55.990  -10.868 0.6000000238
12337  18.961  -55.468  -11.963 0.8000000119
15399  15.131  -50.708  -10.921 0.6999999881
15386  15.328  -51.156  -10.421 0.8000000119
12866  22.143  -54.701  -8.247 0.4000000060
152444  16.236  -52.821  -12.656 0.6999999881
12280  21.993  -55.737  -7.930 0.5000000000
14121  16.932  -52.746  -12.691 0.6999999881
11786  20.668  -55.984  -9.820 0.6000000238
12301  19.717  -55.801  -9.669 0.6000000238
12338  18.212  -54.828  -12.078 0.6999999881
12320  19.291  -55.648  -10.910 0.8000000119
12321  18.534  -55.120  -11.077 0.8000000119
17410  11.741  -48.026  -13.659 0.5000000000
145734  11.471  -48.031  -14.507 0.5000000000
16766  10.553  -48.198  -15.280 0.5000000000
16751  14.999  -49.145  -13.999 0.5000000000
16734  16.560  -48.886  -12.559 0.6000000238
16749  16.272  -48.716  -13.300 0.6000000238
16108  13.921  -49.631  -14.461 0.6000000238
15453  10.862  -50.563  -16.578 0.6000000238
16094  15.404  -49.532  -12.459 0.6999999881
16736  15.256  -49.286  -13.236 0.6999999881
153122  15.222  -50.183  -11.421 0.6999999881
16081  14.305  -50.209  -12.337 0.6999999881
14111  16.604  -52.262  -10.978 0.6999999881
14101  17.026  -51.658  -10.457 0.6999999881
139749  16.195  -51.599  -10.438 0.8000000119
12867  21.241  -54.981  -8.023 0.5000000000
14122  16.616  -52.645  -12.170 0.6999999881
12281  20.879  -55.697  -8.097 0.6000000238
154320  17.231  -52.959  -12.299 0.8000000119
12302  18.873  -55.300  -10.003 0.6999999881
13528  17.964  -53.758  -10.518 0.8000000119
12917  17.970  -54.272  -11.260 0.8000000119
17394  11.951  -47.483  -13.566 0.5000000000
17409  12.022  -47.537  -14.481 0.6000000238
18208  12.329  -46.963  -15.083 0.5000000000
17420  11.921  -47.232  -15.723 0.6000000238
17438  10.246  -47.957  -16.760 0.6000000238
16791  10.043  -48.376  -17.681 0.6000000238
147712  11.076  -48.000  -17.559 0.6000000238
150074  10.724  -48.413  -18.050 0.5000000000
17408  16.313  -48.411  -14.050 0.5000000000
16763  15.515  -48.703  -14.490 0.5000000000
17392  17.675  -48.315  -13.102 0.6000000238
16765  14.182  -49.188  -15.186 0.6000000238
16119  13.483  -49.654  -15.309 0.6999999881
16130  10.538  -49.772  -17.251 0.6000000238
16733  17.272  -48.624  -12.576 0.6000000238
16079  15.995  -49.314  -12.089 0.6999999881
16095  14.737  -49.718  -12.886 0.6999999881
16107  14.386  -49.585  -13.731 0.6999999881
16109  13.205  -50.098  -14.354 0.8000000119
16120  12.637  -50.169  -15.459 0.6999999881
16709  17.136  -49.254  -11.429 0.6999999881
16078  16.088  -49.587  -11.425 0.6999999881
16062  17.354  -49.695  -10.806 0.6999999881
16048  16.286  -50.184  -10.483 0.8000000119
15383  17.181  -50.663  -10.121 0.8000000119
15384  16.455  -50.608  -10.271 0.8000000119
13482  20.488  -54.099  -8.707 0.5000000000
13504  19.893  -53.112  -9.308 0.6000000238
13506  17.270  -52.312  -10.855 0.8000000119
150444  19.388  -54.711  -8.770 0.6000000238
13483  19.562  -54.035  -8.816 0.6999999881
13505  17.878  -52.875  -10.171 0.8000000119
12869  18.756  -54.629  -9.297 0.6999999881
12870  18.399  -53.798  -9.673 0.6999999881
12892  18.329  -54.561  -10.253 0.8000000119
18185  11.841  -46.770  -13.666 0.4000000060
18199  12.124  -46.946  -14.254 0.5000000000
18218  12.536  -47.013  -16.081 0.4000000060
17436  11.944  -47.392  -16.959 0.5000000000
16790  11.632  -48.323  -17.944 0.5000000000
17407  17.326  -48.097  -13.983 0.5000000000
16776  15.302  -48.547  -15.226 0.6000000238
16777  14.684  -48.693  -15.789 0.6000000238
16779  12.155  -48.897  -17.517 0.6000000238
16748  18.822  -48.474  -13.342 0.6000000238
154723  13.055  -49.588  -16.192 0.6999999881
16129  12.241  -49.732  -16.796 0.6999999881
16720  18.353  -49.078  -12.175 0.6000000238
16047  16.890  -50.125  -10.362 0.8000000119
14086  19.301  -52.383  -9.362 0.6999999881
13484  18.571  -52.988  -9.393 0.6999999881
14100  17.685  -51.943  -10.195 0.8000000119
15382  17.985  -50.877  -10.050 0.8000000119
142959  19.092  -53.093  -9.146 0.6999999881
19035  11.998  -46.088  -14.254 0.4000000060
143778  11.184  -46.468  -13.291 0.4000000060
19015  10.160  -46.227  -12.914 0.4000000060
18207  12.789  -46.551  -15.427 0.5000000000
19045  12.363  -46.282  -14.847 0.4000000060
19016  8.075  -45.766  -12.619 0.5000000000
17457  12.186  -47.866  -17.536 0.5000000000
17455  14.466  -47.954  -16.285 0.5000000000
16788  13.427  -48.495  -16.979 0.5000000000
18230  16.059  -47.299  -15.993 0.5000000000
16778  12.909  -49.023  -16.963 0.6999999881
16708  17.836  -49.397  -11.467 0.6000000238
16046  17.756  -50.217  -10.287 0.8000000119
14724  19.923  -51.631  -10.051 0.6000000238
15381  19.387  -50.956  -9.959 0.6000000238
15398  19.431  -50.440  -10.508 0.6999999881
16060  18.938  -50.001  -10.903 0.6999999881
15368  18.747  -51.072  -9.682 0.6999999881
20488  7.337  -45.297  -12.473 0.3000000119
19044  12.677  -45.656  -15.263 0.4000000060
19768  12.242  -45.345  -14.836 0.3000000119
19027  11.451  -45.813  -13.843 0.4000000060
19749  10.648  -45.504  -13.553 0.4000000060
19750  9.744  -45.069  -13.457 0.4000000060
19752  8.134  -45.085  -13.028 0.5000000000
18217  13.192  -47.004  -16.053 0.4000000060
20505  8.347  -44.616  -13.056 0.3000000119
18234  12.776  -47.408  -16.949 0.4000000060
17454  15.366  -47.823  -16.000 0.5000000000
18233  13.515  -47.405  -16.605 0.4000000060
17452  17.141  -47.201  -15.886 0.6000000238
19058  14.775  -46.314  -15.859 0.4000000060
18228  17.566  -46.833  -16.149 0.4000000060
18231  15.253  -47.448  -16.123 0.5000000000
16061  18.137  -49.828  -10.872 0.6999999881
16044  18.915  -50.415  -10.040 0.6999999881
19017  7.257  -45.869  -12.544 0.4000000060
19751  8.914  -44.674  -13.270 0.4000000060
20486  8.507  -44.295  -12.908 0.3000000119
19777  13.803  -45.323  -15.386 0.3000000119
157308  15.170  -46.843  -15.964 0.4000000060
18252  17.311  -46.615  -16.195 0.4000000060
149696  16.571  -46.759  -16.106 0.4000000060
150549  12.269  -44.351  -14.829 0.3000000119
19036  11.762  -44.974  -14.303 0.3000000119
19758  11.049  -44.843  -13.867 0.4000000060
20503  10.603  -44.326  -13.642 0.3000000119
139812  9.717  -44.262  -13.571 0.3000000119
20522  13.327  -44.439  -15.103 0.3000000119
19789  14.446  -45.719  -15.667 0.3000000119
19055  17.052  -46.024  -16.046 0.3000000119
19057  15.462  -46.219  -15.975 0.3000000119
19799  18.348  -45.600  -16.421 0.3000000119
20511  11.992  -44.014  -14.248 0.3000000119
20502  11.160  -44.161  -13.490 0.3000000119
21274  12.514  -43.586  -14.739 0.3000000119
21260  12.427  -43.480  -14.077 0.3000000119
20543  16.745  -45.031  -15.925 0.3000000119
19785  17.197  -45.254  -16.031 0.3000000119
20551  18.843  -44.967  -16.549 0.3000000119
20472  7.535  -44.719  -12.232 0.3000000119
21272  13.688  -43.898  -14.759 0.3000000119
21257  14.280  -43.699  -14.377 0.3000000119
20542  17.429  -44.806  -16.007 0.3000000119
10403  25.384  -58.313  -16.566 0.6000000238
10870  24.863  -57.697  -16.956 0.6999999881
10404  24.467  -58.378  -16.680 0.6999999881
10871  23.833  -57.844  -17.518 0.6999999881
17456  13.183  -47.805  -17.289 0.4000000060
17435  14.209  -48.540  -16.467 0.6000000238
21241  10.408  -43.947  -13.310 0.3000000119
4157  27.127  -69.585  -18.104 0.6999999881
6074  26.491  -66.776  -13.605 0.6999999881
140161  30.582  -70.030  -19.785 0.8000000119
2104  27.741  -75.336  -14.194 0.6000000238
161527  28.410  -74.771  -13.484 0.6999999881
5046  28.976  -67.412  -19.959 0.6000000238
3419  29.941  -71.400  -16.027 0.8000000119
2448  28.997  -74.121  -12.725 0.6999999881
2752  28.785  -73.191  -12.385 0.8000000119
14219  23.445  -52.520  -21.094 0.6999999881
145531  23.673  -56.878  -19.481 0.6000000238
13620  20.987  -53.085  -19.217 0.6000000238
12414  25.513  -54.489  -18.777 0.6999999881
8462  24.740  -62.340  -17.278 0.8000000119
9946  26.876  -59.574  -18.465 0.5000000000
10416  27.167  -58.910  -17.943 0.6000000238
11317  27.057  -57.121  -16.386 0.6000000238
1350  29.929  -76.387  -2.439 0.4000000060
1691  30.404  -76.245  -2.026 0.4000000060
1376  27.556  -76.860  -5.196 0.3000000119
158935  28.072  -77.215  -3.814 0.4000000060
1097  28.872  -77.099  -2.829 0.4000000060
1090  29.755  -77.039  -1.808 0.4000000060
1114  30.358  -77.406  -6.427 0.4000000060
1381  30.489  -77.140  -5.589 0.5000000000
1372  30.758  -76.823  -4.775 0.5000000000
144802  29.351  -76.379  -6.417 0.3000000119
1709  29.634  -75.938  -5.343 0.4000000060
1356  30.828  -75.992  -3.310 0.4000000060
134824  28.480  -76.242  -6.100 0.3000000119
1375  28.182  -76.434  -4.766 0.3000000119
1101  28.660  -76.609  -3.433 0.3000000119
1385  27.142  -76.837  -6.053 0.3000000119
1395  29.768  -76.707  -7.172 0.4000000060
1122  30.484  -77.499  -7.212 0.4000000060
155492  31.670  -77.938  -6.981 0.5000000000
1410  29.329  -76.459  -7.665 0.3000000119
146925  27.758  -76.482  -7.290 0.3000000119
133748  27.648  -78.122  -9.397 0.4000000060
136809  26.857  -77.151  -8.486 0.3000000119
134290  29.715  -77.985  -10.586 0.4000000060
131416  29.157  -78.587  -10.373 0.4000000060
131415  30.400  -78.544  -11.540 0.4000000060
1409  30.364  -76.986  -7.813 0.4000000060
1744  29.835  -75.894  -8.464 0.4000000060
157162  28.281  -75.929  -8.420 0.4000000060
134233  28.326  -75.455  -8.553 0.4000000060
131436  28.551  -74.664  -7.814 0.5000000000
1746  27.563  -76.261  -9.348 0.4000000060
133581  27.187  -75.154  -10.205 0.4000000060
131421  27.910  -77.504  -9.811 0.4000000060
133639  29.154  -76.941  -10.528 0.5000000000
133188  27.828  -76.415  -10.759 0.4000000060
131417  30.287  -77.333  -10.941 0.4000000060
1433  29.859  -77.075  -13.788 0.6000000238
133178  30.576  -78.135  -12.923 0.4000000060
140106  27.330  -73.543  -7.773 0.6000000238
151729  26.189  -73.508  -8.904 0.6000000238
146569  26.651  -74.098  -9.990 0.6000000238
133801  26.722  -73.745  -10.412 0.6000000238
131432  27.851  -74.621  -10.707 0.6000000238
133190  27.854  -73.548  -10.676 0.6999999881
133327  28.942  -76.003  -10.981 0.5000000000
151791  28.832  -75.231  -11.370 0.6000000238
133163  28.886  -73.576  -11.359 0.6999999881
131438  26.672  -71.789  -7.958 0.6999999881
3055  27.511  -71.703  -10.054 0.6999999881
133198  26.102  -72.372  -7.855 0.6000000238
3056  26.352  -71.723  -9.758 0.6999999881
146276  28.613  -71.566  -12.319 0.6999999881
3407  28.637  -71.211  -13.973 0.6999999881
3794  30.429  -70.973  -16.348 0.6999999881
134047  28.475  -72.882  -11.055 0.6999999881
3067  28.700  -72.421  -11.856 0.6999999881
131435  28.882  -73.123  -11.723 0.6999999881
3741  28.409  -70.434  -10.820 0.5000000000
153650  28.661  -70.344  -11.592 0.6000000238
139899  28.588  -71.734  -11.434 0.6999999881
3398  28.670  -70.924  -13.112 0.6000000238
3775  28.914  -70.408  -13.834 0.6999999881
3779  29.192  -69.919  -14.458 0.6999999881
3062  28.483  -72.197  -10.918 0.6999999881
141701  29.559  -70.205  -15.168 0.6999999881
3786  30.716  -70.330  -16.264 0.6000000238
3767  29.018  -70.022  -13.012 0.6000000238
4130  29.264  -69.192  -13.516 0.6000000238
4144  30.267  -69.793  -15.651 0.6000000238
4137  29.730  -69.324  -14.911 0.6000000238
5560  30.398  -67.138  -19.550 0.5000000000
161652  26.125  -67.763  -13.101 0.6000000238
4545  26.447  -68.678  -14.339 0.6000000238
4556  31.187  -69.471  -16.172 0.6000000238
4148  31.922  -69.600  -16.947 0.6000000238
5037  32.761  -68.012  -18.385 0.5000000000
5559  32.176  -67.764  -19.054 0.5000000000
148453  26.377  -66.585  -12.403 0.6000000238
148133  26.578  -66.237  -13.311 0.6000000238
6075  26.177  -67.127  -12.669 0.6000000238
4143  30.581  -68.981  -15.445 0.6000000238
4563  32.542  -68.867  -17.490 0.5000000000
4155  32.713  -69.101  -18.350 0.5000000000
7864  26.525  -63.339  -12.736 0.6000000238
7881  25.820  -63.363  -13.881 0.6000000238
7287  26.674  -64.434  -13.218 0.6000000238
6670  26.950  -65.863  -12.342 0.6000000238
6679  26.772  -65.553  -13.273 0.6000000238
7900  25.763  -63.617  -14.786 0.6000000238
7296  26.378  -64.372  -14.169 0.6000000238
6123  26.341  -65.541  -20.347 0.6000000238
4555  31.938  -68.799  -16.606 0.6000000238
7865  25.569  -62.755  -13.216 0.6000000238
138939  24.539  -62.361  -15.383 0.6000000238
7917  24.888  -62.624  -15.920 0.6000000238
7901  25.256  -62.838  -14.948 0.6000000238
8975  24.242  -61.905  -16.573 0.5000000000
138832  24.574  -62.328  -16.539 0.5000000000
7850  27.350  -63.187  -11.477 0.6999999881
8413  26.149  -62.707  -12.161 0.6000000238
7882  25.245  -62.660  -14.087 0.6000000238
160561  23.998  -61.758  -16.088 0.6000000238
8976  23.957  -61.427  -16.099 0.6000000238
141765  22.831  -60.142  -14.476 0.6000000238
8446  24.630  -62.319  -14.610 0.6000000238
8969  23.764  -61.570  -15.624 0.5000000000
8440  23.941  -61.873  -14.176 0.6000000238
9899  23.581  -60.111  -15.684 0.6000000238
9441  23.175  -60.333  -15.131 0.6000000238
9900  22.950  -59.408  -15.426 0.6000000238
137946  24.287  -61.997  -13.176 0.6000000238
9449  24.031  -60.730  -16.032 0.6000000238
157581  23.380  -61.112  -15.238 0.6000000238
9440  23.611  -60.949  -15.651 0.5000000000
158099  23.503  -59.275  -16.002 0.5000000000
10391  23.181  -58.578  -16.714 0.5000000000
10390  24.030  -58.949  -16.424 0.6000000238
10405  23.627  -58.312  -17.195 0.6000000238
158398  23.222  -58.191  -17.535 0.6000000238
11336  23.107  -57.346  -18.980 0.6999999881
11322  22.827  -57.610  -17.974 0.6999999881
11337  22.189  -57.046  -18.635 0.6999999881
153277  21.887  -56.462  -19.440 0.6999999881
10884  23.361  -57.889  -18.079 0.6999999881
11857  23.216  -57.186  -19.942 0.6999999881
11345  22.709  -57.158  -19.945 0.6999999881
11870  22.150  -56.403  -20.486 0.6000000238
145759  29.881  -66.692  -19.736 0.5000000000
5561  29.487  -66.991  -19.897 0.5000000000
146904  29.206  -65.693  -19.886 0.5000000000
6117  29.189  -66.445  -20.021 0.5000000000
6118  28.554  -65.878  -20.193 0.6000000238
142496  29.556  -63.739  -19.251 0.6000000238
7341  29.171  -64.368  -19.556 0.6000000238
6734  28.793  -65.099  -20.040 0.6000000238
6735  27.784  -65.264  -20.397 0.6000000238
7348  26.550  -64.138  -20.747 0.6000000238
7972  29.409  -63.038  -19.601 0.5000000000
7965  28.008  -63.620  -19.768 0.6000000238
7343  25.833  -64.020  -20.761 0.6000000238
8501  28.965  -62.251  -19.520 0.6000000238
8503  27.026  -62.437  -19.527 0.5000000000
7974  26.964  -62.976  -20.135 0.6000000238
7966  25.729  -63.341  -20.376 0.6000000238
9007  28.389  -61.708  -19.227 0.5000000000
8504  26.377  -62.879  -20.148 0.6000000238
9473  26.788  -60.369  -18.677 0.5000000000
160789  27.129  -60.367  -18.965 0.5000000000
8491  25.679  -62.018  -18.995 0.6000000238
8489  26.535  -62.373  -19.514 0.6000000238
133444  31.112  -76.411  -11.655 0.6000000238
151387  29.013  -74.389  -11.492 0.6999999881
6120  28.451  -66.500  -20.202 0.5000000000
9920  24.295  -59.791  -16.096 0.6000000238
6121  27.799  -66.145  -20.346 0.6000000238
8490  25.859  -62.655  -19.582 0.6000000238
142276  26.874  -60.991  -18.878 0.6000000238
153364  27.822  -77.102  -4.427 0.3000000119
142566  28.319  -76.213  -5.368 0.3000000119
1373  30.007  -76.094  -4.948 0.4000000060
1413  26.633  -77.142  -7.801 0.3000000119
1411  28.299  -76.360  -7.738 0.4000000060
134130  27.492  -76.913  -9.919 0.4000000060
131441  29.422  -75.363  -8.327 0.4000000060
131423  27.228  -76.379  -10.360 0.3000000119
143732  27.446  -74.573  -8.610 0.5000000000
151638  27.956  -76.931  -10.221 0.5000000000
133529  27.484  -75.706  -10.938 0.5000000000
151792  30.241  -76.454  -11.047 0.5000000000
151924  26.217  -72.940  -10.558 0.6000000238
147529  28.600  -71.010  -11.511 0.6999999881
8447  23.964  -61.998  -15.182 0.6000000238
11858  20.982  -55.637  -19.874 0.6000000238
7964  28.811  -63.674  -19.542 0.6000000238
138699  29.652  -62.013  -19.857 0.5000000000
161436  27.693  -63.985  -20.089 0.6000000238
141775  27.150  -63.594  -20.366 0.6000000238
142443  28.612  -62.936  -19.587 0.5000000000
7973  27.664  -63.146  -19.695 0.6000000238
159596  29.815  -61.382  -19.507 0.5000000000
9008  27.636  -61.851  -19.149 0.5000000000
8997  27.129  -61.592  -19.097 0.5000000000
1284  25.298  -76.623  4.938 0.4000000060
1632  25.442  -76.355  4.705 0.4000000060
1634  24.369  -75.384  4.876 0.5000000000
1612  23.873  -75.799  6.801 0.5000000000
1603  22.964  -76.028  7.497 0.5000000000
1008  21.822  -77.898  6.943 0.5000000000
136190  23.823  -75.625  6.175 0.5000000000
161391  24.992  -76.695  6.151 0.5000000000
1951  25.959  -76.100  4.867 0.4000000060
2312  26.190  -75.088  5.072 0.4000000060
2314  24.853  -74.591  4.465 0.5000000000
1054  31.131  -77.846  1.741 0.3000000119
135456  31.130  -78.684  2.185 0.3000000119
856  30.222  -78.386  -0.086 0.3000000119
1079  30.113  -77.558  -0.205 0.3000000119
1271  25.511  -76.846  7.308 0.4000000060
1601  24.809  -76.100  7.533 0.5000000000
1602  24.039  -75.793  7.350 0.5000000000
1270  26.077  -77.294  6.979 0.4000000060
1277  25.848  -77.104  5.938 0.4000000060
1610  26.760  -76.391  5.937 0.3000000119
1599  27.408  -76.166  7.592 0.3000000119
2331  24.066  -73.489  3.187 0.4000000060
2306  26.815  -74.913  5.795 0.3000000119
2641  26.000  -74.100  5.167 0.4000000060
159454  26.737  -73.837  6.101 0.3000000119
1042  31.552  -77.997  2.518 0.3000000119
836  31.297  -78.822  2.872 0.3000000119
1064  30.710  -77.604  0.969 0.3000000119
1337  30.333  -76.907  -0.443 0.3000000119
1086  29.892  -77.363  -0.964 0.3000000119
1004  26.461  -77.544  7.954 0.3000000119
1267  25.708  -76.947  8.218 0.4000000060
1003  26.933  -77.656  8.176 0.3000000119
2292  27.567  -74.343  7.102 0.3000000119
2642  24.760  -72.974  4.239 0.4000000060
2646  24.288  -72.981  3.528 0.4000000060
2638  25.834  -73.237  5.323 0.4000000060
2634  26.814  -73.329  6.462 0.3000000119
1299  33.105  -76.860  3.107 0.4000000060
1023  32.497  -77.083  3.700 0.4000000060
1024  32.033  -77.153  4.739 0.4000000060
1017  31.799  -77.077  5.769 0.4000000060
1013  30.941  -77.279  6.097 0.4000000060
156790  30.172  -77.336  5.175 0.5000000000
1052  32.711  -77.191  1.891 0.3000000119
1053  31.781  -77.438  1.838 0.3000000119
1324  31.773  -77.044  0.829 0.3000000119
1344  30.875  -76.462  -0.864 0.3000000119
1357  30.352  -76.052  -2.691 0.3000000119
796  26.760  -78.463  9.135 0.3000000119
2931  25.275  -72.012  5.295 0.3000000119
2937  24.758  -72.110  4.546 0.3000000119
2666  24.540  -72.786  1.719 0.4000000060
2673  25.074  -73.426  1.140 0.4000000060
2627  27.218  -72.825  7.195 0.3000000119
2926  25.749  -71.975  5.980 0.3000000119
141117  26.672  -72.568  6.705 0.3000000119
2930  26.238  -72.721  6.051 0.3000000119
2007  29.047  -75.113  1.636 0.5000000000
2008  28.519  -75.305  1.104 0.5000000000
2339  32.677  -74.061  2.681 0.3000000119
1992  33.178  -74.970  2.535 0.3000000119
1647  33.242  -76.163  3.711 0.3000000119
1292  32.695  -76.580  4.601 0.4000000060
1966  31.125  -75.339  4.069 0.5000000000
1300  30.160  -76.324  3.839 0.5000000000
1655  33.547  -75.884  2.673 0.3000000119
1286  32.525  -76.262  5.369 0.4000000060
1618  31.688  -76.402  6.433 0.4000000060
1631  31.082  -76.347  5.912 0.5000000000
1641  30.795  -75.990  4.619 0.5000000000
1062  32.938  -77.254  0.361 0.3000000119
141837  31.663  -76.714  0.081 0.3000000119
161441  32.272  -77.235  -0.913 0.3000000119
1696  31.576  -76.262  -2.246 0.3000000119
1355  31.546  -76.365  -2.974 0.4000000060
3275  24.219  -71.728  3.821 0.3000000119
2980  24.411  -71.984  1.202 0.4000000060
2911  27.816  -72.153  8.306 0.3000000119
2925  26.235  -71.991  6.619 0.3000000119
3263  25.249  -71.316  5.808 0.3000000119
2683  24.968  -72.607  0.631 0.4000000060
2919  26.769  -72.026  7.200 0.3000000119
2362  26.680  -74.170  0.247 0.4000000060
2360  27.935  -74.781  0.678 0.5000000000
2672  27.591  -73.396  0.999 0.4000000060
2361  27.396  -74.102  0.557 0.5000000000
2950  34.872  -72.288  4.127 0.3000000119
2347  29.142  -74.480  1.828 0.5000000000
2348  28.638  -74.586  1.322 0.5000000000
2651  32.395  -73.443  3.215 0.3000000119
2330  30.178  -73.801  2.912 0.4000000060
2340  29.498  -73.981  2.391 0.5000000000
135945  32.696  -73.685  1.750 0.3000000119
134571  32.615  -74.674  3.382 0.4000000060
1980  31.937  -74.708  3.844 0.4000000060
1982  30.748  -74.559  3.207 0.5000000000
1656  29.933  -75.347  2.551 0.5000000000
1664  33.832  -76.006  1.637 0.3000000119
141929  32.641  -75.879  4.610 0.4000000060
1950  32.073  -75.853  5.338 0.5000000000
1640  31.429  -75.828  5.210 0.5000000000
1323  33.740  -76.854  0.455 0.3000000119
1336  33.802  -77.125  -0.339 0.4000000060
1342  34.057  -77.141  -1.238 0.3000000119
1084  32.953  -77.773  -0.902 0.4000000060
1085  32.804  -77.721  -1.738 0.4000000060
161187  26.915  -74.143  -17.751 0.5000000000
149139  31.526  -76.693  -3.640 0.3000000119
3255  27.509  -71.445  8.416 0.3000000119
3261  26.188  -71.367  7.224 0.3000000119
3291  24.173  -71.459  1.784 0.3000000119
2918  27.311  -72.097  7.799 0.3000000119
2990  24.829  -71.727  0.150 0.3000000119
148104  27.140  -72.928  0.731 0.5000000000
2977  27.774  -72.600  1.387 0.4000000060
2978  27.047  -72.223  0.770 0.3000000119
3286  35.474  -71.930  3.047 0.3000000119
2967  28.557  -72.566  2.049 0.5000000000
2951  33.720  -72.836  4.247 0.3000000119
2954  29.880  -72.590  3.021 0.4000000060
2966  29.260  -72.492  2.634 0.4000000060
2327  32.149  -73.972  3.466 0.4000000060
2652  31.832  -73.458  3.238 0.4000000060
145587  31.621  -72.828  3.252 0.4000000060
144244  30.638  -72.610  3.176 0.4000000060
2006  33.393  -74.870  1.563 0.3000000119
141368  34.058  -75.265  0.209 0.3000000119
2328  31.447  -73.981  3.365 0.4000000060
2329  30.775  -73.832  3.164 0.5000000000
1335  34.555  -76.210  -0.834 0.3000000119
1341  34.790  -76.249  -1.848 0.4000000060
137076  33.546  -77.583  -2.428 0.4000000060
142542  27.324  -73.651  -18.507 0.5000000000
1089  32.626  -77.472  -2.560 0.4000000060
1094  33.401  -77.498  -3.060 0.5000000000
2114  26.952  -74.721  -16.765 0.5000000000
3256  26.791  -71.419  7.820 0.3000000119
155296  25.898  -66.669  -11.400 0.5000000000
3302  28.126  -71.890  1.762 0.3000000119
3303  27.502  -71.577  1.178 0.3000000119
6064  25.653  -67.168  -12.145 0.5000000000
3609  35.279  -71.079  2.932 0.3000000119
3596  35.065  -71.066  3.996 0.3000000119
3297  35.213  -71.487  2.022 0.3000000119
2940  34.804  -72.072  4.687 0.3000000119
3268  33.438  -71.848  5.597 0.3000000119
159043  29.626  -72.176  2.910 0.4000000060
3290  28.822  -72.002  2.251 0.4000000060
158872  26.562  -69.125  -14.819 0.5000000000
7240  25.746  -64.363  -9.641 0.5000000000
2943  32.828  -72.240  5.068 0.3000000119
2952  32.265  -72.383  3.924 0.3000000119
2953  31.219  -72.056  3.188 0.3000000119
3287  30.838  -71.204  2.837 0.3000000119
4145  26.500  -70.015  -15.590 0.5000000000
2359  32.922  -74.148  0.412 0.3000000119
2016  34.532  -75.462  -0.361 0.3000000119
3803  26.953  -70.440  -18.374 0.5000000000
2025  34.796  -75.321  -1.111 0.3000000119
3103  27.149  -72.116  -18.881 0.5000000000
2029  34.871  -75.191  -1.974 0.4000000060
2781  27.922  -73.422  -18.887 0.6000000238
1694  34.965  -75.548  -3.001 0.4000000060
1353  34.383  -76.355  -3.360 0.5000000000
2780  28.535  -73.500  -18.806 0.5000000000
144361  33.561  -76.598  -4.329 0.4000000060
140022  33.202  -77.340  -3.698 0.3000000119
1364  31.816  -77.228  -4.223 0.4000000060
2113  28.010  -74.684  -16.672 0.6000000238
1419  32.846  -74.564  -7.665 0.3000000119
1126  32.143  -76.627  -7.493 0.4000000060
154312  32.321  -77.479  -5.926 0.4000000060
1371  31.361  -77.349  -4.702 0.3000000119
2110  27.532  -75.166  -15.941 0.6000000238
1774  27.252  -75.673  -15.627 0.5000000000
1428  33.120  -74.252  -7.893 0.3000000119
1132  32.048  -76.759  -7.873 0.5000000000
154321  31.611  -77.102  -8.145 0.4000000060
1129  31.008  -77.500  -7.676 0.4000000060
1440  27.616  -76.532  -15.167 0.6000000238
1756  33.476  -74.287  -8.334 0.3000000119
1430  32.030  -75.922  -8.197 0.5000000000
1421  31.747  -76.712  -8.290 0.4000000060
1422  30.928  -76.721  -8.280 0.4000000060
131427  32.678  -75.247  -8.020 0.4000000060
1742  31.783  -75.834  -8.285 0.5000000000
1743  30.884  -75.870  -8.521 0.4000000060
131445  30.364  -75.469  -8.596 0.5000000000
6664  27.355  -65.581  -11.320 0.6000000238
6654  26.914  -64.976  -10.432 0.6000000238
3619  35.084  -70.670  1.747 0.3000000119
3999  34.703  -70.078  3.322 0.3000000119
3992  34.428  -70.391  4.034 0.3000000119
3597  34.416  -71.087  4.731 0.3000000119
7256  27.334  -63.822  -10.618 0.6000000238
154809  26.462  -63.981  -10.056 0.6000000238
3620  34.814  -71.088  1.013 0.3000000119
3598  33.120  -71.105  5.036 0.3000000119
3995  32.307  -70.118  3.978 0.3000000119
7834  26.142  -63.105  -10.105 0.6000000238
3323  32.258  -70.980  -0.364 0.3000000119
3273  32.886  -71.765  5.314 0.3000000119
3279  31.729  -71.442  3.413 0.3000000119
8402  24.828  -61.993  -10.016 0.6000000238
152973  33.654  -74.822  -0.650 0.3000000119
139695  23.123  -61.445  -11.798 0.6000000238
8929  23.963  -61.648  -10.653 0.6000000238
8930  22.982  -61.365  -10.497 0.6000000238
9414  21.742  -60.594  -12.088 0.5000000000
1701  33.466  -76.299  -4.548 0.4000000060
1110  32.749  -76.474  -5.882 0.4000000060
131447  32.630  -75.032  -8.247 0.4000000060
151847  31.776  -74.963  -8.407 0.5000000000
4036  34.584  -69.652  0.716 0.3000000119
4393  34.238  -68.487  2.177 0.3000000119
4007  34.732  -69.714  2.306 0.3000000119
4000  33.921  -69.459  3.602 0.3000000119
4001  33.211  -69.285  3.697 0.3000000119
4002  32.562  -69.403  3.602 0.3000000119
3610  31.800  -69.844  3.153 0.3000000119
7275  27.583  -64.314  -12.216 0.5000000000
3636  34.788  -70.422  0.954 0.3000000119
3313  34.080  -71.231  0.456 0.3000000119
8400  26.398  -62.786  -11.065 0.5000000000
7833  26.883  -63.329  -10.601 0.6000000238
3638  33.498  -70.644  -0.170 0.3000000119
3603  31.499  -70.709  3.089 0.3000000119
8401  25.487  -62.472  -10.635 0.6000000238
8415  24.723  -62.004  -11.224 0.6000000238
2036  33.955  -75.871  -3.624 0.3000000119
2037  33.471  -75.611  -3.557 0.3000000119
8947  22.374  -60.920  -12.390 0.6000000238
9430  21.057  -59.991  -13.376 0.6000000238
8414  25.453  -62.347  -11.705 0.6000000238
8428  24.549  -62.024  -12.248 0.5000000000
8946  23.735  -61.703  -12.604 0.6000000238
9421  21.989  -60.356  -12.825 0.6000000238
9422  21.389  -60.220  -12.680 0.6000000238
9889  21.117  -59.155  -14.484 0.6000000238
9876  21.755  -59.918  -13.321 0.6000000238
10361  20.674  -58.825  -15.069 0.5000000000
8427  25.145  -62.350  -12.722 0.5000000000
8957  23.584  -61.651  -13.416 0.5000000000
9420  22.566  -60.783  -13.245 0.5000000000
9888  21.871  -59.207  -14.491 0.6000000238
11311  20.306  -57.213  -17.213 0.5000000000
11324  20.517  -56.658  -17.819 0.6000000238
11325  19.664  -56.673  -17.804 0.5000000000
11848  19.749  -55.961  -18.584 0.6000000238
11326  19.058  -57.035  -18.041 0.6000000238
8961  23.099  -61.285  -13.969 0.5000000000
10372  21.992  -58.566  -15.636 0.5000000000
10834  21.471  -58.100  -16.172 0.5000000000
10373  21.093  -58.437  -15.578 0.6000000238
11323  22.000  -57.427  -17.608 0.6000000238
11310  21.163  -57.317  -17.332 0.5000000000
10835  20.590  -58.091  -16.173 0.5000000000
140323  21.359  -56.963  -17.971 0.6000000238
12430  23.111  -56.035  -21.269 0.6000000238
11338  20.935  -56.166  -18.708 0.6000000238
11849  19.058  -56.312  -18.786 0.5000000000
12358  15.375  -56.334  -13.040 0.5000000000
9435  23.046  -60.896  -14.677 0.5000000000
10359  22.243  -59.032  -15.117 0.5000000000
10392  22.304  -58.243  -16.378 0.6000000238
155205  14.290  -56.186  -12.834 0.5000000000
12949  13.496  -55.568  -13.338 0.6000000238
11808  15.635  -56.935  -11.418 0.6000000238
12339  16.107  -56.455  -11.515 0.6000000238
12359  14.452  -55.925  -13.556 0.5000000000
12375  15.546  -55.368  -13.409 0.5000000000
12959  15.073  -54.720  -14.193 0.5000000000
11861  18.077  -55.858  -19.338 0.5000000000
11860  18.748  -55.578  -19.770 0.5000000000
153619  15.380  -51.880  -10.282 0.6000000238
14728  15.037  -51.738  -10.191 0.6999999881
147281  14.767  -52.611  -9.679 0.6000000238
13508  14.486  -53.739  -8.752 0.6999999881
13531  13.241  -54.122  -9.791 0.6000000238
12919  12.844  -54.292  -11.668 0.6000000238
12871  14.969  -54.545  -8.157 0.6000000238
12895  14.033  -54.927  -8.490 0.6000000238
14102  15.567  -52.462  -10.337 0.6000000238
13507  15.097  -53.646  -9.233 0.6000000238
12283  14.821  -55.379  -8.395 0.6000000238
12918  13.786  -55.321  -10.370 0.5000000000
12938  12.651  -54.676  -12.971 0.6000000238
12893  15.600  -54.706  -9.000 0.6000000238
12323  14.831  -56.288  -10.346 0.5000000000
12937  13.540  -55.280  -12.445 0.6000000238
13530  15.632  -53.592  -10.225 0.6000000238
11787  15.836  -56.547  -10.449 0.6000000238
13547  15.960  -53.496  -12.256 0.6000000238
12322  16.149  -55.933  -10.630 0.6000000238
12948  15.933  -54.606  -12.864 0.6000000238
12958  15.506  -54.005  -13.698 0.5000000000
12974  14.676  -54.293  -15.104 0.5000000000
13585  15.167  -53.493  -15.538 0.5000000000
13600  15.731  -53.299  -16.301 0.5000000000
13613  15.375  -53.391  -17.325 0.5000000000
13510  13.240  -53.124  -9.764 0.6000000238
13532  12.576  -53.368  -10.843 0.6999999881
14112  16.018  -52.769  -11.436 0.5000000000
13561  15.904  -53.329  -13.203 0.6000000238
13571  15.861  -53.269  -13.931 0.6000000238
13572  15.263  -53.731  -14.481 0.5000000000
147439  15.881  -53.191  -14.698 0.6000000238
13599  16.499  -53.290  -15.867 0.5000000000
13598  17.202  -53.493  -15.482 0.6000000238
13611  16.993  -53.691  -16.470 0.6000000238
16092  20.120  -50.456  -13.232 0.4000000060
15414  13.896  -50.721  -11.870 0.6999999881
14761  12.039  -51.636  -12.904 0.5000000000
14137  11.487  -52.251  -12.941 0.5000000000
16075  19.925  -50.235  -12.260 0.6000000238
16076  19.133  -49.714  -11.969 0.5000000000
14754  12.149  -51.902  -12.243 0.6000000238
14124  11.805  -52.564  -12.199 0.5000000000
15411  20.297  -50.898  -11.858 0.5000000000
15400  14.271  -50.997  -11.129 0.6000000238
14744  13.053  -51.920  -10.942 0.8000000119
14742  14.659  -51.372  -10.504 0.6999999881
14113  13.451  -52.337  -10.078 0.8000000119
13533  12.078  -52.898  -11.561 0.6999999881
14151  16.860  -53.017  -14.029 0.6000000238
13583  17.234  -53.356  -14.624 0.6000000238
14767  11.620  -51.686  -13.735 0.5000000000
16093  19.546  -49.774  -12.766 0.5000000000
15422  13.607  -50.482  -12.627 0.6999999881
14138  10.905  -52.879  -13.277 0.5000000000
15420  20.920  -51.382  -13.247 0.4000000060
15421  20.539  -51.232  -13.407 0.4000000060
15410  21.183  -51.469  -12.332 0.4000000060
158210  20.490  -51.814  -10.797 0.5000000000
14723  20.536  -52.424  -10.124 0.4000000060
15424  12.337  -51.141  -13.286 0.5000000000
14154  10.761  -52.438  -13.888 0.5000000000
16105  20.136  -50.433  -14.098 0.3000000119
16719  19.041  -49.074  -12.866 0.3000000119
15423  12.965  -50.792  -12.936 0.6000000238
14750  21.509  -51.742  -11.555 0.4000000060
15431  12.773  -50.649  -13.752 0.6000000238
16097  13.374  -50.300  -13.413 0.6000000238
14097  21.403  -52.710  -10.190 0.4000000060
15433  11.403  -51.399  -14.744 0.5000000000
14768  10.893  -51.895  -14.485 0.5000000000
16774  22.863  -49.400  -15.761 0.3000000119
16746  19.846  -49.620  -14.271 0.3000000119
16762  19.631  -48.566  -14.335 0.3000000119
17405  18.906  -48.231  -13.954 0.4000000060
14109  21.883  -52.153  -10.783 0.3000000119
13503  20.915  -53.314  -9.462 0.4000000060
13502  21.957  -53.636  -9.334 0.4000000060
161351  20.348  -48.706  -15.261 0.4000000060
15442  12.570  -50.567  -14.528 0.6000000238
14777  10.346  -51.622  -15.408 0.4000000060
17416  19.003  -47.944  -14.772 0.4000000060
18214  23.701  -48.095  -15.942 0.3000000119
17426  23.358  -48.811  -16.192 0.3000000119
15444  11.126  -51.092  -15.739 0.5000000000
143098  18.121  -47.726  -15.043 0.4000000060
141017  16.643  -48.055  -14.697 0.4000000060
17433  15.507  -48.138  -15.698 0.5000000000
17430  18.508  -47.539  -15.456 0.4000000060
17432  16.411  -47.830  -15.401 0.4000000060
19082  20.815  -46.136  -18.658 0.3000000119
19083  20.379  -45.932  -17.823 0.3000000119
19069  20.466  -46.306  -17.770 0.3000000119
18250  19.045  -46.376  -16.609 0.3000000119
19071  18.687  -46.052  -16.594 0.3000000119
19810  21.222  -45.172  -18.623 0.3000000119
3612  30.347  -70.829  2.124 0.3000000119
1695  34.320  -76.085  -3.380 0.4000000060
17451  17.994  -47.106  -15.873 0.3000000119
12973  17.762  -54.041  -14.999 0.6000000238
19004  7.655  -46.113  -12.213 0.4000000060
15397  20.042  -51.045  -10.825 0.5000000000
18227  18.467  -46.775  -16.281 0.3000000119
1107  31.200  -77.555  -5.403 0.3000000119
1119  32.233  -77.508  -6.840 0.4000000060
9875  22.225  -59.776  -14.011 0.5000000000
1282  26.183  -76.967  5.578 0.4000000060
1278  25.212  -76.842  5.579 0.5000000000
1604  22.153  -76.642  7.419 0.5000000000
2320  23.829  -74.016  3.527 0.5000000000
835  31.589  -78.276  3.259 0.4000000060
1275  26.629  -77.264  7.471 0.4000000060
154617  25.281  -73.755  4.622 0.4000000060
146692  23.995  -73.598  2.694 0.4000000060
1040  32.639  -77.227  2.747 0.4000000060
822  31.673  -77.943  4.043 0.4000000060
823  30.948  -78.460  4.594 0.4000000060
1263  25.752  -77.208  9.206 0.3000000119
2626  27.687  -73.484  7.521 0.3000000119
2936  25.270  -72.780  4.915 0.3000000119
2955  24.156  -72.322  3.241 0.4000000060
2656  24.117  -72.962  2.682 0.4000000060
1304  33.614  -76.559  2.139 0.3000000119
1310  33.680  -76.679  1.287 0.4000000060
2363  26.087  -74.207  0.222 0.4000000060
1648  30.456  -75.427  3.382 0.5000000000
141191  27.199  -73.040  -18.799 0.5000000000
1078  32.533  -77.354  0.056 0.4000000060
3262  25.704  -71.330  6.535 0.3000000119
159394  25.351  -72.390  -0.113 0.4000000060
2681  26.211  -73.471  -0.081 0.4000000060
2680  26.848  -73.537  0.325 0.5000000000
2665  28.321  -73.264  1.645 0.5000000000
2941  34.013  -72.507  5.148 0.3000000119
2346  32.967  -74.197  1.205 0.3000000119
1674  34.061  -76.106  0.634 0.3000000119
1322  34.364  -75.845  -0.204 0.3000000119
2468  27.864  -74.201  -17.851 0.6000000238
2979  26.131  -72.106  -0.080 0.3000000119
2989  25.819  -72.648  -0.234 0.4000000060
2965  30.163  -71.914  2.987 0.3000000119
3436  27.482  -71.444  -19.049 0.5000000000
1347  34.704  -76.336  -2.700 0.4000000060
3625  27.222  -70.832  1.016 0.3000000119
3288  30.044  -71.358  2.552 0.3000000119
137221  32.545  -75.928  -6.339 0.4000000060
1104  32.828  -77.057  -5.156 0.4000000060
1105  32.639  -77.236  -5.217 0.4000000060
1754  34.887  -74.112  -8.273 0.3000000119
4387  32.955  -68.566  3.060 0.3000000119
156002  24.002  -61.760  -11.766 0.6000000238
1380  32.650  -76.103  -6.218 0.3000000119
4388  32.318  -68.984  2.999 0.3000000119
4018  31.840  -69.159  2.296 0.3000000119
3660  31.541  -70.746  -1.950 0.3000000119
14729  14.248  -52.071  -9.967 0.6999999881
14123  12.369  -52.223  -11.481 0.6999999881
14743  13.845  -51.638  -10.629 0.6999999881
14753  13.174  -50.977  -12.149 0.6000000238
16116  21.362  -50.394  -15.289 0.3000000119
16128  21.257  -49.860  -15.642 0.3000000119
3111  29.278  -72.405  -19.314 0.5000000000
149094  28.647  -71.160  -19.577 0.5000000000
3050  26.906  -71.478  -9.036 0.6000000238
10850  22.576  -57.933  -17.152 0.5000000000
11859  19.690  -55.282  -19.868 0.5000000000
12435  22.617  -54.648  -21.911 0.5000000000
12431  22.126  -55.568  -21.254 0.5000000000
146626  21.163  -55.371  -20.791 0.5000000000
158160  19.292  -54.537  -20.438 0.5000000000
12432  19.954  -54.643  -20.789 0.5000000000
12434  23.673  -54.741  -21.616 0.5000000000
12417  18.743  -54.435  -20.071 0.4000000060
12438  21.988  -53.899  -22.128 0.5000000000
12437  20.805  -54.505  -21.432 0.5000000000
13031  19.386  -53.904  -20.362 0.5000000000
12418  18.160  -54.954  -19.415 0.5000000000
13036  21.584  -53.184  -22.012 0.6000000238
13030  20.219  -53.501  -21.026 0.5000000000
13020  18.977  -53.637  -19.716 0.5000000000
12999  17.276  -54.200  -17.191 0.5000000000
13635  21.199  -52.453  -21.441 0.6000000238
12407  17.372  -54.692  -18.073 0.5000000000
13019  19.691  -53.158  -20.207 0.6000000238
12406  17.884  -54.570  -18.788 0.5000000000
13634  22.107  -52.429  -21.323 0.6000000238
13636  20.627  -52.919  -20.886 0.6000000238
12997  18.442  -53.944  -17.207 0.6000000238
12998  17.870  -54.302  -16.992 0.5000000000
12987  17.774  -54.032  -15.996 0.5000000000
13610  19.820  -53.136  -18.678 0.6000000238
13009  18.307  -53.918  -18.309 0.6000000238
12939  11.917  -54.557  -13.028 0.5000000000
13548  11.965  -53.794  -12.186 0.5000000000
12972  18.334  -54.302  -15.071 0.6000000238
12986  18.550  -54.143  -16.026 0.6000000238
153594  18.854  -53.577  -17.635 0.6000000238
149312  19.167  -53.718  -16.663 0.6000000238
12996  19.541  -53.312  -17.457 0.6000000238
17429  19.463  -47.704  -15.443 0.3000000119
18187  11.106  -46.977  -12.768 0.3000000119
131442  29.857  -74.600  -8.045 0.4000000060
131437  27.709  -72.732  -7.030 0.5000000000
1434  28.851  -76.963  -14.031 0.5000000000
145896  27.908  -75.858  -14.593 0.5000000000
155714  26.931  -72.234  -7.464 0.4000000060
2460  27.515  -74.828  -15.706 0.4000000060
3716  28.186  -70.489  -8.810 0.4000000060
3112  28.559  -72.395  -19.341 0.4000000060
2779  29.197  -73.394  -18.582 0.4000000060
2790  28.980  -73.020  -19.039 0.4000000060
2467  28.345  -74.236  -17.759 0.4000000060
142141  28.153  -74.719  -16.606 0.4000000060
137954  28.367  -68.337  -10.183 0.4000000060
135766  28.857  -69.278  -11.837 0.4000000060
4126  28.883  -69.890  -12.080 0.4000000060
3810  27.497  -70.755  -18.987 0.4000000060
4115  28.136  -69.712  -10.125 0.4000000060
152885  28.530  -69.648  -11.168 0.4000000060
4534  29.408  -68.577  -13.768 0.4000000060
4544  30.068  -68.568  -14.878 0.5000000000
144809  20.936  -53.062  -17.922 0.5000000000
13619  21.828  -52.936  -17.863 0.5000000000
13609  20.484  -53.150  -17.187 0.5000000000
13608  21.476  -53.102  -16.972 0.5000000000
13596  21.945  -53.213  -16.020 0.5000000000
12995  20.184  -53.613  -16.099 0.5000000000
138834  21.244  -53.709  -15.609 0.5000000000
13549  11.467  -53.246  -12.325 0.4000000060
14125  11.241  -52.961  -12.774 0.4000000060
13597  21.071  -53.312  -16.332 0.5000000000
12985  19.362  -54.049  -15.757 0.5000000000
3386  28.359  -71.280  -10.574 0.5000000000
3728  28.051  -70.483  -9.809 0.4000000060
148291  29.110  -69.300  -12.588 0.4000000060
1279  21.705  -77.038  6.907 0.4000000060
1009  21.449  -77.365  6.462 0.4000000060
154  21.451  -82.516  2.304 0.4000000060
1613  22.291  -76.053  6.814 0.4000000060
1280  21.354  -76.733  6.247 0.4000000060
344  21.439  -81.914  1.905 0.4000000060
810  21.221  -78.120  5.452 0.4000000060
693  21.051  -79.103  0.622 0.4000000060
146767  21.218  -79.956  2.044 0.4000000060
502  21.720  -81.063  3.150 0.4000000060
1944  21.965  -75.175  5.583 0.5000000000
1623  21.821  -75.767  6.159 0.5000000000
1635  21.083  -75.864  5.256 0.4000000060
1290  21.009  -76.570  5.544 0.4000000060
673  21.192  -79.529  3.095 0.4000000060
1621  23.730  -75.208  5.603 0.5000000000
1956  22.077  -74.773  4.713 0.5000000000
1943  22.804  -74.775  5.419 0.5000000000
1296  20.600  -76.970  4.158 0.4000000060
818  20.951  -78.245  4.699 0.4000000060
1971  21.125  -75.365  3.720 0.4000000060
1642  20.984  -75.597  4.495 0.4000000060
1332  21.886  -77.152  0.946 0.4000000060
143563  20.862  -77.747  1.510 0.4000000060
839  20.742  -78.432  2.009 0.4000000060
833  20.801  -78.757  2.806 0.4000000060
139639  20.941  -78.934  3.548 0.4000000060
845  21.019  -78.436  1.166 0.4000000060
686  21.033  -79.206  1.575 0.4000000060
1660  21.575  -75.781  2.307 0.5000000000
1650  20.952  -76.002  2.980 0.4000000060
137071  20.560  -76.812  3.345 0.4000000060
827  20.738  -78.289  3.970 0.4000000060
1671  22.021  -76.218  1.736 0.5000000000
1672  21.396  -76.397  1.887 0.4000000060
1302  20.677  -76.854  2.576 0.4000000060
141203  20.426  -77.492  2.923 0.4000000060
135698  24.330  -77.316  0.446 0.3000000119
1069  25.176  -77.509  0.167 0.3000000119
136951  25.664  -76.948  0.234 0.4000000060
1316  24.014  -76.743  1.028 0.3000000119
1679  25.566  -76.235  0.596 0.4000000060
1315  24.889  -76.706  0.754 0.4000000060
842  27.180  -78.370  1.288 0.3000000119
1056  26.894  -78.235  0.694 0.4000000060
1068  25.983  -77.694  0.104 0.4000000060
1329  26.076  -76.502  0.179 0.4000000060
1066  27.390  -77.625  0.761 0.4000000060
152585  26.942  -77.138  0.222 0.4000000060
1328  26.724  -76.429  0.190 0.4000000060
2021  26.634  -74.895  0.290 0.3000000119
1318  22.346  -76.657  1.232 0.3000000119
2010  25.031  -75.138  1.494 0.3000000119
2011  24.309  -75.619  1.891 0.4000000060
1045  27.699  -78.067  1.722 0.4000000060
1667  25.660  -75.472  0.853 0.3000000119
1327  27.398  -76.773  0.437 0.4000000060
2019  27.967  -75.627  0.632 0.4000000060
2020  27.329  -75.257  0.372 0.4000000060
1670  22.847  -76.152  1.605 0.4000000060
1669  23.699  -76.184  1.529 0.4000000060
838  27.169  -79.013  2.311 0.4000000060
2009  25.613  -74.682  0.927 0.3000000119
1033  28.576  -77.817  3.015 0.4000000060
837  27.989  -78.525  2.938 0.4000000060
1301  29.547  -76.752  3.219 0.4000000060
138557  29.368  -76.396  2.427 0.4000000060
1313  28.339  -76.833  1.322 0.4000000060
1998  22.148  -75.277  2.605 0.4000000060
1997  22.861  -75.128  2.528 0.4000000060
1995  24.406  -74.624  2.033 0.3000000119
1996  23.663  -74.951  2.344 0.4000000060
2351  25.032  -74.257  1.444 0.3000000119
1032  29.170  -77.674  3.721 0.4000000060
1026  29.792  -78.000  4.723 0.4000000060
1295  29.851  -77.122  4.247 0.4000000060
1657  29.406  -75.714  2.070 0.4000000060
1306  28.954  -76.402  1.763 0.4000000060
1969  22.620  -74.582  3.956 0.4000000060
2332  23.748  -74.012  3.021 0.3000000119
1953  24.648  -75.134  4.597 0.4000000060
1970  21.791  -74.881  3.801 0.4000000060
143741  23.351  -74.283  4.006 0.4000000060
1984  22.452  -74.847  3.170 0.4000000060
1983  23.266  -74.552  2.862 0.4000000060
4551  31.308  -68.592  -15.897 0.4000000060
1044  28.335  -77.514  2.047 0.4000000060
46  21.316  -82.684  2.004 0.4000000060
159  21.350  -82.497  1.682 0.4000000060
336  21.462  -80.929  2.179 0.4000000060
514  21.409  -80.176  2.693 0.4000000060
522  21.123  -80.067  1.397 0.4000000060
663  21.202  -78.998  4.288 0.4000000060
680  21.043  -79.348  2.356 0.4000000060
862  29.973  -78.308  -0.774 0.3000000119
865  28.146  -78.065  -3.200 0.4000000060
893  30.912  -77.654  -12.732 0.4000000060
997  27.124  -78.004  8.749 0.3000000119
998  26.694  -78.000  8.640 0.3000000119
1005  26.086  -77.381  7.789 0.4000000060
1012  31.522  -76.848  6.351 0.4000000060
1014  21.552  -78.022  6.170 0.4000000060
1015  21.158  -77.330  5.849 0.4000000060
1025  31.382  -77.777  5.179 0.4000000060
1034  20.560  -78.194  3.254 0.4000000060
1041  31.977  -77.668  3.119 0.4000000060
1043  28.936  -77.048  2.545 0.4000000060
1046  20.594  -77.571  2.218 0.4000000060
1051  33.159  -77.096  0.985 0.4000000060
1055  27.957  -77.420  1.287 0.4000000060
1061  33.340  -77.268  0.206 0.3000000119
1063  32.426  -77.240  1.097 0.3000000119
1065  30.342  -77.877  0.463 0.3000000119
1067  26.672  -77.702  0.296 0.4000000060
1077  33.170  -77.573  -0.250 0.4000000060
1083  33.443  -77.682  -0.858 0.4000000060
1088  33.109  -77.755  -2.419 0.4000000060
1091  29.349  -77.024  -2.438 0.4000000060
1095  32.923  -77.478  -3.185 0.5000000000
1096  32.218  -77.176  -3.399 0.4000000060
1100  33.177  -77.005  -4.457 0.4000000060
1106  31.961  -77.518  -5.106 0.3000000119
1111  32.598  -76.986  -6.183 0.4000000060
1112  31.780  -77.777  -6.100 0.3000000119
1113  31.030  -77.811  -6.378 0.5000000000
1118  32.357  -77.010  -7.027 0.4000000060
1120  31.821  -77.591  -7.705 0.4000000060
1121  31.203  -77.856  -7.405 0.4000000060
1127  32.287  -77.244  -7.941 0.4000000060
1128  31.505  -77.567  -8.003 0.4000000060
1133  32.069  -77.010  -8.056 0.4000000060
1134  31.539  -77.241  -8.229 0.4000000060
1135  27.016  -77.573  -9.022 0.4000000060
1139  31.875  -76.754  -8.213 0.4000000060
1142  30.146  -78.067  -13.342 0.4000000060
1272  24.760  -76.378  6.746 0.5000000000
1276  26.450  -77.014  6.483 0.4000000060
1281  31.273  -76.620  6.355 0.4000000060
1283  25.662  -76.945  5.340 0.4000000060
1287  32.057  -76.496  6.116 0.4000000060
1288  30.670  -77.017  5.884 0.5000000000
1289  25.802  -76.696  5.010 0.4000000060
1293  32.332  -76.664  5.426 0.4000000060
1294  30.404  -76.667  5.014 0.5000000000
1298  33.443  -76.517  2.995 0.4000000060
1305  33.214  -76.948  2.415 0.3000000119
1307  20.939  -76.964  1.816 0.4000000060
1311  33.323  -76.970  1.738 0.4000000060
1312  31.242  -77.296  1.291 0.3000000119
1314  27.821  -77.010  0.866 0.4000000060
1317  23.170  -76.667  1.124 0.3000000119
1319  21.549  -76.732  1.388 0.4000000060
1325  31.014  -76.973  0.647 0.3000000119
1326  30.437  -77.151  0.302 0.3000000119
1331  22.652  -77.160  0.802 0.3000000119
1333  21.244  -77.305  1.156 0.4000000060
1343  31.536  -76.300  -1.421 0.3000000119
1345  30.285  -76.667  -1.252 0.3000000119
1348  34.125  -77.156  -2.132 0.4000000060
1349  32.123  -76.993  -1.933 0.3000000119
1354  34.001  -77.040  -2.906 0.5000000000
1358  29.718  -76.086  -3.143 0.3000000119
1362  33.900  -76.408  -4.000 0.4000000060
1363  33.552  -77.071  -3.646 0.5000000000
1365  31.120  -76.709  -4.123 0.3000000119
1366  30.359  -75.962  -4.062 0.4000000060
1367  28.448  -76.391  -4.175 0.3000000119
1369  33.337  -76.331  -4.767 0.4000000060
1370  33.130  -76.514  -5.034 0.4000000060
1374  29.045  -75.965  -4.891 0.3000000119
1382  29.892  -76.409  -5.827 0.3000000119
1383  29.159  -76.056  -5.656 0.4000000060
1384  27.788  -76.464  -5.799 0.3000000119
1393  32.652  -75.093  -6.922 0.3000000119
1394  32.392  -76.281  -6.674 0.4000000060
1396  28.657  -76.367  -7.025 0.3000000119
1397  27.699  -76.451  -6.493 0.3000000119
1398  26.952  -76.815  -7.007 0.3000000119
1407  32.214  -75.998  -6.798 0.3000000119
1408  30.994  -77.131  -8.126 0.4000000060
1412  27.371  -76.773  -7.997 0.3000000119
1420  32.057  -75.890  -7.781 0.5000000000
1423  29.804  -76.361  -8.203 0.4000000060
1424  28.795  -76.051  -7.976 0.3000000119
1425  27.898  -76.418  -8.433 0.4000000060
1426  27.287  -76.934  -9.011 0.4000000060
1429  32.716  -75.271  -8.188 0.5000000000
1432  30.673  -76.525  -13.650 0.6000000238
1609  27.157  -76.235  6.761 0.3000000119
1611  24.584  -76.325  6.047 0.5000000000
1614  21.712  -76.361  6.609 0.4000000060
1619  26.351  -76.484  5.283 0.4000000060
1620  24.621  -76.169  5.233 0.5000000000
1622  22.677  -75.360  6.209 0.5000000000
1624  21.347  -76.098  5.938 0.5000000000
1629  32.125  -76.251  6.004 0.4000000060
1630  31.663  -76.184  6.137 0.4000000060
1633  25.011  -76.053  4.678 0.5000000000
1649  29.851  -76.012  2.846 0.4000000060
1658  23.353  -75.645  2.065 0.4000000060
1659  22.462  -75.659  2.106 0.4000000060
1661  21.065  -76.385  2.301 0.4000000060
1665  28.898  -75.723  1.514 0.5000000000
1666  28.467  -76.053  1.121 0.4000000060
1668  25.009  -75.928  1.259 0.4000000060
1675  27.947  -76.395  0.695 0.4000000060
1676  27.368  -76.012  0.373 0.4000000060
1677  26.747  -75.638  0.271 0.4000000060
1678  26.140  -75.904  0.317 0.3000000119
1681  34.778  -75.528  -0.827 0.3000000119
1684  35.116  -75.433  -1.712 0.4000000060
1685  30.813  -76.250  -1.503 0.4000000060
1688  35.167  -75.374  -2.483 0.4000000060
1689  35.151  -75.662  -2.567 0.4000000060
1690  31.099  -76.135  -1.965 0.4000000060
1697  30.978  -76.040  -2.547 0.3000000119
1733  33.492  -74.215  -7.415 0.3000000119
1741  33.989  -74.082  -7.988 0.3000000119
1745  29.123  -75.831  -8.303 0.4000000060
1747  27.363  -76.777  -9.805 0.4000000060
1768  30.190  -75.852  -13.658 0.6000000238
1771  28.126  -76.398  -14.584 0.5000000000
1777  27.571  -74.919  -16.233 0.5000000000
1778  27.084  -75.136  -16.267 0.5000000000
1942  23.599  -74.757  5.095 0.5000000000
1945  21.459  -75.594  5.624 0.4000000060
1949  32.375  -76.067  5.469 0.4000000060
1952  25.338  -75.603  4.564 0.4000000060
1954  23.896  -74.554  4.579 0.4000000060
1955  23.022  -74.512  4.656 0.5000000000
1957  21.405  -75.257  5.034 0.5000000000
1964  32.207  -75.364  4.516 0.5000000000
1965  31.728  -75.334  4.455 0.5000000000
1967  24.153  -74.320  4.120 0.5000000000
1968  23.170  -74.381  3.429 0.4000000060
1978  33.070  -75.478  3.533 0.3000000119
1979  32.533  -75.175  4.034 0.4000000060
1981  31.279  -74.645  3.636 0.5000000000
1985  21.563  -75.233  3.047 0.4000000060
1993  30.134  -74.644  2.693 0.5000000000
1994  29.550  -74.878  2.157 0.5000000000
2005  33.724  -75.432  1.921 0.3000000119
2017  33.977  -75.428  1.030 0.3000000119
2018  33.503  -74.772  0.744 0.3000000119
2022  26.064  -74.942  0.482 0.3000000119
2026  34.233  -75.150  -0.506 0.3000000119
2030  34.283  -75.062  -1.218 0.3000000119
2032  34.781  -75.339  -2.942 0.4000000060
2043  33.017  -75.726  -4.609 0.3000000119
2107  27.365  -75.434  -15.023 0.4000000060
2117  27.987  -74.472  -17.325 0.6000000238
2118  27.395  -74.354  -17.438 0.6000000238
2119  26.602  -74.363  -17.263 0.5000000000
2127  27.401  -74.034  -18.050 0.5000000000
2299  27.073  -74.217  6.347 0.3000000119
2313  25.539  -74.671  4.724 0.4000000060
2319  24.423  -73.708  3.938 0.4000000060
2341  28.798  -73.911  1.801 0.5000000000
2342  24.456  -73.661  2.070 0.4000000060
2343  23.881  -74.173  2.521 0.3000000119
2349  28.132  -74.001  1.136 0.5000000000
2350  25.538  -73.963  0.764 0.3000000119
2358  33.552  -74.733  -0.018 0.3000000119
2451  28.316  -74.136  -13.528 0.6999999881
2452  27.688  -74.734  -13.864 0.6999999881
2455  27.690  -74.138  -14.283 0.6000000238
2456  27.229  -74.743  -14.596 0.4000000060
2463  29.105  -74.113  -16.880 0.6000000238
2464  28.443  -74.512  -17.134 0.4000000060
2466  28.964  -74.186  -17.465 0.6000000238
2475  28.774  -73.898  -18.218 0.4000000060
2476  28.019  -73.884  -18.372 0.5000000000
2633  27.282  -73.636  6.932 0.3000000119
2637  26.393  -73.567  5.807 0.3000000119
2653  31.039  -73.277  3.191 0.4000000060
2654  30.300  -73.176  3.081 0.4000000060
2655  29.636  -73.195  2.840 0.4000000060
2663  32.651  -73.337  2.386 0.3000000119
2664  29.026  -73.225  2.261 0.5000000000
2682  25.643  -73.229  0.117 0.4000000060
2740  26.880  -72.369  -10.359 0.6999999881
2763  28.218  -73.319  -13.984 0.8000000119
2775  29.434  -73.763  -17.942 0.4000000060
2778  29.808  -73.141  -18.285 0.6000000238
2782  26.514  -73.254  -18.439 0.5000000000
2791  28.451  -73.036  -19.112 0.4000000060
2792  27.857  -72.724  -19.130 0.6000000238
2917  27.714  -72.751  7.938 0.3000000119
2934  34.379  -72.107  5.195 0.3000000119
2935  33.831  -72.187  5.537 0.3000000119
2942  33.298  -72.317  5.551 0.3000000119
2944  24.436  -72.437  3.908 0.3000000119
2963  34.454  -72.423  3.153 0.3000000119
2968  24.136  -72.077  2.325 0.4000000060
2988  26.447  -72.863  0.114 0.5000000000
3035  27.764  -72.011  -7.380 0.4000000060
3051  26.110  -71.678  -9.058 0.6000000238
3084  28.659  -72.404  -14.838 0.8000000119
3097  30.847  -72.029  -18.254 0.6000000238
3098  30.332  -72.634  -17.756 0.6000000238
3267  34.180  -71.752  5.418 0.3000000119
3269  24.461  -71.388  4.465 0.3000000119
3272  34.869  -71.720  4.712 0.3000000119
3274  32.358  -71.587  4.481 0.3000000119
3278  35.289  -71.762  3.915 0.3000000119
3289  29.417  -71.739  2.575 0.4000000060
3298  34.534  -71.708  1.366 0.3000000119
3305  24.436  -71.212  0.996 0.3000000119
3314  32.908  -71.315  0.248 0.3000000119
3315  25.797  -71.348  0.022 0.3000000119
3317  24.780  -70.985  0.318 0.3000000119
3378  27.916  -71.138  -9.418 0.4000000060
3428  31.618  -71.089  -18.381 0.8000000119
3435  31.242  -71.565  -18.560 0.6000000238
3446  29.021  -71.800  -19.521 0.5000000000
3447  27.886  -71.935  -19.256 0.4000000060
3593  33.735  -71.297  5.163 0.3000000119
3599  32.560  -70.884  4.593 0.3000000119
3602  31.999  -70.678  3.863 0.3000000119
3611  31.073  -70.461  2.477 0.3000000119
3637  34.398  -70.414  0.205 0.3000000119
3754  28.724  -70.630  -12.272 0.6000000238
3780  29.004  -70.691  -14.637 0.6999999881
3787  30.043  -70.614  -15.808 0.6999999881
3808  31.840  -70.580  -18.888 0.8000000119
3809  28.210  -70.377  -19.373 0.6000000238
3812  31.458  -70.649  -19.363 0.8000000119
3816  27.992  -71.214  -19.338 0.5000000000
3993  33.637  -70.364  4.430 0.3000000119
3994  32.867  -70.166  4.255 0.3000000119
4008  31.290  -69.865  2.181 0.3000000119
4017  34.791  -69.911  1.421 0.3000000119
4133  29.342  -69.370  -14.200 0.6000000238
4134  29.148  -69.772  -13.799 0.6999999881
4135  26.222  -69.411  -14.223 0.5000000000
4138  26.392  -69.772  -14.835 0.5000000000
4149  31.378  -70.178  -16.679 0.6000000238
4156  32.330  -69.758  -17.812 0.6999999881
4163  27.595  -69.816  -18.859 0.6000000238
4164  32.657  -69.099  -18.986 0.5000000000
4168  29.555  -69.852  -19.675 0.6000000238
4404  34.495  -68.971  1.478 0.3000000119
4521  28.280  -69.060  -10.404 0.4000000060
4538  29.519  -68.822  -14.295 0.4000000060
4539  26.097  -68.897  -13.735 0.6000000238
4543  30.741  -68.266  -15.334 0.4000000060
4557  27.020  -68.712  -16.876 0.8000000119
4562  32.844  -68.480  -18.172 0.5000000000
4566  32.814  -68.530  -18.749 0.5000000000
4568  27.458  -68.818  -18.479 0.8000000119
4570  32.061  -68.277  -19.390 0.6999999881
4572  30.273  -68.490  -19.777 0.6000000238
4574  28.483  -68.859  -19.258 0.6999999881
5016  26.278  -68.239  -13.705 0.6000000238
5041  32.617  -68.137  -18.987 0.5000000000
5042  27.820  -68.354  -19.274 0.6999999881
5044  30.421  -67.932  -19.718 0.6000000238
5049  28.295  -67.243  -20.033 0.6999999881
5528  26.539  -67.297  -14.127 0.6999999881
5558  26.454  -66.853  -19.122 0.6999999881
6047  25.746  -65.795  -10.351 0.6000000238
6115  30.613  -66.526  -19.249 0.5000000000
6119  26.390  -66.331  -19.764 0.6999999881
6636  26.113  -64.884  -9.839 0.6000000238
6692  26.604  -65.781  -14.293 0.6999999881
6693  26.467  -64.920  -14.763 0.6999999881
6707  26.360  -64.778  -15.538 0.6999999881
6725  25.627  -64.517  -17.306 0.8000000119
6733  29.561  -65.084  -19.497 0.5000000000
6738  26.816  -64.990  -20.563 0.6000000238
6739  26.222  -64.664  -20.545 0.6999999881
7268  27.819  -64.259  -11.117 0.6000000238
7342  28.251  -64.348  -19.996 0.6000000238
7347  27.338  -64.398  -20.402 0.6000000238
7963  29.987  -63.258  -19.341 0.6000000238
7975  26.367  -63.398  -20.716 0.6000000238
8389  25.220  -62.611  -9.605 0.6000000238
8439  24.814  -62.310  -13.685 0.6000000238
8454  24.179  -62.086  -15.968 0.6000000238
8471  24.926  -62.607  -18.130 0.8000000119
8472  24.895  -62.004  -17.979 0.8000000119
8502  27.847  -62.524  -19.327 0.6000000238
8948  22.186  -61.139  -11.431 0.5000000000
8958  23.020  -61.335  -12.948 0.6000000238
8965  23.469  -61.473  -14.888 0.6000000238
8995  26.046  -61.222  -18.490 0.6999999881
8998  26.330  -61.833  -19.124 0.6000000238
9005  30.151  -61.620  -19.906 0.5000000000
9006  29.307  -61.642  -19.457 0.5000000000
9428  22.699  -60.497  -13.957 0.6000000238
9429  22.262  -60.184  -13.418 0.5000000000
9472  27.432  -60.469  -19.051 0.5000000000
9887  22.587  -59.594  -14.759 0.6000000238
10337  27.904  -58.857  -13.310 0.5000000000
10346  28.222  -59.063  -13.837 0.5000000000
10357  28.274  -58.954  -14.640 0.5000000000
10360  21.511  -58.771  -14.990 0.6000000238
10819  27.416  -57.424  -15.151 0.5000000000
10851  21.763  -57.764  -16.851 0.5000000000
10852  20.920  -57.710  -16.716 0.5000000000
10853  20.054  -57.688  -16.765 0.5000000000
10883  27.434  -58.478  -17.268 0.5000000000
11300  27.115  -56.532  -15.018 0.5000000000
11309  26.807  -56.358  -16.469 0.6000000238
11312  19.621  -57.228  -17.311 0.5000000000
11799  15.156  -56.823  -11.287 0.6000000238
11815  21.634  -55.995  -12.441 0.5000000000
11816  20.891  -55.988  -12.544 0.5000000000
11817  15.665  -56.657  -12.205 0.5000000000
11827  26.782  -55.771  -14.607 0.5000000000
11832  27.036  -55.513  -15.922 0.5000000000
11839  26.732  -55.564  -16.857 0.5000000000
11869  22.919  -56.876  -20.805 0.6000000238
12282  19.950  -55.464  -8.672 0.6000000238
12300  21.378  -56.053  -8.671 0.5000000000
12303  15.810  -55.744  -9.512 0.6000000238
12304  15.332  -56.228  -9.300 0.6000000238
12305  14.590  -55.641  -9.223 0.6000000238
12340  15.109  -56.842  -12.400 0.6000000238
12341  14.455  -56.219  -11.671 0.5000000000
12357  15.909  -55.933  -12.533 0.6000000238
12361  12.607  -55.258  -13.286 0.6000000238
12405  26.191  -54.740  -18.003 0.6999999881
12416  24.039  -56.172  -19.739 0.6000000238
12436  21.548  -54.297  -21.895 0.5000000000
12868  20.236  -54.918  -8.414 0.5000000000
12872  14.461  -54.492  -8.138 0.6000000238
12894  15.278  -55.374  -8.321 0.6000000238
12936  16.145  -55.134  -11.658 0.6000000238
12957  17.675  -54.132  -13.769 0.6999999881
13007  26.068  -53.722  -18.173 0.6000000238
13008  18.869  -53.476  -18.630 0.6000000238
13010  17.987  -54.408  -17.857 0.5000000000
13021  18.340  -54.039  -19.394 0.5000000000
13037  20.890  -53.582  -21.677 0.5000000000
13038  23.423  -52.940  -22.185 0.6999999881
13039  22.524  -53.470  -22.260 0.5000000000
13481  21.372  -54.136  -8.671 0.5000000000
13509  13.937  -53.898  -8.905 0.6000000238
13529  17.475  -53.116  -11.344 0.8000000119
13546  17.320  -53.360  -13.091 0.6999999881
13570  17.255  -53.294  -13.908 0.6999999881
13584  16.639  -53.140  -14.867 0.6000000238
13601  14.730  -53.524  -16.763 0.5000000000
13612  16.213  -53.369  -16.866 0.6000000238
13621  15.833  -53.546  -17.699 0.5000000000
13628  25.114  -52.543  -19.284 0.6000000238
13639  24.678  -52.683  -21.044 0.6999999881
13641  22.663  -52.563  -21.866 0.6999999881
13642  21.642  -52.523  -21.757 0.6000000238
13643  20.911  -52.762  -21.549 0.5000000000
14087  18.809  -52.099  -9.398 0.6999999881
14096  22.370  -52.784  -10.007 0.4000000060
14098  19.789  -52.176  -9.574 0.6000000238
14099  18.256  -52.260  -9.735 0.6999999881
14103  13.966  -52.913  -9.360 0.6999999881
14110  21.064  -52.066  -10.925 0.4000000060
14114  12.744  -52.611  -10.683 0.6999999881
14136  16.598  -52.715  -13.037 0.6999999881
14153  16.268  -52.862  -13.430 0.6999999881
14170  16.371  -52.933  -14.073 0.6000000238
14220  24.632  -52.508  -20.481 0.6999999881
14222  23.747  -52.621  -21.709 0.6999999881
14711  19.289  -51.659  -9.539 0.6999999881
14712  18.226  -51.551  -9.841 0.8000000119
14725  17.487  -51.256  -10.151 0.8000000119
14726  16.713  -51.088  -10.200 0.8000000119
14727  15.851  -51.205  -10.305 0.8000000119
14741  20.738  -51.554  -11.594 0.5000000000
14751  20.671  -51.315  -12.565 0.5000000000
14752  13.455  -51.251  -11.371 0.6999999881
14760  12.549  -51.294  -12.505 0.6000000238
15385  15.832  -50.651  -10.494 0.8000000119
15412  19.710  -50.273  -11.329 0.6000000238
15413  14.631  -50.452  -11.606 0.6000000238
15432  12.128  -51.031  -14.146 0.5000000000
15441  20.706  -50.971  -14.900 0.3000000119
15443  11.961  -50.804  -15.078 0.6000000238
15452  11.755  -50.492  -16.108 0.6999999881
16045  18.450  -50.166  -10.362 0.6999999881
16063  16.571  -49.698  -10.943 0.6999999881
16064  15.810  -50.083  -10.974 0.6999999881
16077  18.487  -49.604  -11.492 0.5000000000
16080  14.976  -49.971  -12.047 0.6999999881
16096  14.021  -50.028  -13.123 0.6999999881
16106  19.621  -49.698  -13.520 0.3000000119
16115  22.327  -49.947  -15.275 0.3000000119
16117  20.703  -50.255  -15.366 0.3000000119
16118  20.347  -50.443  -14.783 0.3000000119
16127  22.000  -49.643  -15.849 0.3000000119
16139  11.250  -49.147  -17.657 0.6000000238
16140  10.169  -48.847  -17.744 0.5000000000
16721  17.593  -48.956  -12.039 0.6999999881
16722  16.561  -49.264  -11.709 0.6999999881
16732  18.381  -48.511  -12.877 0.6000000238
16735  15.859  -49.068  -12.888 0.6000000238
16747  19.306  -48.859  -13.675 0.3000000119
16750  15.704  -48.883  -13.677 0.5000000000
16752  14.468  -49.289  -14.448 0.6000000238
16764  14.869  -48.934  -14.883 0.5000000000
16780  9.387  -48.547  -17.039 0.6000000238
16789  12.593  -48.306  -17.585 0.5000000000
17393  16.897  -48.438  -13.251 0.6000000238
17406  18.257  -48.173  -13.560 0.4000000060
17415  19.923  -48.275  -14.970 0.4000000060
17417  18.176  -47.948  -14.361 0.5000000000
17418  17.311  -47.754  -14.975 0.4000000060
17419  15.926  -48.263  -14.963 0.4000000060
17421  11.252  -47.668  -15.587 0.6000000238
17431  17.635  -47.453  -15.503 0.4000000060
17434  14.783  -48.283  -16.037 0.6000000238
17437  11.213  -47.495  -16.699 0.5000000000
17450  18.931  -47.199  -15.946 0.3000000119
17453  16.309  -47.551  -15.883 0.5000000000
18170  11.476  -47.548  -12.372 0.3000000119
18171  10.809  -47.132  -12.240 0.3000000119
18186  11.719  -47.284  -13.027 0.3000000119
18216  13.753  -46.843  -15.903 0.4000000060
18229  16.801  -47.030  -15.994 0.4000000060
18232  14.364  -47.170  -16.072 0.4000000060
18249  19.960  -46.515  -17.018 0.3000000119
18251  18.142  -46.447  -16.285 0.4000000060
19018  6.929  -45.773  -12.375 0.4000000060
19028  8.979  -45.426  -12.983 0.5000000000
19050  14.081  -46.256  -15.725 0.3000000119
19051  13.341  -46.129  -15.478 0.3000000119
19056  16.198  -46.164  -15.976 0.3000000119
19070  19.670  -46.034  -17.124 0.3000000119
19072  17.882  -46.109  -16.215 0.3000000119
19741  7.510  -45.462  -12.642 0.3000000119
19753  7.847  -44.977  -12.866 0.3000000119
19759  10.291  -44.657  -13.725 0.4000000060
19778  12.966  -45.003  -15.292 0.4000000060
19779  12.726  -44.155  -15.022 0.3000000119
19786  16.487  -45.486  -15.911 0.3000000119
19787  15.732  -45.562  -15.877 0.3000000119
19788  15.027  -45.631  -15.820 0.3000000119
19800  17.684  -45.609  -16.138 0.3000000119
19811  20.645  -45.577  -18.178 0.3000000119
20487  7.943  -44.591  -12.714 0.3000000119
20504  9.005  -44.298  -13.143 0.3000000119
20512  11.508  -44.387  -13.803 0.3000000119
20532  16.020  -45.004  -15.748 0.3000000119
20552  17.937  -45.071  -16.227 0.3000000119
21240  11.404  -43.939  -13.077 0.3000000119
21242  9.584  -43.963  -13.235 0.3000000119
21261  11.853  -43.953  -13.600 0.3000000119
21273  12.998  -43.816  -14.768 0.3000000119
131419  31.294  -76.962  -11.984 0.5000000000
131420  28.712  -77.720  -10.197 0.4000000060
131422  27.334  -77.310  -9.549 0.4000000060
131424  31.368  -76.211  -13.310 0.6999999881
131425  31.380  -75.687  -13.145 0.6999999881
131426  27.243  -76.566  -9.985 0.4000000060
131429  31.532  -75.438  -12.735 0.6999999881
131430  28.651  -72.665  -11.448 0.6999999881
131431  26.899  -74.574  -9.543 0.6000000238
131433  27.144  -72.847  -10.136 0.6000000238
131439  32.233  -75.395  -8.120 0.4000000060
133341  29.855  -75.000  -11.904 0.6000000238
133347  26.943  -72.323  -9.440 0.6000000238
133396  31.262  -75.248  -8.457 0.5000000000
133459  29.980  -74.835  -12.619 0.6999999881
133682  26.716  -72.045  -10.078 0.6000000238
133729  33.528  -73.923  -8.953 0.4000000060
133798  31.865  -76.074  -8.206 0.5000000000
133915  30.692  -78.234  -12.220 0.5000000000
133949  30.915  -77.338  -11.450 0.4000000060
134076  30.524  -78.142  -11.173 0.4000000060
134131  29.844  -78.779  -10.976 0.4000000060
134181  27.437  -75.427  -9.462 0.4000000060
134196  30.642  -75.444  -13.440 0.6999999881
134220  31.565  -76.277  -12.245 0.6999999881
134245  29.890  -79.008  -11.449 0.4000000060
134344  20.516  -78.077  2.622 0.4000000060
134543  28.765  -73.759  -7.260 0.6000000238
134612  30.751  -77.528  -13.213 0.4000000060
134652  28.431  -78.322  -9.849 0.4000000060
135401  27.207  -74.646  0.358 0.5000000000
135444  26.240  -75.374  0.411 0.3000000119
135756  26.356  -77.076  0.138 0.4000000060
136328  17.875  -48.599  -12.523 0.6000000238
136381  27.524  -75.886  -15.127 0.6000000238
137169  11.378  -50.026  -16.909 0.6000000238
137396  28.302  -72.561  -13.617 0.8000000119
137493  22.544  -54.310  -9.087 0.4000000060
137853  30.408  -76.283  -8.506 0.4000000060
138093  33.148  -76.537  3.779 0.4000000060
138462  15.916  -53.812  -11.223 0.6000000238
138782  29.938  -76.881  -6.629 0.4000000060
138867  25.433  -76.926  6.377 0.5000000000
139787  20.359  -50.860  -12.673 0.4000000060
140051  22.761  -58.791  -15.935 0.6000000238
140174  20.770  -76.370  4.742 0.4000000060
140207  32.392  -73.032  3.694 0.4000000060
140282  29.397  -75.879  -4.085 0.3000000119
141459  28.309  -72.707  -14.268 0.8000000119
141532  30.995  -69.186  -19.818 0.6999999881
142101  32.947  -74.345  1.931 0.3000000119
142225  29.690  -76.466  -13.778 0.6000000238
142876  18.409  -50.506  -10.033 0.8000000119
142883  32.732  -73.874  -8.937 0.4000000060
143371  32.089  -77.511  2.429 0.3000000119
143532  30.903  -76.662  -0.084 0.3000000119
143696  18.067  -54.401  -14.405 0.8000000119
143697  19.134  -45.645  -16.863 0.3000000119
143912  20.951  -45.786  -19.088 0.3000000119
144182  26.747  -69.678  -17.226 0.6000000238
144657  30.978  -79.281  2.364 0.3000000119
144778  21.382  -75.072  4.347 0.4000000060
145072  15.582  -49.777  -11.710 0.6999999881
145977  20.815  -77.327  4.993 0.4000000060
146219  18.890  -53.884  -8.969 0.6999999881
146303  13.343  -43.729  -14.605 0.3000000119
146592  31.522  -76.613  -12.435 0.5000000000
146673  31.898  -69.009  -19.656 0.6999999881
146757  32.309  -77.280  -7.503 0.4000000060
146896  33.026  -72.744  4.734 0.3000000119
146921  32.789  -68.210  -17.755 0.5000000000
147371  17.019  -48.957  -12.027 0.6999999881
147646  17.029  -52.538  -11.810 0.6999999881
148205  33.390  -77.790  -1.666 0.3000000119
148374  16.002  -54.904  -10.281 0.6000000238
148537  27.077  -69.066  -17.498 0.6000000238
148696  29.319  -71.257  -19.657 0.6000000238
149197  27.069  -65.731  -20.503 0.6000000238
149777  32.001  -76.870  -2.660 0.4000000060
149781  33.949  -74.145  -8.169 0.3000000119
150139  23.019  -75.742  6.789 0.4000000060
150442  15.827  -46.851  -16.026 0.4000000060
150528  34.840  -75.871  -3.015 0.4000000060
150594  32.715  -75.906  -8.095 0.5000000000
151134  30.443  -75.535  -11.518 0.6999999881
152555  20.472  -77.571  3.658 0.4000000060
152618  30.729  -74.772  -8.500 0.5000000000
152744  31.316  -76.840  -12.928 0.6000000238
152990  32.871  -76.303  4.432 0.4000000060
153251  28.143  -69.793  -9.090 0.4000000060
153385  26.576  -74.276  5.716 0.3000000119
153917  12.765  -51.570  -11.747 0.8000000119
153919  27.552  -74.670  -16.814 0.5000000000
154144  16.039  -53.200  -15.436 0.5000000000
154741  20.514  -55.887  -8.841 0.6000000238
154888  35.007  -72.002  2.267 0.3000000119
154895  14.703  -55.000  -7.999 0.6000000238
155044  21.253  -78.355  0.481 0.4000000060
155066  26.876  -70.872  8.330 0.3000000119
155161  20.758  -76.136  3.891 0.4000000060
155243  21.485  -59.502  -13.896 0.6000000238
155270  26.997  -76.824  7.207 0.4000000060
155501  32.887  -74.246  -0.465 0.3000000119
155680  15.428  -56.747  -10.558 0.6000000238
155703  30.328  -72.232  -17.029 0.6999999881
155947  13.784  -49.934  -13.807 0.6999999881
156163  13.800  -48.113  -16.809 0.4000000060
156367  20.217  -55.921  -12.483 0.5000000000
156536  31.244  -77.433  5.930 0.4000000060
156551  27.008  -55.291  -16.441 0.5000000000
156613  30.986  -71.194  -19.367 0.6000000238
156748  34.190  -76.456  -0.018 0.3000000119
156772  13.816  -47.719  -16.693 0.4000000060
156782  32.008  -76.401  -8.096 0.5000000000
156974  27.702  -57.928  -15.659 0.5000000000
157210  28.719  -74.488  -16.936 0.4000000060
157259  25.432  -71.899  -0.329 0.3000000119
157373  32.846  -73.105  3.939 0.3000000119
157488  29.455  -68.480  -19.677 0.8000000119
157735  31.627  -70.935  -17.688 0.8000000119
157750  13.731  -49.033  -16.187 0.6000000238
157822  27.081  -74.721  -10.224 0.6000000238
157908  19.263  -55.247  -9.197 0.6000000238
157966  31.789  -77.231  1.321 0.3000000119
158118  24.429  -76.266  1.387 0.4000000060
158384  26.553  -65.922  -10.789 0.6000000238
158432  34.213  -75.612  0.248 0.3000000119
158833  22.503  -58.913  -15.514 0.4000000060
158887  28.648  -76.939  1.877 0.4000000060
158966  16.928  -47.495  -15.600 0.4000000060
159284  12.507  -44.796  -15.214 0.3000000119
159441  14.834  -49.417  -13.462 0.6999999881
159500  31.484  -76.437  -0.580 0.3000000119
159569  27.636  -72.047  1.321 0.4000000060
160055  29.770  -74.766  -12.244 0.6999999881
160273  20.677  -77.684  4.301 0.4000000060
160274  30.507  -78.153  0.927 0.3000000119
160671  25.689  -72.539  5.501 0.3000000119
160764  26.306  -74.061  -17.646 0.5000000000
160882  30.561  -76.754  -8.257 0.4000000060
160912  28.411  -71.699  -19.437 0.5000000000
161020  31.439  -76.339  6.474 0.4000000060
161098  28.828  -72.755  -19.244 0.4000000060
161408  31.693  -76.922  -8.227 0.4000000060
161500  30.706  -76.902  -11.261 0.4000000060
161562  32.610  -77.298  -4.170 0.3000000119
161744  30.756  -77.764  -6.883 0.5000000000
