#!ascii label  , from subject sub-v2s2x29079_ses-1 vox2ras=TkReg
393
19442  38.272  -45.079  14.153 0.0000000000
12718  40.877  -54.572  7.853 0.0000000000
14479  41.858  -51.628  16.791 0.0000000000
15777  40.258  -49.434  12.193 0.0000000000
12114  46.389  -54.742  11.150 0.0000000000
13872  45.902  -52.486  15.317 0.0000000000
11569  44.410  -56.701  13.208 0.0000000000
14558  40.781  -51.848  10.349 0.0000000000
18720  40.118  -46.301  9.741 0.0000000000
17114  38.956  -48.380  15.538 0.0000000000
15110  42.825  -50.756  14.787 0.0000000000
138824  43.653  -52.518  12.260 0.0000000000
12125  44.516  -54.805  8.967 0.0000000000
10663  44.914  -57.785  7.595 0.0000000000
20238  35.751  -44.899  10.898 0.0000000000
17131  36.334  -47.963  13.164 0.0000000000
157742  37.547  -51.022  14.698 0.0000000000
19469  43.094  -46.207  11.193 0.0000000000
12046  44.392  -55.385  16.335 0.0000000000
12709  41.422  -53.968  9.173 0.0000000000
14559  39.013  -51.307  9.903 0.0000000000
15100  40.523  -50.657  16.099 0.0000000000
160105  42.819  -51.177  16.017 0.0000000000
13252  46.143  -53.323  13.539 0.0000000000
13886  45.679  -52.465  13.771 0.0000000000
12685  46.268  -53.813  11.886 0.0000000000
12693  44.200  -53.821  11.397 0.0000000000
12697  46.152  -54.451  10.547 0.0000000000
155250  45.896  -57.071  6.163 0.0000000000
15778  35.476  -49.739  12.389 0.0000000000
148400  37.098  -49.702  14.405 0.0000000000
15140  35.986  -51.250  13.409 0.0000000000
17130  40.346  -48.164  13.085 0.0000000000
18688  40.865  -46.740  12.005 0.0000000000
18740  40.601  -46.459  8.136 0.0000000000
17891  42.946  -47.453  8.619 0.0000000000
13218  43.277  -53.477  17.517 0.0000000000
13860  44.263  -52.228  16.439 0.0000000000
12631  45.258  -53.757  16.695 0.0000000000
12064  45.137  -54.778  14.536 0.0000000000
11568  45.314  -55.713  12.607 0.0000000000
15171  40.791  -50.820  11.302 0.0000000000
17853  39.664  -47.580  11.256 0.0000000000
15813  39.032  -49.523  10.555 0.0000000000
17154  38.309  -48.199  9.831 0.0000000000
12152  40.643  -55.140  6.644 0.0000000000
160254  38.606  -46.035  15.607 0.0000000000
16440  40.382  -48.653  14.340 0.0000000000
15138  42.019  -50.541  13.169 0.0000000000
136168  44.353  -51.435  14.678 0.0000000000
14516  44.158  -51.409  13.401 0.0000000000
14544  42.365  -51.487  11.981 0.0000000000
13275  42.416  -52.525  11.450 0.0000000000
12701  42.209  -53.846  10.215 0.0000000000
12711  42.740  -54.535  8.687 0.0000000000
11616  46.303  -55.901  9.035 0.0000000000
12136  46.178  -55.592  8.104 0.0000000000
12138  45.152  -55.419  7.735 0.0000000000
12150  42.710  -55.628  6.963 0.0000000000
20236  37.244  -44.504  11.146 0.0000000000
19461  37.330  -44.955  12.202 0.0000000000
18676  35.973  -46.308  12.458 0.0000000000
17836  37.118  -46.701  14.153 0.0000000000
17120  37.710  -47.798  14.961 0.0000000000
15750  37.987  -49.772  15.175 0.0000000000
14493  39.335  -51.457  15.794 0.0000000000
13874  38.896  -52.686  14.945 0.0000000000
160505  41.208  -52.712  16.763 0.0000000000
152825  41.476  -46.069  10.432 0.0000000000
20184  38.698  -44.660  13.640 0.0000000000
20198  39.135  -44.449  13.118 0.0000000000
20183  39.458  -44.438  13.937 0.0000000000
12713  41.159  -54.262  8.487 0.0000000000
13288  39.905  -53.197  8.865 0.0000000000
154123  41.377  -50.803  16.255 0.0000000000
14478  42.715  -51.572  16.642 0.0000000000
12684  46.333  -54.039  11.849 0.0000000000
13271  46.304  -53.668  12.390 0.0000000000
12692  45.659  -54.047  11.161 0.0000000000
12690  46.314  -54.649  10.658 0.0000000000
10215  45.415  -58.170  5.448 0.0000000000
149121  35.737  -50.283  12.740 0.0000000000
16450  40.248  -48.786  12.630 0.0000000000
17846  40.797  -47.225  12.751 0.0000000000
17136  40.071  -48.203  12.269 0.0000000000
17904  41.905  -47.322  7.788 0.0000000000
13216  44.483  -53.828  17.737 0.0000000000
12632  44.660  -54.361  17.531 0.0000000000
12084  44.558  -55.755  14.396 0.0000000000
12660  45.080  -54.574  15.567 0.0000000000
12083  45.205  -55.072  13.789 0.0000000000
12097  45.754  -54.830  12.996 0.0000000000
14555  41.190  -51.513  10.891 0.0000000000
15172  40.027  -50.405  11.005 0.0000000000
15181  39.729  -50.990  10.299 0.0000000000
15814  38.381  -49.629  9.944 0.0000000000
15827  37.880  -49.696  9.327 0.0000000000
138607  38.220  -47.089  8.749 0.0000000000
17820  38.790  -47.089  15.931 0.0000000000
17819  39.297  -46.775  16.280 0.0000000000
17113  39.459  -47.843  15.606 0.0000000000
16445  40.716  -49.167  13.919 0.0000000000
15764  41.570  -50.034  13.757 0.0000000000
13858  45.443  -52.813  16.307 0.0000000000
14487  44.390  -51.739  15.513 0.0000000000
13873  45.166  -51.956  14.937 0.0000000000
13263  45.310  -52.705  13.102 0.0000000000
13900  44.773  -51.998  13.289 0.0000000000
13910  43.816  -51.735  12.745 0.0000000000
14543  43.043  -51.452  12.490 0.0000000000
13911  43.059  -51.869  12.135 0.0000000000
13912  42.552  -51.984  11.663 0.0000000000
148604  42.910  -52.324  11.846 0.0000000000
12699  44.116  -54.281  10.148 0.0000000000
145792  43.539  -54.002  10.742 0.0000000000
12700  43.075  -54.100  9.937 0.0000000000
12708  42.290  -54.110  9.350 0.0000000000
12126  43.561  -54.693  8.778 0.0000000000
140830  42.056  -59.951  7.072 0.0000000000
10206  43.870  -58.559  6.904 0.0000000000
10193  43.961  -58.259  7.781 0.0000000000
11130  45.991  -56.660  8.082 0.0000000000
11622  46.273  -55.602  8.519 0.0000000000
157292  46.124  -56.173  7.711 0.0000000000
11638  45.777  -56.263  6.294 0.0000000000
11631  45.885  -55.977  6.982 0.0000000000
11632  45.289  -55.924  6.637 0.0000000000
12149  43.657  -55.762  7.076 0.0000000000
11633  44.353  -55.919  6.495 0.0000000000
20962  36.439  -44.014  10.006 0.0000000000
20237  36.653  -44.616  11.062 0.0000000000
20218  37.060  -44.815  11.590 0.0000000000
20219  36.415  -45.068  11.542 0.0000000000
148144  35.769  -48.491  12.636 0.0000000000
147652  35.601  -46.910  12.222 0.0000000000
17842  36.208  -46.929  12.917 0.0000000000
18665  36.754  -46.400  13.504 0.0000000000
17837  36.723  -47.233  13.618 0.0000000000
17125  37.188  -47.489  14.241 0.0000000000
142266  37.150  -48.332  14.258 0.0000000000
148740  37.297  -50.462  14.554 0.0000000000
15751  37.571  -49.931  14.837 0.0000000000
148736  37.877  -50.442  15.047 0.0000000000
15102  39.008  -50.690  15.666 0.0000000000
14494  38.616  -51.343  15.416 0.0000000000
13242  39.299  -53.704  14.847 0.0000000000
13231  39.681  -53.199  15.355 0.0000000000
13861  40.158  -52.655  15.970 0.0000000000
17867  39.249  -47.385  10.590 0.0000000000
18709  40.043  -46.832  11.092 0.0000000000
18708  40.808  -46.141  10.107 0.0000000000
137522  43.628  -47.629  8.629 0.0000000000
13283  41.072  -53.344  9.815 0.0000000000
13920  40.206  -52.246  9.979 0.0000000000
16429  39.160  -49.291  15.592 0.0000000000
16428  39.629  -48.705  15.482 0.0000000000
15742  40.945  -50.263  15.798 0.0000000000
15111  42.152  -50.446  15.107 0.0000000000
140384  46.154  -52.918  14.208 0.0000000000
13885  46.045  -52.577  14.397 0.0000000000
13899  46.036  -52.895  13.655 0.0000000000
139979  45.969  -52.979  13.240 0.0000000000
13273  44.690  -53.011  12.510 0.0000000000
12687  43.829  -53.335  11.959 0.0000000000
12686  45.112  -53.590  11.993 0.0000000000
12698  45.263  -54.344  10.348 0.0000000000
12705  44.852  -54.573  9.642 0.0000000000
10671  45.623  -57.320  6.933 0.0000000000
10677  45.520  -57.748  6.165 0.0000000000
10676  45.903  -57.407  5.441 0.0000000000
16447  36.267  -48.950  13.258 0.0000000000
16441  36.817  -49.046  13.974 0.0000000000
15757  36.535  -49.735  13.682 0.0000000000
148264  36.781  -50.455  14.008 0.0000000000
14517  36.973  -51.249  14.243 0.0000000000
17845  41.724  -46.630  13.064 0.0000000000
139921  41.866  -46.419  12.036 0.0000000000
18731  40.085  -46.306  8.890 0.0000000000
18730  40.987  -46.396  8.907 0.0000000000
17892  41.423  -46.788  8.287 0.0000000000
17175  43.300  -47.861  8.137 0.0000000000
13848  42.700  -52.349  17.224 0.0000000000
14477  43.342  -51.988  16.894 0.0000000000
13847  43.728  -52.702  17.245 0.0000000000
13846  44.682  -53.007  17.063 0.0000000000
13228  45.728  -53.076  16.088 0.0000000000
12648  45.591  -53.647  15.847 0.0000000000
12659  45.887  -53.669  14.636 0.0000000000
12670  45.881  -54.188  13.637 0.0000000000
12679  46.376  -53.852  12.679 0.0000000000
15154  40.453  -50.112  11.752 0.0000000000
16460  39.869  -48.861  11.783 0.0000000000
15794  39.929  -49.633  11.468 0.0000000000
16471  39.061  -48.731  10.833 0.0000000000
17153  38.815  -48.140  10.470 0.0000000000
147052  39.094  -50.728  10.166 0.0000000000
16472  38.555  -48.851  10.257 0.0000000000
17879  38.978  -47.038  9.794 0.0000000000
18722  38.735  -46.798  9.075 0.0000000000
18741  39.742  -46.335  8.018 0.0000000000
12142  41.284  -55.150  7.233 0.0000000000
159929  38.592  -45.462  15.139 0.0000000000
19430  39.625  -45.099  15.445 0.0000000000
18640  39.239  -45.964  15.978 0.0000000000
15766  40.568  -49.275  13.015 0.0000000000
15776  40.773  -49.860  12.514 0.0000000000
150391  43.587  -51.051  14.637 0.0000000000
14515  44.922  -51.801  14.037 0.0000000000
15109  44.039  -51.220  13.980 0.0000000000
15122  43.209  -50.924  13.901 0.0000000000
15137  42.673  -50.807  13.367 0.0000000000
14529  42.541  -51.049  12.706 0.0000000000
15153  41.076  -50.529  12.066 0.0000000000
14545  41.541  -51.182  11.595 0.0000000000
13916  41.971  -51.918  11.177 0.0000000000
13279  41.818  -52.888  10.981 0.0000000000
12694  43.020  -53.593  11.347 0.0000000000
12695  42.209  -53.524  10.921 0.0000000000
13282  41.645  -53.402  10.418 0.0000000000
12702  41.684  -53.767  9.799 0.0000000000
12134  42.417  -54.918  8.124 0.0000000000
11595  45.230  -56.483  11.362 0.0000000000
153326  42.639  -59.349  7.596 0.0000000000
11112  45.763  -56.456  9.596 0.0000000000
11607  46.293  -55.755  9.895 0.0000000000
11615  46.262  -55.296  9.362 0.0000000000
12123  46.164  -55.063  9.291 0.0000000000
12130  46.024  -55.195  8.672 0.0000000000
11135  46.066  -56.160  7.233 0.0000000000
12137  45.982  -55.629  7.530 0.0000000000
12132  44.256  -55.119  8.314 0.0000000000
12133  43.284  -55.024  8.209 0.0000000000
12140  42.987  -55.379  7.613 0.0000000000
12141  42.124  -55.260  7.485 0.0000000000
12151  41.963  -55.505  6.857 0.0000000000
20960  37.637  -43.765  10.045 0.0000000000
20961  37.067  -43.926  10.091 0.0000000000
20235  37.743  -44.417  11.280 0.0000000000
20216  38.091  -44.583  12.011 0.0000000000
20200  37.838  -44.809  12.485 0.0000000000
19453  38.048  -44.883  13.301 0.0000000000
17854  34.951  -46.847  11.546 0.0000000000
19470  35.685  -45.511  11.499 0.0000000000
19463  36.255  -45.628  12.147 0.0000000000
18674  37.056  -45.660  13.293 0.0000000000
18663  37.836  -45.680  14.501 0.0000000000
18653  37.523  -46.284  14.561 0.0000000000
17828  38.172  -47.049  15.489 0.0000000000
17119  38.490  -47.708  15.550 0.0000000000
16436  37.248  -48.998  14.479 0.0000000000
16435  37.683  -49.251  14.943 0.0000000000
16430  38.398  -49.203  15.390 0.0000000000
15744  39.446  -50.000  15.745 0.0000000000
15101  39.760  -50.658  15.932 0.0000000000
14480  41.112  -51.460  16.597 0.0000000000
13863  38.872  -51.960  15.387 0.0000000000
144300  39.870  -51.901  16.018 0.0000000000
13849  41.815  -52.460  17.084 0.0000000000
17852  40.155  -47.484  11.945 0.0000000000
18687  40.994  -46.274  11.030 0.0000000000
18707  42.254  -46.083  10.359 0.0000000000
18728  42.695  -46.778  9.107 0.0000000000
18718  42.442  -46.266  9.673 0.0000000000
10194  43.306  -58.761  7.498 0.0000000000
10216  44.591  -58.865  5.417 0.0000000000
10651  45.468  -57.250  7.831 0.0000000000
11119  45.909  -56.567  8.813 0.0000000000
11129  46.167  -55.837  7.836 0.0000000000
11136  46.018  -56.713  7.389 0.0000000000
11142  45.971  -56.312  6.746 0.0000000000
11143  46.074  -56.641  6.666 0.0000000000
11145  45.939  -56.728  5.997 0.0000000000
11581  45.832  -55.617  11.670 0.0000000000
11593  46.340  -55.075  10.269 0.0000000000
11623  46.193  -56.081  8.254 0.0000000000
11625  46.057  -55.917  7.455 0.0000000000
12065  44.445  -55.507  15.304 0.0000000000
12098  44.814  -55.782  13.498 0.0000000000
12120  46.292  -54.837  9.996 0.0000000000
12124  45.596  -54.849  9.114 0.0000000000
12129  46.206  -55.379  8.779 0.0000000000
12131  45.278  -55.107  8.465 0.0000000000
12139  43.986  -55.484  7.705 0.0000000000
12147  45.525  -55.678  7.145 0.0000000000
12148  44.687  -55.728  7.125 0.0000000000
12157  41.454  -55.567  6.278 0.0000000000
12622  44.230  -54.368  17.976 0.0000000000
12691  46.252  -54.319  11.236 0.0000000000
12704  45.947  -54.607  9.806 0.0000000000
12706  43.811  -54.461  9.437 0.0000000000
12707  43.067  -54.324  9.201 0.0000000000
12712  41.937  -54.404  8.623 0.0000000000
12714  40.571  -54.098  8.269 0.0000000000
12717  41.604  -54.808  8.011 0.0000000000
12729  40.549  -54.814  7.304 0.0000000000
13215  45.117  -53.443  16.973 0.0000000000
13217  44.079  -53.450  17.639 0.0000000000
13240  46.068  -52.912  15.086 0.0000000000
13262  46.099  -53.359  12.981 0.0000000000
13272  45.977  -53.346  12.638 0.0000000000
13274  42.951  -53.043  11.811 0.0000000000
13278  42.409  -53.195  11.361 0.0000000000
13280  41.287  -52.932  10.433 0.0000000000
13287  40.623  -53.670  8.935 0.0000000000
13850  41.177  -52.054  16.785 0.0000000000
13851  40.505  -51.841  16.416 0.0000000000
13859  45.149  -52.309  15.817 0.0000000000
13862  39.427  -52.323  15.597 0.0000000000
13917  41.426  -52.187  10.507 0.0000000000
13919  40.835  -52.601  10.135 0.0000000000
13921  39.558  -51.827  9.968 0.0000000000
14489  42.535  -50.817  15.580 0.0000000000
14490  42.207  -51.068  16.246 0.0000000000
14491  40.705  -51.165  16.384 0.0000000000
14492  40.085  -51.263  16.175 0.0000000000
14503  45.776  -52.223  14.480 0.0000000000
14506  38.042  -51.208  15.025 0.0000000000
14528  43.338  -51.170  13.109 0.0000000000
14556  40.507  -51.147  10.603 0.0000000000
14560  38.617  -50.861  9.902 0.0000000000
15112  38.387  -50.738  15.359 0.0000000000
15123  42.284  -50.476  14.113 0.0000000000
15124  36.465  -51.049  13.774 0.0000000000
15139  41.348  -50.230  12.851 0.0000000000
15141  35.649  -50.890  12.878 0.0000000000
15182  39.360  -50.287  10.545 0.0000000000
15183  38.765  -50.252  10.138 0.0000000000
15743  40.251  -49.999  15.751 0.0000000000
15745  38.583  -50.008  15.496 0.0000000000
15765  41.016  -49.666  13.382 0.0000000000
15767  35.973  -49.723  13.048 0.0000000000
15795  39.578  -49.797  10.943 0.0000000000
16442  36.668  -48.452  13.679 0.0000000000
16446  40.459  -48.694  13.516 0.0000000000
16461  39.500  -49.170  11.129 0.0000000000
16482  38.063  -48.940  9.586 0.0000000000
16483  37.629  -49.100  8.992 0.0000000000
17126  36.811  -47.904  13.774 0.0000000000
17132  35.736  -47.683  12.507 0.0000000000
17137  35.370  -48.201  12.158 0.0000000000
17142  39.717  -48.143  11.605 0.0000000000
17143  39.290  -48.100  11.035 0.0000000000
17164  37.792  -48.285  9.055 0.0000000000
17829  37.558  -46.914  14.824 0.0000000000
17841  40.681  -47.537  13.533 0.0000000000
17868  38.693  -47.635  10.041 0.0000000000
17880  38.278  -47.479  9.366 0.0000000000
17890  44.353  -47.576  8.908 0.0000000000
17903  42.560  -47.669  8.011 0.0000000000
18641  38.675  -46.558  15.928 0.0000000000
18652  38.054  -46.245  15.229 0.0000000000
18664  37.280  -45.984  13.979 0.0000000000
18675  36.508  -46.031  12.835 0.0000000000
18686  42.043  -46.180  11.156 0.0000000000
18710  39.630  -46.644  10.193 0.0000000000
18719  41.478  -46.154  9.675 0.0000000000
18721  39.428  -46.494  9.396 0.0000000000
18729  41.822  -46.564  9.022 0.0000000000
18732  39.216  -46.433  8.615 0.0000000000
19419  40.028  -45.648  16.064 0.0000000000
19441  39.025  -44.809  14.524 0.0000000000
19443  37.627  -45.335  13.724 0.0000000000
19454  37.488  -45.123  12.934 0.0000000000
19455  36.914  -45.363  12.584 0.0000000000
19462  36.840  -45.156  11.995 0.0000000000
20170  39.746  -44.624  14.701 0.0000000000
20217  37.554  -44.659  11.766 0.0000000000
20946  37.424  -44.195  10.656 0.0000000000
20947  36.894  -44.272  10.608 0.0000000000
20948  36.188  -44.382  10.475 0.0000000000
136855  42.179  -47.173  8.481 0.0000000000
137034  34.292  -47.108  11.119 0.0000000000
141338  36.198  -50.493  13.363 0.0000000000
143550  45.833  -55.295  8.175 0.0000000000
147505  39.761  -49.496  15.585 0.0000000000
148868  40.684  -46.237  9.450 0.0000000000
148952  37.582  -48.582  14.776 0.0000000000
148953  38.128  -48.490  15.231 0.0000000000
150572  39.439  -48.607  11.305 0.0000000000
152460  40.207  -51.575  10.220 0.0000000000
152726  35.725  -44.164  9.800 0.0000000000
152754  41.800  -50.836  12.367 0.0000000000
152760  44.454  -52.330  12.786 0.0000000000
155812  40.740  -52.494  16.472 0.0000000000
156117  42.741  -53.864  10.668 0.0000000000
156956  35.722  -49.169  12.691 0.0000000000
157586  40.382  -47.742  12.666 0.0000000000
157634  39.164  -47.410  15.820 0.0000000000
158281  40.269  -46.351  10.433 0.0000000000
159183  43.727  -51.142  13.546 0.0000000000
160067  44.510  -54.120  10.785 0.0000000000
160811  45.999  -56.169  7.024 0.0000000000
161680  44.981  -52.591  16.419 0.0000000000
