#!ascii label  , from subject sub-v2s2x29073_ses-1 vox2ras=TkReg
1379
76718  -21.589  -11.537  -32.151 0.5555555820
78124  -22.608  -11.640  -33.161 0.6666666865
78146  -22.772  -11.220  -33.691 0.7777777910
78163  -23.323  -10.917  -34.291 0.7777777910
79431  -23.635  -9.964  -35.104 0.8888888955
80643  -27.149  -9.746  -35.604 0.8888888955
76707  -21.280  -11.819  -31.548 0.5555555820
78107  -21.292  -11.020  -32.426 0.5555555820
78122  -21.641  -10.823  -33.029 0.6666666865
79402  -21.418  -10.187  -33.537 0.8888888955
79420  -23.834  -10.551  -34.756 0.8888888955
80640  -24.273  -9.692  -35.554 0.8888888955
182294  -25.960  -8.991  -36.211 1.0000000000
80656  -27.525  -9.380  -36.492 0.8888888955
81879  -28.190  -8.491  -37.085 1.0000000000
79382  -20.443  -10.064  -32.385 0.7777777910
80623  -21.341  -9.037  -34.218 1.0000000000
81852  -21.553  -8.156  -34.895 1.0000000000
81854  -22.765  -8.878  -35.348 1.0000000000
83085  -24.229  -7.907  -36.664 1.0000000000
81853  -22.140  -8.367  -35.254 1.0000000000
81875  -25.010  -8.006  -36.884 1.0000000000
83084  -23.543  -7.389  -36.635 1.0000000000
194660  -24.679  -7.571  -37.152 1.0000000000
83094  -26.309  -7.715  -37.379 1.0000000000
83097  -28.680  -7.744  -37.180 1.0000000000
84303  -25.819  -7.280  -37.684 1.0000000000
84304  -26.522  -7.176  -37.557 1.0000000000
185561  -29.394  -7.405  -37.310 1.0000000000
85647  -28.486  -5.944  -37.885 1.0000000000
85633  -29.359  -6.095  -37.617 0.7777777910
178388  -21.161  -7.284  -35.301 0.8888888955
83071  -22.247  -7.697  -35.762 1.0000000000
83092  -24.178  -7.247  -37.146 1.0000000000
83083  -22.336  -7.178  -36.173 1.0000000000
84301  -24.229  -6.706  -37.684 1.0000000000
84316  -25.580  -6.649  -38.221 1.0000000000
165658  -27.143  -6.046  -38.173 1.0000000000
174465  -27.786  -5.830  -38.179 1.0000000000
85648  -29.858  -5.552  -37.845 1.0000000000
85649  -30.700  -5.772  -37.909 0.8888888955
87010  -30.307  -5.099  -38.066 1.0000000000
87011  -31.108  -5.134  -38.251 0.7777777910
87012  -31.985  -5.620  -38.817 0.7777777910
85606  -20.670  -6.048  -35.719 0.5555555820
85642  -22.587  -5.338  -37.879 0.7777777910
85630  -22.214  -5.627  -37.226 0.8888888955
84314  -24.311  -6.302  -38.185 1.0000000000
84315  -24.896  -6.595  -38.175 1.0000000000
85644  -24.041  -5.879  -38.498 0.8888888955
85658  -25.726  -5.719  -39.177 1.0000000000
85659  -26.184  -5.665  -39.140 1.0000000000
87027  -28.857  -4.793  -38.565 1.0000000000
87009  -29.605  -4.877  -38.226 0.8888888955
88343  -29.405  -4.247  -38.740 1.0000000000
88327  -31.182  -4.375  -38.541 0.8888888955
89702  -33.098  -4.408  -39.996 0.7777777910
171448  -33.895  -5.780  -40.768 0.6666666865
168218  -33.444  -4.739  -40.536 0.6666666865
88287  -20.551  -4.304  -36.735 0.4444444478
86992  -21.920  -5.029  -37.527 0.7777777910
88324  -21.937  -4.084  -38.414 0.6666666865
87036  -24.942  -4.822  -39.943 0.7777777910
87023  -25.022  -5.319  -39.555 0.8888888955
87038  -25.874  -4.933  -39.925 0.8888888955
87026  -27.519  -4.861  -39.228 1.0000000000
194009  -26.278  -4.770  -39.959 1.0000000000
88341  -27.345  -4.274  -39.862 1.0000000000
176620  -28.959  -3.900  -39.312 1.0000000000
89698  -30.044  -3.394  -39.208 0.8888888955
89699  -31.319  -3.067  -39.116 0.7777777910
89701  -32.765  -3.629  -39.527 0.7777777910
88380  -34.532  -5.598  -41.455 0.5555555820
89717  -33.188  -3.657  -40.108 0.7777777910
89732  -33.516  -3.880  -40.714 0.6666666865
167941  -22.538  -3.363  -39.673 0.6666666865
88323  -21.280  -3.682  -38.005 0.6666666865
88340  -23.694  -4.304  -39.756 0.7777777910
88358  -23.276  -3.545  -40.116 0.7777777910
88360  -24.890  -4.261  -40.362 0.8888888955
88362  -26.179  -4.451  -40.301 0.8888888955
88377  -26.034  -4.116  -40.682 1.0000000000
88378  -26.609  -3.809  -40.709 1.0000000000
89714  -28.237  -3.205  -40.328 1.0000000000
89696  -28.577  -3.552  -39.849 0.8888888955
91086  -30.342  -2.324  -39.763 0.8888888955
91088  -31.815  -2.499  -39.423 0.8888888955
89700  -32.093  -3.260  -39.157 0.7777777910
91101  -29.783  -1.985  -40.239 0.8888888955
92323  -31.548  -1.812  -39.685 0.7777777910
91102  -32.886  -2.179  -39.964 0.7777777910
177459  -33.688  -4.124  -41.477 0.7777777910
89742  -33.777  -4.291  -42.251 0.6666666865
89695  -21.921  -3.049  -39.280 0.6666666865
89683  -21.602  -3.380  -38.642 0.5555555820
89712  -22.739  -3.011  -40.173 0.7777777910
89728  -23.894  -3.271  -40.726 0.8888888955
165608  -26.103  -3.519  -41.187 0.8888888955
194410  -26.320  -3.023  -41.522 1.0000000000
89730  -27.275  -3.272  -40.814 1.0000000000
91099  -28.538  -2.649  -40.624 1.0000000000
89715  -28.916  -2.972  -40.163 0.8888888955
92336  -32.741  -1.256  -40.058 0.7777777910
187083  -33.199  -1.099  -40.466 0.7777777910
174895  -33.716  -2.251  -41.297 0.6666666865
166772  -33.504  -3.489  -42.654 0.5555555820
89750  -34.157  -4.436  -43.164 0.5555555820
89727  -23.176  -2.891  -40.650 0.7777777910
164444  -22.575  -2.492  -40.487 0.6666666865
91113  -24.501  -2.991  -41.242 0.8888888955
91129  -26.427  -2.491  -41.920 1.0000000000
91115  -27.157  -2.263  -41.771 1.0000000000
92346  -28.370  -1.564  -41.270 0.8888888955
189064  -29.331  -1.739  -40.590 0.8888888955
92347  -29.047  -1.126  -40.905 0.8888888955
92333  -30.418  -1.568  -40.089 0.8888888955
167404  -32.469  -0.542  -40.056 0.7777777910
93490  -33.325  -0.602  -40.932 0.7777777910
92361  -33.673  -1.356  -41.685 0.7777777910
173212  -33.651  -2.429  -42.145 0.5555555820
94629  -31.960  0.495  -40.343 0.7777777910
182217  -33.648  -0.939  -42.367 0.5555555820
91141  -33.434  -2.698  -43.068 0.5555555820
93504  -33.482  -0.316  -41.771 0.6666666865
93468  -20.967  -0.628  -39.955 0.4444444478
91110  -22.444  -1.883  -40.871 0.5555555820
92357  -24.417  -1.755  -42.336 0.7777777910
91128  -25.633  -2.361  -42.119 1.0000000000
91127  -24.355  -2.379  -41.731 0.8888888955
92359  -26.122  -1.893  -42.562 1.0000000000
92360  -27.418  -1.696  -42.091 0.8888888955
93484  -27.869  -1.112  -41.784 0.8888888955
93485  -28.467  -0.844  -41.327 0.8888888955
93486  -29.738  -0.377  -40.776 0.8888888955
176612  -30.416  -0.022  -40.603 0.8888888955
93489  -32.902  0.129  -40.703 0.6666666865
173713  -33.578  -1.079  -43.130 0.5555555820
94666  -22.981  0.459  -42.977 0.6666666865
93499  -22.776  -0.525  -42.173 0.6666666865
93513  -24.782  -0.586  -43.352 0.7777777910
93515  -26.571  -0.725  -42.921 0.8888888955
175821  -25.513  -0.326  -43.452 0.7777777910
94653  -26.946  -0.151  -42.484 0.7777777910
93502  -27.588  -0.285  -42.036 0.8888888955
95855  -27.505  0.904  -42.215 0.7777777910
183669  -28.253  -0.297  -41.652 0.8888888955
95841  -29.281  1.235  -41.201 0.7777777910
94640  -29.450  0.399  -41.067 0.7777777910
94627  -30.616  0.651  -40.662 0.6666666865
97084  -28.896  1.916  -41.513 0.6666666865
97071  -31.319  1.905  -40.788 0.6666666865
95843  -31.841  1.290  -40.648 0.6666666865
94641  -32.515  0.750  -40.613 0.5555555820
98529  -31.605  2.854  -41.138 0.6666666865
97072  -31.485  2.366  -40.897 0.5555555820
95865  -32.971  1.469  -42.400 0.5555555820
93516  -33.519  -0.365  -42.657 0.4444444478
193389  -32.817  1.869  -42.129 0.5555555820
97114  -21.647  2.964  -42.679 0.3333333433
97101  -21.852  2.086  -42.588 0.3333333433
95873  -23.040  1.543  -43.619 0.5555555820
94681  -23.325  0.881  -43.568 0.6666666865
95874  -23.648  1.541  -43.959 0.5555555820
94683  -24.749  0.692  -43.734 0.7777777910
172422  -26.161  0.859  -43.058 0.7777777910
193582  -26.514  2.207  -42.928 0.6666666865
170694  -26.842  0.734  -42.571 0.6666666865
97119  -26.497  1.596  -42.893 0.6666666865
97104  -28.324  1.880  -41.824 0.6666666865
98538  -28.529  2.620  -41.815 0.6666666865
98525  -29.140  3.120  -41.444 0.6666666865
98528  -30.995  3.275  -41.016 0.6666666865
97105  -32.199  2.680  -41.640 0.5555555820
98565  -32.588  2.848  -42.998 0.5555555820
164588  -31.868  3.278  -41.593 0.6666666865
98548  -21.774  3.867  -43.264 0.4444444478
193617  -21.298  3.829  -42.566 0.4444444478
172084  -22.122  3.187  -43.465 0.4444444478
98562  -22.853  3.843  -44.590 0.5555555820
97136  -23.243  2.231  -44.126 0.5555555820
97138  -24.432  2.418  -44.082 0.6666666865
97139  -25.183  1.891  -43.802 0.6666666865
97118  -25.954  2.230  -43.323 0.6666666865
97102  -26.961  2.189  -42.592 0.6666666865
98537  -27.836  3.066  -42.206 0.6666666865
99955  -28.421  3.615  -41.748 0.6666666865
193846  -31.451  4.112  -41.551 0.6666666865
99969  -31.937  4.172  -42.381 0.5555555820
98552  -32.321  3.467  -42.661 0.6666666865
99975  -22.284  4.432  -44.700 0.4444444478
98549  -25.136  3.324  -43.711 0.6666666865
97117  -25.145  2.671  -43.707 0.6666666865
99968  -26.237  3.625  -42.837 0.6666666865
169316  -27.268  2.751  -42.492 0.6666666865
98551  -26.571  2.790  -42.876 0.6666666865
99944  -30.125  4.113  -41.274 0.6666666865
197684  -22.567  -10.069  -34.502 0.8888888955
80637  -22.253  -9.089  -34.890 1.0000000000
80652  -23.998  -9.114  -35.812 1.0000000000
81868  -26.257  -8.577  -36.651 1.0000000000
88309  -20.923  -3.990  -37.378 0.5555555820
89697  -29.373  -3.317  -39.628 0.8888888955
91084  -21.626  -2.357  -39.484 0.5555555820
93469  -21.483  -0.815  -40.518 0.5555555820
91112  -23.730  -2.630  -41.196 0.7777777910
93471  -31.369  -0.621  -40.078 0.8888888955
180114  -20.725  0.045  -40.061 0.2222222239
94656  -33.243  0.378  -41.634 0.6666666865
94685  -33.342  0.138  -43.011 0.4444444478
181060  -23.837  3.089  -44.488 0.6666666865
99966  -24.733  3.940  -44.112 0.6666666865
89665  -20.530  -3.238  -37.599 0.4444444478
89694  -21.259  -2.670  -38.879 0.4444444478
195181  -32.362  2.778  -43.719 0.5555555820
95887  -32.462  1.647  -44.248 0.5555555820
99951  -20.966  4.412  -42.136 0.2222222239
99964  -21.353  4.604  -42.991 0.3333333433
98564  -32.260  3.354  -43.469 0.5555555820
75289  -21.552  -12.398  -31.331 0.5555555820
76708  -22.477  -12.409  -32.339 0.5555555820
76719  -22.188  -11.766  -32.614 0.6666666865
76734  -23.779  -12.069  -33.599 0.5555555820
78179  -25.802  -10.992  -35.185 0.7777777910
194358  -27.144  -10.280  -35.282 0.8888888955
78147  -23.543  -11.497  -33.895 0.6666666865
78164  -24.186  -11.224  -34.415 0.6666666865
78178  -25.168  -10.819  -35.303 0.8888888955
79443  -27.950  -10.183  -36.378 0.7777777910
176376  -28.255  -9.800  -36.886 0.7777777910
81880  -29.049  -8.667  -37.218 0.8888888955
76692  -20.380  -11.666  -30.333 0.4444444478
191631  -20.322  -10.289  -31.722 0.5555555820
80590  -20.296  -9.296  -32.581 0.2222222239
80606  -20.521  -9.023  -33.269 0.6666666865
84308  -30.586  -7.154  -37.727 0.8888888955
84320  -31.825  -7.356  -38.720 0.6666666865
85650  -31.532  -6.218  -38.403 0.7777777910
87013  -32.863  -6.499  -39.635 0.6666666865
81841  -20.542  -8.136  -34.023 0.5555555820
87029  -33.877  -6.349  -40.346 0.6666666865
84253  -20.071  -6.758  -34.550 0.4444444478
183135  -34.533  -6.126  -40.466 0.5555555820
163997  -36.044  -5.238  -41.720 0.5555555820
86950  -19.802  -4.882  -35.443 0.2222222239
173239  -35.031  -5.383  -41.920 0.5555555820
88308  -20.162  -3.541  -36.932 0.4444444478
185991  -35.121  -4.936  -43.106 0.5555555820
91054  -19.083  -1.943  -36.957 0.3333333433
89751  -35.234  -4.642  -43.776 0.5555555820
92331  -21.443  -1.318  -40.088 0.4444444478
170447  -34.449  -4.048  -44.024 0.4444444478
93453  -20.137  -0.586  -38.826 0.3333333433
187910  -33.757  -2.784  -44.478 0.5555555820
173224  -33.382  -1.229  -43.918 0.4444444478
98547  -21.010  3.334  -41.785 0.3333333433
97100  -21.315  2.249  -41.940 0.3333333433
95853  -21.747  1.347  -42.112 0.4444444478
94684  -33.025  0.321  -43.715 0.4444444478
170545  -32.593  0.856  -44.308 0.4444444478
186610  -31.984  1.805  -44.968 0.2222222239
101322  -21.520  5.222  -43.303 0.3333333433
168911  -23.325  3.822  -44.873 0.6666666865
175323  -25.522  3.815  -43.434 0.6666666865
98536  -27.001  3.465  -42.309 0.6666666865
99954  -27.982  4.286  -42.125 0.6666666865
101312  -28.186  4.943  -42.210 0.6666666865
101313  -29.494  5.142  -41.652 0.6666666865
101299  -30.656  4.540  -41.359 0.6666666865
99957  -31.586  4.474  -41.927 0.6666666865
99980  -32.120  4.099  -43.165 0.4444444478
98583  -31.748  2.606  -44.885 0.3333333433
99978  -24.091  4.354  -44.691 0.5555555820
187471  -20.995  -11.242  -31.798 0.5555555820
188278  -21.789  -11.282  -32.666 0.6666666865
75302  -21.880  -12.097  -31.940 0.6666666865
76720  -22.803  -12.117  -32.909 0.6666666865
78123  -22.176  -11.258  -33.149 0.7777777910
78145  -22.112  -10.714  -33.625 0.7777777910
79404  -22.650  -10.570  -34.154 0.8888888955
80639  -23.550  -9.382  -35.435 1.0000000000
80638  -22.893  -9.573  -34.989 1.0000000000
182432  -24.200  -10.250  -35.173 0.8888888955
179324  -22.194  -9.656  -34.527 1.0000000000
80655  -26.721  -9.040  -36.098 1.0000000000
80641  -25.126  -9.747  -35.788 0.8888888955
79433  -25.595  -10.313  -35.447 0.8888888955
76693  -20.964  -12.092  -30.914 0.4444444478
78091  -20.705  -11.447  -31.115 0.4444444478
79363  -20.707  -10.671  -32.096 0.6666666865
79383  -21.026  -10.446  -32.775 0.5555555820
79403  -22.080  -10.156  -34.093 0.8888888955
79432  -24.789  -10.282  -35.419 0.8888888955
80654  -25.417  -9.238  -36.111 1.0000000000
81869  -27.084  -8.662  -36.641 1.0000000000
80653  -24.698  -9.097  -36.103 1.0000000000
81867  -25.394  -8.636  -36.537 1.0000000000
80665  -28.586  -9.302  -37.120 1.0000000000
81878  -27.390  -8.301  -37.017 1.0000000000
80591  -20.718  -9.792  -33.091 0.6666666865
80608  -21.628  -9.649  -34.115 1.0000000000
81823  -20.797  -8.707  -33.857 0.8888888955
80607  -21.056  -9.428  -33.704 1.0000000000
81843  -21.709  -8.709  -34.686 1.0000000000
81842  -21.086  -8.311  -34.415 0.8888888955
83055  -21.096  -7.706  -34.856 1.0000000000
81855  -23.406  -8.772  -35.725 1.0000000000
81864  -23.474  -8.095  -36.215 1.0000000000
81865  -24.076  -8.585  -36.180 1.0000000000
81877  -26.621  -8.180  -37.081 1.0000000000
179059  -22.868  -7.582  -36.204 1.0000000000
83095  -26.920  -7.751  -37.278 1.0000000000
182590  -30.150  -7.673  -37.575 0.8888888955
172187  -28.030  -7.140  -37.321 1.0000000000
84317  -26.197  -6.712  -38.046 1.0000000000
174660  -25.271  -7.062  -37.884 1.0000000000
84319  -27.756  -6.451  -37.671 1.0000000000
84306  -28.776  -6.764  -37.422 1.0000000000
84307  -29.764  -6.854  -37.418 0.8888888955
85635  -31.003  -6.672  -38.036 0.7777777910
84272  -21.667  -7.105  -35.827 1.0000000000
84254  -20.543  -7.119  -34.869 0.5555555820
83054  -20.568  -7.698  -34.391 0.6666666865
83070  -21.645  -7.721  -35.329 1.0000000000
180481  -20.175  -7.276  -34.317 0.5555555820
84288  -22.866  -6.858  -36.638 1.0000000000
84287  -22.084  -6.624  -36.388 0.8888888955
85632  -23.642  -6.213  -37.786 1.0000000000
85646  -25.360  -6.150  -38.719 1.0000000000
85660  -26.629  -5.822  -38.704 1.0000000000
87007  -27.327  -5.527  -38.705 1.0000000000
163887  -29.049  -5.421  -38.107 1.0000000000
194093  -31.551  -4.887  -38.506 0.8888888955
188458  -32.486  -5.256  -39.312 0.7777777910
87028  -33.172  -6.065  -40.074 0.6666666865
85605  -20.071  -5.642  -35.287 0.5555555820
84270  -20.287  -6.379  -35.113 0.5555555820
86951  -20.432  -5.332  -35.893 0.6666666865
85619  -21.121  -5.694  -36.310 0.6666666865
84271  -20.935  -6.726  -35.503 0.7777777910
85620  -21.819  -5.973  -36.630 0.7777777910
85629  -21.554  -5.335  -36.889 0.7777777910
87004  -22.260  -4.752  -38.181 0.6666666865
87005  -22.942  -5.078  -38.550 0.8888888955
85643  -23.272  -5.655  -38.229 0.8888888955
87006  -23.706  -5.350  -38.864 0.8888888955
84299  -22.505  -6.204  -36.903 0.8888888955
85631  -22.882  -5.894  -37.536 1.0000000000
85656  -24.524  -5.582  -39.064 0.8888888955
87025  -26.120  -5.253  -39.584 1.0000000000
193311  -28.279  -4.698  -38.978 1.0000000000
88326  -29.994  -3.888  -38.865 0.8888888955
89685  -31.585  -3.815  -38.852 0.8888888955
186680  -31.875  -4.632  -38.762 0.7777777910
88346  -32.836  -4.789  -39.680 0.7777777910
87044  -34.983  -5.798  -40.835 0.5555555820
88379  -33.804  -5.147  -41.247 0.6666666865
88310  -21.606  -4.389  -37.788 0.5555555820
88286  -19.812  -3.862  -36.264 0.3333333433
86975  -20.150  -4.609  -36.078 0.3333333433
86976  -20.863  -5.008  -36.520 0.4444444478
88339  -22.935  -4.036  -39.424 0.6666666865
88325  -22.605  -4.428  -38.798 0.7777777910
87039  -26.740  -4.805  -39.706 1.0000000000
88364  -27.852  -3.719  -40.072 1.0000000000
165326  -30.601  -2.940  -39.281 0.7777777910
89716  -32.963  -2.933  -39.871 0.7777777910
88390  -34.072  -5.059  -41.892 0.5555555820
88359  -24.129  -3.934  -40.300 0.8888888955
89731  -27.889  -2.925  -40.760 1.0000000000
92337  -33.288  -1.800  -40.361 0.7777777910
91118  -33.631  -3.025  -40.962 0.7777777910
91130  -33.635  -3.246  -41.746 0.6666666865
89682  -20.915  -2.963  -38.241 0.4444444478
89729  -25.317  -3.318  -41.244 0.8888888955
169940  -27.498  -2.615  -41.200 1.0000000000
91116  -28.159  -2.296  -41.069 0.8888888955
92335  -31.951  -1.053  -39.890 0.7777777910
92348  -33.505  -1.513  -40.857 0.6666666865
89749  -33.646  -3.524  -43.501 0.5555555820
91097  -21.386  -1.783  -39.666 0.5555555820
179985  -22.866  -1.752  -41.408 0.6666666865
89740  -25.094  -2.725  -41.730 0.8888888955
92345  -27.800  -1.972  -41.627 1.0000000000
92332  -29.813  -1.255  -40.493 0.8888888955
93488  -32.520  0.070  -40.259 0.8888888955
93487  -30.016  0.304  -40.808 0.8888888955
92379  -33.541  -1.926  -43.535 0.5555555820
92343  -21.935  -1.323  -40.680 0.5555555820
92344  -22.387  -1.284  -41.315 0.5555555820
92358  -25.316  -1.842  -42.560 1.0000000000
92369  -25.002  -1.267  -42.932 0.7777777910
92355  -22.998  -1.237  -41.907 0.7777777910
93501  -27.131  -1.045  -42.431 0.8888888955
92370  -25.781  -1.368  -43.008 0.7777777910
190320  -33.412  -2.138  -44.405 0.5555555820
94651  -21.962  0.482  -41.936 0.5555555820
94652  -22.558  0.117  -42.371 0.5555555820
192828  -22.841  1.043  -43.143 0.4444444478
93511  -23.193  -0.192  -42.778 0.6666666865
94667  -24.358  0.096  -43.591 0.6666666865
93500  -23.435  -0.837  -42.545 0.7777777910
93483  -22.408  -0.791  -41.691 0.7777777910
93498  -22.185  -0.212  -41.778 0.6666666865
94668  -25.001  0.040  -43.670 0.7777777910
182493  -25.527  -0.889  -43.367 0.7777777910
93503  -28.083  0.501  -41.860 0.7777777910
95840  -28.558  1.247  -41.643 0.6666666865
95828  -30.420  1.242  -40.783 0.6666666865
95842  -29.966  1.577  -40.934 0.6666666865
98526  -29.656  2.720  -41.104 0.6666666865
97086  -30.156  2.274  -40.908 0.6666666865
95856  -32.789  1.547  -41.705 0.5555555820
94655  -33.143  0.909  -41.960 0.5555555820
184348  -32.837  1.365  -43.391 0.4444444478
93523  -33.096  -0.540  -44.243 0.4444444478
97120  -32.773  2.149  -42.626 0.5555555820
95863  -22.395  1.596  -43.002 0.4444444478
97116  -22.738  2.125  -43.639 0.5555555820
95875  -24.430  1.553  -43.937 0.6666666865
95864  -25.747  1.389  -43.397 0.7777777910
190469  -30.442  3.568  -41.055 0.6666666865
99946  -31.506  3.592  -41.334 0.6666666865
167010  -23.340  3.055  -44.470 0.5555555820
193404  -27.708  3.702  -42.119 0.6666666865
166889  -28.780  4.543  -41.741 0.6666666865
91074  -20.572  -2.231  -38.448 0.4444444478
93481  -21.217  -0.134  -40.641 0.3333333433
89639  -19.406  -3.087  -36.417 0.4444444478
89681  -20.152  -2.481  -37.839 0.4444444478
172482  -31.935  1.023  -45.370 0.3333333433
99989  -31.911  3.788  -44.045 0.3333333433
79422  -27.319  -10.941  -35.086 0.6666666865
180044  -21.189  -12.744  -30.759 0.5555555820
181966  -30.525  -8.630  -37.872 0.7777777910
76676  -20.648  -12.440  -30.303 0.3333333433
78106  -20.432  -10.852  -31.420 0.4444444478
85651  -32.479  -7.021  -39.206 0.6666666865
86925  -19.703  -5.196  -35.105 0.1111111119
86949  -19.388  -4.408  -35.222 0.1111111119
89664  -19.673  -2.654  -37.101 0.4444444478
91073  -19.803  -1.703  -38.015 0.3333333433
91082  -20.311  -1.633  -38.589 0.3333333433
94650  -21.362  0.812  -41.439 0.3333333433
101316  -31.356  5.143  -41.902 0.6666666865
101337  -31.915  4.887  -42.904 0.4444444478
73982  -26.541  -13.898  -33.072 0.4444444478
75306  -28.225  -13.091  -31.664 0.2222222239
75291  -22.472  -13.391  -31.467 0.4444444478
73960  -23.251  -13.728  -31.748 0.4444444478
75313  -23.117  -12.707  -32.689 0.4444444478
187198  -23.713  -12.863  -32.947 0.4444444478
75315  -26.012  -13.499  -33.306 0.4444444478
75344  -27.006  -13.081  -33.967 0.4444444478
76738  -28.338  -12.473  -33.593 0.2222222239
76735  -24.511  -12.277  -33.731 0.4444444478
76736  -25.352  -12.517  -33.950 0.4444444478
75342  -25.993  -12.600  -34.450 0.4444444478
78148  -29.314  -11.547  -33.700 0.1111111119
78126  -29.819  -10.884  -33.243 0.1111111119
76750  -26.410  -12.089  -34.650 0.4444444478
76752  -28.058  -12.110  -34.212 0.3333333433
76747  -24.160  -11.758  -33.958 0.4444444478
76749  -25.605  -12.005  -34.525 0.4444444478
76751  -27.179  -12.432  -34.272 0.3333333433
78167  -28.753  -11.701  -34.719 0.3333333433
78149  -29.714  -11.189  -34.024 0.2222222239
168202  -27.263  -11.670  -34.608 0.4444444478
181448  -28.030  -11.521  -34.864 0.3333333433
76748  -24.827  -11.815  -34.195 0.5555555820
78166  -25.903  -11.560  -34.872 0.4444444478
79438  -30.142  -10.778  -35.735 0.2222222239
80644  -31.241  -9.924  -35.276 0.1111111119
83056  -32.165  -7.922  -35.188 0.1111111119
79437  -29.358  -11.047  -35.930 0.3333333433
79446  -29.964  -10.619  -36.456 0.3333333433
79444  -28.590  -10.383  -36.748 0.4444444478
80666  -30.003  -9.752  -37.308 0.5555555820
81882  -30.896  -9.428  -37.731 0.6666666865
81872  -32.583  -9.066  -37.501 0.4444444478
81881  -29.894  -8.998  -37.459 0.6666666865
85636  -33.789  -6.189  -37.249 0.3333333433
173875  -31.526  -8.991  -38.307 0.6666666865
186434  -33.363  -7.761  -38.479 0.5555555820
83099  -31.022  -8.162  -38.189 0.6666666865
84321  -32.593  -7.902  -39.042 0.5555555820
85653  -33.964  -6.643  -38.394 0.5555555820
84311  -33.563  -7.048  -37.918 0.4444444478
188256  -34.377  -6.051  -38.403 0.3333333433
84309  -31.273  -7.572  -38.332 0.5555555820
187492  -34.908  -5.851  -39.651 0.4444444478
87041  -35.282  -5.605  -40.067 0.5555555820
87014  -34.698  -5.872  -38.930 0.4444444478
88365  -35.769  -5.338  -40.443 0.4444444478
99953  -26.754  4.216  -42.669 0.5555555820
168270  -25.995  4.394  -43.157 0.5555555820
101311  -27.424  4.816  -42.582 0.5555555820
177927  -28.783  5.416  -42.029 0.5555555820
170711  -30.199  5.538  -41.591 0.5555555820
102618  -30.260  6.222  -41.649 0.5555555820
73962  -25.104  -14.085  -32.413 0.4444444478
73984  -27.720  -13.694  -32.907 0.2222222239
78168  -29.324  -11.484  -34.541 0.2222222239
79423  -30.321  -10.664  -34.840 0.2222222239
79424  -30.870  -10.176  -34.797 0.1111111119
80659  -31.224  -10.170  -36.734 0.4444444478
81871  -32.179  -9.347  -36.719 0.3333333433
80658  -29.928  -10.278  -36.953 0.4444444478
191948  -32.329  -9.101  -38.365 0.6666666865
83101  -32.863  -8.595  -38.123 0.4444444478
196626  -35.085  -5.484  -38.990 0.3333333433
88348  -35.980  -4.846  -39.616 0.4444444478
88392  -36.649  -5.037  -42.269 0.4444444478
102614  -27.044  5.567  -43.014 0.5555555820
102639  -26.504  6.141  -43.383 0.5555555820
76721  -23.403  -12.388  -33.183 0.4444444478
84289  -32.959  -7.084  -36.384 0.2222222239
102619  -30.933  5.865  -41.797 0.5555555820
72660  -23.925  -15.058  -31.068 0.4444444478
72671  -25.074  -14.808  -31.818 0.4444444478
72672  -25.914  -15.159  -31.769 0.4444444478
73965  -27.449  -14.165  -31.725 0.2222222239
73947  -27.912  -13.657  -31.262 0.2222222239
75292  -28.352  -13.081  -30.833 0.1111111119
73943  -22.071  -13.734  -30.873 0.4444444478
73944  -22.817  -14.064  -31.121 0.4444444478
76722  -28.448  -12.548  -32.879 0.1111111119
78125  -29.322  -11.455  -32.840 0.1111111119
76694  -28.647  -12.515  -31.264 0.1111111119
79384  -30.241  -10.361  -32.573 0.1111111119
79406  -30.673  -10.180  -34.102 0.1111111119
81825  -31.902  -8.407  -33.716 0.1111111119
83057  -32.773  -7.227  -34.756 0.1111111119
84274  -33.378  -6.440  -35.916 0.2222222239
86993  -34.665  -5.119  -37.004 0.1111111119
85621  -33.757  -5.996  -36.313 0.2222222239
87015  -35.159  -5.123  -38.343 0.2222222239
168162  -36.238  -4.306  -38.771 0.2222222239
88349  -36.681  -4.092  -39.456 0.3333333433
88366  -36.411  -4.918  -40.815 0.4444444478
88382  -37.013  -4.786  -41.597 0.3333333433
88393  -37.681  -4.811  -42.544 0.3333333433
88391  -35.743  -5.115  -42.572 0.4444444478
88403  -36.957  -4.946  -43.055 0.3333333433
94638  -21.635  0.131  -41.311 0.4444444478
91150  -33.983  -3.335  -44.244 0.4444444478
93531  -32.810  -0.683  -44.981 0.3333333433
99977  -23.270  4.421  -45.223 0.4444444478
102641  -31.771  5.650  -42.701 0.5555555820
101323  -25.695  5.197  -43.573 0.5555555820
169337  -26.353  5.559  -43.368 0.5555555820
102615  -27.942  5.683  -42.530 0.5555555820
102616  -28.707  6.230  -42.152 0.5555555820
103865  -29.862  6.805  -41.720 0.5555555820
102638  -25.749  5.951  -43.712 0.5555555820
75303  -22.159  -12.715  -31.718 0.4444444478
75304  -22.843  -13.062  -32.085 0.4444444478
78165  -25.157  -11.330  -34.822 0.5555555820
78180  -26.553  -11.220  -34.896 0.5555555820
79435  -27.683  -10.566  -35.717 0.6666666865
191792  -29.332  -9.368  -37.230 0.6666666865
165309  -33.025  -7.574  -39.246 0.5555555820
85652  -33.304  -7.265  -39.550 0.5555555820
87030  -34.352  -6.456  -39.834 0.4444444478
88402  -36.092  -4.875  -43.438 0.4444444478
94693  -32.761  0.075  -44.635 0.3333333433
78181  -28.063  -11.093  -35.478 0.3333333433
73980  -25.152  -13.464  -33.012 0.4444444478
73983  -27.143  -13.928  -33.068 0.4444444478
174121  -27.339  -14.136  -32.471 0.3333333433
75330  -26.772  -13.561  -33.534 0.4444444478
73981  -25.907  -13.991  -32.783 0.4444444478
73966  -27.853  -13.726  -32.137 0.3333333433
76709  -28.522  -12.511  -32.062 0.1111111119
75305  -23.682  -13.335  -32.456 0.4444444478
73961  -24.186  -14.098  -31.988 0.4444444478
73979  -24.466  -13.635  -32.596 0.4444444478
75328  -24.075  -12.641  -33.343 0.4444444478
75314  -24.310  -13.149  -32.982 0.4444444478
75329  -24.815  -12.867  -33.434 0.4444444478
187722  -26.168  -13.065  -33.938 0.4444444478
75331  -27.467  -13.475  -33.490 0.4444444478
76737  -27.697  -12.799  -33.777 0.4444444478
75332  -28.018  -13.125  -33.264 0.2222222239
76723  -28.890  -12.089  -33.317 0.1111111119
76739  -28.851  -12.044  -34.082 0.2222222239
172649  -30.382  -10.200  -33.314 0.1111111119
78109  -29.768  -10.933  -32.355 0.1111111119
78184  -29.698  -11.145  -35.190 0.3333333433
78182  -28.705  -11.364  -35.453 0.3333333433
78169  -29.839  -11.068  -34.544 0.2222222239
181449  -31.202  -10.233  -35.968 0.2222222239
81856  -31.945  -8.841  -35.628 0.1111111119
80626  -31.580  -9.242  -35.009 0.1111111119
81845  -31.822  -8.445  -34.645 0.1111111119
79445  -29.235  -10.631  -36.668 0.3333333433
80667  -30.714  -10.022  -37.218 0.4444444478
81883  -32.114  -9.471  -37.598 0.4444444478
84310  -33.188  -7.644  -37.609 0.3333333433
80660  -31.803  -9.765  -36.953 0.4444444478
83073  -32.383  -8.451  -36.271 0.3333333433
85622  -34.184  -5.554  -36.672 0.1111111119
83100  -31.996  -8.435  -38.738 0.5555555820
83104  -32.700  -8.493  -38.767 0.5555555820
188167  -33.820  -7.102  -39.299 0.5555555820
173046  -34.690  -5.368  -37.894 0.3333333433
186341  -36.790  -4.271  -40.175 0.4444444478
101324  -26.574  4.959  -43.074 0.5555555820
102617  -29.506  6.024  -41.717 0.5555555820
73963  -25.900  -14.613  -32.255 0.4444444478
81844  -31.465  -8.828  -34.232 0.1111111119
103876  -25.796  6.622  -43.831 0.5555555820
83074  -32.611  -7.531  -35.805 0.2222222239
72661  -24.668  -15.260  -31.283 0.4444444478
73945  -23.611  -14.379  -31.317 0.4444444478
72673  -26.544  -14.912  -31.820 0.4444444478
72664  -27.110  -14.684  -31.409 0.2222222239
72674  -27.070  -14.530  -32.051 0.4444444478
78108  -29.335  -11.447  -32.031 0.1111111119
169745  -28.997  -11.995  -31.673 0.1111111119
80609  -30.890  -9.600  -33.442 0.1111111119
192844  -25.404  -18.408  -26.578 0.1111111119
68595  -22.302  -17.089  -28.352 0.3333333433
67253  -24.415  -18.592  -28.458 0.2222222239
67241  -24.574  -18.886  -27.874 0.2222222239
68572  -25.787  -17.740  -26.454 0.1111111119
173848  -25.636  -17.455  -27.102 0.1111111119
71244  -21.607  -15.953  -28.357 0.3333333433
69906  -21.762  -16.575  -28.059 0.3333333433
197037  -23.159  -16.868  -29.368 0.3333333433
68607  -24.117  -17.738  -29.388 0.3333333433
67263  -24.358  -18.212  -28.970 0.2222222239
68608  -24.858  -17.603  -29.240 0.2222222239
68588  -25.291  -17.666  -27.806 0.2222222239
69907  -26.099  -17.033  -26.788 0.1111111119
68599  -25.397  -17.343  -28.492 0.2222222239
73897  -20.532  -14.340  -28.504 0.2222222239
72640  -21.052  -14.711  -28.874 0.2222222239
72624  -20.772  -14.918  -28.284 0.2222222239
69920  -22.149  -16.429  -28.680 0.3333333433
69921  -22.736  -16.939  -28.931 0.3333333433
69922  -25.757  -16.691  -28.355 0.1111111119
75255  -20.578  -13.592  -29.496 0.2222222239
72650  -21.261  -14.329  -29.550 0.3333333433
71275  -21.662  -15.093  -29.256 0.3333333433
73931  -21.694  -14.068  -30.262 0.3333333433
72651  -22.011  -14.794  -29.907 0.3333333433
72652  -22.753  -15.192  -30.227 0.3333333433
71278  -23.870  -16.348  -30.247 0.3333333433
71277  -23.069  -15.920  -29.967 0.3333333433
69934  -24.728  -16.794  -30.201 0.3333333433
71289  -25.208  -16.327  -30.576 0.3333333433
69943  -25.383  -16.682  -30.011 0.3333333433
71279  -25.847  -16.174  -29.539 0.1111111119
75274  -20.369  -12.774  -29.648 0.2222222239
75275  -20.825  -13.141  -30.180 0.3333333433
73932  -22.420  -14.444  -30.519 0.3333333433
71296  -24.320  -15.594  -30.942 0.3333333433
71290  -25.757  -16.078  -30.302 0.3333333433
71291  -26.316  -15.673  -29.920 0.1111111119
75290  -21.796  -13.039  -31.129 0.3333333433
72659  -23.170  -14.791  -30.803 0.3333333433
72662  -25.473  -15.465  -31.364 0.3333333433
175581  -26.135  -15.467  -31.339 0.3333333433
88367  -37.380  -3.754  -39.941 0.2222222239
164394  -37.272  -4.182  -40.772 0.2222222239
89733  -38.135  -3.652  -40.643 0.2222222239
89759  -35.569  -4.147  -44.499 0.3333333433
88409  -36.356  -4.538  -44.229 0.2222222239
68596  -22.976  -17.598  -28.636 0.3333333433
68597  -23.737  -18.065  -28.907 0.3333333433
68587  -24.833  -18.276  -28.020 0.2222222239
167293  -25.809  -16.925  -27.593 0.1111111119
73918  -20.736  -14.154  -29.020 0.3333333433
179953  -23.399  -16.586  -29.774 0.3333333433
172331  -24.504  -17.322  -29.773 0.3333333433
75276  -21.395  -13.425  -30.584 0.3333333433
65974  -24.366  -19.500  -27.586 0.1111111119
65958  -25.324  -19.041  -26.376 0.1111111119
68585  -21.229  -17.136  -27.125 0.3333333433
68586  -21.852  -17.303  -27.606 0.3333333433
193689  -22.400  -18.170  -27.451 0.3333333433
67251  -23.263  -18.331  -28.262 0.3333333433
65983  -24.268  -19.091  -28.111 0.3333333433
67205  -26.242  -18.669  -25.662 0.1111111119
68549  -26.304  -17.963  -25.860 0.1111111119
71243  -20.975  -15.545  -27.957 0.3333333433
68573  -26.504  -17.326  -26.234 0.1111111119
69908  -26.418  -16.421  -27.140 0.1111111119
73917  -20.343  -13.732  -28.714 0.2222222239
71264  -26.010  -16.154  -28.656 0.1111111119
71280  -26.419  -15.655  -29.055 0.1111111119
72642  -26.821  -15.110  -29.426 0.1111111119
71299  -26.234  -15.656  -30.719 0.1111111119
76675  -20.244  -12.135  -29.775 0.1111111119
88383  -38.111  -4.254  -41.735 0.2222222239
89768  -36.092  -3.630  -45.324 0.2222222239
187794  -36.514  -4.002  -44.804 0.2222222239
78090  -20.237  -10.979  -30.645 0.2222222239
88404  -38.321  -4.554  -43.567 0.2222222239
67228  -24.896  -19.003  -27.110 0.1111111119
195356  -22.537  -17.694  -28.063 0.3333333433
67252  -24.075  -18.612  -28.535 0.3333333433
71263  -21.345  -15.340  -28.625 0.3333333433
175177  -21.325  -16.132  -27.854 0.2222222239
69905  -21.292  -16.633  -27.489 0.3333333433
68606  -23.389  -17.425  -29.183 0.3333333433
69932  -22.645  -16.292  -29.340 0.3333333433
69933  -23.771  -17.167  -29.616 0.3333333433
69935  -25.068  -17.194  -29.791 0.2222222239
71276  -21.954  -15.774  -28.979 0.3333333433
69923  -26.173  -16.215  -27.856 0.1111111119
68609  -25.496  -16.919  -29.230 0.1111111119
186397  -21.104  -13.720  -30.047 0.3333333433
72641  -22.328  -15.525  -29.615 0.3333333433
71288  -24.475  -16.130  -30.639 0.3333333433
71287  -23.623  -15.593  -30.586 0.3333333433
71297  -24.988  -15.812  -30.972 0.3333333433
75254  -20.228  -13.009  -28.921 0.2222222239
71298  -25.644  -15.835  -30.895 0.3333333433
72663  -26.660  -15.145  -31.067 0.1111111119
65957  -24.657  -19.841  -26.889 0.1111111119
67239  -23.105  -18.706  -27.631 0.3333333433
67240  -23.817  -18.949  -27.990 0.3333333433
71223  -20.833  -16.024  -27.382 0.2222222239
89719  -38.973  -3.491  -40.642 0.1111111119
89744  -41.017  -3.711  -42.310 0.1111111119
89734  -39.028  -3.892  -41.646 0.1111111119
89752  -39.460  -3.907  -43.557 0.1111111119
91143  -39.789  -3.438  -43.501 0.1111111119
88410  -37.271  -4.673  -43.917 0.1111111119
185156  -39.477  -3.634  -44.001 0.1111111119
88411  -38.198  -4.220  -44.270 0.1111111119
91152  -39.016  -3.387  -44.387 0.1111111119
91156  -33.872  -2.596  -45.129 0.2222222239
89760  -37.466  -4.002  -44.682 0.1111111119
89761  -38.505  -3.689  -44.748 0.1111111119
91163  -33.343  -2.013  -46.097 0.1111111119
92388  -33.098  -1.357  -44.667 0.2222222239
94702  -32.462  -0.144  -45.367 0.1111111119
91164  -34.040  -2.536  -46.035 0.1111111119
91168  -33.257  -1.971  -47.000 0.1111111119
99967  -25.248  4.521  -43.727 0.4444444478
95886  -32.331  0.552  -45.053 0.1111111119
102658  -23.875  5.682  -44.392 0.4444444478
101336  -24.712  5.176  -43.917 0.4444444478
94715  -31.537  -0.052  -46.386 0.1111111119
102640  -27.288  6.313  -42.975 0.4444444478
101343  -31.882  4.698  -43.828 0.3333333433
98582  -31.270  2.816  -45.538 0.1111111119
191655  -31.625  1.553  -45.707 0.1111111119
95918  -31.194  1.336  -46.372 0.1111111119
103877  -26.660  6.868  -43.438 0.4444444478
183635  -26.805  7.753  -43.459 0.4444444478
105164  -28.200  7.240  -42.656 0.4444444478
105165  -28.593  7.696  -42.298 0.4444444478
105166  -29.321  7.450  -41.943 0.4444444478
105167  -30.185  7.493  -41.891 0.4444444478
175301  -31.627  7.141  -42.800 0.4444444478
103880  -31.642  6.440  -42.619 0.2222222239
102675  -31.799  6.169  -43.850 0.2222222239
101342  -31.531  4.890  -44.668 0.2222222239
99996  -31.159  4.314  -45.312 0.2222222239
184568  -31.133  3.578  -45.476 0.2222222239
106474  -29.752  8.711  -47.219 0.1111111119
103937  -30.048  7.004  -47.040 0.1111111119
194761  -29.972  2.948  -47.341 0.1111111119
193900  -23.661  7.170  -44.891 0.4444444478
103890  -24.794  7.057  -44.447 0.4444444478
186142  -25.107  7.707  -44.354 0.3333333433
169934  -28.070  8.677  -42.849 0.4444444478
178536  -28.778  8.790  -42.468 0.4444444478
106415  -29.049  8.197  -42.155 0.4444444478
106416  -29.815  8.116  -42.062 0.4444444478
105181  -31.393  7.756  -42.726 0.4444444478
108609  -28.817  10.123  -42.987 0.3333333433
106433  -31.605  8.087  -43.349 0.3333333433
186215  -31.596  7.532  -44.644 0.1111111119
103914  -31.327  6.827  -45.132 0.1111111119
103923  -30.916  6.598  -45.779 0.1111111119
101356  -31.155  5.207  -45.286 0.2222222239
102705  -30.842  5.644  -45.861 0.1111111119
102704  -30.475  6.015  -46.400 0.1111111119
106426  -25.795  8.091  -43.998 0.3333333433
106427  -26.482  8.462  -43.799 0.3333333433
107548  -28.394  9.387  -42.878 0.3333333433
107550  -30.257  9.314  -42.755 0.4444444478
107561  -30.591  10.001  -43.332 0.2222222239
107562  -31.074  9.256  -43.316 0.2222222239
106453  -31.472  8.637  -44.832 0.2222222239
105199  -31.207  7.947  -45.405 0.1111111119
108624  -30.634  10.647  -43.796 0.1111111119
166088  -31.048  9.970  -43.906 0.1111111119
107572  -31.099  9.863  -45.177 0.1111111119
105207  -30.884  7.418  -45.958 0.1111111119
108637  -30.996  10.590  -45.015 0.1111111119
106467  -30.793  9.015  -46.091 0.1111111119
169373  -30.832  8.176  -46.049 0.1111111119
106442  -24.855  8.315  -44.500 0.3333333433
167495  -24.565  9.083  -44.588 0.3333333433
107558  -25.170  9.797  -44.707 0.3333333433
107546  -26.718  9.122  -43.908 0.3333333433
107547  -27.588  9.250  -43.340 0.3333333433
108608  -27.915  10.016  -43.326 0.2222222239
108623  -30.114  10.539  -43.360 0.2222222239
109728  -29.969  11.147  -43.608 0.1111111119
108650  -30.867  10.323  -45.745 0.1111111119
173128  -30.202  9.233  -46.780 0.1111111119
108677  -29.128  10.722  -47.803 0.1111111119
108606  -22.406  10.759  -42.356 0.1111111119
108607  -23.158  10.661  -43.445 0.1111111119
108617  -23.901  10.615  -44.630 0.2222222239
109722  -24.222  11.070  -44.920 0.2222222239
108619  -25.365  10.557  -44.990 0.3333333433
109724  -25.946  11.229  -44.725 0.2222222239
107560  -27.033  9.883  -43.809 0.3333333433
108620  -26.467  10.500  -44.340 0.3333333433
109725  -27.453  11.262  -44.204 0.2222222239
109726  -28.144  11.542  -44.100 0.1111111119
110968  -28.304  12.263  -44.162 0.1111111119
110974  -29.160  12.240  -44.073 0.1111111119
183786  -29.997  12.160  -44.336 0.1111111119
109734  -30.837  11.331  -44.854 0.1111111119
109748  -30.799  11.231  -45.635 0.1111111119
109747  -30.483  11.659  -46.350 0.1111111119
107585  -30.017  10.008  -47.011 0.1111111119
175341  -29.178  8.989  -47.616 0.1111111119
105220  -28.591  8.059  -48.160 0.1111111119
109717  -22.986  11.365  -42.828 0.1111111119
110950  -23.457  12.128  -41.887 0.1111111119
109718  -23.649  11.399  -43.785 0.1111111119
110956  -24.012  12.270  -42.956 0.1111111119
112050  -25.143  12.923  -43.963 0.1111111119
178883  -26.510  11.753  -44.525 0.2222222239
112052  -26.127  13.060  -44.505 0.1111111119
110967  -27.211  12.223  -44.387 0.1111111119
113088  -28.082  13.753  -45.100 0.1111111119
189921  -29.169  13.294  -45.015 0.1111111119
113094  -29.396  13.719  -45.552 0.1111111119
110979  -30.446  12.460  -45.474 0.1111111119
176346  -24.364  12.449  -41.792 0.1111111119
173916  -24.923  12.409  -40.863 0.1111111119
189233  -25.008  12.801  -41.744 0.1111111119
112046  -24.919  13.331  -43.113 0.1111111119
186664  -25.175  13.785  -43.598 0.1111111119
112051  -25.375  13.841  -44.155 0.1111111119
112056  -25.457  14.710  -44.434 0.1111111119
113087  -26.815  13.927  -45.116 0.1111111119
192708  -25.955  13.482  -41.953 0.1111111119
112037  -26.751  13.568  -41.684 0.1111111119
113071  -25.981  14.466  -42.944 0.1111111119
89735  -40.121  -3.934  -41.899 0.1111111119
193324  -38.978  -4.197  -42.377 0.1111111119
89743  -39.813  -3.939  -42.803 0.1111111119
91133  -40.923  -3.396  -42.427 0.1111111119
89776  -36.640  -3.094  -45.682 0.1111111119
89770  -37.858  -3.233  -45.121 0.1111111119
89775  -36.167  -3.119  -46.138 0.1111111119
93548  -32.255  -1.002  -46.234 0.1111111119
102659  -24.867  5.799  -44.024 0.4444444478
103866  -31.297  6.396  -42.137 0.4444444478
102660  -31.881  5.509  -43.369 0.3333333433
99988  -31.580  4.143  -44.671 0.2222222239
193479  -31.339  3.843  -45.100 0.1111111119
174991  -30.938  2.582  -46.179 0.1111111119
94714  -31.115  0.483  -46.795 0.1111111119
103878  -27.555  7.092  -43.081 0.4444444478
101371  -30.790  4.748  -45.915 0.2222222239
179688  -31.206  7.276  -45.389 0.1111111119
103922  -30.507  6.844  -46.451 0.1111111119
102726  -29.639  5.236  -47.567 0.1111111119
106428  -27.277  8.510  -43.340 0.3333333433
106466  -30.329  8.434  -46.651 0.1111111119
109723  -24.826  11.333  -45.133 0.2222222239
110957  -24.668  12.848  -42.519 0.1111111119
112057  -25.777  13.946  -44.709 0.1111111119
113093  -28.584  14.121  -45.448 0.1111111119
114095  -25.908  14.947  -43.646 0.1111111119
113055  -26.898  14.057  -42.255 0.1111111119
91120  -41.126  -2.821  -41.926 0.1111111119
91134  -41.623  -3.587  -42.052 0.1111111119
170962  -34.927  -3.613  -44.772 0.2222222239
92398  -33.343  -2.042  -45.234 0.2222222239
93538  -32.059  -0.428  -46.002 0.1111111119
101335  -23.857  5.059  -44.455 0.4444444478
170482  -25.054  6.377  -44.145 0.4444444478
106429  -28.471  8.262  -42.439 0.4444444478
106431  -30.313  8.573  -42.355 0.4444444478
106445  -31.479  8.706  -43.557 0.2222222239
110951  -23.784  12.240  -40.876 0.1111111119
110936  -24.084  12.250  -39.780 0.1111111119
112019  -26.426  13.066  -41.175 0.1111111119
112035  -25.243  13.303  -42.244 0.1111111119
112047  -25.416  13.947  -42.867 0.1111111119
89737  -42.000  -3.663  -41.625 0.1111111119
89718  -38.156  -3.403  -39.770 0.1111111119
89736  -40.945  -4.091  -41.637 0.1111111119
91105  -41.085  -2.623  -41.069 0.1111111119
91106  -41.741  -3.114  -40.672 0.1111111119
92350  -39.374  -2.034  -41.465 0.1111111119
91131  -39.417  -2.590  -43.126 0.1111111119
92374  -38.561  -2.069  -43.228 0.1111111119
92382  -38.560  -2.452  -44.041 0.1111111119
91167  -36.471  -2.680  -46.147 0.1111111119
91158  -37.210  -2.696  -45.501 0.1111111119
92390  -37.702  -2.438  -44.915 0.1111111119
91166  -36.041  -2.860  -46.724 0.1111111119
92408  -35.153  -2.216  -47.744 0.1111111119
91174  -34.023  -2.188  -47.962 0.1111111119
187242  -33.095  -1.814  -47.987 0.1111111119
93547  -31.802  -0.858  -46.815 0.1111111119
97201  -30.451  1.522  -47.346 0.1111111119
94727  -31.207  -0.374  -47.306 0.1111111119
103888  -22.915  6.248  -44.561 0.4444444478
103889  -23.908  6.448  -44.713 0.4444444478
97218  -29.405  1.682  -48.434 0.1111111119
100042  -29.510  3.476  -47.864 0.1111111119
105189  -23.020  7.687  -44.556 0.2222222239
105190  -24.195  7.718  -44.723 0.3333333433
106441  -23.747  8.404  -44.587 0.2222222239
101400  -29.157  4.831  -48.189 0.1111111119
188561  -21.679  8.929  -42.424 0.1111111119
107545  -23.500  10.042  -44.011 0.2222222239
167791  -28.777  7.154  -48.245 0.1111111119
105224  -27.782  7.720  -48.815 0.1111111119
179583  -21.667  10.024  -42.003 0.1111111119
108597  -21.961  11.213  -40.087 0.1111111119
110935  -23.051  12.102  -39.970 0.1111111119
107593  -27.859  9.417  -48.447 0.1111111119
110919  -24.429  12.289  -38.705 0.1111111119
110938  -26.246  12.190  -39.743 0.1111111119
113121  -29.437  14.415  -46.534 0.1111111119
113132  -29.834  13.393  -47.727 0.1111111119
111008  -29.062  12.355  -48.671 0.1111111119
170049  -28.805  11.687  -48.406 0.1111111119
110952  -25.926  12.523  -40.591 0.1111111119
110953  -26.831  12.626  -40.449 0.1111111119
114125  -25.609  15.047  -44.616 0.1111111119
114140  -26.861  15.714  -46.206 0.1111111119
91157  -34.384  -3.102  -44.989 0.1111111119
97172  -31.595  2.192  -45.425 0.1111111119
182134  -30.724  6.799  -41.867 0.4444444478
88394  -38.823  -4.376  -42.920 0.1111111119
93539  -32.498  -0.852  -45.646 0.2222222239
182758  -25.852  7.353  -43.906 0.4444444478
89762  -38.975  -3.912  -44.171 0.1111111119
91132  -40.173  -3.075  -42.852 0.1111111119
91142  -39.259  -2.983  -43.806 0.1111111119
91165  -34.735  -2.974  -45.905 0.1111111119
91169  -34.141  -2.434  -47.060 0.1111111119
91170  -35.013  -2.880  -46.999 0.1111111119
97171  -31.251  2.092  -45.979 0.1111111119
173497  -30.776  1.087  -47.111 0.1111111119
105191  -31.750  7.567  -43.723 0.2222222239
103903  -31.800  6.956  -44.007 0.2222222239
102690  -31.206  6.098  -45.221 0.1111111119
100009  -30.798  3.945  -45.999 0.2222222239
180664  -30.517  2.744  -46.678 0.1111111119
105215  -29.822  7.847  -47.229 0.1111111119
107584  -29.556  9.448  -47.362 0.1111111119
195862  -30.148  6.350  -46.848 0.1111111119
105206  -30.431  7.626  -46.567 0.1111111119
103936  -29.488  7.079  -47.618 0.1111111119
103949  -29.687  6.200  -47.424 0.1111111119
98619  -29.425  2.562  -48.132 0.1111111119
100026  -29.967  3.905  -47.165 0.2222222239
107549  -29.269  9.430  -42.667 0.3333333433
101370  -30.408  5.164  -46.446 0.2222222239
106443  -25.700  8.947  -44.401 0.3333333433
107568  -31.476  9.238  -44.095 0.2222222239
106461  -31.117  8.598  -45.551 0.1111111119
107578  -30.926  9.643  -45.751 0.1111111119
107557  -23.293  9.272  -44.294 0.1111111119
176533  -24.352  9.854  -44.423 0.3333333433
107559  -26.072  9.791  -44.464 0.3333333433
108621  -28.289  10.847  -43.514 0.2222222239
108622  -29.335  10.745  -43.258 0.1111111119
110969  -29.795  11.756  -43.860 0.1111111119
110975  -30.562  12.025  -44.812 0.1111111119
108649  -30.440  10.736  -46.533 0.1111111119
108661  -29.301  10.162  -47.594 0.1111111119
108662  -29.764  10.704  -47.347 0.1111111119
107594  -28.723  9.634  -47.940 0.1111111119
109768  -29.389  11.251  -47.810 0.1111111119
169139  -21.598  10.354  -41.234 0.1111111119
178213  -22.518  9.867  -43.117 0.1111111119
108600  -21.892  10.878  -41.227 0.1111111119
108618  -24.510  10.619  -45.131 0.3333333433
195398  -26.783  11.022  -44.324 0.2222222239
109727  -29.014  11.542  -43.658 0.1111111119
110973  -28.370  13.014  -44.511 0.1111111119
190236  -29.384  12.685  -44.486 0.1111111119
110991  -30.667  11.962  -45.760 0.1111111119
111009  -29.722  12.040  -47.793 0.1111111119
110990  -30.413  12.383  -46.159 0.1111111119
109713  -23.274  11.848  -42.689 0.1111111119
109712  -22.667  11.595  -41.789 0.1111111119
189511  -23.014  11.957  -40.989 0.1111111119
110960  -24.353  11.858  -44.242 0.1111111119
110961  -24.665  12.557  -43.566 0.1111111119
196911  -24.916  12.099  -44.439 0.1111111119
110965  -25.487  12.029  -44.627 0.1111111119
112053  -27.162  13.018  -44.609 0.1111111119
114131  -27.834  14.922  -45.932 0.1111111119
112061  -29.910  13.134  -45.520 0.1111111119
113107  -29.753  13.716  -46.027 0.1111111119
112076  -30.124  13.012  -46.054 0.1111111119
112018  -25.609  12.941  -41.430 0.1111111119
114111  -25.529  14.946  -44.255 0.1111111119
113091  -26.154  14.882  -45.332 0.1111111119
113092  -27.113  14.611  -45.595 0.1111111119
89720  -39.985  -3.790  -40.806 0.1111111119
91119  -40.477  -2.596  -42.249 0.1111111119
89774  -35.637  -3.036  -46.607 0.1111111119
101401  -29.530  4.361  -47.661 0.1111111119
100041  -29.082  3.951  -48.362 0.1111111119
113106  -29.084  14.371  -45.918 0.1111111119
114112  -25.955  15.279  -44.323 0.1111111119
91104  -40.367  -2.259  -41.362 0.1111111119
110937  -25.234  12.192  -39.755 0.1111111119
91171  -35.505  -2.672  -47.172 0.1111111119
91175  -34.848  -2.337  -47.817 0.1111111119
97200  -29.976  1.406  -47.937 0.1111111119
102737  -28.815  5.323  -48.748 0.1111111119
174908  -21.585  9.537  -41.998 0.1111111119
103948  -28.749  6.218  -48.496 0.1111111119
109710  -22.340  11.607  -40.486 0.1111111119
186105  -29.634  14.137  -47.259 0.1111111119
112085  -30.024  12.792  -47.272 0.1111111119
114129  -26.104  15.345  -45.571 0.1111111119
114141  -28.432  15.128  -46.340 0.1111111119
67226  -22.022  -18.486  -26.840 0.2222222239
83035  -19.992  -7.765  -33.557 0.2222222239
84252  -19.254  -6.305  -33.496 0.2222222239
81822  -20.239  -8.276  -33.495 0.3333333433
83036  -20.191  -7.693  -33.931 0.4444444478
84227  -19.978  -7.291  -34.011 0.3333333433
101334  -23.039  5.168  -44.793 0.3333333433
102655  -22.203  5.310  -43.979 0.2222222239
103875  -22.322  6.889  -44.102 0.1111111119
176755  -22.731  6.987  -44.622 0.1111111119
95852  -21.079  1.579  -41.355 0.2222222239
188152  -21.160  0.468  -40.939 0.1111111119
81803  -20.144  -8.611  -32.824 0.2222222239
94637  -20.865  1.040  -40.843 0.1111111119
99939  -20.568  4.187  -41.377 0.1111111119
101307  -20.752  4.909  -41.818 0.1111111119
168080  -21.548  5.697  -43.183 0.1111111119
102613  -22.895  5.523  -42.700 0.1111111119
105179  -21.959  7.362  -43.505 0.1111111119
101332  -22.039  4.968  -43.996 0.2222222239
102610  -21.015  5.342  -42.346 0.1111111119
79346  -20.191  -10.391  -31.071 0.2222222239
81781  -20.116  -8.868  -32.329 0.2222222239
88285  -19.151  -3.381  -35.803 0.2222222239
102634  -21.370  5.595  -42.929 0.1111111119
88260  -19.076  -3.652  -35.386 0.1111111119
89638  -18.799  -2.716  -36.003 0.3333333433
102657  -23.114  5.610  -44.306 0.3333333433
81802  -19.965  -8.175  -33.067 0.2222222239
102635  -21.721  5.560  -43.429 0.1111111119
102636  -22.125  5.559  -43.725 0.1111111119
102637  -22.615  6.026  -44.167 0.1111111119
102594  -20.695  6.204  -40.617 0.1111111119
102596  -21.973  6.154  -42.080 0.1111111119
102612  -22.824  5.595  -43.002 0.1111111119
102611  -21.209  6.113  -41.710 0.1111111119
180146  -33.515  -6.460  -35.240 0.1111111119
65954  -22.098  -19.088  -26.474 0.1111111119
67227  -22.642  -18.840  -27.051 0.1111111119
65956  -23.755  -19.818  -27.063 0.1111111119
176854  -19.986  -18.139  -25.927 0.1111111119
67224  -20.824  -17.948  -26.290 0.1111111119
68570  -20.772  -17.244  -26.647 0.1111111119
69883  -20.748  -16.585  -26.976 0.1111111119
71222  -20.232  -15.837  -26.803 0.1111111119
79322  -20.050  -10.749  -30.170 0.1111111119
84226  -19.233  -6.654  -32.932 0.1111111119
92304  -19.342  -1.000  -37.887 0.2222222239
92317  -20.434  -1.199  -38.957 0.2222222239
93439  -19.614  -0.952  -38.206 0.2222222239
93438  -19.731  -0.293  -37.583 0.2222222239
85582  -19.366  -5.718  -33.796 0.1111111119
67204  -20.776  -18.758  -25.984 0.1111111119
65972  -23.414  -19.236  -27.368 0.1111111119
68569  -20.073  -17.380  -26.203 0.1111111119
69882  -20.111  -16.624  -26.462 0.1111111119
71242  -20.459  -15.448  -27.378 0.1111111119
73896  -20.285  -13.944  -28.174 0.1111111119
80548  -19.830  -9.168  -30.591 0.1111111119
85537  -19.259  -6.323  -32.553 0.1111111119
92303  -18.955  -1.158  -37.613 0.2222222239
94597  -20.082  -0.561  -38.726 0.2222222239
94609  -20.249  0.098  -39.216 0.1111111119
65973  -24.130  -19.497  -27.632 0.1111111119
65953  -21.461  -19.060  -26.127 0.1111111119
93467  -20.439  -0.158  -39.508 0.2222222239
79362  -20.194  -9.684  -31.901 0.1111111119
92284  -19.079  -1.327  -37.274 0.2222222239
85583  -19.952  -5.983  -34.878 0.1111111119
72623  -20.349  -14.495  -27.909 0.1111111119
75240  -20.168  -13.248  -28.162 0.1111111119
191796  -20.057  -11.112  -29.964 0.1111111119
72604  -20.490  -15.038  -27.740 0.1111111119
68571  -21.532  -17.818  -26.865 0.1111111119
65955  -22.921  -19.435  -26.717 0.1111111119
83012  -19.370  -7.343  -32.561 0.1111111119
81780  -20.000  -8.400  -32.627 0.1111111119
67225  -21.466  -18.528  -26.426 0.1111111119
80490  -20.104  -9.865  -29.350 0.1111111119
195732  -19.489  -0.448  -37.240 0.1111111119
69863  -19.501  -16.838  -25.951 0.1111111119
69881  -19.602  -16.086  -26.175 0.1111111119
79299  -19.878  -11.107  -29.370 0.1111111119
172049  -20.300  0.903  -38.393 0.1111111119
193781  -20.264  0.682  -39.534 0.1111111119
97083  -20.831  2.452  -41.144 0.1111111119
92249  -18.689  -1.557  -35.777 0.1111111119
95839  -20.563  1.762  -40.694 0.1111111119
98524  -20.535  3.313  -40.940 0.1111111119
65941  -25.740  -18.979  -25.834 0.1111111119
65942  -26.766  -19.129  -25.374 0.1111111119
67229  -25.761  -18.384  -26.043 0.1111111119
67242  -25.187  -18.153  -27.215 0.1111111119
68598  -24.829  -17.961  -28.537 0.2222222239
72653  -26.723  -15.151  -30.266 0.1111111119
72670  -24.270  -14.721  -31.491 0.4444444478
73964  -26.692  -14.358  -32.550 0.4444444478
75316  -28.151  -13.161  -32.524 0.2222222239
75343  -26.525  -12.710  -34.325 0.4444444478
76710  -28.920  -12.007  -32.469 0.1111111119
76733  -23.124  -11.835  -33.430 0.5555555820
78183  -29.153  -11.352  -35.203 0.3333333433
79405  -30.121  -10.686  -33.999 0.2222222239
79419  -23.137  -10.281  -34.639 0.8888888955
79421  -24.549  -10.743  -34.998 0.8888888955
79434  -26.597  -10.306  -35.160 0.8888888955
79436  -28.506  -10.862  -36.163 0.6666666865
79439  -30.784  -10.424  -35.479 0.1111111119
79447  -30.661  -10.477  -36.240 0.3333333433
80624  -21.826  -9.247  -34.485 1.0000000000
80625  -31.110  -9.523  -34.330 0.1111111119
80642  -26.137  -9.564  -35.661 0.8888888955
80645  -31.699  -9.753  -36.046 0.2222222239
80657  -29.097  -10.031  -37.065 0.7777777910
81866  -24.679  -8.448  -36.476 1.0000000000
81870  -27.825  -9.031  -36.945 1.0000000000
81876  -25.810  -8.007  -37.138 1.0000000000
83072  -22.813  -8.235  -35.757 1.0000000000
83086  -32.791  -8.066  -36.938 0.4444444478
83091  -23.598  -6.777  -37.155 1.0000000000
83093  -25.229  -7.532  -37.425 1.0000000000
83096  -27.722  -7.767  -37.177 1.0000000000
83098  -29.606  -8.157  -37.411 0.7777777910
84273  -33.015  -6.827  -35.451 0.1111111119
84286  -21.364  -6.387  -36.102 0.7777777910
84290  -33.397  -6.672  -36.860 0.2222222239
84300  -23.094  -6.377  -37.192 0.8888888955
84302  -24.758  -7.122  -37.597 1.0000000000
84305  -27.270  -7.110  -37.407 1.0000000000
84318  -26.884  -6.599  -37.794 1.0000000000
84322  -33.052  -7.964  -38.936 0.5555555820
84323  -33.513  -7.445  -38.949 0.5555555820
85634  -30.236  -6.305  -37.614 0.7777777910
85637  -34.247  -5.747  -37.560 0.1111111119
85645  -24.750  -6.047  -38.661 1.0000000000
85654  -34.216  -6.687  -39.235 0.4444444478
85657  -25.189  -5.741  -39.177 1.0000000000
85661  -33.759  -6.874  -39.845 0.4444444478
86974  -19.495  -4.127  -35.619 0.1111111119
86991  -21.245  -4.697  -37.160 0.5555555820
87008  -28.191  -5.295  -38.539 1.0000000000
87021  -23.328  -4.737  -39.171 0.7777777910
87022  -24.219  -4.992  -39.511 0.8888888955
87024  -25.583  -5.354  -39.560 0.8888888955
87031  -35.509  -5.075  -39.038 0.3333333433
87035  -24.379  -4.479  -39.977 0.7777777910
87037  -25.450  -5.037  -39.848 0.8888888955
87040  -34.305  -5.850  -41.047 0.6666666865
88328  -35.841  -4.481  -37.962 0.2222222239
88338  -22.253  -3.741  -39.035 0.6666666865
88342  -28.155  -4.175  -39.482 1.0000000000
88344  -29.551  -3.754  -39.157 1.0000000000
88345  -32.336  -4.167  -39.090 0.7777777910
88347  -33.354  -5.536  -40.379 0.7777777910
88361  -25.596  -4.550  -40.266 0.8888888955
88363  -27.231  -3.796  -40.370 1.0000000000
88375  -24.712  -3.642  -40.788 0.8888888955
88376  -25.485  -3.941  -40.777 1.0000000000
88381  -35.476  -5.502  -41.229 0.5555555820
88384  -41.799  -3.744  -41.776 0.1111111119
88401  -34.596  -4.994  -42.507 0.5555555820
89663  -19.076  -2.446  -36.507 0.4444444478
89684  -30.716  -3.682  -38.872 0.8888888955
89711  -22.197  -2.747  -39.913 0.5555555820
89713  -27.684  -3.385  -40.481 1.0000000000
89741  -25.855  -2.948  -41.656 1.0000000000
89753  -40.195  -3.625  -42.893 0.1111111119
89767  -35.375  -3.297  -45.633 0.2222222239
89769  -37.035  -3.450  -45.255 0.1111111119
91055  -19.512  -2.005  -37.485 0.3333333433
91083  -20.948  -1.887  -39.075 0.3333333433
91085  -29.608  -2.653  -39.992 0.8888888955
91087  -31.096  -2.408  -39.488 0.8888888955
91089  -32.515  -2.681  -39.524 0.7777777910
91098  -21.948  -1.992  -40.159 0.6666666865
91100  -29.174  -2.335  -40.427 1.0000000000
91103  -33.369  -2.752  -40.317 0.7777777910
91111  -23.041  -2.285  -41.070 0.7777777910
91114  -26.778  -3.022  -41.303 1.0000000000
91117  -28.789  -1.962  -40.831 0.8888888955
91121  -41.859  -3.166  -41.380 0.1111111119
91126  -23.553  -1.955  -41.748 0.8888888955
91151  -38.359  -2.979  -44.707 0.1111111119
91176  -34.446  -2.027  -48.410 0.1111111119
92316  -19.898  -1.154  -38.374 0.2222222239
92322  -30.908  -1.875  -39.792 0.7777777910
92324  -32.253  -1.880  -39.725 0.7777777910
92330  -20.962  -1.268  -39.510 0.4444444478
92334  -31.126  -1.262  -39.943 0.8888888955
92356  -23.701  -1.389  -42.287 0.7777777910
92368  -24.188  -1.073  -42.800 0.7777777910
92371  -26.462  -1.284  -42.848 0.8888888955
92372  -33.688  -1.715  -42.652 0.6666666865
92397  -32.882  -1.440  -45.410 0.1111111119
92404  -32.264  -1.324  -47.577 0.1111111119
92405  -32.511  -1.407  -46.890 0.1111111119
93412  -19.278  -0.541  -36.885 0.1111111119
93454  -20.571  -0.737  -39.328 0.3333333433
93470  -30.576  -0.721  -40.342 0.8888888955
93472  -31.965  -0.231  -40.109 0.8888888955
93473  -32.888  -0.508  -40.354 0.7777777910
93482  -21.887  -0.631  -41.144 0.7777777910
93512  -23.922  -0.412  -43.092 0.6666666865
93514  -26.084  -0.826  -43.325 0.8888888955
93524  -33.367  -0.444  -43.478 0.4444444478
94621  -20.381  0.550  -39.781 0.1111111119
94622  -20.767  0.526  -40.419 0.1111111119
94628  -31.189  0.056  -40.370 0.8888888955
94639  -28.825  0.552  -41.457 0.7777777910
94642  -32.929  0.784  -41.204 0.6666666865
94643  -33.191  0.106  -41.191 0.6666666865
94654  -27.382  0.349  -42.206 0.7777777910
94665  -22.381  0.805  -42.616 0.4444444478
94669  -25.501  0.541  -43.460 0.7777777910
94670  -26.206  0.028  -42.963 0.7777777910
94671  -33.163  0.769  -42.807 0.5555555820
94672  -33.396  0.291  -42.274 0.6666666865
94682  -24.005  0.793  -43.783 0.6666666865
94701  -31.962  0.281  -45.706 0.1111111119
94726  -30.624  0.157  -47.778 0.1111111119
95823  -20.444  1.163  -40.252 0.1111111119
95829  -31.028  1.293  -40.657 0.6666666865
95830  -31.352  0.799  -40.448 0.6666666865
95844  -32.482  1.448  -41.064 0.5555555820
95854  -27.227  1.515  -42.371 0.6666666865
95876  -25.136  1.215  -43.688 0.7777777910
95919  -31.587  0.770  -46.069 0.1111111119
97070  -30.636  1.809  -40.780 0.6666666865
97085  -29.487  2.034  -41.129 0.6666666865
97087  -31.925  2.091  -41.071 0.5555555820
97088  -32.441  2.012  -41.471 0.5555555820
97103  -27.739  2.219  -42.204 0.6666666865
97106  -32.629  2.204  -41.949 0.5555555820
97115  -22.207  2.433  -43.270 0.5555555820
97135  -22.742  2.965  -43.994 0.5555555820
97137  -23.808  2.298  -44.278 0.5555555820
97140  -32.192  2.355  -44.280 0.5555555820
97141  -32.602  2.217  -43.552 0.5555555820
97185  -30.232  2.135  -47.278 0.1111111119
97186  -30.787  1.951  -46.695 0.1111111119
98519  -30.959  2.518  -40.844 0.6666666865
98527  -30.331  2.975  -40.943 0.6666666865
98539  -32.152  3.387  -42.052 0.6666666865
98550  -25.787  3.073  -43.322 0.6666666865
98553  -32.543  2.833  -42.276 0.5555555820
98561  -22.284  3.860  -44.031 0.5555555820
98563  -24.510  3.179  -44.196 0.6666666865
98573  -31.562  3.399  -44.865 0.1111111119
98574  -31.998  3.044  -44.224 0.3333333433
98590  -30.858  3.209  -46.086 0.1111111119
99943  -29.294  3.887  -41.449 0.6666666865
99945  -30.924  3.981  -41.267 0.6666666865
99956  -29.550  4.507  -41.469 0.6666666865
99965  -21.829  4.560  -43.858 0.4444444478
99976  -22.845  4.481  -45.139 0.4444444478
99979  -24.579  4.599  -44.191 0.5555555820
99987  -22.872  4.645  -45.248 0.4444444478
100008  -30.394  3.521  -46.610 0.2222222239
101300  -31.153  4.562  -41.592 0.6666666865
101306  -20.166  5.838  -40.357 0.1111111119
101314  -30.143  4.830  -41.451 0.6666666865
101315  -30.785  5.093  -41.576 0.6666666865
101321  -21.103  5.186  -42.550 0.1111111119
101325  -31.686  5.030  -42.316 0.4444444478
101333  -22.496  4.822  -44.780 0.2222222239
101387  -29.985  4.758  -47.040 0.2222222239
102609  -20.637  6.062  -41.030 0.1111111119
102620  -31.519  5.771  -42.219 0.5555555820
102656  -22.602  5.443  -44.208 0.3333333433
102674  -31.522  5.695  -44.642 0.2222222239
102716  -30.069  5.608  -46.965 0.1111111119
102725  -29.232  5.710  -48.060 0.1111111119
103862  -28.080  6.579  -42.613 0.5555555820
103863  -28.681  6.985  -42.216 0.4444444478
103864  -29.217  6.708  -41.898 0.5555555820
103879  -31.317  7.039  -42.352 0.4444444478
103891  -31.800  6.864  -43.283 0.4444444478
103902  -31.588  6.559  -44.588 0.1111111119
105168  -30.870  7.588  -42.179 0.4444444478
105180  -27.888  7.897  -42.861 0.4444444478
105182  -31.711  7.508  -43.143 0.2222222239
105214  -29.210  7.701  -47.775 0.1111111119
106417  -30.452  8.034  -42.115 0.4444444478
106430  -29.576  8.753  -42.353 0.4444444478
106432  -30.885  8.239  -42.474 0.4444444478
106444  -31.258  8.500  -43.007 0.3333333433
106454  -31.669  8.333  -44.019 0.3333333433
106473  -29.214  8.354  -47.661 0.1111111119
106480  -28.590  8.839  -48.051 0.1111111119
107551  -30.806  8.811  -42.735 0.4444444478
107577  -30.587  9.823  -46.334 0.1111111119
108610  -29.779  10.071  -42.968 0.2222222239
108631  -30.897  10.667  -44.370 0.1111111119
108676  -28.563  10.435  -48.087 0.1111111119
109732  -30.524  11.436  -44.190 0.1111111119
109758  -30.061  11.418  -47.128 0.1111111119
110966  -25.957  12.737  -44.288 0.1111111119
110980  -30.716  11.829  -45.279 0.1111111119
111000  -30.196  12.182  -46.874 0.1111111119
112036  -26.188  13.931  -42.352 0.1111111119
112058  -30.058  12.671  -44.907 0.1111111119
113083  -25.398  14.515  -43.792 0.1111111119
113086  -25.685  14.800  -44.920 0.1111111119
113122  -29.956  13.517  -46.724 0.1111111119
114126  -25.830  15.381  -45.050 0.1111111119
114130  -26.423  15.494  -45.914 0.1111111119
165661  -23.633  0.248  -43.323 0.6666666865
165876  -31.152  9.959  -44.511 0.1111111119
166641  -26.703  -5.311  -39.219 1.0000000000
167784  -29.827  3.401  -41.186 0.6666666865
167946  -23.911  3.830  -44.648 0.6666666865
168906  -29.144  2.482  -41.405 0.6666666865
169496  -26.698  -4.314  -40.162 1.0000000000
170372  -29.797  2.169  -47.803 0.1111111119
170645  -31.756  5.399  -44.058 0.2222222239
170734  -28.715  -4.346  -38.998 1.0000000000
171281  -32.728  -1.472  -46.149 0.1111111119
172427  -30.184  12.806  -46.575 0.1111111119
173478  -31.849  6.141  -43.113 0.3333333433
173849  -28.934  -0.220  -41.295 0.8888888955
173890  -30.346  4.330  -46.498 0.2222222239
176006  -30.514  -10.365  -36.799 0.4444444478
177801  -25.993  -6.150  -38.670 1.0000000000
178442  -30.315  -4.414  -38.423 0.8888888955
178773  -25.492  -13.097  -33.548 0.4444444478
179811  -26.854  -1.815  -42.385 1.0000000000
179870  -24.949  -2.219  -42.111 1.0000000000
180168  -31.159  9.199  -45.367 0.1111111119
181323  -27.339  10.571  -43.840 0.2222222239
181438  -33.532  -2.762  -43.848 0.5555555820
182137  -27.910  1.385  -42.012 0.6666666865
186486  -33.539  -2.217  -40.708 0.7777777910
187193  -29.940  0.896  -40.915 0.6666666865
187963  -37.983  -2.120  -44.320 0.1111111119
188490  -36.319  -4.681  -40.076 0.4444444478
189406  -30.007  -2.920  -39.569 0.8888888955
189588  -27.378  4.089  -42.357 0.6666666865
190171  -31.467  -9.717  -37.424 0.4444444478
190552  -29.200  6.489  -47.959 0.1111111119
190687  -31.326  9.404  -44.770 0.1111111119
192339  -20.355  6.139  -40.083 0.1111111119
192584  -31.777  3.845  -41.800 0.6666666865
192841  -23.146  -9.156  -35.381 1.0000000000
193170  -28.555  0.133  -41.611 0.8888888955
193363  -24.067  -16.911  -29.999 0.3333333433
193587  -31.762  -9.320  -37.944 0.4444444478
194182  -33.093  -8.231  -38.514 0.4444444478
195601  -26.550  -6.255  -38.253 1.0000000000
196528  -32.237  1.173  -44.785 0.3333333433
