#!ascii label  , from subject sub-v2s2x29076_ses-1 vox2ras=TkReg
2117
38894  29.782  -41.016  -12.714 0.8999999762
37727  30.034  -41.625  -13.263 0.8000000119
36518  30.214  -42.702  -14.523 0.6999999881
36535  30.171  -42.365  -15.271 0.8000000119
38875  29.204  -40.742  -12.148 0.8999999762
39954  30.626  -39.865  -13.233 1.0000000000
39966  30.777  -39.768  -13.944 1.0000000000
38915  30.645  -40.490  -14.294 0.8999999762
37772  30.307  -41.844  -14.640 0.8000000119
185019  30.071  -41.464  -15.504 0.8000000119
38941  30.135  -40.608  -15.371 0.8999999762
36547  30.047  -42.809  -15.773 0.8000000119
178641  29.548  -42.118  -16.824 0.6999999881
36557  29.380  -42.813  -17.207 0.6999999881
39941  28.234  -40.241  -11.674 0.8000000119
39940  29.245  -39.940  -11.975 0.8999999762
40873  29.217  -39.210  -11.769 0.8999999762
40874  28.490  -38.956  -11.505 0.8999999762
40889  26.570  -39.189  -12.140 0.8999999762
168517  30.582  -39.306  -12.967 0.8999999762
39953  30.822  -39.383  -13.425 1.0000000000
192462  30.441  -40.398  -14.867 0.8999999762
40931  30.393  -39.293  -15.078 1.0000000000
40944  29.895  -39.414  -15.601 0.8999999762
38942  29.698  -40.721  -16.024 0.8999999762
37782  29.628  -41.429  -16.401 0.8000000119
37807  29.080  -42.101  -17.544 0.6999999881
42934  29.686  -37.941  -11.705 0.8999999762
41885  29.122  -38.442  -11.556 0.8999999762
41886  28.231  -38.079  -11.390 0.8999999762
40876  26.934  -38.625  -11.734 0.8999999762
40887  29.818  -38.687  -11.985 0.8999999762
40899  30.543  -38.816  -12.813 0.8999999762
41942  30.939  -38.426  -14.375 1.0000000000
39996  29.291  -40.076  -16.292 0.8000000119
38951  29.201  -40.724  -16.706 0.8000000119
38952  28.623  -40.735  -17.408 0.8000000119
38968  27.866  -40.473  -17.824 0.8000000119
38979  27.300  -41.016  -18.239 0.8000000119
179761  26.781  -40.682  -18.245 0.8000000119
42922  28.412  -37.328  -11.334 0.8999999762
41896  26.279  -37.575  -12.100 0.8999999762
186158  25.806  -37.815  -12.532 0.8999999762
165741  29.634  -37.229  -11.556 0.8999999762
42935  26.265  -36.846  -11.979 0.8999999762
42936  25.626  -37.145  -12.459 0.8000000119
41910  24.862  -37.834  -13.120 0.8000000119
42951  30.570  -37.740  -12.501 0.8999999762
43971  25.108  -36.542  -12.561 0.6999999881
42952  24.433  -37.294  -13.180 0.6999999881
42953  23.957  -37.382  -13.422 0.6999999881
174648  30.926  -37.672  -13.258 0.8999999762
42954  23.495  -37.102  -13.511 0.6999999881
44005  22.929  -36.699  -13.605 0.6999999881
42968  31.038  -37.679  -14.080 1.0000000000
43990  22.877  -35.946  -13.305 0.6000000238
181325  30.792  -37.725  -14.830 1.0000000000
41943  30.612  -38.572  -14.944 1.0000000000
41954  29.573  -38.125  -15.715 1.0000000000
178166  29.429  -39.562  -15.991 0.8999999762
41953  30.268  -38.020  -15.328 1.0000000000
42995  29.158  -37.457  -15.802 0.8999999762
41955  28.793  -38.069  -16.034 0.8000000119
40961  28.933  -39.415  -16.391 0.8000000119
40013  28.172  -39.944  -17.308 0.8000000119
170064  27.226  -39.130  -17.391 0.8000000119
40026  26.755  -39.653  -17.846 0.8000000119
40979  25.884  -39.510  -18.084 0.8000000119
41978  26.267  -38.236  -17.467 0.8000000119
40972  25.581  -38.729  -17.942 0.8000000119
42921  29.026  -37.658  -11.453 0.8999999762
42923  27.304  -38.022  -11.488 0.8999999762
43955  28.902  -36.136  -11.308 0.8999999762
43956  28.206  -36.692  -11.293 0.8999999762
42924  26.859  -37.275  -11.578 0.8999999762
43959  26.284  -36.144  -11.816 0.8999999762
42932  30.542  -37.091  -12.251 0.8999999762
43987  24.568  -36.682  -12.898 0.6999999881
194920  31.065  -36.463  -12.987 0.8999999762
43972  24.595  -35.989  -12.581 0.6000000238
43989  23.450  -36.390  -13.243 0.6000000238
167787  31.119  -36.890  -13.648 1.0000000000
45046  21.910  -35.447  -13.682 0.5000000000
178651  31.065  -37.008  -14.505 1.0000000000
46044  21.824  -34.658  -13.678 0.5000000000
44031  30.715  -35.899  -15.334 1.0000000000
42984  30.381  -37.317  -15.345 1.0000000000
44032  29.922  -36.065  -15.628 1.0000000000
174928  29.816  -37.565  -15.574 1.0000000000
42996  28.356  -37.249  -16.092 0.8999999762
40962  28.328  -39.338  -16.846 0.8000000119
44042  27.722  -36.648  -16.298 0.8999999762
43007  27.704  -37.348  -16.429 0.8000000119
179009  27.760  -38.669  -16.885 0.8000000119
171522  27.142  -36.096  -16.493 0.8999999762
43008  27.068  -37.018  -16.670 0.8000000119
45083  26.566  -35.527  -16.601 0.8999999762
43018  26.059  -37.552  -17.357 0.8000000119
41979  24.986  -38.130  -18.090 0.8000000119
44056  24.327  -36.156  -17.844 0.8000000119
43020  24.053  -36.914  -18.297 0.8000000119
176879  26.837  -35.936  -11.505 0.8999999762
194986  29.523  -36.602  -11.443 0.8999999762
45008  30.122  -35.289  -11.608 0.8999999762
185915  25.815  -35.788  -11.969 0.6999999881
45009  25.275  -35.851  -12.242 0.8000000119
45006  31.146  -35.819  -12.649 0.8999999762
182964  30.841  -35.216  -12.099 0.8999999762
45011  24.179  -35.218  -12.413 0.6999999881
45012  23.521  -35.210  -12.675 0.6000000238
45029  22.410  -35.447  -13.329 0.6000000238
46009  23.748  -34.517  -12.280 0.6999999881
46010  23.089  -34.578  -12.644 0.6000000238
46028  22.423  -34.705  -13.091 0.5000000000
44004  31.294  -36.293  -14.257 1.0000000000
172254  22.443  -33.257  -13.077 0.5000000000
46965  21.701  -33.796  -13.954 0.5000000000
45068  30.954  -35.197  -15.362 1.0000000000
45069  30.154  -35.331  -15.668 1.0000000000
46070  29.561  -34.703  -15.968 1.0000000000
44033  29.089  -36.189  -15.835 1.0000000000
44034  28.370  -36.377  -16.033 0.8999999762
46998  29.860  -34.070  -16.206 1.0000000000
177733  29.159  -34.179  -16.295 0.8999999762
45071  28.501  -35.553  -16.020 0.8999999762
45081  27.812  -35.792  -16.236 0.8999999762
176769  27.942  -34.988  -16.211 0.8999999762
45082  27.269  -35.236  -16.391 0.8999999762
173146  25.995  -34.967  -16.713 0.8999999762
171521  25.857  -35.840  -16.911 0.8999999762
46082  27.467  -34.494  -16.440 0.8999999762
177325  26.210  -34.189  -16.663 0.8999999762
189528  24.787  -35.746  -17.481 0.8999999762
47038  25.755  -33.763  -17.096 0.8999999762
44990  29.303  -35.399  -11.356 0.8999999762
178449  28.019  -35.967  -11.266 0.8999999762
44993  27.058  -35.264  -11.385 0.8999999762
44992  27.778  -35.291  -11.282 0.8999999762
45994  26.701  -34.610  -11.415 1.0000000000
45995  25.967  -34.535  -11.595 0.8000000119
46007  29.577  -34.698  -11.436 0.8999999762
45996  25.210  -34.474  -11.770 0.6999999881
43986  31.344  -36.081  -13.508 0.8999999762
188127  31.310  -35.153  -12.646 0.8999999762
46913  24.763  -33.739  -11.671 0.6999999881
47898  24.286  -33.012  -11.656 0.6999999881
47899  23.601  -33.065  -12.099 0.5000000000
45045  31.516  -35.672  -14.046 1.0000000000
47909  22.715  -32.572  -13.125 0.5000000000
47927  22.196  -32.543  -13.708 0.5000000000
46062  31.468  -34.948  -14.945 1.0000000000
46068  31.256  -34.535  -15.465 1.0000000000
47012  31.121  -33.455  -16.305 1.0000000000
46997  30.758  -34.015  -15.993 1.0000000000
47013  30.233  -33.546  -16.563 1.0000000000
170829  30.657  -33.099  -16.810 1.0000000000
47014  29.286  -33.610  -16.687 0.8999999762
47016  27.846  -33.824  -16.659 0.8999999762
47036  27.308  -33.390  -16.988 0.8999999762
46150  25.946  -34.890  -21.404 0.6999999881
46151  25.559  -34.236  -21.522 0.8000000119
165660  24.881  -34.945  -21.751 0.8000000119
46152  23.997  -34.471  -21.621 0.8000000119
46006  30.420  -34.488  -11.831 0.8999999762
181673  29.754  -34.039  -11.548 1.0000000000
46908  28.929  -34.123  -11.319 1.0000000000
183524  27.539  -33.370  -11.267 1.0000000000
46911  26.400  -33.921  -11.401 0.6999999881
46912  25.620  -33.701  -11.482 0.6999999881
45026  31.553  -35.290  -13.362 0.8999999762
46005  31.150  -34.626  -12.375 0.8999999762
47884  25.057  -32.971  -11.444 0.6999999881
47908  23.316  -32.415  -12.530 0.6000000238
46061  31.775  -34.265  -14.898 1.0000000000
45044  31.698  -34.954  -14.251 0.8999999762
46026  31.787  -34.427  -13.457 0.8999999762
48947  22.232  -31.979  -14.073 0.4000000060
46996  31.569  -33.874  -15.645 1.0000000000
49017  30.097  -32.337  -17.706 1.0000000000
48007  29.154  -32.556  -17.680 1.0000000000
47057  22.627  -33.558  -19.705 0.8999999762
46132  28.563  -34.563  -19.657 0.6000000238
193461  27.244  -34.555  -20.389 0.6000000238
172849  26.296  -34.293  -21.091 0.8000000119
186228  24.758  -34.200  -21.760 0.8000000119
46153  23.168  -34.674  -21.026 0.8999999762
46123  22.570  -34.321  -19.830 0.8999999762
169448  30.964  -33.950  -12.258 0.8999999762
46924  30.284  -33.668  -11.875 0.8999999762
47882  26.442  -32.756  -11.291 0.8000000119
47883  25.777  -32.892  -11.345 0.6999999881
48922  24.663  -32.242  -11.602 0.6999999881
169822  24.442  -31.535  -12.091 0.6000000238
50019  23.115  -31.240  -13.784 0.4000000060
46985  32.052  -33.615  -14.504 1.0000000000
176434  31.904  -34.215  -14.185 0.8999999762
46995  32.012  -33.470  -15.205 1.0000000000
47972  31.838  -33.215  -15.895 1.0000000000
47993  31.458  -32.850  -16.651 1.0000000000
49016  30.940  -32.064  -17.618 1.0000000000
49026  30.459  -31.686  -18.143 1.0000000000
50090  29.993  -31.153  -18.601 1.0000000000
48020  24.029  -32.717  -18.530 0.8999999762
172828  23.855  -32.127  -18.797 0.8999999762
48021  23.234  -32.575  -19.042 0.8999999762
48055  22.732  -33.313  -20.829 0.8999999762
48035  22.508  -33.100  -20.196 0.8999999762
193979  30.189  -34.030  -20.021 0.6000000238
46131  29.311  -34.213  -19.685 0.6000000238
46133  27.780  -34.328  -20.074 0.6000000238
47085  26.930  -33.281  -20.790 0.8000000119
47087  25.148  -33.583  -21.693 0.8000000119
47089  23.348  -33.923  -21.273 0.8999999762
46925  29.466  -33.306  -11.539 0.8999999762
166589  28.548  -33.391  -11.303 0.8999999762
47881  27.259  -32.628  -11.263 0.6999999881
47897  29.582  -32.367  -11.707 0.8999999762
47879  28.820  -32.721  -11.392 0.8999999762
48906  25.384  -32.258  -11.373 0.6000000238
46940  31.743  -33.736  -13.125 1.0000000000
47906  31.872  -32.977  -13.267 1.0000000000
47907  31.430  -32.558  -12.716 1.0000000000
169796  25.136  -31.574  -11.590 0.6000000238
194429  25.036  -31.067  -11.994 0.6000000238
193999  24.104  -31.165  -12.695 0.5000000000
47951  32.284  -32.934  -14.835 1.0000000000
47926  32.163  -32.994  -14.097 1.0000000000
47925  32.490  -32.371  -14.485 1.0000000000
47971  32.312  -32.822  -15.528 1.0000000000
47992  32.156  -32.715  -16.168 1.0000000000
49001  32.113  -32.264  -16.708 1.0000000000
49015  31.767  -31.851  -17.374 1.0000000000
50080  31.319  -31.438  -17.967 1.0000000000
50089  30.825  -30.988  -18.499 1.0000000000
50101  29.531  -30.610  -19.042 1.0000000000
49028  28.802  -31.914  -18.219 1.0000000000
50103  27.931  -30.701  -19.100 1.0000000000
50093  27.627  -31.303  -18.673 1.0000000000
50104  27.121  -30.722  -19.065 1.0000000000
49031  26.273  -31.795  -18.459 0.8999999762
182320  26.757  -31.960  -18.272 0.8999999762
49033  24.730  -32.143  -18.547 0.8999999762
49043  22.707  -32.174  -19.641 0.8999999762
162729  22.918  -32.514  -21.132 0.8999999762
187099  31.551  -34.042  -21.880 0.6000000238
47082  30.779  -33.872  -20.682 0.6000000238
47063  29.424  -33.536  -20.245 0.6000000238
47064  28.576  -33.826  -19.979 0.6000000238
48051  26.534  -32.802  -21.245 0.8000000119
48053  24.587  -32.883  -21.827 0.8000000119
170365  30.371  -32.202  -12.092 0.8999999762
48901  28.738  -31.996  -11.457 0.6999999881
48904  26.601  -31.987  -11.275 0.6000000238
49976  26.442  -31.224  -11.363 0.6000000238
48931  31.836  -32.131  -13.171 0.8999999762
51046  25.875  -30.237  -12.025 0.6000000238
50004  25.285  -30.502  -12.306 0.5000000000
48945  32.212  -32.330  -13.765 1.0000000000
47970  32.638  -32.332  -15.215 1.0000000000
48944  32.513  -31.748  -14.145 0.8999999762
47991  32.617  -32.233  -16.001 1.0000000000
193512  32.597  -31.969  -16.499 1.0000000000
50079  32.241  -31.223  -17.667 1.0000000000
50088  31.659  -30.788  -18.326 1.0000000000
51152  31.152  -30.321  -18.831 1.0000000000
51161  30.637  -29.817  -19.258 1.0000000000
51153  30.340  -30.495  -18.961 1.0000000000
50102  28.734  -30.688  -19.107 1.0000000000
51165  27.431  -30.099  -19.412 1.0000000000
50105  26.307  -30.748  -19.064 1.0000000000
165672  25.012  -30.232  -19.324 0.8999999762
50107  24.553  -30.834  -19.127 0.8999999762
49035  23.264  -31.761  -19.203 0.8999999762
183740  22.432  -31.435  -20.531 0.8999999762
47098  30.920  -33.652  -21.597 0.6000000238
47083  30.163  -33.367  -20.910 0.6000000238
48049  28.838  -32.684  -20.903 0.6000000238
48050  27.807  -32.253  -21.279 0.6999999881
49059  26.119  -32.138  -21.702 0.6999999881
49060  25.277  -32.352  -21.860 0.6999999881
49062  23.710  -32.349  -21.679 0.8000000119
50136  23.159  -31.123  -21.676 0.8999999762
46171  31.993  -34.219  -22.567 0.6000000238
49074  25.402  -31.748  -22.013 0.6999999881
49061  24.592  -32.052  -21.932 0.8000000119
50135  23.882  -31.045  -21.976 0.8999999762
49975  27.235  -31.102  -11.393 0.6999999881
49990  26.553  -30.430  -11.629 0.6000000238
48919  30.782  -31.678  -12.383 0.8999999762
48920  30.170  -31.556  -12.071 0.8000000119
49973  28.734  -31.311  -11.579 0.6999999881
184117  32.178  -31.732  -13.575 0.8999999762
50002  31.824  -31.335  -13.170 0.8000000119
48961  32.769  -31.752  -14.871 1.0000000000
50016  32.778  -31.111  -14.492 0.8000000119
50028  33.411  -30.576  -15.586 0.8999999762
170801  33.118  -30.530  -14.890 0.8000000119
50063  33.247  -30.922  -16.728 1.0000000000
50078  32.957  -30.730  -17.473 1.0000000000
50087  32.445  -30.512  -18.133 1.0000000000
51151  31.930  -30.129  -18.634 1.0000000000
51160  31.493  -29.564  -19.118 1.0000000000
52203  30.093  -29.280  -19.645 1.0000000000
51175  28.524  -29.424  -19.747 1.0000000000
51164  28.230  -30.065  -19.440 1.0000000000
51177  26.946  -29.542  -19.699 1.0000000000
51179  25.373  -29.674  -19.558 0.8999999762
51169  24.010  -30.211  -19.409 0.8999999762
50108  23.487  -30.925  -19.352 0.8999999762
51181  22.652  -29.914  -20.358 0.8999999762
166638  29.187  -32.494  -21.359 0.6000000238
49072  26.872  -31.586  -21.913 0.6999999881
50137  22.865  -30.463  -21.545 0.8999999762
47103  31.720  -33.779  -23.204 0.6000000238
47097  31.282  -33.744  -22.531 0.6000000238
50133  26.463  -30.945  -22.355 0.6999999881
51199  24.299  -30.528  -22.225 0.6999999881
49974  28.029  -31.456  -11.403 0.6999999881
172314  27.536  -30.410  -11.624 0.6000000238
49988  30.567  -31.044  -12.346 0.8000000119
163061  29.896  -30.944  -12.036 0.8000000119
161827  29.095  -30.714  -11.799 0.6999999881
51043  28.344  -30.145  -11.792 0.6999999881
169347  32.080  -30.577  -13.409 0.6999999881
174543  31.570  -30.724  -13.004 0.8000000119
184679  33.398  -30.101  -15.249 0.6999999881
51121  33.664  -29.609  -16.534 0.8000000119
51138  33.566  -29.498  -17.411 0.8000000119
51139  33.129  -30.006  -17.924 0.8000000119
52192  33.230  -28.829  -18.383 0.8000000119
51149  32.903  -29.446  -18.451 0.8999999762
52194  32.301  -29.530  -18.852 0.8999999762
52202  30.865  -29.140  -19.516 1.0000000000
52212  29.590  -28.715  -19.969 1.0000000000
51176  27.734  -29.485  -19.748 1.0000000000
53315  26.758  -28.354  -20.180 1.0000000000
53312  29.106  -28.102  -20.113 1.0000000000
52214  28.037  -28.862  -20.021 1.0000000000
52216  26.458  -29.003  -19.946 1.0000000000
52217  25.649  -29.077  -19.839 1.0000000000
51180  24.781  -29.196  -19.723 0.8999999762
53305  23.909  -28.708  -19.949 0.8999999762
52206  23.085  -29.300  -20.039 0.8999999762
48065  30.356  -32.929  -22.666 0.6000000238
185257  29.975  -32.710  -22.148 0.6000000238
49057  28.547  -32.286  -21.279 0.6000000238
50131  27.688  -31.489  -22.103 0.6999999881
52223  22.462  -29.401  -20.877 0.8999999762
51200  23.462  -30.034  -22.020 0.8999999762
51213  26.495  -30.245  -22.747 0.6999999881
51198  25.097  -30.159  -22.542 0.6999999881
52233  23.420  -29.177  -22.196 0.8999999762
51059  31.028  -30.450  -12.680 0.6999999881
51040  30.304  -30.407  -12.304 0.6000000238
51042  29.120  -29.804  -12.034 0.6000000238
51044  27.628  -29.658  -11.925 0.6000000238
51075  32.220  -29.794  -13.513 0.6999999881
52084  30.631  -29.792  -12.577 0.6000000238
52117  32.781  -29.338  -14.072 0.6999999881
52132  33.484  -29.541  -15.282 0.6999999881
179693  33.648  -29.361  -15.855 0.6999999881
53290  33.687  -28.325  -17.381 0.8000000119
53296  32.945  -28.232  -18.809 0.8000000119
53302  32.452  -28.426  -19.228 0.8000000119
53303  31.833  -28.275  -19.547 0.8000000119
52211  30.357  -28.627  -19.869 1.0000000000
53304  31.293  -27.930  -19.863 0.8000000119
53313  28.335  -28.193  -20.145 1.0000000000
53314  27.551  -28.277  -20.183 1.0000000000
54396  26.258  -27.728  -20.264 1.0000000000
177069  27.381  -26.936  -20.295 1.0000000000
168961  27.066  -27.656  -20.295 1.0000000000
54397  25.389  -27.814  -20.213 1.0000000000
178887  24.756  -27.144  -20.245 1.0000000000
54398  23.660  -27.305  -20.243 1.0000000000
53317  23.437  -28.029  -20.192 0.8999999762
48061  29.496  -32.372  -22.016 0.6000000238
166174  22.366  -28.687  -20.768 0.8999999762
48064  30.937  -33.220  -23.303 0.6000000238
48066  29.859  -32.397  -22.838 0.6000000238
49083  28.497  -31.520  -22.415 0.6999999881
53324  22.153  -28.152  -21.080 0.8999999762
50147  27.855  -30.995  -22.588 0.6999999881
52247  25.191  -29.473  -22.759 0.6999999881
53334  23.644  -28.511  -22.523 0.8999999762
52087  28.831  -29.043  -12.206 0.5000000000
52099  31.702  -29.421  -13.138 0.6000000238
52101  30.452  -28.396  -12.709 0.5000000000
194909  32.731  -28.791  -13.895 0.6999999881
52118  32.296  -28.938  -13.498 0.6999999881
53219  33.128  -28.564  -14.221 0.6999999881
164742  33.641  -28.835  -15.398 0.6999999881
189442  33.492  -28.539  -14.769 0.6999999881
53275  33.797  -28.149  -16.673 0.6999999881
54373  33.730  -27.677  -17.366 0.6999999881
53295  33.482  -28.085  -18.076 0.8000000119
54381  33.107  -27.422  -18.649 0.8000000119
55542  32.707  -26.701  -18.986 0.8000000119
54389  31.705  -27.440  -19.725 0.8000000119
55543  32.051  -26.712  -19.468 0.8000000119
55544  31.336  -26.678  -19.870 0.8000000119
187562  29.797  -26.748  -20.163 0.8999999762
173933  28.625  -27.495  -20.195 1.0000000000
55551  30.554  -26.694  -20.099 0.8000000119
184397  29.272  -26.211  -20.161 0.8999999762
177070  28.157  -26.879  -20.242 1.0000000000
55554  26.908  -26.242  -20.252 1.0000000000
177068  26.579  -26.996  -20.316 1.0000000000
55557  23.952  -26.370  -20.265 1.0000000000
55558  22.797  -26.736  -20.393 0.8999999762
54399  22.587  -27.594  -20.445 0.8999999762
54403  22.012  -27.398  -20.943 0.8999999762
171922  22.082  -26.895  -20.629 0.8999999762
191442  21.771  -27.084  -21.256 0.8999999762
48075  30.647  -32.609  -23.780 0.6000000238
50146  29.129  -31.404  -23.008 0.6000000238
51212  27.225  -29.841  -23.123 0.6999999881
52232  24.484  -28.887  -22.739 0.8000000119
53348  23.198  -27.860  -22.475 0.8999999762
49092  31.639  -32.000  -24.162 0.6000000238
51227  28.078  -29.760  -23.450 0.6999999881
52246  25.959  -29.251  -23.012 0.6999999881
186160  23.934  -27.446  -22.803 0.8000000119
54428  22.299  -27.337  -22.064 0.8999999762
53346  25.170  -28.236  -23.050 0.6999999881
54427  23.114  -27.074  -22.580 0.8999999762
181789  31.611  -28.650  -13.119 0.5000000000
164771  30.665  -27.776  -12.920 0.5000000000
53197  32.688  -28.305  -13.764 0.6999999881
53199  31.398  -27.901  -13.089 0.5000000000
173123  33.143  -27.808  -14.025 0.6999999881
53238  33.725  -28.116  -15.154 0.6999999881
53218  33.519  -27.972  -14.523 0.6999999881
54346  33.925  -27.598  -15.573 0.6999999881
163441  34.111  -27.108  -16.016 0.6999999881
166547  33.818  -26.902  -17.313 0.6999999881
54380  33.553  -27.203  -17.988 0.6999999881
56524  32.868  -25.954  -18.654 0.8000000119
56525  32.291  -25.908  -19.147 0.8000000119
56526  31.606  -25.897  -19.563 0.8000000119
179941  30.064  -26.041  -20.065 0.8000000119
55552  28.474  -26.178  -20.206 0.8999999762
55553  27.701  -26.202  -20.240 1.0000000000
55555  26.078  -26.290  -20.238 1.0000000000
55556  25.152  -26.338  -20.242 1.0000000000
56534  30.357  -25.220  -19.968 0.8000000119
56536  28.807  -25.429  -20.240 0.8000000119
56538  27.238  -25.482  -20.208 0.8999999762
56540  25.567  -25.550  -20.201 1.0000000000
187211  24.619  -25.573  -20.234 1.0000000000
57466  25.933  -24.775  -20.173 0.8999999762
163203  23.584  -25.464  -20.325 1.0000000000
55545  22.919  -26.010  -20.391 1.0000000000
56541  22.492  -25.335  -20.639 1.0000000000
56559  21.608  -25.904  -21.561 0.8999999762
184191  28.538  -30.900  -22.978 0.6999999881
56548  21.944  -25.084  -21.440 0.8999999762
49095  29.733  -31.415  -23.497 0.6000000238
50161  29.227  -30.788  -23.372 0.6000000238
56575  22.320  -25.737  -22.204 0.8999999762
172861  28.727  -29.713  -23.664 0.6999999881
52245  26.770  -29.080  -23.316 0.6999999881
53345  26.075  -28.499  -23.271 0.6999999881
54425  24.884  -27.370  -23.100 0.6999999881
54426  24.079  -26.810  -22.940 0.8000000119
54424  25.832  -27.668  -23.348 0.6999999881
56574  23.325  -25.584  -22.786 0.8000000119
57506  22.587  -24.224  -22.361 0.8999999762
55586  24.922  -26.522  -23.274 0.6999999881
53198  32.106  -28.111  -13.364 0.6000000238
54305  33.567  -27.284  -14.314 0.6999999881
54306  33.105  -27.077  -13.880 0.5000000000
55508  34.323  -26.414  -15.802 0.6999999881
55509  34.158  -26.944  -15.331 0.6999999881
194733  34.384  -25.961  -16.242 0.6999999881
56492  34.520  -25.630  -15.631 0.6999999881
55522  34.213  -25.780  -16.801 0.6999999881
56515  33.974  -25.411  -17.352 0.6999999881
55536  33.579  -26.437  -17.868 0.6999999881
57448  33.613  -24.891  -17.960 0.6999999881
175482  33.294  -26.013  -18.236 0.6999999881
56519  33.133  -25.373  -18.333 0.8000000119
173139  31.823  -25.110  -19.217 0.8000000119
56520  32.497  -25.188  -18.773 0.8000000119
57455  31.377  -24.442  -19.368 0.8000000119
57461  29.884  -24.542  -20.087 0.8000000119
188279  31.753  -23.783  -19.937 0.8000000119
58447  30.215  -24.110  -20.133 0.8000000119
57463  28.338  -24.720  -20.240 0.8000000119
58451  27.113  -24.106  -20.243 0.8999999762
58453  25.374  -24.050  -20.216 0.8999999762
57467  25.025  -24.818  -20.203 1.0000000000
58463  29.809  -23.771  -20.737 0.8000000119
58449  28.649  -24.137  -20.339 0.8000000119
57468  23.343  -24.676  -20.475 1.0000000000
58454  24.265  -24.140  -20.350 1.0000000000
50160  29.956  -30.750  -23.679 0.6000000238
57469  22.641  -24.516  -20.902 1.0000000000
52259  27.608  -29.168  -23.556 0.6999999881
53359  27.251  -28.070  -23.720 0.6999999881
165447  22.010  -25.040  -21.846 0.8999999762
58471  22.453  -23.459  -21.617 1.0000000000
54441  26.428  -27.193  -23.646 0.6999999881
187735  25.472  -26.191  -23.549 0.8000000119
56573  24.209  -25.398  -23.240 0.8000000119
57432  34.734  -24.847  -15.996 0.6999999881
56509  34.487  -25.373  -16.371 0.6999999881
56514  34.321  -25.214  -16.922 0.6999999881
57447  34.274  -24.754  -17.373 0.6999999881
58432  34.108  -24.194  -17.952 0.6999999881
57451  32.893  -24.671  -18.554 0.6999999881
58435  33.896  -23.673  -18.523 0.6999999881
58439  32.712  -23.824  -19.191 0.8000000119
57454  32.144  -24.452  -18.985 0.8000000119
58441  31.081  -24.020  -19.846 0.8000000119
59474  32.182  -23.437  -20.434 0.8000000119
58462  30.658  -23.753  -20.657 0.8000000119
58466  27.457  -23.596  -20.585 0.8999999762
58452  26.296  -24.064  -20.206 0.8999999762
58465  28.228  -23.678  -20.689 0.8000000119
59486  27.047  -22.983  -20.929 0.8999999762
58469  24.744  -23.312  -20.470 0.8999999762
167164  29.888  -29.503  -24.036 0.6000000238
59487  26.218  -22.866  -20.760 0.8999999762
59488  25.346  -22.764  -20.706 0.8999999762
59475  23.162  -23.288  -21.056 1.0000000000
52256  30.628  -29.271  -24.115 0.6000000238
59490  22.720  -23.161  -21.445 0.8999999762
189626  27.090  -27.387  -23.793 0.6999999881
59506  22.719  -22.740  -22.071 0.8999999762
56589  24.932  -25.139  -23.573 0.8000000119
57505  23.417  -24.851  -22.930 0.8999999762
58495  22.834  -23.126  -22.686 0.8000000119
57445  34.634  -24.734  -16.720 0.6999999881
58434  34.527  -23.546  -18.084 0.6999999881
58438  33.253  -23.746  -18.932 0.6999999881
59462  34.354  -23.235  -18.640 0.6999999881
59467  33.101  -23.449  -19.524 0.6999999881
59483  29.411  -23.311  -21.287 0.8000000119
59485  27.844  -23.118  -21.106 0.8000000119
59484  28.628  -23.219  -21.206 0.8000000119
59501  28.275  -22.694  -21.719 0.8000000119
59489  23.831  -22.908  -20.906 0.8999999762
53357  28.902  -28.607  -24.014 0.6000000238
59502  27.458  -22.492  -21.530 0.8000000119
60619  26.965  -21.762  -22.016 0.8999999762
189316  24.812  -22.187  -21.167 0.8999999762
185646  23.002  -22.584  -21.455 0.8999999762
52269  29.836  -28.772  -24.117 0.6000000238
53358  27.972  -28.444  -23.855 0.6999999881
60623  22.859  -22.253  -22.126 0.8999999762
175106  26.761  -26.150  -23.962 0.6999999881
59516  22.750  -22.402  -22.554 0.8000000119
57521  25.677  -24.772  -23.909 0.6999999881
58494  23.602  -23.989  -23.248 0.8000000119
58428  35.357  -23.313  -16.869 0.6999999881
59461  34.887  -22.997  -18.386 0.6999999881
59464  35.238  -22.504  -18.730 0.6999999881
59482  30.299  -23.342  -21.483 0.8000000119
176946  29.733  -22.973  -21.865 0.8000000119
60617  28.737  -22.316  -22.335 0.8000000119
60618  27.945  -22.046  -22.124 0.8000000119
59504  25.721  -22.279  -21.165 0.8999999762
60620  25.010  -21.170  -22.031 0.8999999762
53371  28.663  -27.773  -24.187 0.6000000238
60621  24.086  -21.521  -21.858 0.8999999762
54439  28.238  -27.081  -24.174 0.6999999881
55613  27.447  -26.099  -24.176 0.6999999881
181973  23.188  -21.162  -22.585 0.8999999762
58509  26.134  -24.099  -24.269 0.6999999881
58511  24.319  -23.503  -23.821 0.8000000119
60645  22.924  -21.064  -23.413 0.8000000119
178633  25.660  -23.201  -24.547 0.6999999881
59526  23.969  -22.684  -23.967 0.8000000119
58512  23.417  -22.914  -23.464 0.8000000119
184909  24.989  -22.603  -24.551 0.8000000119
59456  35.544  -22.659  -17.557 0.6999999881
60590  35.690  -22.101  -18.223 0.6000000238
53369  30.094  -28.058  -24.357 0.6000000238
60637  26.938  -21.126  -22.507 0.8000000119
61678  25.416  -20.191  -22.799 0.8999999762
61663  23.847  -20.708  -22.707 0.8999999762
188902  28.908  -26.947  -24.413 0.6000000238
183870  23.490  -20.356  -23.433 0.8999999762
56586  27.058  -25.450  -24.162 0.8000000119
60638  23.027  -20.776  -23.191 0.8999999762
180525  23.388  -21.023  -24.038 0.8000000119
58529  26.605  -23.652  -24.628 0.6999999881
59539  24.155  -22.032  -24.372 0.8000000119
61704  24.548  -20.706  -25.006 0.8000000119
55612  28.252  -26.310  -24.420 0.6999999881
61677  26.492  -20.545  -22.809 0.8000000119
192124  28.357  -25.126  -24.634 0.5000000000
56604  27.892  -25.410  -24.418 0.6000000238
173773  28.084  -24.622  -24.713 0.6000000238
57537  26.825  -24.265  -24.416 0.6999999881
62788  23.976  -19.955  -23.937 0.8000000119
59535  27.701  -23.388  -25.076 0.6000000238
59536  27.163  -22.804  -25.244 0.6000000238
184391  25.253  -22.033  -24.893 0.6999999881
61705  23.790  -20.430  -24.370 0.8000000119
60657  26.424  -22.153  -25.313 0.6000000238
62766  25.964  -19.795  -23.173 0.8000000119
63846  25.397  -19.139  -23.721 0.8000000119
62767  24.783  -19.541  -23.428 0.8999999762
58526  28.789  -24.168  -25.021 0.6000000238
61717  25.082  -20.239  -25.478 0.8000000119
62802  24.346  -19.720  -24.733 0.8000000119
62787  24.518  -19.173  -24.157 0.8000000119
61716  26.186  -20.795  -25.815 0.6000000238
63861  27.034  -19.263  -23.865 0.8000000119
63863  25.056  -18.638  -24.385 0.8000000119
58547  28.403  -23.470  -25.252 0.6000000238
59558  27.994  -22.769  -25.553 0.6000000238
62811  24.776  -19.282  -25.301 0.8000000119
60674  27.263  -22.121  -25.638 0.6000000238
63895  25.654  -19.098  -26.136 0.6999999881
65126  25.164  -18.219  -24.803 0.8000000119
62821  27.229  -19.981  -26.701 0.6000000238
62822  26.335  -19.583  -26.459 0.6000000238
65167  26.134  -18.164  -26.860 0.6999999881
171297  28.007  -21.982  -25.986 0.6000000238
61733  27.647  -20.762  -26.505 0.6000000238
65141  28.100  -18.626  -24.473 0.8000000119
63862  26.149  -18.923  -23.978 0.8000000119
58546  29.155  -23.507  -25.362 0.6000000238
181866  27.445  -18.534  -24.418 0.8000000119
58545  29.994  -23.386  -25.413 0.5000000000
66524  25.687  -17.266  -25.480 0.8000000119
65125  25.854  -18.341  -24.443 0.8000000119
59557  29.361  -22.897  -25.716 0.6000000238
163411  28.705  -22.452  -25.895 0.6000000238
66533  25.643  -17.316  -26.219 0.6000000238
60689  30.606  -22.270  -26.305 0.5000000000
60690  29.557  -21.751  -26.515 0.6000000238
61732  28.464  -20.977  -26.618 0.6000000238
63904  26.742  -19.161  -26.877 0.6000000238
178309  29.766  -20.721  -27.086 0.6000000238
62820  28.097  -20.267  -26.866 0.6000000238
63903  27.655  -19.483  -27.064 0.6000000238
65182  27.443  -18.175  -27.492 0.6000000238
170761  27.589  -17.904  -24.762 0.8000000119
65142  26.597  -18.053  -24.613 0.8000000119
66509  28.334  -17.442  -25.062 0.8000000119
67773  27.700  -16.496  -25.374 0.6999999881
173243  27.314  -17.068  -25.129 0.6999999881
170020  30.187  -21.774  -26.639 0.6000000238
65184  25.997  -17.222  -26.846 0.6000000238
66532  25.921  -16.482  -26.517 0.6000000238
66523  25.904  -16.645  -25.792 0.6999999881
61730  30.409  -21.252  -26.973 0.5000000000
66542  27.082  -17.324  -27.698 0.6000000238
62835  30.197  -20.083  -27.364 0.5000000000
63920  28.954  -19.105  -27.481 0.6000000238
176939  28.304  -18.132  -27.712 0.6000000238
62834  30.899  -20.298  -27.391 0.5000000000
67772  28.927  -16.905  -25.349 0.6999999881
67786  26.869  -15.626  -25.916 0.6000000238
67787  26.160  -15.912  -26.286 0.6000000238
67774  26.590  -16.401  -25.565 0.6000000238
172256  26.530  -15.105  -27.418 0.6000000238
169036  27.278  -14.983  -26.255 0.6000000238
63918  30.739  -19.601  -27.601 0.5000000000
65181  29.324  -18.546  -27.755 0.6000000238
66540  29.192  -17.674  -28.081 0.6000000238
67804  26.612  -16.135  -27.646 0.6000000238
68960  26.893  -14.537  -27.393 0.6000000238
65179  30.971  -18.363  -28.106 0.6000000238
66539  30.247  -17.698  -28.236 0.6000000238
63933  32.078  -19.276  -27.839 0.5000000000
65196  31.813  -18.621  -28.082 0.5000000000
180202  32.493  -18.797  -28.035 0.4000000060
179367  32.458  -18.138  -28.239 0.5000000000
67785  28.266  -15.776  -25.650 0.6000000238
68951  28.223  -14.757  -26.082 0.6000000238
67802  28.674  -16.563  -28.348 0.6000000238
67803  27.382  -15.636  -28.178 0.6000000238
68952  27.261  -14.234  -26.934 0.6000000238
66555  30.358  -16.909  -28.523 0.6000000238
67814  29.430  -16.216  -28.628 0.6000000238
65197  31.664  -18.019  -28.270 0.5000000000
67813  31.198  -16.775  -28.657 0.6000000238
66553  31.993  -17.377  -28.463 0.5000000000
180810  33.307  -17.991  -28.312 0.4000000060
66552  32.798  -17.567  -28.409 0.4000000060
68979  28.008  -14.576  -28.730 0.6000000238
70155  27.218  -13.933  -27.757 0.5000000000
167875  28.401  -14.042  -26.617 0.5000000000
188452  29.161  -14.683  -26.032 0.5000000000
67815  28.344  -15.510  -28.592 0.6000000238
70173  28.172  -13.960  -28.685 0.5000000000
182259  31.300  -16.143  -28.946 0.6000000238
67812  31.976  -16.579  -28.762 0.5000000000
68975  32.673  -16.251  -28.824 0.4000000060
70143  29.472  -14.112  -26.326 0.4000000060
68978  28.978  -14.962  -28.912 0.6000000238
192949  28.929  -13.960  -28.902 0.5000000000
68976  31.900  -15.826  -29.035 0.4000000060
68977  30.973  -15.344  -29.099 0.6000000238
68992  30.585  -14.313  -29.341 0.6000000238
70172  29.555  -13.511  -29.011 0.4000000060
68990  32.689  -15.430  -29.107 0.4000000060
185531  33.190  -14.854  -29.193 0.4000000060
165738  30.095  -12.952  -28.872 0.4000000060
68991  31.650  -14.954  -29.310 0.4000000060
70185  30.444  -13.320  -29.391 0.4000000060
68989  33.752  -15.472  -28.970 0.4000000060
70184  31.292  -14.048  -29.550 0.4000000060
71436  31.646  -13.447  -26.400 0.4000000060
72619  30.730  -12.605  -27.742 0.4000000060
71470  30.709  -12.785  -29.388 0.4000000060
71468  33.119  -14.105  -29.375 0.4000000060
70183  32.271  -14.451  -29.503 0.4000000060
183467  32.139  -13.491  -29.678 0.4000000060
71469  31.210  -13.306  -29.639 0.4000000060
72618  31.466  -12.828  -27.001 0.4000000060
73842  31.531  -12.291  -27.575 0.4000000060
72626  30.380  -12.635  -28.459 0.4000000060
164945  33.037  -13.250  -29.616 0.3000000119
72646  31.010  -12.431  -29.351 0.4000000060
72633  30.637  -12.564  -28.954 0.4000000060
73841  32.450  -12.095  -27.125 0.4000000060
75071  31.633  -11.645  -28.872 0.4000000060
166194  23.773  -35.270  -21.353 0.8000000119
46135  22.671  -34.753  -20.350 0.8999999762
182621  22.891  -34.786  -19.160 0.8999999762
46122  22.609  -35.179  -19.775 0.8999999762
45103  23.007  -35.677  -19.065 0.8999999762
47015  28.509  -33.444  -16.878 0.8999999762
49027  29.605  -31.858  -18.191 1.0000000000
46099  25.468  -34.440  -16.946 0.8999999762
47017  26.993  -33.998  -16.636 0.8999999762
48010  26.841  -32.939  -17.447 0.8999999762
49029  28.080  -31.875  -18.262 1.0000000000
46100  24.717  -34.670  -17.421 0.8999999762
47037  26.517  -33.562  -17.003 0.8999999762
48018  25.603  -32.850  -17.911 0.8999999762
49019  27.761  -32.275  -17.915 1.0000000000
47048  24.280  -34.130  -17.803 0.8999999762
49032  25.633  -31.918  -18.483 0.8999999762
70154  27.841  -13.616  -27.473 0.4000000060
70162  28.508  -13.321  -27.911 0.4000000060
70153  28.823  -13.482  -27.072 0.4000000060
70152  30.996  -13.921  -26.264 0.4000000060
39939  29.759  -40.219  -12.428 0.8999999762
39982  30.603  -39.859  -14.669 1.0000000000
38967  29.185  -41.411  -17.152 0.8000000119
40888  27.252  -39.347  -11.771 0.8999999762
41926  30.932  -38.335  -13.649 1.0000000000
40012  28.759  -40.028  -16.845 0.8000000119
45007  30.580  -35.935  -11.884 0.8999999762
189884  28.899  -36.834  -15.854 0.8999999762
40946  28.512  -38.713  -16.394 0.8000000119
41968  26.700  -37.698  -17.055 0.8000000119
172880  25.683  -38.037  -17.693 0.8000000119
46069  30.436  -34.644  -15.798 1.0000000000
44043  26.466  -36.387  -16.793 0.8999999762
173182  25.346  -37.478  -17.705 0.8000000119
45096  24.433  -35.389  -17.630 0.8999999762
178720  23.711  -35.599  -18.215 0.8000000119
46081  28.579  -33.993  -16.502 0.8999999762
47047  25.343  -33.359  -17.622 0.8999999762
45991  28.905  -34.868  -11.291 0.8999999762
45993  27.459  -34.628  -11.306 1.0000000000
48923  23.968  -32.309  -12.021 0.6000000238
48946  22.665  -31.944  -13.659 0.4000000060
48934  23.189  -31.849  -13.123 0.4000000060
47994  29.852  -33.002  -17.151 1.0000000000
49018  28.342  -32.428  -17.815 0.8999999762
45144  24.506  -35.861  -21.574 0.6999999881
48054  23.536  -33.131  -21.496 0.8000000119
47896  30.236  -32.936  -11.944 0.8999999762
183531  23.380  -33.650  -18.728 0.8999999762
45128  27.427  -35.068  -20.218 0.6000000238
47090  22.720  -34.135  -20.609 0.8999999762
48903  27.345  -31.815  -11.295 0.6999999881
50006  23.646  -31.223  -13.176 0.4000000060
195229  24.713  -33.563  -17.819 0.8999999762
49050  22.465  -32.001  -20.279 0.8999999762
49063  22.583  -31.903  -20.844 0.8999999762
47065  27.758  -33.395  -20.405 0.6999999881
49058  27.031  -32.214  -21.429 0.6999999881
48921  29.462  -31.542  -11.760 0.8000000119
194717  30.987  -32.213  -12.426 0.8999999762
51162  29.832  -29.946  -19.354 1.0000000000
48017  26.234  -32.430  -18.044 0.8999999762
50106  25.480  -30.778  -19.077 0.8999999762
49042  25.094  -31.403  -18.809 0.8999999762
195088  25.437  -32.450  -18.230 0.8999999762
50109  22.664  -31.359  -19.886 0.8999999762
50017  32.375  -31.135  -13.772 0.8000000119
51045  26.336  -29.694  -12.240 0.5000000000
50043  33.253  -31.084  -15.976 1.0000000000
51170  22.840  -30.537  -19.864 0.8999999762
51074  32.651  -30.326  -14.095 0.6999999881
51102  33.563  -29.950  -15.807 0.8000000119
50062  33.531  -30.429  -16.295 0.8999999762
50077  33.481  -30.235  -17.079 0.8999999762
50132  27.221  -31.104  -22.315 0.6999999881
52234  22.632  -29.599  -21.552 0.8999999762
177928  24.321  -29.731  -22.478 0.8000000119
163696  28.306  -29.365  -12.063 0.6000000238
51058  31.656  -30.129  -13.099 0.8000000119
184785  29.926  -29.779  -12.281 0.6000000238
52133  33.314  -29.125  -14.700 0.6999999881
52147  33.751  -28.847  -16.227 0.6999999881
52167  33.725  -28.878  -17.003 0.6999999881
53311  29.876  -28.034  -20.084 1.0000000000
167670  25.046  -28.523  -19.992 1.0000000000
53349  22.428  -27.948  -21.996 0.8999999762
52086  29.480  -29.086  -12.297 0.6000000238
53187  28.251  -28.582  -12.407 0.5000000000
53258  33.793  -28.217  -15.865 0.6999999881
54394  30.208  -27.367  -20.141 0.8999999762
53185  29.699  -28.334  -12.525 0.5000000000
54361  33.917  -27.358  -16.689 0.6999999881
55537  33.230  -26.623  -18.435 0.8000000119
55563  21.798  -26.566  -21.115 0.8999999762
54281  32.594  -27.571  -13.624 0.6000000238
54282  31.812  -27.254  -13.345 0.5000000000
55495  33.944  -26.766  -14.690 0.6999999881
57464  27.565  -24.747  -20.204 0.8999999762
57460  30.640  -24.453  -19.727 0.8000000119
58448  29.418  -24.127  -20.319 0.8000000119
58480  22.486  -23.404  -22.016 0.8999999762
55443  32.472  -26.805  -13.598 0.5000000000
56479  33.997  -26.098  -14.497 0.6999999881
58445  32.372  -23.705  -19.676 0.8000000119
58450  27.888  -24.134  -20.291 0.8999999762
58468  25.802  -23.388  -20.358 0.8999999762
56588  25.590  -25.602  -23.697 0.8000000119
186927  24.198  -24.781  -23.407 0.8000000119
58431  34.787  -24.006  -17.300 0.6999999881
59481  31.188  -23.373  -21.351 0.8000000119
60639  22.911  -21.465  -22.785 0.8999999762
59457  35.129  -23.221  -17.722 0.6999999881
189085  26.002  -21.029  -22.317 0.8999999762
59537  26.399  -22.894  -24.924 0.6999999881
62810  25.628  -19.780  -25.968 0.6999999881
61715  27.236  -21.322  -26.042 0.6000000238
62809  26.724  -20.421  -26.296 0.6000000238
65156  25.379  -18.415  -25.909 0.8000000119
65166  27.105  -18.644  -27.231 0.6000000238
66510  26.387  -17.218  -25.129 0.6999999881
62836  29.396  -19.917  -27.294 0.6000000238
66541  27.827  -16.954  -28.073 0.6000000238
63919  29.917  -19.248  -27.593 0.6000000238
68968  26.981  -14.468  -27.929 0.6000000238
71437  30.556  -13.128  -27.085 0.4000000060
71438  29.417  -13.138  -27.539 0.4000000060
176594  32.091  -12.568  -26.911 0.4000000060
72644  32.274  -12.734  -29.919 0.4000000060
162315  23.356  -35.057  -18.541 0.8999999762
27381  27.334  -49.856  -12.337 0.4000000060
28393  26.533  -48.877  -11.991 0.4000000060
174659  25.187  -48.073  -12.182 0.4000000060
28405  28.383  -49.350  -12.932 0.4000000060
29463  26.871  -48.125  -12.040 0.4000000060
30588  25.611  -47.480  -12.398 0.4000000060
170508  29.387  -47.831  -13.988 0.3000000119
29461  28.282  -48.060  -12.264 0.4000000060
29502  29.228  -48.080  -14.686 0.4000000060
30655  29.335  -47.370  -15.276 0.4000000060
31850  28.907  -46.268  -16.624 0.4000000060
31861  28.448  -46.231  -17.124 0.4000000060
30586  27.244  -47.442  -12.086 0.5000000000
31773  25.971  -46.835  -12.510 0.4000000060
30584  28.702  -47.357  -12.348 0.4000000060
30585  28.021  -47.406  -12.102 0.4000000060
30639  29.605  -47.327  -14.474 0.5000000000
31822  29.711  -46.635  -15.054 0.4000000060
31849  29.299  -45.847  -16.303 0.4000000060
33002  28.880  -45.668  -16.953 0.5000000000
33012  28.771  -44.962  -17.361 0.5000000000
35355  27.919  -43.622  -18.233 0.6000000238
34186  27.625  -44.296  -18.190 0.5000000000
35356  27.123  -43.727  -18.424 0.6000000238
35357  26.144  -43.787  -18.569 0.4000000060
169209  26.786  -46.778  -12.239 0.5000000000
31772  26.350  -46.173  -12.522 0.5000000000
31789  25.651  -46.250  -12.989 0.5000000000
30622  24.032  -46.785  -14.071 0.5000000000
167715  29.017  -46.624  -12.508 0.6000000238
171040  28.402  -46.666  -12.204 0.6000000238
31787  29.460  -46.408  -12.979 0.5000000000
32955  29.623  -45.698  -13.006 0.6000000238
32967  30.038  -45.772  -14.076 0.5000000000
31821  29.982  -45.784  -14.835 0.5000000000
33000  29.893  -44.916  -15.870 0.4000000060
33001  29.404  -45.070  -16.607 0.6000000238
35335  29.060  -43.517  -17.527 0.6000000238
35336  28.526  -43.420  -18.000 0.6000000238
36573  28.134  -42.917  -18.252 0.6000000238
36574  27.401  -42.426  -18.456 0.6000000238
169861  26.417  -41.067  -18.399 0.6000000238
181209  27.475  -43.157  -18.418 0.6000000238
179788  26.683  -43.085  -18.527 0.6000000238
36575  26.323  -42.374  -18.537 0.6000000238
37824  24.897  -41.829  -18.606 0.6000000238
31771  27.103  -46.041  -12.274 0.5000000000
31788  26.058  -45.608  -12.849 0.5000000000
32958  25.462  -45.623  -13.382 0.5000000000
31805  24.484  -46.272  -14.222 0.5000000000
185813  29.187  -45.437  -12.612 0.6000000238
31770  27.988  -45.837  -12.163 0.6000000238
32954  29.984  -45.216  -13.598 0.6000000238
34102  29.597  -44.940  -12.980 0.6000000238
184574  30.177  -44.708  -14.623 0.5000000000
35276  30.020  -43.833  -13.813 0.6000000238
34146  30.058  -44.289  -15.557 0.6000000238
34158  29.789  -44.280  -16.363 0.6000000238
37808  28.395  -42.065  -18.159 0.6000000238
38981  25.250  -40.990  -18.494 0.6000000238
174649  23.970  -40.621  -18.750 0.6999999881
32956  26.460  -45.048  -12.617 0.6000000238
32968  25.269  -44.945  -13.616 0.5000000000
180106  24.727  -44.866  -14.089 0.5000000000
34090  29.072  -44.712  -12.548 0.6000000238
32945  27.983  -45.056  -12.184 0.6000000238
34092  27.637  -44.464  -12.154 0.6000000238
34114  25.026  -44.219  -13.725 0.5000000000
34131  23.662  -44.681  -14.931 0.5000000000
35250  28.937  -43.968  -12.430 0.6000000238
168897  30.153  -43.766  -15.193 0.6000000238
165932  25.061  -40.074  -18.388 0.6999999881
35252  27.232  -43.774  -12.150 0.6000000238
35262  26.525  -43.820  -12.446 0.6000000238
34104  25.588  -44.321  -13.249 0.6000000238
35251  28.148  -43.679  -12.127 0.6000000238
181697  26.232  -43.293  -12.636 0.6000000238
176673  25.757  -43.108  -13.066 0.6000000238
35278  24.854  -43.497  -13.862 0.6000000238
35296  23.976  -43.947  -14.593 0.6000000238
36464  28.286  -42.766  -12.110 0.6000000238
35297  23.207  -43.757  -14.897 0.5000000000
35261  29.347  -43.478  -12.814 0.6000000238
36520  23.019  -42.824  -14.737 0.6000000238
164890  24.026  -39.619  -18.688 0.6999999881
181469  26.762  -43.161  -12.272 0.6000000238
178757  25.568  -42.417  -13.166 0.6000000238
36449  27.821  -41.780  -11.888 0.6000000238
36466  26.932  -42.436  -12.169 0.6000000238
36480  26.234  -42.607  -12.621 0.6000000238
36496  24.694  -42.815  -13.955 0.6000000238
36519  23.747  -43.122  -14.575 0.6000000238
36463  28.856  -42.361  -12.287 0.6000000238
37750  23.438  -41.541  -14.504 0.6000000238
36479  29.321  -42.738  -12.739 0.6000000238
37747  30.147  -42.152  -13.903 0.6000000238
41990  24.039  -38.176  -18.653 0.6999999881
41991  23.618  -37.763  -19.228 0.6999999881
170778  28.335  -42.042  -12.035 0.6000000238
38895  26.368  -41.184  -12.495 0.6999999881
37731  25.335  -41.702  -13.316 0.6999999881
184585  29.339  -41.288  -12.392 0.6000000238
44072  23.117  -36.546  -19.378 0.6999999881
37715  27.151  -41.619  -12.065 0.6999999881
38876  28.541  -40.887  -11.824 0.6999999881
38861  27.787  -40.977  -11.786 0.6999999881
38896  25.806  -40.483  -12.856 0.6999999881
38897  25.126  -40.876  -13.376 0.6999999881
37748  24.669  -41.533  -13.855 0.6000000238
38917  24.518  -40.780  -13.836 0.6999999881
179671  24.120  -40.246  -14.005 0.6000000238
194929  23.274  -40.887  -14.457 0.5000000000
45145  23.438  -36.152  -20.884 0.8000000119
39942  27.528  -40.105  -11.782 0.6999999881
39943  26.839  -39.922  -12.082 0.6999999881
39944  26.184  -39.800  -12.512 0.6999999881
178503  25.206  -40.150  -13.223 0.6999999881
38919  22.682  -40.416  -14.500 0.5000000000
39956  24.877  -39.471  -13.380 0.6999999881
40912  23.971  -39.072  -13.840 0.6000000238
40913  23.420  -39.022  -14.049 0.6000000238
60635  28.438  -21.660  -22.675 0.6999999881
59473  32.886  -23.218  -20.229 0.6999999881
59480  31.949  -23.201  -21.181 0.6999999881
59499  30.303  -22.810  -22.215 0.6999999881
59471  34.357  -22.689  -19.743 0.6000000238
59472  33.626  -22.983  -20.000 0.6000000238
60633  30.346  -22.277  -22.724 0.6999999881
176949  29.847  -21.899  -22.875 0.6999999881
61676  28.164  -21.012  -22.983 0.6999999881
61692  27.862  -20.386  -23.280 0.6999999881
60594  34.993  -22.287  -19.423 0.6000000238
59478  33.402  -22.790  -20.764 0.6000000238
59496  32.441  -22.766  -21.711 0.6999999881
60632  31.034  -22.104  -22.871 0.6999999881
60593  35.540  -21.877  -19.031 0.6000000238
61675  28.908  -21.196  -23.098 0.6999999881
61691  28.631  -20.576  -23.396 0.6999999881
63860  27.873  -19.194  -24.070 0.6999999881
60599  34.724  -22.091  -20.152 0.6000000238
60603  34.443  -21.887  -20.879 0.6000000238
61660  33.789  -21.305  -22.088 0.6000000238
60631  31.777  -21.968  -22.836 0.6999999881
189167  30.456  -21.569  -23.194 0.6999999881
62782  29.837  -20.246  -23.834 0.6999999881
62783  29.097  -20.117  -23.764 0.6999999881
63882  28.601  -18.976  -24.363 0.6999999881
60598  35.332  -21.669  -19.788 0.6000000238
61645  35.061  -21.477  -20.551 0.6000000238
61659  34.346  -20.937  -21.796 0.5000000000
61661  33.212  -21.578  -22.417 0.6000000238
62779  32.097  -20.215  -23.746 0.5000000000
62781  30.568  -20.340  -23.919 0.6999999881
65138  30.708  -18.700  -24.784 0.6999999881
65140  28.767  -18.363  -24.735 0.6999999881
70181  37.260  -14.996  -29.543 0.3000000119
162603  36.101  -14.601  -29.342 0.3000000119
70182  34.085  -14.700  -29.115 0.3000000119
192198  26.050  -49.456  -11.933 0.4000000060
28394  25.545  -48.876  -11.939 0.3000000119
29447  23.840  -48.250  -11.528 0.4000000060
27394  27.922  -49.951  -12.830 0.3000000119
29466  24.333  -47.857  -12.048 0.4000000060
28418  28.955  -48.913  -14.458 0.4000000060
183361  24.834  -47.411  -12.521 0.4000000060
29516  28.520  -48.215  -16.012 0.4000000060
163217  28.437  -47.621  -16.475 0.4000000060
30681  28.028  -46.791  -17.293 0.4000000060
33013  28.288  -45.576  -17.472 0.5000000000
179920  26.601  -44.994  -18.415 0.4000000060
171511  23.780  -46.897  -13.518 0.4000000060
179116  25.524  -43.015  -18.613 0.5000000000
30640  23.520  -46.797  -14.733 0.5000000000
38982  24.276  -41.379  -18.673 0.6000000238
31806  24.145  -46.079  -14.695 0.5000000000
32976  23.983  -45.513  -14.878 0.5000000000
32977  23.458  -45.490  -15.275 0.5000000000
184085  23.363  -40.063  -19.167 0.6000000238
34132  23.016  -44.648  -15.248 0.5000000000
35314  21.663  -44.053  -15.475 0.4000000060
40982  23.477  -38.551  -19.284 0.6999999881
37773  22.858  -42.023  -14.634 0.5000000000
43038  23.330  -37.269  -19.585 0.6999999881
37751  22.721  -41.259  -14.575 0.5000000000
44100  23.537  -36.898  -20.737 0.8000000119
44099  24.240  -36.649  -21.286 0.6999999881
38933  21.359  -40.372  -14.976 0.5000000000
39984  22.375  -39.643  -14.466 0.6000000238
55494  34.314  -26.248  -15.093 0.6000000238
57422  34.671  -24.896  -15.214 0.6000000238
61644  35.638  -20.900  -20.126 0.5000000000
62746  34.815  -20.647  -21.480 0.5000000000
185679  34.007  -20.015  -22.584 0.5000000000
62764  32.915  -20.138  -23.396 0.5000000000
63877  32.051  -19.041  -24.356 0.5000000000
65137  31.611  -18.537  -24.745 0.5000000000
66522  30.736  -17.338  -25.341 0.5000000000
72640  38.374  -13.908  -29.710 0.3000000119
71464  36.824  -14.070  -29.424 0.3000000119
162602  34.973  -14.203  -29.225 0.3000000119
36478  29.790  -42.422  -13.245 0.6000000238
35260  29.773  -43.672  -13.311 0.6000000238
35295  30.182  -43.605  -14.475 0.6000000238
40890  25.903  -39.069  -12.649 0.8000000119
38980  26.210  -40.318  -18.254 0.6999999881
41989  24.530  -38.818  -18.421 0.6999999881
43027  23.504  -37.060  -18.977 0.6999999881
59479  32.680  -23.004  -20.990 0.6999999881
62785  27.479  -19.783  -23.616 0.6999999881
67771  29.926  -17.245  -25.349 0.6000000238
194046  34.406  -15.295  -29.016 0.3000000119
45130  22.872  -35.982  -19.922 0.8000000119
43064  24.942  -37.160  -21.442 0.6999999881
59514  31.437  -22.604  -22.525 0.6999999881
28392  27.275  -49.174  -12.106 0.4000000060
29460  28.853  -47.995  -12.663 0.4000000060
28413  28.798  -49.164  -13.599 0.3000000119
185484  29.568  -47.295  -13.689 0.5000000000
30606  25.179  -46.882  -13.029 0.5000000000
174261  27.527  -46.651  -17.688 0.3000000119
34188  25.849  -44.621  -18.702 0.4000000060
30624  22.692  -46.847  -14.118 0.5000000000
194729  23.488  -40.299  -14.285 0.6000000238
61689  30.127  -20.858  -23.554 0.6999999881
62784  28.316  -19.945  -23.697 0.6999999881
60605  33.152  -22.544  -21.478 0.6999999881
61650  34.144  -21.642  -21.546 0.6000000238
60614  32.848  -22.193  -22.101 0.6999999881
61673  31.324  -21.457  -23.235 0.6999999881
61649  34.683  -21.246  -21.210 0.6000000238
62755  33.948  -20.611  -22.304 0.5000000000
61686  32.357  -20.708  -23.400 0.6000000238
61688  30.908  -20.907  -23.596 0.6999999881
62800  30.280  -19.778  -24.177 0.6999999881
63881  29.286  -19.054  -24.431 0.6999999881
61648  35.211  -20.799  -20.931 0.5000000000
177387  34.595  -20.065  -22.013 0.5000000000
62763  33.495  -20.407  -22.822 0.5000000000
62780  31.324  -20.316  -23.894 0.5000000000
62799  30.973  -19.806  -24.207 0.5000000000
66506  31.171  -17.938  -25.069 0.5000000000
66507  30.305  -17.947  -25.114 0.6999999881
62741  36.106  -20.151  -19.991 0.5000000000
63845  33.658  -19.703  -23.079 0.5000000000
63856  33.246  -19.319  -23.625 0.5000000000
175552  32.071  -17.790  -24.925 0.5000000000
42014  23.536  -38.218  -20.118 0.6000000238
43065  24.084  -37.305  -21.005 0.6000000238
43049  27.096  -36.817  -20.890 0.5000000000
187912  25.653  -37.447  -21.494 0.6000000238
44098  25.223  -36.396  -21.619 0.6000000238
181372  29.055  -36.635  -19.445 0.5000000000
163564  27.813  -36.467  -20.200 0.5000000000
44097  26.086  -36.197  -21.470 0.6000000238
179969  22.403  -36.944  -13.932 0.5000000000
45143  25.547  -35.628  -21.623 0.6000000238
177577  30.289  -35.938  -19.181 0.5000000000
44071  28.605  -36.026  -19.556 0.5000000000
192840  30.871  -35.600  -19.289 0.5000000000
44006  22.242  -36.174  -13.698 0.4000000060
175371  21.286  -36.021  -14.447 0.4000000060
45047  21.336  -35.303  -14.243 0.4000000060
45116  29.110  -35.499  -19.364 0.5000000000
45125  31.707  -35.332  -19.748 0.5000000000
45114  30.415  -35.178  -19.325 0.5000000000
46045  21.276  -34.425  -14.413 0.4000000060
46129  31.628  -34.805  -20.202 0.5000000000
46130  30.971  -34.394  -20.134 0.5000000000
46966  21.221  -33.654  -14.747 0.4000000060
51060  25.632  -29.812  -12.753 0.4000000060
51061  24.898  -30.194  -13.075 0.4000000060
51062  24.172  -30.606  -13.292 0.4000000060
50018  23.625  -30.770  -13.717 0.3000000119
54283  30.180  -27.165  -13.077 0.4000000060
171767  29.578  -27.180  -13.035 0.4000000060
52089  26.990  -29.277  -12.250 0.4000000060
52103  26.456  -28.989  -12.862 0.4000000060
55446  29.675  -26.628  -13.332 0.4000000060
53203  27.584  -28.206  -12.887 0.4000000060
171549  25.851  -29.161  -13.379 0.4000000060
53220  27.267  -27.826  -13.639 0.4000000060
53204  26.875  -28.315  -13.316 0.4000000060
52104  25.191  -29.493  -13.690 0.4000000060
51076  24.501  -29.877  -13.894 0.4000000060
53186  28.950  -28.375  -12.465 0.4000000060
54285  28.455  -27.210  -13.287 0.4000000060
53202  28.337  -27.865  -12.836 0.4000000060
55445  30.487  -26.622  -13.326 0.4000000060
54284  29.067  -26.942  -13.270 0.4000000060
55448  28.545  -26.648  -13.622 0.4000000060
54286  27.791  -27.505  -13.396 0.4000000060
54307  27.913  -26.925  -13.875 0.4000000060
54308  27.255  -27.322  -14.084 0.4000000060
52119  26.234  -28.504  -13.835 0.4000000060
55476  27.275  -26.726  -14.171 0.4000000060
53239  26.098  -27.660  -14.883 0.4000000060
193873  25.515  -28.672  -14.438 0.4000000060
171872  33.014  -26.352  -13.827 0.4000000060
56434  30.134  -26.048  -13.609 0.4000000060
56435  29.403  -26.065  -13.699 0.4000000060
55474  28.749  -26.137  -13.793 0.4000000060
55473  33.563  -26.582  -14.171 0.5000000000
56431  32.354  -26.079  -13.643 0.4000000060
55444  31.767  -26.456  -13.514 0.4000000060
57388  31.376  -25.297  -13.709 0.4000000060
56461  29.067  -25.516  -13.865 0.4000000060
55475  28.070  -26.341  -13.909 0.4000000060
177768  27.606  -25.847  -13.932 0.4000000060
55477  26.571  -26.751  -14.397 0.4000000060
56478  34.333  -25.548  -14.836 0.5000000000
192779  33.954  -25.523  -14.360 0.5000000000
57406  32.789  -24.879  -13.826 0.5000000000
57387  32.164  -25.376  -13.715 0.4000000060
57408  30.940  -24.641  -13.824 0.4000000060
176316  30.178  -24.723  -13.890 0.4000000060
56462  28.383  -25.658  -13.889 0.4000000060
185819  33.517  -25.207  -14.053 0.5000000000
57407  31.877  -24.536  -13.780 0.4000000060
58386  30.459  -24.069  -13.942 0.4000000060
186471  29.872  -24.206  -13.988 0.4000000060
181720  33.385  -23.734  -13.977 0.4000000060
58384  31.998  -23.612  -13.866 0.4000000060
58385  31.204  -23.887  -13.881 0.4000000060
177913  29.949  -23.620  -14.090 0.4000000060
177823  33.299  -22.655  -14.151 0.4000000060
61554  32.781  -21.785  -14.517 0.4000000060
61555  32.116  -22.037  -14.394 0.4000000060
60512  31.519  -22.390  -14.225 0.4000000060
60533  30.853  -21.964  -14.588 0.4000000060
58415  34.975  -24.219  -15.634 0.5000000000
59424  34.646  -22.709  -14.851 0.5000000000
60509  33.828  -22.520  -14.378 0.4000000060
61568  32.110  -21.423  -14.693 0.4000000060
176142  31.342  -21.303  -14.853 0.4000000060
61569  30.528  -21.309  -15.012 0.3000000119
58429  35.038  -24.136  -16.408 0.5000000000
59408  33.658  -23.119  -14.154 0.5000000000
178858  32.826  -23.208  -13.948 0.4000000060
59409  32.050  -22.864  -14.033 0.4000000060
59410  31.353  -23.124  -14.007 0.4000000060
185022  30.091  -22.974  -14.301 0.4000000060
60513  30.781  -22.697  -14.265 0.4000000060
60529  35.070  -22.417  -15.250 0.5000000000
189561  34.272  -22.431  -14.611 0.5000000000
61553  33.396  -21.638  -14.639 0.4000000060
61567  32.942  -21.084  -14.857 0.4000000060
62650  31.073  -20.724  -15.304 0.3000000119
59454  35.490  -22.885  -16.258 0.5000000000
60530  34.563  -22.116  -14.917 0.5000000000
61566  33.788  -21.274  -14.894 0.4000000060
62649  31.995  -20.700  -15.147 0.4000000060
62651  30.279  -20.715  -15.460 0.3000000119
61584  29.618  -20.604  -15.634 0.3000000119
61611  35.624  -21.272  -16.268 0.5000000000
174786  35.680  -22.503  -16.852 0.4000000060
60587  35.841  -22.005  -17.489 0.5000000000
62666  34.054  -20.258  -15.543 0.3000000119
62648  33.568  -20.636  -15.174 0.4000000060
182908  32.815  -20.347  -15.333 0.4000000060
62667  31.532  -20.129  -15.661 0.3000000119
62668  30.766  -20.175  -15.804 0.3000000119
62669  30.033  -20.185  -15.962 0.3000000119
62670  29.201  -20.197  -16.273 0.3000000119
61582  35.267  -20.809  -15.896 0.3000000119
60581  35.829  -21.756  -16.846 0.4000000060
183449  36.043  -21.464  -17.411 0.4000000060
61636  36.262  -20.868  -18.308 0.4000000060
61637  36.000  -21.406  -18.637 0.4000000060
61640  35.826  -21.221  -19.344 0.4000000060
63732  33.679  -19.639  -15.889 0.3000000119
193459  33.384  -20.087  -15.543 0.3000000119
63734  31.979  -19.570  -16.046 0.3000000119
63735  31.202  -19.617  -16.210 0.3000000119
63736  30.465  -19.692  -16.322 0.3000000119
63752  28.703  -19.853  -16.968 0.3000000119
166742  28.467  -20.249  -16.531 0.3000000119
62665  34.727  -20.503  -15.673 0.3000000119
63750  30.147  -19.391  -16.849 0.3000000119
63751  29.437  -19.578  -16.904 0.3000000119
63774  28.140  -19.588  -17.592 0.3000000119
62685  35.713  -20.520  -16.523 0.3000000119
62684  36.136  -20.358  -17.254 0.3000000119
62736  36.380  -20.211  -18.635 0.3000000119
61639  36.221  -20.770  -18.970 0.4000000060
62742  35.655  -20.200  -20.685 0.4000000060
168285  35.589  -19.588  -21.142 0.4000000060
63837  34.928  -19.209  -22.105 0.4000000060
63857  32.495  -19.538  -23.918 0.4000000060
62716  27.432  -19.929  -17.442 0.3000000119
166185  34.981  -19.306  -16.483 0.3000000119
63731  34.497  -19.766  -15.977 0.3000000119
62664  35.206  -20.054  -16.186 0.3000000119
172241  35.732  -19.679  -16.880 0.3000000119
63803  36.395  -19.616  -18.281 0.3000000119
165606  36.391  -19.380  -19.746 0.3000000119
63826  36.070  -19.536  -20.492 0.4000000060
63828  36.300  -18.891  -20.352 0.3000000119
178081  35.977  -18.943  -20.975 0.4000000060
65092  35.774  -18.394  -21.460 0.4000000060
63844  34.327  -19.330  -22.680 0.4000000060
169444  34.353  -18.663  -23.020 0.4000000060
65121  34.072  -18.246  -23.544 0.4000000060
65123  32.853  -18.742  -24.143 0.4000000060
65136  32.297  -18.431  -24.580 0.4000000060
63769  36.208  -19.681  -17.602 0.3000000119
65091  36.295  -18.154  -20.722 0.3000000119
66465  36.006  -17.654  -21.460 0.3000000119
65108  34.657  -18.074  -22.993 0.4000000060
66492  34.523  -17.434  -23.526 0.4000000060
65122  33.468  -18.127  -24.123 0.4000000060
67769  33.725  -16.403  -24.691 0.4000000060
66520  32.259  -16.988  -25.157 0.4000000060
67783  30.996  -16.689  -25.520 0.4000000060
190219  30.355  -16.818  -25.506 0.5000000000
66464  36.382  -17.132  -20.784 0.3000000119
66472  36.113  -16.874  -21.579 0.3000000119
66482  35.586  -17.335  -22.181 0.3000000119
67746  34.961  -16.917  -23.243 0.4000000060
67757  34.668  -16.660  -23.747 0.4000000060
67768  34.375  -16.349  -24.270 0.4000000060
66504  33.430  -17.338  -24.515 0.4000000060
68937  34.325  -15.646  -24.598 0.3000000119
68938  33.111  -16.111  -25.116 0.4000000060
68948  31.965  -15.722  -25.581 0.3000000119
68949  31.129  -15.897  -25.665 0.3000000119
68950  29.354  -15.526  -25.767 0.4000000060
175080  31.318  -14.936  -25.824 0.3000000119
164703  30.219  -15.127  -25.873 0.3000000119
67717  36.379  -16.348  -21.036 0.3000000119
67735  36.183  -16.149  -21.770 0.3000000119
67745  35.411  -16.760  -22.756 0.3000000119
67756  35.175  -16.303  -23.310 0.3000000119
68932  34.831  -15.970  -23.946 0.3000000119
70124  34.998  -15.262  -24.179 0.3000000119
70132  34.616  -14.856  -24.756 0.3000000119
175101  33.315  -14.956  -25.437 0.3000000119
68947  32.776  -15.519  -25.431 0.3000000119
70141  32.193  -15.078  -25.681 0.3000000119
71425  33.083  -14.221  -25.769 0.3000000119
68873  36.425  -15.538  -21.164 0.3000000119
188878  35.774  -15.913  -22.613 0.3000000119
70123  35.508  -14.852  -23.732 0.3000000119
70131  35.213  -14.577  -24.414 0.3000000119
70138  34.275  -14.398  -25.253 0.3000000119
71424  33.863  -13.934  -25.657 0.3000000119
71435  32.501  -13.675  -26.123 0.3000000119
70151  32.085  -14.312  -25.929 0.3000000119
72610  34.181  -13.357  -25.817 0.3000000119
72617  32.303  -13.077  -26.496 0.3000000119
73840  33.376  -12.278  -26.560 0.3000000119
185780  34.183  -24.803  -14.457 0.5000000000
58401  34.658  -24.099  -14.895 0.5000000000
42002  23.435  -38.043  -19.650 0.6000000238
41018  23.692  -38.717  -20.472 0.5000000000
42024  24.991  -37.865  -21.363 0.5000000000
43062  27.122  -37.544  -21.004 0.5000000000
42023  25.876  -37.993  -21.460 0.5000000000
187346  31.069  -36.184  -19.188 0.5000000000
43036  29.346  -37.156  -19.415 0.5000000000
165771  27.633  -37.288  -20.599 0.5000000000
41927  23.756  -38.475  -13.781 0.6000000238
41928  23.158  -38.346  -13.969 0.6000000238
42969  22.897  -37.539  -13.858 0.6000000238
42970  22.142  -37.515  -14.234 0.5000000000
41929  21.288  -37.697  -14.933 0.5000000000
42985  21.217  -37.111  -14.879 0.5000000000
42986  20.817  -36.820  -15.319 0.5000000000
44023  20.605  -36.219  -15.646 0.4000000060
45061  20.881  -35.610  -15.136 0.4000000060
46063  20.859  -34.231  -15.342 0.4000000060
50020  22.528  -31.451  -14.202 0.3000000119
51078  23.267  -30.504  -14.235 0.3000000119
51077  23.856  -30.185  -14.077 0.4000000060
54310  26.037  -27.152  -14.801 0.4000000060
52120  24.743  -29.116  -14.557 0.4000000060
185354  28.912  -24.291  -14.013 0.4000000060
168546  26.988  -26.242  -14.066 0.4000000060
186591  26.621  -24.868  -13.497 0.4000000060
180719  28.695  -24.900  -13.942 0.4000000060
57409  28.009  -24.982  -13.840 0.4000000060
58387  29.362  -23.948  -14.073 0.4000000060
179247  27.607  -24.238  -13.811 0.4000000060
60534  30.012  -21.909  -14.798 0.4000000060
61570  29.620  -21.262  -15.216 0.4000000060
59412  29.302  -23.212  -14.296 0.4000000060
60514  29.618  -22.534  -14.599 0.4000000060
184742  28.548  -20.551  -16.105 0.3000000119
61586  28.228  -20.990  -15.755 0.3000000119
44068  31.750  -36.353  -19.309 0.5000000000
170631  21.881  -32.284  -14.242 0.4000000060
184232  25.986  -26.678  -14.353 0.4000000060
56464  26.294  -26.058  -13.845 0.4000000060
177912  28.732  -23.723  -14.155 0.4000000060
177066  28.329  -24.259  -13.948 0.4000000060
47928  21.662  -32.965  -14.246 0.4000000060
45129  26.939  -35.459  -20.661 0.5000000000
166438  30.949  -27.224  -13.160 0.4000000060
188553  31.208  -26.708  -13.364 0.4000000060
62754  35.164  -19.622  -21.674 0.4000000060
66521  31.516  -17.229  -25.298 0.4000000060
66505  32.717  -17.366  -24.831 0.4000000060
180200  26.468  -36.674  -21.265 0.6000000238
182177  28.460  -36.717  -19.748 0.5000000000
176025  29.804  -36.643  -19.244 0.5000000000
53221  26.683  -27.875  -14.296 0.4000000060
54309  26.641  -27.265  -14.545 0.4000000060
53222  26.045  -28.100  -14.657 0.4000000060
53240  25.525  -27.955  -15.095 0.4000000060
56432  31.727  -25.852  -13.644 0.4000000060
57410  27.281  -24.966  -13.705 0.4000000060
58383  32.726  -24.072  -13.843 0.4000000060
58382  34.107  -23.788  -14.310 0.5000000000
59411  30.631  -23.374  -14.029 0.4000000060
170578  35.002  -23.644  -15.248 0.5000000000
58400  34.636  -23.354  -14.802 0.5000000000
59407  34.227  -22.964  -14.475 0.5000000000
61564  34.961  -21.769  -15.333 0.5000000000
59437  35.307  -22.795  -15.677 0.5000000000
61565  34.419  -21.511  -15.035 0.4000000060
61583  34.819  -21.161  -15.464 0.4000000060
62715  36.343  -20.282  -17.952 0.3000000119
65099  35.271  -18.552  -22.026 0.4000000060
65107  35.143  -18.005  -22.428 0.4000000060
193908  35.954  -19.161  -17.378 0.3000000119
66493  33.949  -17.639  -23.992 0.4000000060
166889  35.560  -17.993  -21.925 0.3000000119
68946  33.548  -15.605  -25.073 0.3000000119
67782  31.748  -16.494  -25.471 0.4000000060
67736  35.815  -16.610  -22.190 0.3000000119
70082  36.373  -14.972  -21.726 0.3000000119
70106  35.814  -15.073  -22.970 0.3000000119
70122  35.982  -14.374  -23.261 0.3000000119
71434  33.287  -13.248  -26.117 0.3000000119
56463  26.850  -25.551  -13.744 0.4000000060
35299  21.755  -43.309  -15.059 0.4000000060
36522  21.204  -42.623  -15.067 0.4000000060
37783  20.784  -41.908  -15.378 0.4000000060
175900  20.481  -41.216  -15.844 0.3000000119
171721  21.866  -41.016  -14.700 0.4000000060
178710  20.669  -40.430  -15.656 0.3000000119
37825  24.138  -41.960  -18.985 0.5000000000
39985  21.657  -39.648  -14.765 0.5000000000
39998  20.399  -39.683  -15.967 0.3000000119
40040  23.291  -40.666  -19.591 0.5000000000
40052  23.510  -40.104  -20.314 0.5000000000
176292  23.502  -41.363  -19.906 0.5000000000
40932  22.061  -38.942  -14.519 0.5000000000
40933  21.342  -38.948  -14.962 0.4000000060
192864  23.154  -39.944  -19.622 0.5000000000
38996  23.721  -40.975  -20.620 0.5000000000
40069  24.317  -40.209  -21.138 0.3000000119
41005  23.314  -39.396  -20.009 0.5000000000
41017  24.147  -39.344  -20.966 0.4000000060
41016  25.066  -38.910  -21.358 0.4000000060
40067  26.067  -40.105  -21.626 0.3000000119
177478  25.311  -39.547  -21.449 0.3000000119
177897  26.530  -39.318  -21.454 0.3000000119
41015  25.944  -38.722  -21.432 0.3000000119
185803  28.297  -38.548  -20.517 0.3000000119
171247  27.464  -39.469  -21.324 0.3000000119
41014  27.170  -38.794  -21.199 0.4000000060
175276  25.312  -38.407  -21.414 0.4000000060
44035  20.078  -36.073  -16.623 0.3000000119
182344  29.708  -38.320  -19.543 0.4000000060
40991  28.933  -38.479  -20.053 0.4000000060
42013  27.660  -38.106  -20.804 0.4000000060
166880  19.744  -35.336  -17.166 0.3000000119
47953  21.113  -32.951  -15.100 0.3000000119
193345  24.264  -28.731  -15.190 0.3000000119
53241  24.870  -27.724  -15.365 0.3000000119
54330  25.475  -27.501  -15.084 0.3000000119
54331  24.921  -27.396  -15.123 0.3000000119
55478  25.339  -26.987  -14.649 0.3000000119
56436  26.085  -25.250  -13.353 0.3000000119
174590  26.850  -24.224  -13.589 0.3000000119
57389  26.031  -24.292  -13.267 0.3000000119
57390  25.487  -24.745  -13.098 0.3000000119
57391  24.836  -24.805  -12.943 0.3000000119
59413  28.521  -23.121  -14.349 0.3000000119
58389  27.165  -23.558  -13.898 0.3000000119
59393  26.369  -23.528  -13.646 0.3000000119
60515  28.867  -22.614  -14.599 0.3000000119
183091  28.285  -22.668  -14.534 0.3000000119
59414  27.449  -22.988  -14.229 0.3000000119
59415  26.715  -22.956  -14.094 0.3000000119
60537  27.437  -22.030  -14.931 0.3000000119
60517  27.055  -22.472  -14.519 0.3000000119
60518  26.278  -22.413  -14.459 0.3000000119
60535  29.184  -21.988  -14.892 0.3000000119
60536  28.294  -22.117  -14.862 0.3000000119
61573  27.032  -21.525  -15.432 0.3000000119
36577  24.720  -42.508  -18.741 0.5000000000
42012  28.406  -37.873  -20.181 0.4000000060
46072  20.339  -34.067  -16.373 0.3000000119
58388  27.972  -23.536  -14.090 0.3000000119
184632  27.995  -22.962  -14.341 0.3000000119
40947  20.649  -38.944  -15.626 0.3000000119
41956  20.490  -38.198  -15.836 0.3000000119
43010  19.775  -36.721  -16.896 0.3000000119
31791  22.270  -46.438  -13.182 0.4000000060
166166  20.885  -46.323  -13.667 0.4000000060
31807  21.831  -46.607  -13.909 0.4000000060
30643  20.299  -47.721  -15.523 0.4000000060
30659  21.055  -47.842  -16.206 0.3000000119
30641  22.925  -47.027  -14.886 0.4000000060
189670  21.900  -47.545  -15.360 0.4000000060
31839  22.226  -47.209  -15.966 0.4000000060
31874  27.261  -46.146  -17.978 0.3000000119
31824  23.099  -46.888  -15.304 0.4000000060
32992  21.826  -45.937  -16.340 0.3000000119
34159  21.152  -45.023  -16.439 0.3000000119
32991  22.491  -45.857  -15.921 0.4000000060
179710  20.080  -44.195  -17.223 0.3000000119
34160  20.568  -45.172  -17.100 0.3000000119
35328  20.090  -43.478  -16.835 0.3000000119
34133  22.402  -44.749  -15.607 0.4000000060
173851  21.016  -44.165  -15.908 0.3000000119
35316  20.452  -43.489  -16.031 0.3000000119
31809  20.316  -46.607  -14.192 0.4000000060
31825  20.605  -47.277  -14.882 0.4000000060
37784  20.272  -41.939  -16.142 0.3000000119
174970  23.712  -46.999  -12.857 0.3000000119
35338  19.528  -43.250  -17.851 0.3000000119
26415  27.364  -50.523  -12.786 0.3000000119
27380  27.912  -49.307  -12.386 0.4000000060
27382  26.672  -49.666  -12.058 0.4000000060
27383  25.437  -49.682  -11.888 0.4000000060
27401  28.335  -49.901  -13.532 0.3000000119
28404  28.899  -48.554  -13.110 0.3000000119
28412  29.128  -48.433  -13.846 0.3000000119
29448  22.923  -47.991  -11.199 0.4000000060
29462  27.617  -48.074  -12.068 0.4000000060
29464  26.033  -48.170  -12.095 0.4000000060
29465  24.668  -48.536  -11.784 0.3000000119
29478  28.441  -48.719  -12.551 0.4000000060
29489  29.235  -47.916  -13.325 0.3000000119
29503  28.854  -48.613  -15.247 0.4000000060
29515  29.015  -47.961  -15.458 0.4000000060
30570  23.506  -47.522  -11.741 0.4000000060
30587  26.429  -47.490  -12.207 0.5000000000
30589  24.006  -47.286  -12.380 0.4000000060
30604  29.680  -46.740  -13.406 0.5000000000
30605  29.250  -47.210  -12.934 0.4000000060
30607  24.379  -47.016  -13.182 0.4000000060
30608  23.144  -46.749  -13.224 0.4000000060
30621  24.622  -46.671  -13.667 0.5000000000
30623  23.373  -46.922  -14.167 0.5000000000
30625  22.260  -47.216  -14.845 0.4000000060
30642  21.260  -47.658  -15.490 0.4000000060
30656  28.889  -47.463  -15.989 0.4000000060
30657  22.419  -47.278  -15.506 0.4000000060
30658  21.779  -47.550  -15.935 0.4000000060
30671  29.224  -46.645  -15.946 0.4000000060
30672  28.591  -46.925  -16.658 0.4000000060
30673  28.061  -47.437  -16.977 0.4000000060
31769  28.794  -45.980  -12.338 0.6000000238
31774  22.565  -46.459  -12.529 0.3000000119
31786  29.859  -46.087  -13.483 0.5000000000
31790  25.019  -46.246  -13.566 0.5000000000
31808  21.348  -47.142  -14.643 0.4000000060
31823  23.669  -46.304  -15.054 0.4000000060
31837  29.674  -45.971  -15.612 0.4000000060
31838  22.656  -46.859  -15.772 0.4000000060
31862  27.879  -46.153  -17.588 0.3000000119
32944  28.602  -45.251  -12.313 0.6000000238
32946  27.238  -45.215  -12.275 0.5000000000
32957  25.840  -44.993  -13.105 0.5000000000
32969  24.915  -45.610  -13.933 0.5000000000
32970  24.457  -45.554  -14.459 0.5000000000
32978  22.928  -45.390  -15.559 0.5000000000
32988  29.903  -45.413  -15.480 0.4000000060
32989  29.661  -45.450  -15.987 0.4000000060
32990  23.129  -46.251  -15.536 0.5000000000
33003  21.260  -46.063  -16.800 0.3000000119
33014  27.624  -45.536  -17.880 0.5000000000
33031  26.936  -45.536  -18.237 0.4000000060
34091  28.412  -44.524  -12.252 0.6000000238
34093  26.869  -44.466  -12.332 0.6000000238
34101  29.892  -44.383  -13.430 0.6000000238
34103  26.193  -44.409  -12.749 0.6000000238
34113  30.141  -44.452  -14.145 0.6000000238
34115  24.518  -44.094  -14.192 0.5000000000
34116  24.231  -44.774  -14.548 0.5000000000
34130  30.168  -44.291  -14.848 0.5000000000
34147  21.760  -44.895  -15.982 0.4000000060
34148  20.483  -44.269  -16.492 0.3000000119
34169  29.254  -44.275  -17.147 0.6000000238
34170  28.020  -44.910  -17.820 0.5000000000
34185  28.491  -44.162  -17.818 0.5000000000
34187  26.774  -44.397  -18.420 0.4000000060
35263  25.926  -43.760  -12.914 0.6000000238
35277  25.376  -43.633  -13.393 0.6000000238
35279  24.357  -43.334  -14.287 0.6000000238
35298  22.419  -43.939  -15.195 0.5000000000
35313  30.161  -43.131  -15.181 0.6000000238
35315  21.022  -43.396  -15.446 0.4000000060
35326  30.007  -43.522  -15.921 0.8000000119
35327  29.637  -43.539  -16.824 0.6999999881
36465  27.483  -42.231  -12.014 0.6000000238
36481  25.207  -42.958  -13.526 0.6000000238
36482  24.987  -42.280  -13.627 0.6000000238
36495  29.993  -43.066  -13.777 0.6000000238
36497  23.579  -42.326  -14.523 0.6000000238
36521  22.123  -42.520  -14.779 0.5000000000
36536  20.537  -42.688  -15.667 0.4000000060
36537  20.152  -42.700  -16.508 0.3000000119
36548  29.833  -42.829  -16.455 0.6999999881
36549  19.806  -42.694  -17.429 0.3000000119
36558  28.841  -42.801  -17.873 0.6000000238
36576  25.442  -42.298  -18.566 0.6000000238
37713  28.874  -41.530  -12.118 0.6000000238
37714  28.271  -41.450  -11.892 0.6999999881
37728  29.443  -41.858  -12.650 0.6000000238
37729  26.528  -41.949  -12.404 0.6000000238
37730  25.958  -41.846  -12.839 0.6999999881
37749  24.077  -41.870  -14.264 0.6000000238
37774  22.187  -41.738  -14.668 0.5000000000
37775  21.466  -41.839  -14.817 0.4000000060
37792  29.933  -42.175  -16.050 0.8000000119
37793  19.956  -41.911  -17.029 0.3000000119
37821  27.669  -41.682  -18.333 0.8000000119
37822  26.864  -41.710  -18.459 0.6000000238
37823  25.895  -41.703  -18.517 0.6000000238
37834  23.761  -41.917  -19.732 0.5000000000
38877  26.440  -40.423  -12.397 0.6999999881
38916  30.412  -41.244  -13.951 0.8999999762
38918  23.961  -41.008  -14.231 0.6999999881
38931  30.394  -41.027  -14.763 0.8999999762
38932  21.961  -40.230  -14.674 0.5000000000
38943  20.237  -40.701  -16.278 0.3000000119
38978  28.172  -41.221  -18.029 0.6000000238
38988  23.701  -41.349  -19.225 0.5000000000
39924  28.686  -39.698  -11.632 0.8000000119
39925  27.979  -39.515  -11.574 0.8999999762
39955  25.561  -39.674  -12.962 0.6999999881
39957  24.414  -39.075  -13.610 0.6000000238
39967  30.586  -40.476  -13.595 1.0000000000
39968  24.672  -40.190  -13.598 0.6999999881
39969  24.304  -39.607  -13.794 0.6000000238
39970  23.740  -39.643  -14.074 0.6000000238
39971  23.091  -39.657  -14.293 0.6000000238
39983  30.238  -39.944  -15.238 0.8999999762
39995  29.788  -40.054  -15.764 0.8999999762
39997  21.021  -39.681  -15.291 0.5000000000
40025  27.519  -39.801  -17.606 0.8000000119
40035  27.108  -40.306  -18.032 0.8000000119
40066  26.994  -39.967  -21.642 0.3000000119
40875  27.672  -38.765  -11.499 0.8999999762
40886  30.216  -39.089  -12.495 0.8999999762
40898  30.796  -38.873  -13.267 1.0000000000
40900  25.306  -39.027  -13.058 0.6999999881
40901  24.746  -38.617  -13.312 0.8000000119
40911  30.884  -39.001  -13.876 1.0000000000
40914  22.775  -38.976  -14.250 0.6000000238
40930  30.765  -39.164  -14.520 1.0000000000
40945  29.312  -38.863  -15.949 0.8999999762
40971  26.461  -38.948  -17.634 0.8000000119
40980  25.045  -39.355  -18.313 0.6999999881
40981  23.738  -38.921  -18.851 0.6999999881
40992  23.310  -39.360  -19.324 0.5000000000
41004  27.935  -38.983  -20.937 0.3000000119
41006  23.252  -38.740  -19.738 0.6000000238
41887  26.718  -37.984  -11.776 0.8999999762
41895  30.112  -38.062  -12.111 0.8999999762
41897  25.466  -38.333  -12.862 0.8999999762
41908  30.720  -38.323  -12.970 0.8999999762
41909  30.334  -38.458  -12.461 0.8999999762
41911  23.587  -37.804  -13.683 0.6999999881
41944  21.693  -38.158  -14.633 0.5000000000
41945  21.042  -38.248  -15.201 0.5000000000
41966  28.063  -37.981  -16.409 0.8000000119
41967  27.370  -37.856  -16.750 0.8000000119
41977  26.971  -38.420  -17.183 0.8000000119
41980  24.535  -37.500  -18.199 0.8000000119
41981  23.903  -37.483  -18.673 0.6999999881
42001  29.162  -37.780  -19.616 0.5000000000
42022  26.720  -38.178  -21.257 0.4000000060
42933  30.135  -37.462  -11.970 0.8999999762
42937  24.978  -37.185  -12.864 0.6999999881
42950  30.866  -37.056  -12.804 0.8999999762
42971  21.611  -37.441  -14.585 0.5000000000
42994  29.683  -36.871  -15.644 1.0000000000
42997  20.789  -37.490  -15.452 0.3000000119
42998  20.368  -36.815  -15.965 0.3000000119
43009  26.425  -37.082  -17.015 0.8999999762
43019  24.846  -36.836  -17.726 0.8000000119
43035  30.015  -37.465  -19.287 0.4000000060
43037  28.738  -37.241  -19.687 0.5000000000
43048  28.163  -37.197  -20.139 0.5000000000
43050  23.543  -37.494  -20.232 0.6000000238
43063  25.841  -36.869  -21.502 0.6000000238
43957  27.356  -36.513  -11.375 0.8999999762
43958  26.706  -36.549  -11.615 0.8999999762
43968  30.777  -36.509  -12.347 0.8999999762
43969  29.819  -36.015  -11.500 0.8999999762
43970  25.713  -36.388  -12.188 0.8999999762
43988  24.027  -36.743  -13.166 0.6999999881
44007  21.686  -36.712  -14.298 0.4000000060
44020  30.986  -36.414  -14.886 1.0000000000
44021  30.502  -36.617  -15.367 1.0000000000
44022  21.075  -36.430  -14.907 0.4000000060
44054  25.754  -36.761  -17.235 0.8999999762
44055  25.160  -36.114  -17.363 0.8999999762
44062  23.522  -36.354  -18.592 0.6999999881
44069  30.603  -36.734  -19.144 0.5000000000
44070  29.439  -36.007  -19.292 0.5000000000
44084  27.966  -35.592  -19.897 0.5000000000
44085  27.364  -35.828  -20.387 0.5000000000
44086  26.810  -36.113  -20.951 0.5000000000
44087  23.144  -36.758  -20.132 0.6999999881
44991  28.514  -35.395  -11.264 0.8999999762
44994  26.311  -35.347  -11.636 0.6999999881
44995  25.585  -35.184  -11.897 0.8000000119
45010  24.885  -35.209  -12.155 0.6999999881
45027  23.925  -35.968  -12.863 0.6000000238
45028  22.924  -35.273  -12.975 0.6000000238
45060  31.323  -35.649  -14.749 1.0000000000
45062  20.342  -35.456  -16.281 0.3000000119
45070  29.292  -35.418  -15.847 1.0000000000
45072  20.577  -34.811  -15.871 0.4000000060
45073  19.888  -34.625  -17.029 0.3000000119
45095  25.221  -35.305  -17.166 0.8999999762
45112  32.098  -35.837  -19.608 0.5000000000
45113  31.450  -35.707  -19.388 0.5000000000
45115  29.733  -35.350  -19.274 0.5000000000
45117  28.564  -35.243  -19.517 0.5000000000
45126  31.102  -35.051  -19.590 0.5000000000
45127  28.060  -34.950  -19.822 0.6000000238
45141  32.222  -35.308  -20.174 0.5000000000
45142  26.369  -35.509  -21.186 0.6000000238
45992  28.249  -34.710  -11.266 0.8999999762
46008  24.457  -34.487  -12.001 0.6999999881
46027  31.519  -34.748  -12.899 0.8999999762
46071  28.697  -34.701  -16.142 0.8999999762
46083  26.740  -34.703  -16.521 0.8999999762
46111  23.961  -34.853  -17.950 0.8999999762
46112  22.942  -34.000  -19.179 0.8999999762
46119  30.536  -34.619  -19.616 0.5000000000
46120  29.905  -34.687  -19.471 0.5000000000
46121  29.192  -34.905  -19.402 0.5000000000
46134  26.742  -34.819  -20.751 0.6000000238
46148  32.146  -34.771  -20.849 0.5000000000
46149  31.452  -34.251  -20.988 0.5000000000
46909  27.969  -33.942  -11.272 1.0000000000
46910  27.134  -33.973  -11.308 1.0000000000
46926  24.008  -33.778  -11.934 0.6999999881
46927  23.318  -33.836  -12.310 0.6000000238
46928  22.689  -33.895  -12.784 0.5000000000
46941  31.378  -33.369  -12.613 0.8999999762
46942  22.155  -33.909  -13.309 0.5000000000
46964  31.959  -33.675  -13.759 1.0000000000
47035  27.973  -33.267  -17.024 0.8999999762
47039  25.027  -33.963  -17.366 0.8999999762
47049  23.502  -34.289  -18.476 0.8999999762
47050  23.037  -33.308  -19.168 0.8999999762
47066  26.990  -34.020  -20.629 0.8000000119
47067  22.569  -33.695  -20.231 0.8999999762
47084  29.393  -32.955  -20.836 0.6000000238
47086  26.172  -33.569  -21.206 0.8000000119
47088  24.207  -33.721  -21.791 0.8000000119
47099  30.350  -33.113  -21.849 0.6000000238
47104  30.753  -33.350  -22.404 0.6000000238
47110  31.759  -33.312  -23.777 0.6000000238
47880  28.084  -32.880  -11.286 0.8999999762
47895  30.888  -32.771  -12.311 0.8999999762
47900  22.971  -33.153  -12.600 0.6000000238
47910  22.072  -33.223  -13.574 0.5000000000
47995  29.022  -33.112  -17.139 1.0000000000
48006  30.718  -32.642  -17.226 1.0000000000
48008  28.446  -32.942  -17.317 0.8999999762
48009  27.710  -32.794  -17.444 0.8999999762
48011  26.061  -33.153  -17.525 0.8999999762
48016  27.128  -32.370  -17.883 0.8999999762
48019  24.861  -32.926  -18.124 0.8999999762
48027  22.679  -32.872  -19.626 0.8999999762
48032  28.715  -33.117  -20.428 0.6000000238
48033  28.181  -32.720  -20.825 0.6000000238
48034  27.365  -32.767  -20.959 0.6999999881
48048  29.800  -32.781  -21.466 0.6000000238
48052  25.643  -32.884  -21.583 0.6999999881
48074  31.268  -32.698  -23.999 0.6000000238
48902  27.988  -32.197  -11.305 0.6999999881
48905  25.998  -32.312  -11.292 0.6000000238
48932  31.370  -31.855  -12.735 0.8999999762
48933  23.748  -31.730  -12.567 0.4000000060
48977  32.911  -31.703  -15.615 1.0000000000
49000  32.914  -31.589  -16.402 1.0000000000
49002  31.388  -32.346  -17.146 1.0000000000
49014  32.481  -31.737  -16.987 1.0000000000
49030  27.370  -31.869  -18.286 0.8999999762
49034  24.162  -31.528  -18.966 0.8999999762
49041  25.935  -31.324  -18.764 0.8999999762
49070  28.879  -32.043  -21.868 0.6000000238
49071  28.159  -31.902  -21.772 0.6999999881
49073  26.091  -31.496  -22.038 0.6999999881
49075  23.822  -31.616  -21.832 0.8000000119
49082  29.251  -31.918  -22.555 0.6000000238
49093  30.806  -32.099  -24.077 0.6000000238
49094  30.152  -32.130  -23.646 0.6000000238
49977  25.842  -31.680  -11.352 0.6000000238
49989  28.267  -30.837  -11.581 0.6999999881
49991  25.697  -30.910  -11.650 0.6000000238
50003  31.203  -31.185  -12.695 0.8999999762
50005  24.647  -30.841  -12.553 0.5000000000
50029  33.097  -31.152  -15.243 1.0000000000
50091  29.184  -31.257  -18.649 1.0000000000
50092  28.405  -31.289  -18.668 1.0000000000
50094  26.772  -31.378  -18.661 0.8999999762
50116  22.524  -30.767  -20.461 0.8999999762
50124  23.026  -31.778  -21.405 0.8999999762
50125  22.641  -31.099  -21.050 0.8999999762
50134  24.685  -31.272  -22.104 0.8000000119
50148  27.201  -30.589  -22.709 0.6999999881
51041  29.687  -30.347  -12.067 0.6000000238
51084  33.122  -29.826  -14.707 0.6999999881
51150  32.557  -29.949  -18.433 0.8999999762
51163  29.028  -30.018  -19.423 1.0000000000
51166  26.639  -30.141  -19.372 1.0000000000
51167  25.846  -30.191  -19.344 0.8999999762
51168  24.641  -29.754  -19.506 0.8999999762
51178  26.161  -29.605  -19.634 1.0000000000
51189  22.494  -30.204  -20.994 0.8999999762
51197  25.768  -30.521  -22.517 0.6999999881
51211  27.933  -30.381  -23.028 0.6999999881
51214  25.835  -29.889  -22.761 0.6999999881
51224  30.279  -30.057  -23.924 0.6000000238
51225  29.406  -30.056  -23.740 0.6000000238
51226  28.644  -30.263  -23.382 0.6999999881
52085  30.221  -29.097  -12.511 0.5000000000
52088  27.615  -28.933  -12.315 0.4000000060
52100  31.005  -29.093  -12.823 0.6000000238
52102  27.075  -28.706  -12.660 0.4000000060
52134  24.823  -28.297  -15.170 0.3000000119
52184  33.563  -28.831  -17.731 0.8000000119
52193  32.694  -28.930  -18.896 0.8000000119
52201  32.079  -28.964  -19.234 0.8999999762
52204  29.311  -29.366  -19.727 1.0000000000
52205  23.917  -29.505  -19.669 0.8999999762
52213  28.818  -28.786  -19.997 1.0000000000
52215  27.248  -28.935  -20.013 1.0000000000
52218  22.604  -29.181  -20.499 0.8999999762
52257  29.185  -29.307  -23.902 0.6000000238
52258  28.395  -29.174  -23.764 0.6000000238
52260  27.273  -28.651  -23.621 0.6999999881
53200  29.935  -27.707  -12.808 0.5000000000
53201  29.130  -27.612  -12.846 0.4000000060
53310  30.646  -27.987  -20.013 0.8999999762
53316  25.945  -28.427  -20.092 1.0000000000
53318  22.787  -28.539  -20.352 0.8999999762
53335  22.902  -28.474  -22.124 0.8999999762
53336  22.291  -28.342  -21.631 0.8999999762
53347  24.243  -28.063  -22.802 0.8000000119
53360  26.790  -28.443  -23.518 0.6999999881
53370  29.414  -28.152  -24.229 0.6000000238
54329  33.826  -27.451  -14.913 0.6999999881
54388  32.460  -27.617  -19.289 0.8000000119
54393  30.990  -27.358  -20.008 0.8000000119
54395  29.399  -27.344  -20.174 1.0000000000
54414  21.932  -27.597  -21.481 0.8999999762
54440  27.802  -27.588  -23.928 0.6999999881
54442  25.731  -26.819  -23.503 0.8000000119
54452  29.506  -27.521  -24.390 0.6000000238
55447  29.072  -26.479  -13.541 0.4000000060
55523  34.126  -26.536  -16.596 0.6999999881
55529  33.873  -26.131  -17.294 0.6999999881
55559  22.125  -26.203  -20.641 0.8999999762
55574  21.719  -26.840  -21.532 0.8999999762
55587  24.169  -26.085  -23.066 0.8000000119
55588  23.191  -26.317  -22.674 0.8999999762
55589  22.209  -26.543  -22.109 0.8999999762
55600  27.560  -26.810  -24.038 0.6999999881
55601  26.903  -26.769  -23.863 0.6999999881
55602  26.052  -26.150  -23.749 0.8000000119
56433  31.029  -26.049  -13.570 0.4000000060
56458  32.908  -25.636  -13.822 0.4000000060
56459  30.572  -25.358  -13.750 0.4000000060
56460  29.797  -25.403  -13.820 0.4000000060
56518  33.570  -25.703  -17.829 0.6999999881
56533  31.102  -25.112  -19.596 0.8000000119
56535  29.595  -25.351  -20.209 0.8000000119
56537  28.022  -25.458  -20.226 0.8999999762
56539  26.430  -25.513  -20.197 1.0000000000
56572  24.927  -25.832  -23.422 0.8000000119
56587  26.303  -25.488  -23.929 0.8000000119
56603  28.640  -25.571  -24.692 0.5000000000
57405  33.491  -24.429  -14.011 0.4000000060
57453  32.714  -24.127  -18.822 0.8000000119
57462  29.114  -24.650  -20.236 0.8000000119
57465  26.774  -24.757  -20.177 0.8999999762
57478  22.326  -24.384  -21.362 1.0000000000
57490  22.245  -24.274  -21.701 1.0000000000
57520  26.573  -24.804  -24.160 0.8000000119
57522  24.690  -24.372  -23.724 0.8000000119
57536  27.313  -24.759  -24.417 0.6999999881
58399  35.059  -23.069  -15.232 0.5000000000
58414  35.268  -23.491  -15.920 0.5000000000
58440  31.793  -24.057  -19.420 0.8000000119
58446  31.461  -23.619  -20.562 0.8000000119
58455  23.258  -23.939  -20.687 1.0000000000
58456  22.702  -23.777  -21.209 0.8999999762
58464  29.001  -23.740  -20.742 0.8000000119
58467  26.665  -23.489  -20.448 0.8999999762
58470  23.846  -23.490  -20.623 0.8999999762
58510  25.247  -23.856  -24.106 0.6999999881
58527  28.074  -23.937  -24.953 0.6000000238
58528  27.394  -24.003  -24.721 0.6000000238
59460  35.343  -22.713  -18.135 0.6999999881
59465  34.634  -22.833  -19.031 0.6999999881
59466  33.868  -23.204  -19.188 0.6000000238
59497  31.708  -22.932  -21.903 0.6999999881
59498  30.974  -22.975  -22.035 0.8000000119
59500  29.052  -22.853  -21.842 0.8000000119
59503  26.589  -22.355  -21.333 0.8999999762
59505  23.828  -22.234  -21.295 0.8999999762
59515  30.844  -22.607  -22.529 0.6999999881
59527  22.914  -22.320  -23.075 0.8000000119
59538  24.764  -23.013  -24.257 0.8000000119
59556  30.197  -22.723  -25.889 0.5000000000
60510  33.351  -22.144  -14.389 0.4000000060
60511  32.649  -22.431  -14.194 0.4000000060
60516  27.754  -22.529  -14.544 0.3000000119
60531  33.970  -21.934  -14.658 0.5000000000
60532  31.571  -21.810  -14.544 0.4000000060
60554  35.470  -22.105  -15.966 0.5000000000
60589  36.099  -21.495  -17.963 0.5000000000
60600  34.092  -22.490  -20.483 0.6000000238
60604  33.802  -22.229  -21.181 0.6000000238
60613  33.519  -21.948  -21.835 0.6000000238
60615  32.145  -22.417  -22.340 0.6999999881
60616  29.592  -22.473  -22.436 0.6999999881
60622  23.161  -21.824  -22.027 0.8999999762
60630  32.519  -21.771  -22.672 0.6999999881
60634  29.189  -21.832  -22.792 0.6999999881
60636  27.665  -21.403  -22.525 0.8000000119
60640  22.829  -22.070  -22.524 0.8999999762
60658  24.110  -21.168  -24.610 0.8000000119
60672  29.424  -22.296  -26.130 0.6000000238
60673  28.773  -21.718  -26.317 0.6000000238
60675  26.590  -21.575  -25.667 0.6000000238
61585  28.992  -20.854  -15.680 0.3000000119
61610  36.016  -21.063  -16.991 0.4000000060
61634  36.215  -20.936  -17.657 0.4000000060
61643  36.101  -20.657  -19.555 0.4000000060
61662  24.929  -20.580  -22.514 0.8999999762
61670  33.478  -20.987  -22.531 0.6000000238
61671  32.881  -20.988  -22.930 0.6000000238
61672  32.100  -21.291  -23.128 0.6000000238
61674  29.650  -21.332  -23.161 0.6999999881
61687  31.692  -20.829  -23.545 0.5000000000
61690  29.373  -20.726  -23.483 0.6999999881
61693  23.311  -20.579  -23.708 0.8999999762
61703  25.685  -21.285  -25.415 0.6000000238
61714  28.035  -21.377  -26.315 0.6000000238
61731  29.812  -21.341  -26.822 0.6000000238
61752  30.456  -20.668  -27.198 0.5000000000
62647  34.262  -20.896  -15.252 0.4000000060
62686  29.849  -19.780  -16.455 0.3000000119
62738  36.319  -20.129  -19.312 0.3000000119
62745  35.185  -20.162  -21.349 0.5000000000
62756  24.348  -20.132  -23.109 0.8999999762
62765  26.996  -20.174  -23.224 0.6999999881
62786  26.551  -19.530  -23.572 0.8000000119
62801  29.572  -19.646  -24.100 0.6999999881
62819  28.927  -20.481  -26.972 0.6000000238
63824  36.458  -19.542  -18.977 0.3000000119
63836  35.451  -19.053  -21.583 0.4000000060
63858  31.716  -19.710  -24.138 0.5000000000
63859  28.812  -19.503  -24.063 0.6999999881
63878  31.292  -19.214  -24.485 0.5000000000
63879  30.666  -19.360  -24.457 0.5000000000
63880  30.058  -19.193  -24.473 0.6999999881
63883  24.787  -18.600  -25.059 0.8000000119
63896  25.093  -18.834  -25.631 0.6999999881
63902  28.533  -19.733  -27.209 0.6000000238
63905  25.975  -18.773  -26.443 0.6999999881
63917  31.545  -19.891  -27.608 0.5000000000
63921  28.039  -18.909  -27.370 0.6000000238
65100  34.774  -18.638  -22.547 0.4000000060
65109  33.879  -18.999  -23.293 0.4000000060
65124  26.857  -18.733  -24.199 0.8000000119
65135  32.833  -17.986  -24.573 0.4000000060
65139  29.775  -18.528  -24.801 0.6999999881
65143  25.631  -17.766  -24.986 0.8000000119
65144  25.095  -18.196  -25.332 0.8000000119
65155  25.469  -17.793  -25.673 0.8000000119
65178  31.282  -19.124  -27.867 0.5000000000
65180  30.065  -18.441  -27.943 0.6000000238
65183  26.578  -17.723  -27.332 0.6000000238
66483  35.060  -17.430  -22.871 0.4000000060
66508  29.384  -17.777  -25.107 0.6000000238
66543  26.219  -16.692  -27.191 0.6000000238
66551  33.517  -17.383  -28.490 0.4000000060
66554  31.088  -17.543  -28.372 0.5000000000
67758  34.161  -16.996  -24.179 0.4000000060
67770  32.962  -16.745  -24.950 0.4000000060
67781  32.492  -16.280  -25.340 0.4000000060
67784  29.588  -16.456  -25.552 0.6999999881
67794  26.528  -15.069  -26.767 0.6000000238
67795  26.087  -15.735  -26.943 0.6000000238
67816  27.542  -14.782  -28.420 0.6000000238
67827  33.311  -16.003  -28.844 0.4000000060
68900  36.226  -15.565  -21.938 0.3000000119
68922  36.111  -15.210  -22.336 0.3000000119
68931  35.358  -15.571  -23.475 0.3000000119
70133  33.971  -14.999  -25.102 0.3000000119
70139  33.712  -14.511  -25.457 0.3000000119
70140  32.706  -14.825  -25.645 0.3000000119
70142  30.410  -14.331  -26.143 0.4000000060
70163  27.830  -13.625  -28.164 0.5000000000
70164  27.476  -14.057  -28.339 0.6000000238
71398  35.709  -14.183  -24.017 0.3000000119
71414  35.417  -13.930  -24.673 0.3000000119
71426  29.885  -13.558  -26.671 0.4000000060
71445  29.969  -12.843  -28.076 0.4000000060
71446  29.273  -13.160  -28.396 0.4000000060
71463  37.853  -14.370  -29.677 0.3000000119
71467  33.952  -13.741  -29.310 0.4000000060
72643  33.812  -12.879  -29.599 0.3000000119
72645  31.463  -12.632  -29.755 0.4000000060
73849  31.353  -12.007  -28.325 0.4000000060
73850  30.877  -12.326  -28.356 0.4000000060
73857  31.106  -12.161  -28.946 0.4000000060
162713  30.326  -16.147  -25.671 0.3000000119
162732  24.553  -38.547  -21.114 0.5000000000
163594  28.812  -40.308  -11.761 0.8999999762
163643  30.232  -40.385  -12.975 1.0000000000
164280  29.761  -39.485  -12.201 0.8999999762
164381  24.026  -33.474  -18.261 0.8999999762
164386  30.329  -15.913  -28.878 0.6000000238
164782  22.330  -28.858  -21.260 0.8999999762
165453  33.378  -24.207  -18.432 0.6999999881
165860  25.590  -31.117  -22.237 0.6999999881
166189  28.769  -41.479  -17.744 0.8000000119
166964  21.636  -35.948  -14.004 0.5000000000
166969  26.988  -29.868  -11.878 0.6000000238
167033  23.178  -21.836  -23.671 0.8000000119
167163  27.506  -31.884  -21.692 0.6999999881
167484  21.902  -25.697  -21.123 0.8999999762
167502  20.986  -34.883  -14.962 0.4000000060
167515  32.297  -24.022  -19.158 0.8000000119
167667  27.040  -40.704  -12.065 0.6999999881
167836  27.839  -48.682  -12.164 0.4000000060
167978  30.344  -32.703  -23.338 0.6000000238
168137  22.488  -32.580  -20.621 0.8999999762
168740  26.267  -38.371  -12.254 0.8999999762
168810  22.591  -25.072  -22.403 0.8999999762
169486  24.601  -19.001  -24.750 0.8000000119
169606  24.401  -27.928  -20.148 1.0000000000
169725  27.856  -27.581  -20.245 1.0000000000
170715  30.114  -44.941  -15.094 0.5000000000
170994  32.220  -20.066  -15.585 0.3000000119
171074  31.521  -34.161  -12.728 0.8999999762
171085  23.531  -33.142  -18.718 0.8999999762
171301  32.719  -12.657  -26.597 0.3000000119
171364  27.533  -42.939  -12.033 0.6000000238
171647  27.382  -20.800  -22.895 0.6999999881
171892  29.473  -44.190  -12.905 0.6000000238
171924  28.845  -43.181  -12.377 0.6000000238
171992  25.721  -41.222  -12.988 0.6999999881
172343  26.823  -33.341  -11.294 0.6999999881
172569  30.217  -39.734  -12.688 0.8999999762
172645  26.909  -31.524  -11.292 0.6999999881
172661  22.634  -28.911  -21.751 0.8999999762
173790  24.221  -37.994  -13.474 0.6000000238
174074  28.096  -34.369  -16.381 0.8999999762
174203  27.279  -44.942  -18.165 0.6000000238
174206  27.609  -46.698  -12.117 0.6000000238
174973  29.613  -31.865  -23.152 0.6000000238
175319  30.268  -40.964  -13.279 1.0000000000
175357  27.250  -48.600  -12.043 0.4000000060
175401  22.910  -35.379  -20.606 0.8999999762
175539  35.246  -21.418  -15.734 0.5000000000
175568  29.216  -21.171  -26.731 0.6000000238
175990  26.582  -27.881  -23.560 0.6999999881
176024  22.475  -38.253  -14.230 0.5000000000
176223  21.095  -41.142  -15.160 0.4000000060
177046  27.684  -37.326  -11.346 0.8999999762
177067  25.729  -27.061  -20.283 1.0000000000
177878  30.187  -36.695  -11.808 0.8999999762
178077  26.429  -37.357  -21.321 0.6000000238
178184  24.184  -42.610  -14.297 0.6000000238
178257  29.864  -14.651  -29.086 0.6000000238
178383  28.955  -36.934  -11.354 0.8999999762
178421  30.159  -45.153  -14.396 0.5000000000
178466  30.064  -38.732  -15.465 1.0000000000
178594  26.633  -45.604  -12.492 0.5000000000
179091  27.992  -20.088  -16.955 0.3000000119
179200  33.903  -27.698  -16.167 0.6999999881
179236  31.098  -28.503  -19.733 0.8000000119
179851  26.207  -33.332  -11.343 0.8000000119
179863  30.782  -37.018  -14.998 1.0000000000
180097  25.950  -21.756  -21.740 0.8999999762
180308  22.288  -46.712  -16.160 0.4000000060
181159  30.851  -25.941  -19.880 0.8000000119
181174  28.649  -13.569  -28.488 0.4000000060
181345  27.406  -35.792  -11.339 0.8999999762
181539  32.728  -16.967  -28.592 0.4000000060
183359  28.780  -24.925  -24.830 0.5000000000
183509  27.170  -26.454  -24.003 0.6999999881
183584  23.982  -46.495  -14.608 0.5000000000
183618  23.207  -29.959  -19.745 0.8999999762
183713  26.462  -29.664  -22.993 0.6999999881
183919  22.497  -32.549  -20.084 0.8999999762
183924  29.666  -43.076  -13.172 0.6000000238
184075  27.906  -42.356  -11.972 0.6000000238
184096  33.526  -25.904  -14.086 0.5000000000
184245  29.632  -17.059  -28.357 0.6000000238
184406  27.829  -39.360  -17.234 0.8000000119
184702  22.169  -25.020  -21.107 1.0000000000
184765  24.525  -42.229  -13.997 0.6000000238
185396  30.913  -22.659  -25.901 0.5000000000
185458  27.080  -23.351  -24.892 0.6000000238
185710  24.528  -37.571  -21.182 0.5000000000
185763  33.519  -18.696  -23.754 0.4000000060
185926  35.822  -18.568  -17.565 0.3000000119
186153  30.270  -22.417  -14.523 0.4000000060
186343  28.878  -26.825  -20.207 0.8999999762
186534  25.382  -28.882  -22.990 0.6999999881
186647  25.341  -37.656  -12.803 0.8000000119
186814  22.844  -21.733  -22.997 0.8000000119
186846  30.603  -18.965  -27.823 0.6000000238
187255  25.100  -30.733  -22.357 0.6999999881
187463  22.728  -22.836  -21.730 0.8999999762
187683  23.328  -35.743  -13.008 0.6000000238
187923  28.657  -48.958  -13.010 0.4000000060
189186  24.051  -37.971  -20.860 0.5000000000
189319  29.414  -24.706  -13.950 0.4000000060
189463  28.714  -23.022  -25.569 0.6000000238
190156  25.154  -21.777  -21.553 0.8999999762
190339  32.828  -31.276  -17.079 1.0000000000
190438  29.332  -26.790  -20.186 0.8999999762
190505  33.371  -29.348  -18.036 0.8000000119
190769  23.469  -30.648  -21.913 0.8999999762
191045  28.417  -32.442  -11.341 0.8999999762
191092  27.780  -30.955  -11.476 0.6999999881
191114  29.237  -46.035  -12.661 0.6000000238
191719  28.023  -33.402  -11.265 1.0000000000
191747  31.043  -28.374  -12.923 0.5000000000
191865  24.212  -38.639  -13.618 0.6000000238
192021  22.333  -32.894  -13.341 0.5000000000
192039  31.234  -29.795  -12.873 0.6000000238
192165  24.542  -22.667  -20.835 0.8999999762
192182  31.490  -28.916  -19.453 0.8000000119
192194  26.619  -38.747  -21.337 0.4000000060
192212  31.723  -13.856  -29.635 0.4000000060
192218  33.804  -17.876  -28.424 0.4000000060
192277  30.003  -22.174  -26.306 0.6000000238
192936  26.384  -26.617  -23.749 0.6999999881
193065  27.965  -37.608  -20.458 0.4000000060
193069  32.058  -22.434  -14.193 0.4000000060
193175  24.194  -24.915  -20.283 1.0000000000
193194  25.601  -18.062  -26.254 0.6999999881
193332  22.274  -28.086  -20.679 0.8999999762
193371  24.282  -36.356  -12.891 0.6000000238
193440  29.863  -46.547  -14.133 0.5000000000
193830  26.054  -29.413  -12.767 0.4000000060
193888  22.126  -35.079  -13.395 0.5000000000
194115  27.274  -36.305  -20.610 0.5000000000
194444  25.800  -25.735  -13.450 0.3000000119
194763  22.510  -43.253  -14.944 0.6000000238
194764  23.348  -30.394  -19.557 0.8999999762
194831  30.778  -33.341  -12.189 1.0000000000
194868  29.901  -31.915  -11.900 0.8000000119
195189  22.659  -22.865  -22.247 0.8000000119
