#!ascii label  , from subject sub-v2s2x29071_ses-1 vox2ras=TkReg
716
13342  -30.054  -72.082  -22.720 0.6999999881
14161  -30.925  -71.521  -23.170 0.6000000238
14169  -31.132  -71.763  -24.350 0.6000000238
178544  -31.919  -72.673  -25.546 0.4000000060
18402  -27.390  -66.662  -16.573 0.6999999881
20125  -27.824  -65.078  -16.119 0.6999999881
18421  -28.452  -66.535  -17.380 0.6999999881
19291  -28.575  -65.805  -16.975 0.6000000238
18438  -28.233  -67.029  -18.003 0.6999999881
19292  -29.012  -66.007  -17.512 0.6000000238
17562  -28.823  -67.308  -18.579 0.6000000238
19304  -29.469  -66.117  -18.033 0.6000000238
16717  -29.593  -68.283  -19.644 0.6000000238
18439  -29.525  -66.794  -18.453 0.6000000238
19318  -30.456  -66.053  -19.200 0.5000000000
17603  -30.363  -68.044  -20.008 0.5000000000
19319  -30.786  -66.025  -19.853 0.5000000000
184486  -31.006  -67.586  -21.007 0.6000000238
15005  -30.674  -70.176  -21.478 0.6000000238
17614  -31.050  -68.163  -21.410 0.6000000238
16757  -31.097  -68.683  -22.163 0.6000000238
173325  -31.139  -70.176  -23.099 0.6000000238
20118  -27.363  -65.291  -15.698 0.6000000238
21001  -27.792  -64.274  -16.364 0.6000000238
21002  -28.362  -64.099  -16.980 0.6000000238
181082  -28.882  -64.563  -17.237 0.6000000238
21928  -28.826  -63.504  -17.942 0.6000000238
189463  -29.426  -64.652  -17.862 0.6000000238
21019  -29.933  -64.799  -18.541 0.6000000238
21031  -30.211  -64.647  -19.307 0.6000000238
194551  -30.454  -64.952  -19.941 0.6000000238
178863  -30.882  -67.429  -20.386 0.6000000238
182820  -30.701  -65.471  -20.215 0.6999999881
19334  -30.762  -66.149  -21.398 0.6000000238
18476  -30.839  -66.782  -21.928 0.6000000238
176813  -31.109  -70.221  -24.326 0.5000000000
15042  -31.364  -71.084  -24.805 0.5000000000
20117  -26.810  -65.114  -15.280 0.6000000238
21000  -26.890  -63.891  -16.292 0.6000000238
192587  -26.756  -63.551  -16.785 0.6000000238
21926  -27.182  -63.281  -17.307 0.6000000238
21927  -28.199  -63.400  -17.462 0.6000000238
22883  -27.604  -62.892  -17.913 0.6000000238
22897  -27.859  -62.566  -18.573 0.6000000238
21947  -28.573  -62.789  -18.931 0.6000000238
21018  -29.680  -64.065  -18.713 0.6000000238
21959  -29.237  -63.278  -20.021 0.6000000238
21039  -29.657  -63.903  -20.524 0.6999999881
186614  -30.926  -67.343  -22.271 0.6000000238
173005  -31.044  -68.246  -22.725 0.6000000238
15043  -31.865  -71.265  -25.396 0.4000000060
20984  -25.291  -64.585  -14.780 0.6000000238
20992  -25.961  -64.097  -15.741 0.6000000238
21917  -25.623  -63.669  -16.377 0.6000000238
22882  -26.499  -63.011  -17.753 0.6000000238
22914  -25.743  -62.514  -19.045 0.5000000000
22915  -27.022  -62.470  -19.022 0.6000000238
174904  -28.113  -62.502  -20.052 0.6999999881
21049  -29.277  -64.171  -21.375 0.6000000238
21050  -29.925  -64.516  -20.953 0.6000000238
20172  -30.123  -65.127  -21.322 0.6000000238
19333  -30.310  -65.655  -21.629 0.6000000238
19340  -30.143  -66.092  -22.380 0.6000000238
18493  -30.455  -67.470  -23.696 0.6000000238
16772  -30.860  -68.743  -24.100 0.6000000238
15913  -31.322  -69.398  -25.270 0.4000000060
167438  -31.045  -69.426  -24.745 0.5000000000
20973  -24.772  -64.677  -14.320 0.5000000000
21908  -24.491  -63.807  -15.830 0.6000000238
21924  -24.690  -63.461  -16.754 0.6000000238
21925  -25.986  -63.355  -17.083 0.5000000000
22881  -24.718  -63.225  -17.428 0.5000000000
22895  -25.974  -62.736  -18.289 0.5000000000
22927  -25.593  -62.395  -20.113 0.6000000238
22940  -24.972  -62.333  -21.008 0.6000000238
170505  -26.558  -62.366  -19.745 0.6999999881
22942  -27.186  -62.621  -21.392 0.6999999881
21958  -28.478  -62.851  -20.678 0.6999999881
21995  -27.528  -62.827  -22.518 0.6000000238
169696  -28.996  -63.531  -21.022 0.6999999881
21972  -28.731  -63.885  -21.806 0.6000000238
175690  -28.295  -63.912  -22.458 0.6000000238
20182  -29.798  -65.349  -22.122 0.6000000238
20190  -29.557  -65.519  -22.945 0.6000000238
19350  -29.792  -66.201  -23.341 0.6000000238
17636  -30.593  -68.026  -24.238 0.5000000000
177791  -31.045  -67.543  -24.847 0.4000000060
20990  -24.097  -63.441  -15.694 0.6000000238
21915  -23.689  -63.302  -16.160 0.6000000238
21916  -24.082  -63.521  -16.264 0.5000000000
173882  -23.396  -63.066  -17.321 0.6000000238
22893  -23.265  -62.634  -17.969 0.5000000000
22894  -24.380  -62.899  -18.145 0.6000000238
22911  -23.034  -62.304  -19.360 0.5000000000
22913  -24.517  -62.551  -19.038 0.6000000238
187327  -23.646  -62.387  -19.869 0.5000000000
22926  -24.438  -62.413  -19.972 0.5000000000
22952  -25.246  -62.209  -21.836 0.5000000000
22941  -25.839  -62.384  -21.342 0.6000000238
167070  -24.769  -61.400  -22.147 0.5000000000
23952  -25.532  -61.959  -22.285 0.5000000000
167603  -26.586  -62.506  -21.755 0.6000000238
24942  -25.729  -61.022  -22.374 0.4000000060
183855  -27.305  -62.737  -21.958 0.6999999881
24943  -26.736  -60.566  -22.522 0.4000000060
23963  -27.520  -61.926  -22.943 0.5000000000
21996  -28.096  -63.296  -22.904 0.6000000238
23964  -28.332  -61.877  -23.246 0.5000000000
22970  -28.451  -62.691  -23.405 0.6000000238
23965  -29.106  -62.062  -23.638 0.5000000000
21078  -29.059  -64.383  -23.483 0.6000000238
180955  -30.536  -66.666  -24.519 0.5000000000
22979  -29.483  -62.691  -23.853 0.6000000238
20199  -29.513  -64.938  -23.702 0.6000000238
18500  -30.176  -66.753  -24.261 0.6000000238
22866  -23.742  -63.236  -16.005 0.5000000000
22880  -23.211  -62.797  -17.108 0.5000000000
22879  -23.135  -62.304  -17.839 0.5000000000
22892  -22.910  -62.222  -18.535 0.4000000060
22923  -22.659  -62.017  -20.052 0.4000000060
22939  -23.358  -62.054  -20.977 0.5000000000
23938  -23.972  -61.992  -21.486 0.5000000000
23937  -23.391  -61.734  -21.398 0.5000000000
26884  -26.328  -59.144  -22.128 0.4000000060
164694  -26.056  -59.974  -22.291 0.4000000060
179851  -26.754  -59.630  -22.322 0.4000000060
25934  -27.582  -59.626  -22.544 0.5000000000
25943  -27.668  -60.565  -22.804 0.5000000000
25944  -28.448  -59.990  -23.025 0.5000000000
193032  -28.351  -60.652  -23.082 0.5000000000
24953  -29.285  -60.437  -23.607 0.5000000000
179207  -31.560  -62.871  -24.651 0.5000000000
176284  -30.673  -65.531  -24.460 0.5000000000
190428  -30.018  -63.015  -24.078 0.6000000238
20200  -29.930  -65.478  -24.107 0.5000000000
23936  -22.867  -61.699  -21.015 0.4000000060
24939  -22.522  -60.716  -21.398 0.5000000000
24941  -23.995  -60.700  -21.975 0.5000000000
25932  -24.072  -59.761  -21.969 0.5000000000
26885  -27.075  -58.916  -22.184 0.4000000060
25945  -29.411  -59.593  -23.538 0.5000000000
169708  -32.231  -61.657  -25.142 0.5000000000
21091  -31.296  -64.251  -24.358 0.3000000119
166767  -28.633  -59.073  -22.919 0.5000000000
24959  -30.755  -60.635  -24.613 0.5000000000
22980  -31.096  -62.358  -24.612 0.5000000000
26881  -23.098  -59.370  -21.771 0.4000000060
171692  -25.649  -59.417  -22.154 0.4000000060
26882  -24.080  -58.925  -22.018 0.4000000060
28801  -26.702  -57.096  -21.779 0.4000000060
27821  -25.730  -58.622  -22.006 0.4000000060
27824  -28.012  -57.884  -22.318 0.4000000060
28802  -27.450  -57.443  -21.983 0.4000000060
26895  -28.470  -58.325  -22.679 0.5000000000
23972  -32.428  -61.057  -25.167 0.4000000060
22981  -32.205  -62.263  -24.974 0.4000000060
182867  -30.313  -59.243  -24.193 0.5000000000
24960  -32.131  -60.409  -25.183 0.5000000000
178488  -29.722  -58.896  -23.634 0.5000000000
180888  -31.596  -59.112  -24.944 0.5000000000
179350  -31.634  -59.849  -25.054 0.5000000000
168893  -27.474  -56.672  -21.958 0.4000000060
28803  -28.190  -57.073  -22.324 0.4000000060
25946  -32.452  -59.546  -24.629 0.4000000060
25952  -32.206  -59.671  -24.971 0.5000000000
27835  -29.823  -57.776  -23.538 0.5000000000
26905  -31.729  -58.208  -24.760 0.5000000000
29749  -28.173  -56.283  -22.327 0.4000000060
26898  -32.374  -58.609  -24.424 0.4000000060
25935  -32.111  -59.291  -23.550 0.3000000119
28813  -29.847  -57.137  -23.486 0.5000000000
27836  -31.109  -57.423  -24.287 0.5000000000
26906  -32.075  -58.075  -24.541 0.5000000000
30762  -28.510  -55.334  -22.698 0.4000000060
181430  -31.878  -57.258  -23.436 0.3000000119
27810  -31.281  -57.687  -22.121 0.3000000119
29758  -29.031  -56.161  -22.897 0.4000000060
27846  -31.990  -57.482  -24.335 0.5000000000
29759  -29.993  -56.077  -23.511 0.4000000060
28814  -30.831  -56.567  -23.899 0.5000000000
27845  -31.648  -57.100  -24.265 0.5000000000
31803  -28.516  -54.369  -22.908 0.4000000060
28797  -31.390  -56.896  -22.379 0.3000000119
28796  -30.732  -57.208  -21.135 0.3000000119
167112  -31.282  -55.721  -22.713 0.4000000060
30772  -30.244  -54.708  -23.634 0.4000000060
29767  -31.134  -55.720  -23.590 0.4000000060
184262  -28.638  -53.596  -23.140 0.5000000000
29740  -31.073  -56.237  -21.847 0.3000000119
29739  -30.507  -56.506  -20.781 0.4000000060
188446  -30.219  -55.546  -20.150 0.4000000060
29727  -30.200  -56.296  -19.961 0.4000000060
31810  -29.370  -54.558  -23.363 0.4000000060
31792  -30.969  -54.663  -22.393 0.5000000000
170572  -30.773  -55.004  -21.531 0.4000000060
31812  -30.421  -53.877  -23.377 0.5000000000
30773  -30.771  -55.138  -23.642 0.5000000000
31804  -30.671  -53.987  -22.667 0.5000000000
32857  -30.250  -53.663  -21.664 0.4000000060
161750  -30.092  -54.211  -20.469 0.4000000060
32833  -29.717  -53.708  -19.675 0.4000000060
30732  -30.001  -55.157  -19.009 0.3000000119
164817  -29.396  -53.355  -23.383 0.5000000000
32874  -29.853  -53.352  -23.340 0.5000000000
34918  -29.130  -51.925  -19.625 0.4000000060
34908  -29.216  -51.950  -18.951 0.3000000119
34955  -28.428  -51.281  -23.004 0.5000000000
34924  -29.181  -51.951  -20.538 0.4000000060
32843  -29.814  -53.366  -20.627 0.4000000060
32832  -29.514  -53.300  -19.148 0.4000000060
32822  -29.626  -53.221  -18.409 0.3000000119
32873  -28.714  -52.819  -23.244 0.5000000000
32866  -30.093  -53.292  -22.791 0.5000000000
33903  -29.857  -52.928  -21.649 0.5000000000
33920  -29.163  -52.385  -22.987 0.5000000000
169250  -28.779  -50.207  -19.517 0.4000000060
184154  -29.035  -50.474  -19.036 0.4000000060
36980  -28.148  -49.976  -22.924 0.5000000000
33870  -29.454  -52.395  -18.360 0.3000000119
35956  -28.821  -50.998  -22.636 0.5000000000
35944  -28.977  -51.145  -21.802 0.5000000000
35933  -28.937  -51.235  -20.854 0.5000000000
33902  -29.434  -52.259  -21.521 0.5000000000
33912  -29.626  -52.568  -22.552 0.5000000000
189177  -29.046  -49.094  -18.935 0.4000000060
37918  -27.958  -49.235  -23.133 0.5000000000
37901  -28.374  -48.658  -21.347 0.5000000000
173589  -29.281  -48.498  -18.564 0.3000000119
35912  -29.283  -50.707  -18.448 0.3000000119
189356  -28.270  -48.878  -22.765 0.5000000000
37909  -28.398  -48.670  -22.301 0.5000000000
36971  -28.557  -50.007  -21.912 0.5000000000
15031  -30.990  -70.815  -22.659 0.6000000238
166825  -31.352  -72.609  -25.204 0.5000000000
18452  -30.122  -66.846  -19.069 0.6000000238
180108  -28.022  -62.456  -19.341 0.6999999881
18485  -30.392  -66.902  -22.960 0.6000000238
22928  -26.711  -62.406  -20.714 0.6999999881
19358  -29.898  -66.165  -23.961 0.6000000238
21970  -27.802  -62.863  -21.508 0.6999999881
22967  -26.772  -62.163  -22.670 0.5000000000
21069  -28.820  -64.414  -22.889 0.6000000238
23950  -23.826  -61.510  -21.785 0.5000000000
25933  -25.059  -60.207  -22.146 0.5000000000
23953  -26.220  -62.172  -22.442 0.4000000060
23970  -30.217  -61.712  -24.235 0.5000000000
22009  -30.450  -63.397  -24.198 0.5000000000
27822  -26.621  -58.388  -21.948 0.4000000060
26886  -27.835  -58.657  -22.394 0.5000000000
27820  -24.854  -58.541  -22.054 0.4000000060
29750  -31.555  -56.341  -23.155 0.4000000060
166723  -30.335  -54.984  -20.717 0.4000000060
161784  -29.719  -53.866  -18.834 0.3000000119
36981  -28.463  -50.184  -22.634 0.5000000000
36961  -28.519  -49.918  -20.968 0.5000000000
14980  -25.411  -70.857  -19.045 0.5000000000
14959  -26.616  -70.088  -18.375 0.5000000000
14958  -25.673  -70.336  -18.469 0.5000000000
190308  -28.993  -71.833  -18.945 0.5000000000
169466  -28.329  -69.956  -17.598 0.5000000000
15842  -27.598  -69.753  -17.762 0.4000000060
14111  -25.514  -71.768  -20.234 0.5000000000
14092  -26.903  -71.158  -19.596 0.6000000238
14091  -26.025  -71.168  -19.515 0.6000000238
14983  -27.972  -70.756  -18.809 0.5000000000
188715  -27.351  -70.788  -19.111 0.5000000000
12505  -30.510  -73.297  -19.512 0.4000000060
14141  -24.131  -70.787  -22.454 0.6999999881
14142  -24.495  -71.345  -22.222 0.6999999881
14129  -25.139  -72.096  -20.994 0.6999999881
13301  -26.674  -72.316  -20.672 0.5000000000
13300  -25.870  -72.254  -20.825 0.6999999881
13276  -28.796  -72.146  -19.413 0.5000000000
14114  -28.058  -71.849  -19.809 0.5000000000
13302  -27.545  -72.416  -20.439 0.5000000000
12526  -30.224  -73.499  -20.161 0.5000000000
12504  -29.972  -73.257  -19.734 0.5000000000
16737  -23.625  -68.396  -22.032 0.5000000000
16764  -23.796  -69.008  -22.871 0.6999999881
15885  -24.954  -69.430  -22.932 0.6999999881
15892  -23.867  -69.568  -23.005 0.6999999881
168322  -24.809  -69.898  -23.258 0.6999999881
13321  -24.977  -72.050  -21.969 0.6000000238
12545  -26.511  -73.282  -21.989 0.6999999881
13341  -25.946  -72.937  -22.104 0.6000000238
12524  -28.764  -73.339  -20.535 0.5000000000
12547  -28.259  -73.895  -21.391 0.6000000238
12546  -27.326  -73.708  -21.853 0.6000000238
12525  -29.569  -73.503  -20.302 0.5000000000
12550  -31.080  -73.420  -20.968 0.5000000000
17612  -24.461  -68.207  -21.015 0.5000000000
16738  -24.291  -68.475  -21.913 0.6999999881
15028  -25.199  -70.592  -23.432 0.6999999881
15016  -26.173  -70.232  -22.955 0.6999999881
16756  -25.595  -69.208  -22.157 0.6999999881
13340  -25.513  -72.580  -22.743 0.8000000119
187650  -26.035  -72.055  -24.030 0.6999999881
12569  -27.273  -74.317  -22.865 0.6000000238
184977  -26.408  -73.698  -23.305 0.6999999881
11823  -28.609  -74.643  -22.099 0.6999999881
11840  -27.897  -74.877  -23.037 0.6000000238
11825  -30.639  -74.054  -21.475 0.6000000238
11824  -29.476  -74.387  -21.586 0.6000000238
12571  -31.243  -73.672  -21.887 0.6000000238
162444  -23.549  -67.888  -19.192 0.5000000000
170608  -24.293  -67.904  -18.983 0.6000000238
17598  -23.905  -68.000  -20.545 0.5000000000
17599  -24.660  -68.048  -20.260 0.6000000238
17613  -25.064  -68.229  -20.661 0.6000000238
165100  -25.517  -68.783  -21.492 0.6999999881
15872  -26.990  -69.552  -21.419 0.6999999881
16740  -26.264  -69.015  -21.272 0.6000000238
15029  -25.807  -70.835  -23.576 0.6999999881
15017  -27.114  -70.541  -22.544 0.6999999881
13362  -26.219  -72.746  -24.055 0.6999999881
11841  -28.608  -75.304  -23.362 0.6999999881
11843  -30.765  -74.350  -22.465 0.6999999881
11125  -29.495  -75.231  -23.197 0.6999999881
17557  -24.450  -67.862  -18.273 0.5000000000
17582  -25.735  -67.896  -19.253 0.6000000238
17601  -26.179  -68.160  -19.911 0.6000000238
16723  -26.611  -68.571  -20.425 0.6000000238
14143  -27.427  -71.223  -23.087 0.8000000119
15018  -28.038  -70.758  -22.161 0.5000000000
16742  -27.831  -69.038  -20.491 0.6000000238
13363  -26.749  -73.035  -24.348 0.6999999881
14160  -28.686  -72.312  -23.257 0.6999999881
11866  -28.669  -75.085  -24.733 0.6999999881
12598  -28.781  -74.793  -24.931 0.6999999881
11844  -31.457  -74.038  -22.929 0.5000000000
11859  -30.906  -74.812  -23.750 0.6999999881
12601  -31.943  -73.863  -24.870 0.5000000000
165512  -23.900  -67.870  -17.787 0.5000000000
167683  -24.608  -67.805  -17.598 0.5000000000
18420  -26.266  -67.293  -17.194 0.6000000238
17558  -25.193  -67.764  -18.073 0.6000000238
17536  -26.819  -67.350  -17.879 0.6000000238
17560  -27.093  -67.591  -18.621 0.6000000238
18437  -27.537  -67.266  -18.109 0.6000000238
17602  -27.021  -68.164  -19.798 0.6000000238
17561  -27.914  -67.507  -18.594 0.6000000238
15019  -28.977  -70.955  -21.913 0.6000000238
176251  -29.057  -69.857  -21.015 0.5000000000
17585  -28.324  -67.847  -19.125 0.5000000000
13355  -29.504  -72.588  -23.207 0.6000000238
14145  -29.458  -71.770  -22.369 0.6000000238
13365  -30.134  -73.782  -24.807 0.6000000238
12585  -29.321  -73.685  -24.321 0.6000000238
13372  -31.502  -73.459  -25.433 0.5000000000
17512  -24.325  -67.743  -16.522 0.5000000000
18400  -25.826  -67.231  -16.495 0.6000000238
161665  -26.963  -67.026  -17.084 0.6000000238
15860  -28.579  -69.296  -20.596 0.5000000000
17586  -29.171  -67.802  -19.168 0.5000000000
15004  -30.149  -70.475  -21.421 0.4000000060
189676  -29.721  -69.988  -21.052 0.5000000000
173833  -29.918  -68.725  -20.217 0.5000000000
13356  -30.168  -72.794  -23.660 0.6000000238
17493  -23.862  -67.760  -15.971 0.5000000000
17494  -24.650  -67.492  -15.724 0.6000000238
161434  -26.094  -66.924  -15.844 0.6000000238
18401  -26.641  -66.900  -16.347 0.6000000238
15863  -30.653  -69.115  -20.951 0.5000000000
16727  -30.515  -68.642  -20.523 0.4000000060
168534  -23.400  -67.777  -15.376 0.5000000000
189683  -24.040  -67.622  -15.323 0.5000000000
167709  -25.851  -66.757  -15.222 0.6000000238
18382  -27.134  -66.483  -15.950 0.6000000238
17470  -22.957  -67.727  -14.696 0.5000000000
17471  -23.736  -67.547  -14.689 0.5000000000
18360  -24.786  -66.768  -14.365 0.6000000238
18381  -26.561  -66.516  -15.485 0.6000000238
18339  -21.976  -67.178  -13.539 0.5000000000
17446  -23.309  -67.402  -13.974 0.5000000000
18342  -24.335  -66.472  -13.787 0.5000000000
19265  -25.533  -65.939  -14.479 0.6000000238
18362  -26.047  -66.276  -14.914 0.6000000238
18327  -22.899  -66.620  -13.058 0.5000000000
18341  -23.561  -66.751  -13.427 0.5000000000
19247  -21.811  -66.306  -12.560 0.5000000000
20111  -26.127  -65.093  -14.894 0.5000000000
19249  -23.228  -66.105  -12.964 0.5000000000
19259  -24.445  -65.761  -13.747 0.5000000000
19233  -21.359  -65.761  -12.234 0.5000000000
20077  -22.466  -64.965  -12.206 0.5000000000
19258  -23.883  -65.971  -13.343 0.5000000000
20110  -25.483  -65.219  -14.531 0.4000000060
180638  -22.100  -64.212  -12.038 0.5000000000
20091  -23.475  -65.380  -12.969 0.5000000000
20102  -23.997  -65.217  -13.421 0.4000000060
20103  -24.384  -65.126  -13.798 0.4000000060
185789  -22.756  -64.359  -12.271 0.4000000060
20961  -23.616  -64.608  -13.033 0.4000000060
21891  -24.269  -63.898  -13.873 0.4000000060
14146  -30.288  -71.455  -22.152 0.6000000238
13366  -30.845  -73.288  -24.983 0.5000000000
12609  -31.827  -73.621  -25.327 0.4000000060
16725  -28.269  -68.713  -20.093 0.6000000238
174510  -24.403  -64.204  -14.128 0.4000000060
22855  -24.189  -63.426  -15.292 0.4000000060
13339  -25.064  -71.734  -22.978 0.6999999881
14158  -26.822  -71.736  -23.961 0.6999999881
11857  -27.964  -75.048  -23.983 0.6999999881
12596  -27.127  -73.836  -24.340 0.6999999881
15001  -27.678  -70.064  -21.637 0.6000000238
16724  -27.437  -68.612  -20.198 0.6000000238
11150  -29.679  -75.348  -25.006 0.6999999881
14144  -28.405  -71.493  -22.672 0.6999999881
189694  -28.794  -73.082  -23.874 0.6999999881
12599  -29.841  -74.735  -25.273 0.6000000238
11875  -30.626  -74.853  -25.272 0.6000000238
11139  -28.537  -75.288  -24.423 0.6999999881
11140  -29.147  -75.432  -24.301 0.6999999881
11141  -29.982  -75.297  -24.077 0.6999999881
11142  -30.412  -75.140  -24.822 0.6000000238
11149  -29.075  -75.311  -24.814 0.6999999881
11158  -30.107  -75.102  -25.220 0.6000000238
11842  -29.989  -74.615  -22.125 0.6000000238
11856  -27.455  -74.646  -23.678 0.6999999881
11858  -30.266  -74.955  -23.046 0.6999999881
11860  -31.686  -74.251  -24.176 0.5000000000
11864  -27.525  -74.557  -24.294 0.6999999881
11865  -28.106  -74.945  -24.503 0.6999999881
11867  -29.384  -75.199  -25.054 0.6999999881
11868  -31.070  -74.751  -24.741 0.6000000238
11869  -31.411  -74.352  -25.128 0.6000000238
11874  -30.004  -75.095  -25.264 0.6000000238
12494  -30.748  -73.022  -18.940 0.4000000060
12506  -30.954  -73.052  -19.428 0.4000000060
12548  -29.111  -73.959  -21.086 0.5000000000
12549  -30.477  -73.765  -20.724 0.5000000000
12567  -25.875  -72.888  -23.517 0.6999999881
12568  -26.130  -73.276  -22.876 0.6000000238
12570  -27.854  -74.365  -22.196 0.6000000238
12582  -26.315  -73.379  -23.673 0.6999999881
12583  -26.829  -74.021  -23.762 0.6999999881
12584  -28.184  -73.908  -24.520 0.6999999881
12595  -26.621  -73.403  -24.141 0.6999999881
12597  -27.869  -74.521  -24.625 0.6999999881
12600  -30.708  -74.210  -25.321 0.6000000238
12607  -30.430  -74.797  -25.348 0.6000000238
12608  -31.051  -74.285  -25.278 0.6000000238
13277  -29.308  -72.910  -19.698 0.5000000000
13278  -30.096  -73.003  -19.173 0.4000000060
13303  -28.396  -72.624  -20.112 0.5000000000
13322  -25.569  -72.508  -21.645 0.6999999881
13323  -26.223  -72.752  -21.374 0.6999999881
13324  -27.010  -72.944  -21.179 0.6000000238
13325  -27.874  -73.159  -20.881 0.6000000238
13343  -30.596  -71.938  -22.842 0.6999999881
13352  -25.628  -72.148  -23.656 0.6999999881
13353  -27.031  -72.540  -24.349 0.6999999881
13354  -27.835  -72.884  -24.175 0.6999999881
13357  -30.788  -72.311  -23.932 0.6000000238
13364  -27.318  -73.495  -24.446 0.6999999881
14062  -28.622  -70.809  -18.370 0.5000000000
14090  -25.092  -71.375  -19.641 0.5000000000
14093  -28.481  -71.407  -19.050 0.5000000000
14112  -26.349  -71.735  -20.163 0.5000000000
14113  -27.214  -71.737  -20.049 0.5000000000
14130  -29.797  -71.044  -21.745 0.4000000060
14147  -30.764  -71.318  -22.458 0.6000000238
14155  -24.705  -70.772  -23.056 0.6999999881
14156  -25.311  -71.358  -23.468 0.6999999881
14157  -26.192  -71.570  -23.932 0.6999999881
14159  -27.676  -71.993  -23.670 0.6999999881
14167  -25.730  -71.453  -23.734 0.6999999881
14168  -26.480  -72.286  -24.182 0.6999999881
14174  -31.654  -71.926  -25.264 0.5000000000
14175  -32.202  -72.072  -25.663 0.4000000060
14930  -25.069  -70.140  -17.962 0.5000000000
14957  -24.865  -70.612  -18.575 0.5000000000
14960  -27.418  -70.342  -18.569 0.4000000060
14961  -28.144  -70.271  -18.169 0.5000000000
14981  -26.109  -70.587  -18.916 0.5000000000
14982  -26.747  -70.644  -19.045 0.6000000238
15002  -28.591  -70.313  -21.480 0.6000000238
15003  -29.410  -70.453  -21.371 0.6000000238
15020  -30.679  -70.799  -21.899 0.6000000238
15026  -24.012  -70.208  -22.893 0.6999999881
15027  -24.496  -70.002  -23.206 0.6999999881
15030  -26.534  -70.998  -23.469 0.8000000119
15038  -31.162  -70.975  -23.636 0.5000000000
15819  -25.954  -69.804  -17.843 0.5000000000
15820  -26.751  -69.614  -17.662 0.5000000000
15821  -28.197  -69.685  -17.212 0.5000000000
15861  -29.579  -69.376  -20.614 0.5000000000
15862  -30.188  -69.116  -20.655 0.4000000060
15873  -30.834  -69.569  -21.431 0.6000000238
15884  -24.359  -69.445  -23.109 0.6999999881
15886  -26.259  -69.601  -22.107 0.6999999881
15887  -26.843  -70.017  -22.078 0.6999999881
15893  -25.350  -70.089  -23.333 0.6999999881
15894  -31.130  -69.421  -22.629 0.6000000238
16715  -27.867  -68.260  -19.652 0.5000000000
16716  -28.737  -68.297  -19.604 0.6000000238
16722  -25.719  -68.475  -20.702 0.6000000238
16726  -29.144  -68.789  -20.095 0.6000000238
16728  -30.839  -68.580  -20.984 0.5000000000
16739  -25.007  -68.481  -21.306 0.6999999881
16741  -27.141  -69.017  -20.783 0.6000000238
16743  -30.981  -68.905  -21.447 0.6000000238
16753  -23.200  -68.597  -22.457 0.5000000000
16754  -23.840  -68.664  -22.468 0.6999999881
16755  -24.354  -68.926  -22.713 0.6999999881
16765  -31.047  -68.797  -23.111 0.6000000238
16779  -30.975  -68.618  -24.837 0.4000000060
17445  -22.480  -67.569  -14.042 0.5000000000
17472  -24.437  -67.274  -14.848 0.5000000000
17495  -25.451  -67.151  -15.806 0.6000000238
17513  -25.071  -67.534  -16.486 0.6000000238
17533  -24.077  -67.833  -17.157 0.5000000000
17534  -25.395  -67.623  -17.263 0.5000000000
17535  -25.961  -67.627  -17.942 0.6000000238
17559  -26.320  -67.700  -18.606 0.6000000238
17580  -24.118  -67.912  -19.749 0.5000000000
17581  -24.879  -67.940  -19.515 0.6000000238
17583  -26.628  -67.870  -19.253 0.6000000238
17584  -27.455  -67.859  -19.185 0.6000000238
17587  -29.927  -67.628  -19.356 0.6000000238
17600  -25.387  -68.099  -20.050 0.6000000238
17604  -30.838  -68.078  -20.691 0.6000000238
17621  -31.057  -67.926  -22.135 0.6000000238
17627  -30.818  -68.161  -23.474 0.6000000238
17635  -30.300  -67.363  -24.263 0.5000000000
17641  -30.768  -67.826  -24.590 0.4000000060
17642  -31.244  -68.142  -25.093 0.4000000060
18326  -22.263  -66.740  -13.002 0.5000000000
18340  -22.774  -67.098  -13.447 0.5000000000
18359  -24.063  -67.049  -14.123 0.5000000000
18361  -25.459  -66.549  -14.631 0.6000000238
18380  -25.139  -66.992  -15.061 0.6000000238
18403  -28.022  -66.317  -16.783 0.6999999881
18422  -28.958  -66.695  -17.939 0.6999999881
18451  -29.547  -67.316  -18.879 0.5000000000
18453  -30.663  -66.580  -19.552 0.5000000000
18460  -30.572  -67.229  -19.696 0.5000000000
18461  -30.877  -66.700  -20.150 0.6000000238
18486  -30.841  -67.675  -22.867 0.6000000238
18492  -30.094  -66.798  -23.839 0.6000000238
18501  -30.569  -67.205  -24.538 0.5000000000
19234  -22.138  -65.681  -12.274 0.5000000000
19248  -22.545  -66.203  -12.679 0.5000000000
19260  -24.902  -65.394  -14.108 0.4000000060
19264  -24.955  -66.214  -14.156 0.6000000238
19266  -26.024  -65.696  -14.728 0.5000000000
19270  -26.526  -65.800  -15.082 0.6000000238
19271  -27.059  -65.910  -15.570 0.6000000238
19280  -27.621  -65.960  -16.131 0.6000000238
19281  -28.155  -65.640  -16.498 0.6999999881
19305  -29.985  -66.126  -18.579 0.6000000238
19326  -30.897  -66.100  -20.570 0.6999999881
19349  -29.574  -65.568  -23.594 0.6000000238
19366  -30.235  -66.159  -24.355 0.6000000238
19367  -30.981  -66.170  -24.601 0.5000000000
20075  -20.943  -65.122  -12.140 0.5000000000
20076  -21.713  -65.051  -12.053 0.5000000000
20090  -22.853  -65.548  -12.547 0.5000000000
20126  -28.449  -64.935  -16.718 0.6000000238
20136  -28.999  -65.220  -17.300 0.6000000238
20146  -29.792  -65.415  -18.216 0.6000000238
20147  -30.231  -65.380  -18.849 0.5000000000
20159  -30.574  -65.381  -19.533 0.6000000238
20165  -30.394  -64.977  -20.575 0.6000000238
20171  -29.538  -64.740  -21.776 0.6000000238
20173  -30.627  -65.558  -20.930 0.6000000238
20181  -29.204  -64.929  -22.572 0.6000000238
20189  -29.212  -64.977  -23.236 0.6000000238
20201  -30.550  -64.854  -24.294 0.5000000000
20954  -23.262  -64.090  -12.557 0.4000000060
20960  -23.093  -64.825  -12.580 0.4000000060
20962  -24.092  -64.395  -13.587 0.4000000060
20972  -24.476  -64.764  -13.990 0.4000000060
20983  -24.422  -63.902  -14.846 0.4000000060
20985  -26.138  -64.521  -15.222 0.6000000238
20991  -24.926  -64.126  -15.242 0.6000000238
20993  -27.067  -64.472  -15.724 0.6000000238
21009  -28.887  -64.000  -17.551 0.6000000238
21010  -29.233  -63.903  -18.101 0.6000000238
21030  -29.853  -63.880  -19.647 0.6000000238
21040  -30.143  -64.433  -20.151 0.6000000238
21060  -28.912  -64.364  -22.186 0.6000000238
21079  -29.658  -64.252  -23.918 0.6000000238
21080  -30.495  -64.180  -24.184 0.5000000000
21902  -24.347  -63.794  -14.489 0.4000000060
21918  -27.613  -63.635  -16.797 0.6000000238
21923  -23.519  -63.206  -16.640 0.5000000000
21934  -28.400  -63.047  -18.212 0.6000000238
21935  -29.086  -63.386  -18.600 0.6000000238
21948  -29.051  -63.091  -19.289 0.6000000238
21971  -28.291  -63.421  -21.695 0.6999999881
21982  -27.856  -63.213  -22.247 0.6000000238
21997  -28.562  -63.888  -23.215 0.6000000238
22008  -29.263  -63.610  -23.793 0.6000000238
22010  -31.359  -63.559  -24.440 0.5000000000
22021  -31.974  -63.747  -24.555 0.3000000119
22896  -27.073  -62.696  -18.318 0.6000000238
22910  -22.739  -62.135  -19.616 0.4000000060
22912  -23.529  -62.496  -19.077 0.5000000000
22916  -28.681  -62.684  -19.712 0.6999999881
22924  -23.151  -62.233  -20.189 0.4000000060
22925  -24.035  -62.271  -20.781 0.5000000000
22929  -27.659  -62.515  -20.714 0.6999999881
22938  -22.849  -61.993  -20.558 0.4000000060
22951  -24.582  -62.169  -21.521 0.5000000000
22953  -25.997  -62.240  -22.110 0.5000000000
22968  -27.213  -62.474  -22.652 0.5000000000
22969  -27.786  -62.600  -22.951 0.5000000000
23951  -24.663  -61.936  -21.895 0.5000000000
23971  -31.666  -61.258  -25.001 0.5000000000
24928  -22.384  -61.217  -20.951 0.4000000060
24929  -22.963  -61.322  -21.458 0.5000000000
24940  -23.193  -60.942  -21.745 0.5000000000
24951  -27.129  -61.384  -22.758 0.5000000000
24952  -28.614  -61.097  -23.242 0.5000000000
24961  -32.406  -60.393  -25.023 0.4000000060
25931  -23.076  -60.238  -21.735 0.5000000000
25951  -30.479  -59.796  -24.448 0.5000000000
26883  -24.942  -59.230  -22.110 0.4000000060
26887  -32.040  -58.534  -23.374 0.3000000119
26896  -29.237  -58.346  -23.203 0.5000000000
26897  -30.358  -58.233  -24.000 0.5000000000
27806  -24.079  -58.076  -22.054 0.4000000060
27807  -25.270  -57.896  -21.955 0.4000000060
27808  -26.204  -57.814  -21.834 0.4000000060
27823  -27.333  -58.163  -22.061 0.4000000060
27825  -31.852  -57.958  -23.093 0.3000000119
27834  -28.876  -57.649  -22.840 0.5000000000
27837  -32.201  -57.932  -24.093 0.3000000119
28784  -30.282  -57.025  -20.197 0.4000000060
28812  -28.971  -56.885  -22.825 0.4000000060
28815  -31.661  -56.857  -23.912 0.5000000000
28823  -31.363  -56.421  -23.874 0.5000000000
29760  -30.859  -55.813  -23.764 0.4000000060
29761  -31.468  -56.195  -23.638 0.5000000000
30739  -30.094  -55.689  -19.447 0.3000000119
30753  -30.595  -55.701  -20.978 0.4000000060
30754  -31.035  -55.388  -22.050 0.4000000060
30763  -31.127  -55.123  -22.940 0.5000000000
30771  -29.606  -55.325  -23.358 0.4000000060
30774  -31.027  -54.957  -23.365 0.5000000000
31770  -29.907  -54.422  -19.346 0.3000000119
31791  -30.585  -54.391  -21.610 0.4000000060
31805  -30.855  -54.470  -23.236 0.5000000000
31811  -30.029  -53.912  -23.552 0.4000000060
32842  -29.449  -53.039  -19.824 0.4000000060
33881  -29.327  -52.623  -19.150 0.3000000119
33889  -29.473  -52.674  -20.641 0.4000000060
33919  -28.776  -52.123  -23.186 0.5000000000
33921  -29.639  -52.889  -23.111 0.5000000000
34896  -29.346  -51.598  -18.403 0.3000000119
34936  -29.172  -51.677  -21.390 0.5000000000
34956  -28.783  -51.582  -22.984 0.5000000000
35924  -29.029  -51.125  -19.286 0.4000000060
35966  -27.954  -50.498  -23.099 0.5000000000
35967  -28.436  -50.793  -22.836 0.5000000000
37919  -28.212  -49.383  -22.853 0.5000000000
38855  -28.388  -48.024  -21.083 0.5000000000
38877  -28.101  -48.665  -23.048 0.5000000000
162414  -31.082  -67.437  -21.595 0.6000000238
163920  -27.763  -69.470  -20.968 0.6000000238
164429  -30.628  -54.467  -23.537 0.5000000000
165202  -32.465  -61.680  -25.052 0.4000000060
165499  -27.411  -62.374  -19.908 0.6999999881
165525  -32.166  -58.844  -24.726 0.5000000000
165575  -24.959  -68.840  -22.129 0.6999999881
166845  -28.388  -48.146  -21.849 0.5000000000
167001  -31.077  -69.473  -23.667 0.6000000238
167124  -27.683  -71.225  -19.444 0.5000000000
168341  -26.290  -61.710  -22.593 0.4000000060
168373  -28.441  -49.322  -21.632 0.5000000000
168490  -32.077  -73.085  -25.496 0.4000000060
168875  -28.966  -51.382  -20.083 0.4000000060
168904  -30.385  -55.332  -23.706 0.4000000060
170669  -30.998  -66.867  -20.992 0.6000000238
172935  -31.414  -59.249  -22.362 0.3000000119
172996  -30.990  -70.046  -22.112 0.6000000238
173121  -27.652  -66.918  -17.389 0.6999999881
173326  -31.947  -73.644  -23.260 0.5000000000
173538  -28.719  -50.582  -21.312 0.5000000000
174092  -29.285  -52.856  -23.188 0.5000000000
174533  -29.203  -74.940  -22.409 0.6999999881
175379  -30.080  -55.010  -19.827 0.4000000060
175713  -29.385  -65.477  -17.738 0.6000000238
176194  -25.031  -67.848  -18.778 0.6000000238
176206  -27.864  -53.969  -22.518 0.5000000000
176265  -30.280  -69.721  -21.032 0.5000000000
176987  -25.626  -69.698  -22.800 0.6999999881
177482  -29.190  -51.795  -22.391 0.5000000000
177730  -29.271  -52.452  -19.919 0.4000000060
177938  -28.411  -49.414  -22.463 0.5000000000
178141  -31.331  -55.649  -23.360 0.4000000060
178389  -29.085  -49.867  -18.848 0.4000000060
178924  -28.803  -50.645  -21.935 0.5000000000
178950  -31.455  -70.255  -25.174 0.4000000060
179149  -24.688  -67.740  -17.016 0.5000000000
179590  -26.651  -73.801  -22.789 0.6000000238
180088  -29.947  -64.772  -24.027 0.5000000000
180144  -28.344  -69.791  -21.115 0.5000000000
180160  -29.336  -61.300  -23.703 0.5000000000
180257  -31.042  -69.319  -21.929 0.6000000238
181674  -28.643  -63.301  -23.472 0.6000000238
182223  -30.078  -55.760  -18.806 0.3000000119
183320  -29.707  -56.547  -23.358 0.5000000000
184007  -26.907  -57.773  -21.851 0.4000000060
185621  -26.758  -62.435  -22.349 0.6999999881
185817  -29.440  -63.507  -19.234 0.6000000238
186177  -31.881  -57.632  -24.527 0.5000000000
186201  -27.915  -61.240  -22.982 0.5000000000
187282  -25.658  -67.766  -18.547 0.6000000238
189092  -29.845  -73.880  -20.819 0.5000000000
190102  -29.248  -53.885  -23.436 0.5000000000
192141  -30.252  -70.957  -21.751 0.6000000238
192561  -30.839  -58.719  -24.454 0.5000000000
193523  -30.093  -74.127  -21.292 0.6000000238
193573  -28.548  -56.620  -22.506 0.4000000060
