#!ascii label  , from subject sub-v2s2x29071_ses-1 vox2ras=TkReg
881
80950  21.464  -13.637  -35.248 0.0000000000
89889  31.410  -8.339  -39.818 0.0000000000
177010  31.019  1.917  -42.982 0.0000000000
96763  23.912  -2.868  -42.379 0.0000000000
166321  24.140  -18.712  -33.638 0.0000000000
78300  27.938  -16.455  -36.425 0.0000000000
85056  24.801  -11.211  -38.297 0.0000000000
91253  22.272  -6.925  -39.827 0.0000000000
96762  30.915  -3.101  -41.334 0.0000000000
99226  29.511  -2.714  -49.751 0.0000000000
109246  30.455  6.949  -48.734 0.0000000000
78283  22.751  -15.990  -34.732 0.0000000000
75696  26.126  -17.682  -35.393 0.0000000000
79615  24.249  -15.179  -36.244 0.0000000000
89868  18.528  -6.921  -37.279 0.0000000000
95370  18.116  -4.096  -37.735 0.0000000000
101429  27.692  -0.055  -40.365 0.0000000000
97954  27.180  -2.051  -39.854 0.0000000000
100365  30.951  -0.423  -42.400 0.0000000000
178576  30.930  -3.029  -45.419 0.0000000000
101503  30.969  0.258  -46.325 0.0000000000
168936  30.336  11.610  -47.559 0.0000000000
178196  31.059  8.260  -45.948 0.0000000000
173776  29.717  10.090  -50.313 0.0000000000
87468  27.670  -9.022  -37.778 0.0000000000
85035  29.219  -11.840  -37.294 0.0000000000
86280  31.094  -12.621  -40.817 0.0000000000
189512  29.689  2.865  -41.441 0.0000000000
88746  30.883  -8.505  -43.701 0.0000000000
85003  19.991  -11.079  -35.383 0.0000000000
82379  22.579  -12.525  -37.147 0.0000000000
87471  20.520  -9.405  -36.827 0.0000000000
87505  23.752  -9.124  -39.774 0.0000000000
91224  27.344  -7.049  -38.448 0.0000000000
94081  22.764  -5.180  -40.934 0.0000000000
94061  26.887  -4.677  -39.174 0.0000000000
92644  31.047  -5.479  -40.690 0.0000000000
92669  30.801  -5.974  -44.962 0.0000000000
169395  31.084  5.263  -43.769 0.0000000000
105769  31.243  4.098  -45.473 0.0000000000
110378  28.577  7.841  -51.650 0.0000000000
106968  28.657  5.195  -50.236 0.0000000000
103627  30.139  2.286  -48.296 0.0000000000
191197  28.225  0.158  -49.694 0.0000000000
82362  25.811  -13.409  -36.660 0.0000000000
82336  20.783  -13.208  -34.793 0.0000000000
79592  21.159  -14.622  -34.278 0.0000000000
78296  22.520  -15.281  -35.042 0.0000000000
186542  23.698  -15.902  -35.421 0.0000000000
80948  22.795  -14.221  -36.050 0.0000000000
101456  30.322  1.014  -41.447 0.0000000000
169774  29.814  0.167  -40.571 0.0000000000
101471  30.963  0.484  -42.630 0.0000000000
165525  31.025  -0.244  -43.995 0.0000000000
101498  31.037  0.693  -44.923 0.0000000000
115505  29.958  12.160  -49.460 0.0000000000
114499  30.320  10.907  -49.004 0.0000000000
176941  29.299  11.242  -50.835 0.0000000000
190548  30.211  -8.378  -38.062 0.0000000000
87480  30.396  -10.143  -38.161 0.0000000000
88700  31.130  -9.621  -39.224 0.0000000000
103559  27.759  1.879  -41.031 0.0000000000
104644  28.209  3.262  -41.533 0.0000000000
75668  22.109  -17.357  -33.354 0.0000000000
74427  22.875  -18.701  -33.006 0.0000000000
73131  24.601  -19.657  -32.951 0.0000000000
73152  25.575  -19.139  -33.600 0.0000000000
75709  27.330  -17.501  -36.167 0.0000000000
75681  27.413  -17.871  -34.923 0.0000000000
86238  20.276  -10.252  -36.171 0.0000000000
88664  18.823  -8.460  -36.022 0.0000000000
91226  20.061  -6.335  -38.093 0.0000000000
88692  20.541  -7.780  -37.837 0.0000000000
168577  22.986  -8.124  -40.077 0.0000000000
88712  25.282  -8.210  -39.748 0.0000000000
91250  25.374  -7.110  -40.069 0.0000000000
194381  21.003  -4.559  -39.169 0.0000000000
94088  23.322  -4.168  -41.973 0.0000000000
97928  29.887  -2.533  -39.908 0.0000000000
96732  26.990  -3.453  -39.562 0.0000000000
96715  29.419  -3.455  -39.314 0.0000000000
94041  29.409  -4.830  -38.835 0.0000000000
166021  30.977  -4.463  -41.549 0.0000000000
92659  31.015  -5.617  -42.682 0.0000000000
95473  30.917  -4.058  -43.269 0.0000000000
98029  30.684  -2.566  -47.399 0.0000000000
95491  30.724  -3.841  -47.606 0.0000000000
110362  30.974  7.808  -47.666 0.0000000000
109230  31.062  7.064  -45.230 0.0000000000
177411  31.130  6.498  -46.161 0.0000000000
163852  31.275  5.082  -45.456 0.0000000000
108100  30.783  5.614  -47.500 0.0000000000
105788  29.552  3.466  -49.026 0.0000000000
104712  28.058  2.398  -50.022 0.0000000000
102595  29.448  1.310  -49.069 0.0000000000
83784  23.479  -11.701  -38.021 0.0000000000
82377  23.961  -12.950  -37.352 0.0000000000
83782  25.089  -11.887  -37.801 0.0000000000
83781  29.734  -14.371  -38.822 0.0000000000
83749  28.803  -13.310  -37.065 0.0000000000
77004  21.910  -16.662  -33.622 0.0000000000
75685  23.312  -17.229  -34.138 0.0000000000
74451  25.192  -18.212  -34.364 0.0000000000
77014  24.464  -17.136  -34.783 0.0000000000
78293  24.744  -16.185  -35.600 0.0000000000
78303  25.825  -15.617  -36.101 0.0000000000
94009  15.579  -4.709  -36.773 0.0000000000
94025  18.001  -5.076  -37.469 0.0000000000
92598  19.803  -5.623  -38.360 0.0000000000
99163  25.753  -1.506  -41.215 0.0000000000
97956  25.671  -2.512  -40.684 0.0000000000
99142  27.057  -1.288  -40.114 0.0000000000
99140  29.979  -1.237  -40.265 0.0000000000
170934  30.874  -1.758  -41.399 0.0000000000
179589  30.953  -2.713  -43.432 0.0000000000
99203  31.015  -1.605  -44.235 0.0000000000
99210  30.993  -1.354  -45.930 0.0000000000
100408  30.107  -1.189  -48.349 0.0000000000
113458  30.319  10.237  -45.792 0.0000000000
174215  30.764  10.330  -47.051 0.0000000000
112448  30.850  9.683  -48.180 0.0000000000
111411  30.279  8.407  -49.457 0.0000000000
86267  25.925  -10.284  -38.268 0.0000000000
85037  27.230  -11.104  -37.138 0.0000000000
86250  28.273  -10.367  -37.273 0.0000000000
86266  30.095  -11.210  -38.165 0.0000000000
99176  24.726  -1.637  -42.242 0.0000000000
101445  26.685  0.145  -41.286 0.0000000000
102524  28.287  1.388  -40.701 0.0000000000
103569  30.619  2.342  -42.005 0.0000000000
74435  26.702  -18.532  -34.004 0.0000000000
88730  31.310  -8.628  -41.576 0.0000000000
88724  31.400  -9.845  -41.351 0.0000000000
164475  20.828  -12.130  -35.619 0.0000000000
82347  21.818  -13.195  -35.936 0.0000000000
83753  21.039  -11.801  -36.133 0.0000000000
85042  21.231  -11.074  -37.028 0.0000000000
86271  22.247  -10.683  -38.203 0.0000000000
89867  19.074  -7.721  -36.925 0.0000000000
87484  21.612  -9.471  -38.373 0.0000000000
86283  23.713  -10.083  -39.116 0.0000000000
87494  25.925  -8.840  -38.975 0.0000000000
89865  27.660  -7.768  -38.008 0.0000000000
91221  29.978  -6.991  -38.307 0.0000000000
94022  19.888  -4.921  -38.584 0.0000000000
92639  22.488  -5.748  -40.369 0.0000000000
95446  25.391  -3.894  -40.498 0.0000000000
94077  25.114  -5.182  -40.485 0.0000000000
92637  24.994  -6.486  -40.503 0.0000000000
92618  27.371  -5.856  -39.006 0.0000000000
92615  29.742  -5.797  -38.603 0.0000000000
91249  31.413  -7.097  -40.351 0.0000000000
89919  31.139  -7.093  -42.206 0.0000000000
195540  30.647  -7.117  -44.535 0.0000000000
171843  30.906  -4.090  -45.523 0.0000000000
105733  30.890  4.184  -42.840 0.0000000000
105749  31.092  3.654  -43.103 0.0000000000
179244  31.146  2.806  -45.254 0.0000000000
112460  28.981  9.213  -51.330 0.0000000000
110372  29.469  7.923  -50.568 0.0000000000
109258  28.481  6.427  -51.101 0.0000000000
108116  29.682  5.917  -49.494 0.0000000000
106932  30.190  4.558  -48.225 0.0000000000
104701  30.485  3.287  -47.617 0.0000000000
102577  30.957  1.770  -46.079 0.0000000000
101509  30.668  1.019  -47.497 0.0000000000
173730  30.022  -0.141  -48.487 0.0000000000
100415  28.646  -1.366  -49.813 0.0000000000
80963  23.277  -13.853  -36.710 0.0000000000
176681  25.169  -14.335  -36.641 0.0000000000
79612  26.725  -14.849  -36.352 0.0000000000
83751  27.640  -12.287  -36.494 0.0000000000
80959  27.838  -13.882  -36.482 0.0000000000
80936  20.986  -13.917  -34.523 0.0000000000
79605  21.603  -14.279  -34.900 0.0000000000
191911  21.878  -14.068  -35.305 0.0000000000
79604  22.260  -14.509  -35.353 0.0000000000
80949  22.133  -13.858  -35.712 0.0000000000
179983  30.849  1.789  -42.329 0.0000000000
102535  30.778  1.107  -42.101 0.0000000000
102549  30.998  1.228  -42.833 0.0000000000
184611  31.068  0.910  -43.905 0.0000000000
102570  31.061  1.131  -44.335 0.0000000000
115509  29.669  11.704  -50.209 0.0000000000
89880  30.743  -8.054  -38.583 0.0000000000
88688  30.877  -8.943  -38.557 0.0000000000
88699  31.317  -9.252  -39.706 0.0000000000
74438  23.279  -18.318  -33.426 0.0000000000
74439  22.527  -18.069  -33.229 0.0000000000
74426  23.596  -18.999  -33.153 0.0000000000
73132  23.913  -19.612  -32.859 0.0000000000
73154  24.223  -19.290  -33.235 0.0000000000
73130  25.293  -19.526  -33.037 0.0000000000
73153  24.846  -19.271  -33.430 0.0000000000
77037  27.722  -17.058  -36.394 0.0000000000
75680  27.933  -17.383  -35.406 0.0000000000
77013  28.186  -16.629  -35.357 0.0000000000
78282  28.392  -15.801  -35.337 0.0000000000
88644  19.218  -8.877  -35.878 0.0000000000
88665  18.494  -8.084  -36.087 0.0000000000
91243  21.187  -6.986  -38.852 0.0000000000
89882  20.839  -7.368  -38.337 0.0000000000
89893  21.756  -7.288  -39.278 0.0000000000
89902  24.370  -7.857  -40.532 0.0000000000
89911  23.856  -7.440  -40.740 0.0000000000
95449  22.917  -3.793  -41.792 0.0000000000
96764  23.461  -3.559  -42.235 0.0000000000
97951  30.400  -2.433  -40.381 0.0000000000
190252  29.806  -3.064  -39.689 0.0000000000
96730  30.264  -3.075  -40.081 0.0000000000
96729  30.606  -3.709  -40.173 0.0000000000
95445  30.902  -3.859  -40.891 0.0000000000
165529  30.951  -4.279  -42.382 0.0000000000
183882  30.960  -3.667  -42.532 0.0000000000
99219  29.935  -2.216  -48.720 0.0000000000
96800  30.577  -3.200  -47.943 0.0000000000
109245  30.746  7.714  -48.475 0.0000000000
178511  31.027  7.170  -47.178 0.0000000000
109237  30.901  6.426  -47.416 0.0000000000
108093  31.037  5.923  -46.699 0.0000000000
109241  30.550  6.150  -48.212 0.0000000000
177197  27.700  3.058  -50.396 0.0000000000
103640  27.709  1.582  -50.254 0.0000000000
83783  24.276  -11.793  -38.025 0.0000000000
80976  30.239  -15.321  -39.167 0.0000000000
82373  29.397  -15.222  -38.242 0.0000000000
78284  22.088  -15.675  -34.424 0.0000000000
78273  21.657  -16.024  -33.835 0.0000000000
77017  22.340  -16.337  -34.160 0.0000000000
77003  22.608  -16.964  -33.885 0.0000000000
77016  23.009  -16.620  -34.434 0.0000000000
77015  23.704  -16.860  -34.656 0.0000000000
77028  23.390  -16.269  -34.988 0.0000000000
79602  23.640  -15.355  -35.814 0.0000000000
78294  24.205  -15.789  -35.744 0.0000000000
78304  24.879  -15.666  -36.009 0.0000000000
78292  25.458  -16.257  -35.766 0.0000000000
79614  25.011  -15.008  -36.374 0.0000000000
162637  15.318  -2.246  -37.217 0.0000000000
95372  16.127  -4.086  -37.215 0.0000000000
95393  17.797  -4.660  -37.586 0.0000000000
94024  18.513  -5.070  -37.869 0.0000000000
95392  18.213  -4.492  -37.789 0.0000000000
100336  27.048  -0.642  -40.484 0.0000000000
99162  26.408  -1.190  -40.710 0.0000000000
100334  30.725  -0.375  -41.486 0.0000000000
100318  29.847  -0.549  -40.369 0.0000000000
99160  30.687  -1.041  -41.119 0.0000000000
99161  30.526  -1.665  -40.671 0.0000000000
99174  30.908  -1.138  -41.853 0.0000000000
97999  30.974  -2.049  -43.043 0.0000000000
99185  30.984  -1.328  -42.689 0.0000000000
165523  31.030  0.118  -45.495 0.0000000000
100394  31.032  -0.695  -45.292 0.0000000000
100399  30.995  -0.511  -46.106 0.0000000000
99214  30.911  -1.133  -46.799 0.0000000000
100404  30.881  -0.356  -46.935 0.0000000000
170725  30.023  12.298  -47.506 0.0000000000
115474  30.005  11.847  -46.965 0.0000000000
114488  30.378  11.141  -46.960 0.0000000000
113468  30.716  10.007  -46.310 0.0000000000
114495  30.665  10.860  -47.668 0.0000000000
113487  30.081  10.506  -49.699 0.0000000000
188072  30.682  10.424  -48.432 0.0000000000
112449  30.614  9.670  -48.900 0.0000000000
180084  30.456  8.994  -49.239 0.0000000000
112453  30.163  9.658  -49.671 0.0000000000
87469  26.942  -9.785  -37.890 0.0000000000
169554  27.757  -9.790  -37.551 0.0000000000
87467  28.510  -9.430  -37.473 0.0000000000
87493  30.892  -10.874  -39.591 0.0000000000
86265  30.562  -11.008  -38.901 0.0000000000
188200  30.599  -12.209  -39.986 0.0000000000
85053  30.260  -12.431  -39.374 0.0000000000
99186  24.314  -1.396  -42.717 0.0000000000
100352  25.496  -0.567  -42.135 0.0000000000
100338  25.947  -0.861  -41.451 0.0000000000
100351  26.105  -0.199  -41.694 0.0000000000
103571  28.850  2.779  -41.181 0.0000000000
103558  28.574  2.083  -40.898 0.0000000000
103570  30.079  2.269  -41.549 0.0000000000
104642  30.359  2.917  -41.879 0.0000000000
74450  25.968  -18.276  -34.788 0.0000000000
74436  25.813  -18.763  -34.203 0.0000000000
74449  26.478  -18.445  -34.573 0.0000000000
75653  27.444  -17.610  -32.813 0.0000000000
88738  30.986  -8.542  -42.953 0.0000000000
83737  19.830  -11.485  -34.907 0.0000000000
83736  20.273  -11.783  -35.204 0.0000000000
83754  20.595  -11.465  -35.748 0.0000000000
86254  20.626  -9.959  -36.711 0.0000000000
86237  20.766  -10.610  -36.593 0.0000000000
174756  21.103  -10.314  -37.310 0.0000000000
85058  21.648  -10.886  -37.671 0.0000000000
86272  21.623  -10.192  -38.024 0.0000000000
91181  18.035  -6.780  -36.916 0.0000000000
187122  18.446  -7.381  -36.835 0.0000000000
194829  18.748  -7.324  -37.146 0.0000000000
87499  21.500  -8.566  -38.659 0.0000000000
172358  20.877  -8.466  -37.921 0.0000000000
87498  22.199  -9.200  -38.981 0.0000000000
86284  23.039  -10.084  -38.944 0.0000000000
87497  23.353  -9.611  -39.357 0.0000000000
86281  25.015  -9.550  -39.260 0.0000000000
87495  24.509  -9.177  -39.686 0.0000000000
89891  26.159  -7.650  -39.247 0.0000000000
88701  26.303  -8.266  -38.964 0.0000000000
91199  28.046  -7.277  -37.975 0.0000000000
91198  28.740  -7.275  -37.898 0.0000000000
91222  29.275  -6.756  -38.079 0.0000000000
94044  21.482  -4.828  -39.609 0.0000000000
169704  20.538  -4.716  -38.846 0.0000000000
94045  20.984  -5.095  -39.136 0.0000000000
92621  21.750  -5.623  -39.729 0.0000000000
97955  26.366  -2.469  -40.118 0.0000000000
96747  25.204  -3.139  -40.946 0.0000000000
96734  25.829  -3.144  -40.308 0.0000000000
95427  27.220  -3.980  -39.254 0.0000000000
95429  25.860  -4.367  -39.922 0.0000000000
94063  25.704  -5.089  -39.960 0.0000000000
92645  24.870  -5.789  -40.687 0.0000000000
92635  26.162  -5.687  -39.564 0.0000000000
167941  25.747  -6.419  -39.874 0.0000000000
94043  27.329  -5.291  -39.089 0.0000000000
94059  30.834  -4.978  -40.169 0.0000000000
164634  29.736  -5.328  -38.842 0.0000000000
92634  30.938  -5.773  -40.005 0.0000000000
163153  30.660  -6.103  -39.334 0.0000000000
91258  31.239  -6.343  -40.630 0.0000000000
91268  31.266  -6.696  -41.430 0.0000000000
182958  31.153  -6.360  -41.906 0.0000000000
92665  30.907  -5.814  -44.024 0.0000000000
175744  30.808  -6.678  -43.901 0.0000000000
187455  30.782  -6.499  -44.557 0.0000000000
91284  30.755  -6.948  -45.359 0.0000000000
92675  30.862  -6.226  -45.894 0.0000000000
178577  30.940  -3.188  -44.741 0.0000000000
170307  30.914  -3.836  -44.816 0.0000000000
96785  30.924  -3.553  -45.291 0.0000000000
111398  30.944  8.982  -45.817 0.0000000000
110350  30.993  7.837  -45.308 0.0000000000
170751  31.107  6.433  -44.858 0.0000000000
170937  30.970  6.459  -44.367 0.0000000000
108052  30.668  5.572  -43.172 0.0000000000
106874  30.336  5.100  -42.661 0.0000000000
105734  30.540  4.431  -42.454 0.0000000000
106873  30.829  4.836  -43.013 0.0000000000
179595  31.360  4.577  -44.838 0.0000000000
105762  31.337  4.528  -44.167 0.0000000000
163734  31.345  3.915  -44.639 0.0000000000
104680  31.243  3.088  -44.473 0.0000000000
104685  31.256  3.435  -45.117 0.0000000000
189255  28.621  9.007  -51.848 0.0000000000
111419  28.832  8.492  -51.513 0.0000000000
111418  29.230  8.531  -50.963 0.0000000000
110377  29.028  7.935  -51.114 0.0000000000
106969  28.091  5.114  -50.763 0.0000000000
108126  28.044  5.737  -51.201 0.0000000000
108125  28.562  5.814  -50.676 0.0000000000
108117  29.100  5.918  -50.135 0.0000000000
164636  29.163  5.310  -49.777 0.0000000000
108108  30.066  5.417  -48.725 0.0000000000
106956  29.502  5.011  -49.285 0.0000000000
104705  29.877  2.854  -48.689 0.0000000000
105787  29.966  3.421  -48.548 0.0000000000
104702  30.189  3.014  -48.142 0.0000000000
186234  30.850  2.434  -46.713 0.0000000000
103626  30.530  2.482  -47.563 0.0000000000
102582  30.756  1.733  -47.074 0.0000000000
102588  30.402  1.658  -47.881 0.0000000000
101514  29.753  0.643  -48.820 0.0000000000
195198  28.504  -0.436  -49.473 0.0000000000
178240  29.224  -0.377  -49.034 0.0000000000
101525  28.131  -0.762  -50.107 0.0000000000
82365  22.179  -12.852  -36.592 0.0000000000
80964  22.507  -13.540  -36.348 0.0000000000
82364  22.865  -13.162  -36.908 0.0000000000
82375  25.427  -13.007  -37.060 0.0000000000
80970  24.694  -13.888  -36.928 0.0000000000
82363  25.265  -13.670  -36.867 0.0000000000
80961  26.001  -14.094  -36.422 0.0000000000
169712  27.837  -10.935  -37.083 0.0000000000
83765  27.099  -11.758  -36.796 0.0000000000
85019  27.905  -11.696  -36.764 0.0000000000
178812  28.862  -14.023  -37.152 0.0000000000
82360  28.443  -13.902  -36.774 0.0000000000
168531  28.989  -14.569  -37.008 0.0000000000
176189  27.982  -14.641  -36.684 0.0000000000
79591  21.839  -14.952  -34.688 0.0000000000
78295  23.156  -15.647  -35.303 0.0000000000
79603  22.987  -14.938  -35.679 0.0000000000
79616  23.575  -14.615  -36.339 0.0000000000
196128  28.674  0.928  -40.460 0.0000000000
101428  28.552  0.319  -40.210 0.0000000000
177812  29.818  0.896  -40.847 0.0000000000
101455  30.728  0.375  -41.821 0.0000000000
194408  31.015  -0.552  -43.593 0.0000000000
195345  31.028  0.208  -43.744 0.0000000000
165524  31.035  -0.065  -44.730 0.0000000000
116516  30.027  12.531  -48.715 0.0000000000
115491  30.172  12.049  -48.124 0.0000000000
114496  30.428  11.273  -48.257 0.0000000000
115502  30.173  11.707  -48.846 0.0000000000
114502  30.025  11.306  -49.598 0.0000000000
113490  29.706  10.876  -50.293 0.0000000000
88677  29.077  -8.788  -37.580 0.0000000000
87466  29.427  -9.480  -37.503 0.0000000000
88689  30.446  -9.274  -38.098 0.0000000000
87479  30.856  -9.907  -38.650 0.0000000000
103572  28.002  2.579  -41.247 0.0000000000
185861  29.120  3.422  -41.552 0.0000000000
75654  21.480  -17.319  -32.886 0.0000000000
164180  21.852  -17.910  -32.866 0.0000000000
74428  22.268  -18.460  -32.850 0.0000000000
71871  24.931  -19.959  -32.448 0.0000000000
177555  25.562  -19.581  -32.572 0.0000000000
75695  26.917  -17.965  -35.755 0.0000000000
74448  26.979  -18.201  -35.237 0.0000000000
75694  27.395  -17.775  -35.699 0.0000000000
169413  19.613  -10.482  -35.353 0.0000000000
181923  20.001  -10.532  -35.709 0.0000000000
86223  19.819  -10.008  -35.754 0.0000000000
87443  19.556  -9.415  -35.803 0.0000000000
87456  19.662  -8.913  -36.213 0.0000000000
92578  18.859  -6.544  -37.738 0.0000000000
175518  19.068  -7.158  -37.409 0.0000000000
89883  20.234  -7.080  -37.958 0.0000000000
185109  21.826  -7.942  -39.163 0.0000000000
180018  23.507  -8.588  -40.051 0.0000000000
88714  24.136  -8.545  -40.166 0.0000000000
89901  25.024  -7.762  -40.114 0.0000000000
91241  25.986  -7.024  -39.536 0.0000000000
168384  22.405  -4.576  -40.868 0.0000000000
94079  23.582  -4.671  -41.719 0.0000000000
97929  28.746  -2.060  -39.504 0.0000000000
174455  27.050  -2.833  -39.731 0.0000000000
96731  27.688  -3.242  -39.462 0.0000000000
96716  28.582  -3.298  -39.214 0.0000000000
95426  27.939  -3.976  -39.058 0.0000000000
94042  27.996  -4.778  -38.815 0.0000000000
95408  29.790  -4.190  -39.224 0.0000000000
95425  30.423  -4.426  -39.785 0.0000000000
164397  31.049  -5.216  -41.394 0.0000000000
92653  31.072  -5.752  -41.993 0.0000000000
94087  31.002  -5.039  -42.137 0.0000000000
94094  30.948  -4.880  -42.920 0.0000000000
94105  30.880  -5.115  -44.570 0.0000000000
98024  30.842  -2.736  -46.624 0.0000000000
96795  30.839  -3.403  -46.690 0.0000000000
186364  30.754  -3.130  -47.234 0.0000000000
187620  30.635  -3.819  -48.471 0.0000000000
110358  31.082  7.908  -46.733 0.0000000000
110355  31.103  7.513  -45.902 0.0000000000
177710  31.104  7.118  -46.414 0.0000000000
172060  31.159  6.443  -45.490 0.0000000000
108080  31.223  5.843  -45.090 0.0000000000
106892  31.278  5.224  -44.596 0.0000000000
108086  31.209  5.865  -45.843 0.0000000000
167503  31.123  5.315  -46.223 0.0000000000
106920  30.933  5.085  -46.888 0.0000000000
106958  28.194  4.503  -50.346 0.0000000000
106957  28.893  4.545  -49.771 0.0000000000
105795  28.321  3.823  -50.054 0.0000000000
178962  29.034  3.147  -49.396 0.0000000000
104706  29.375  2.712  -49.132 0.0000000000
103632  29.755  2.123  -48.890 0.0000000000
103639  28.408  1.771  -49.773 0.0000000000
102601  27.973  0.918  -49.962 0.0000000000
83770  23.043  -12.158  -37.615 0.0000000000
82378  23.280  -12.738  -37.334 0.0000000000
83769  23.762  -12.289  -37.663 0.0000000000
83768  24.477  -12.436  -37.577 0.0000000000
83767  25.633  -12.310  -37.253 0.0000000000
83763  29.500  -13.206  -37.853 0.0000000000
85018  28.719  -12.226  -36.857 0.0000000000
83764  29.098  -12.871  -37.273 0.0000000000
82359  29.115  -14.335  -37.484 0.0000000000
76990  21.514  -16.897  -33.171 0.0000000000
75667  22.910  -17.629  -33.659 0.0000000000
75666  23.664  -17.908  -33.895 0.0000000000
74452  24.415  -18.159  -34.145 0.0000000000
75684  24.004  -17.495  -34.368 0.0000000000
175009  24.637  -17.709  -34.489 0.0000000000
75683  25.257  -17.612  -34.797 0.0000000000
77027  24.160  -16.431  -35.224 0.0000000000
77026  25.146  -16.860  -35.286 0.0000000000
77025  25.938  -16.941  -35.709 0.0000000000
78291  26.352  -16.526  -36.029 0.0000000000
78302  26.853  -16.044  -36.242 0.0000000000
92581  17.534  -5.874  -37.001 0.0000000000
170865  16.257  -4.395  -37.206 0.0000000000
92601  17.810  -5.679  -37.218 0.0000000000
92600  18.248  -5.552  -37.538 0.0000000000
91227  19.367  -6.121  -38.033 0.0000000000
189144  21.023  -6.358  -38.841 0.0000000000
99164  25.171  -1.858  -41.598 0.0000000000
97970  25.133  -2.486  -41.328 0.0000000000
176056  25.562  -2.045  -41.073 0.0000000000
99143  26.585  -1.761  -40.233 0.0000000000
99124  27.719  -1.457  -39.833 0.0000000000
100320  28.402  -0.451  -39.962 0.0000000000
100304  28.713  -1.001  -39.783 0.0000000000
99123  28.394  -1.528  -39.696 0.0000000000
99141  29.616  -1.510  -39.924 0.0000000000
97952  30.024  -1.898  -40.125 0.0000000000
177857  30.925  -2.463  -41.765 0.0000000000
96773  30.970  -3.117  -42.168 0.0000000000
177771  30.949  -2.575  -42.602 0.0000000000
98008  30.992  -2.194  -43.835 0.0000000000
98014  30.976  -2.398  -44.739 0.0000000000
169973  31.020  -0.947  -43.842 0.0000000000
178545  31.015  -1.545  -45.059 0.0000000000
98019  30.950  -2.300  -45.766 0.0000000000
180301  30.898  -1.963  -46.691 0.0000000000
99218  30.585  -1.774  -47.684 0.0000000000
173563  29.503  -1.939  -49.163 0.0000000000
112441  30.922  9.585  -46.834 0.0000000000
113482  30.831  10.206  -47.766 0.0000000000
112444  30.931  9.673  -47.500 0.0000000000
178971  30.989  9.148  -47.255 0.0000000000
111406  30.897  8.429  -48.152 0.0000000000
111407  30.639  8.378  -48.878 0.0000000000
110366  30.276  7.690  -49.284 0.0000000000
179775  25.225  -10.688  -38.493 0.0000000000
85055  25.499  -11.123  -38.064 0.0000000000
86252  26.671  -10.640  -37.603 0.0000000000
86251  27.434  -10.424  -37.400 0.0000000000
178988  28.965  -10.872  -37.192 0.0000000000
86248  29.881  -10.225  -37.649 0.0000000000
163165  29.635  -10.998  -37.467 0.0000000000
85034  29.750  -11.853  -37.758 0.0000000000
85054  29.937  -12.664  -38.506 0.0000000000
97971  24.610  -2.339  -42.045 0.0000000000
99175  25.338  -1.232  -41.868 0.0000000000
100337  26.532  -0.475  -41.065 0.0000000000
194753  27.046  -0.121  -40.820 0.0000000000
102526  26.871  0.813  -41.396 0.0000000000
101444  27.300  0.432  -40.894 0.0000000000
101443  28.006  0.702  -40.572 0.0000000000
102523  29.148  1.420  -40.737 0.0000000000
102536  30.438  1.691  -41.739 0.0000000000
103584  30.897  2.415  -42.545 0.0000000000
74437  25.013  -18.773  -33.919 0.0000000000
73151  26.145  -18.897  -33.894 0.0000000000
196094  26.981  -18.320  -34.608 0.0000000000
178130  31.425  -8.570  -40.677 0.0000000000
183662  31.390  -9.688  -41.995 0.0000000000
82349  20.506  -12.486  -35.031 0.0000000000
82348  21.127  -12.862  -35.485 0.0000000000
82366  21.452  -12.415  -36.221 0.0000000000
83771  21.922  -12.187  -36.924 0.0000000000
85021  20.397  -10.869  -36.003 0.0000000000
83772  21.363  -11.734  -36.697 0.0000000000
85041  21.762  -11.546  -37.308 0.0000000000
83785  22.271  -11.332  -37.856 0.0000000000
173438  22.993  -11.095  -38.273 0.0000000000
85057  23.958  -11.087  -38.451 0.0000000000
89844  18.267  -7.561  -36.354 0.0000000000
88663  19.252  -8.382  -36.370 0.0000000000
88662  20.135  -8.833  -36.721 0.0000000000
89866  19.812  -7.546  -37.384 0.0000000000
88680  20.336  -8.291  -37.298 0.0000000000
86273  21.159  -9.653  -37.742 0.0000000000
86285  22.285  -9.995  -38.649 0.0000000000
86270  23.421  -10.580  -38.731 0.0000000000
86269  24.625  -10.602  -38.723 0.0000000000
86268  25.184  -10.150  -38.908 0.0000000000
87482  26.275  -9.363  -38.491 0.0000000000
87481  26.908  -8.955  -38.250 0.0000000000
88703  25.255  -8.859  -39.437 0.0000000000
88691  26.789  -8.329  -38.529 0.0000000000
88679  27.865  -8.316  -37.800 0.0000000000
89863  28.985  -7.807  -37.789 0.0000000000
188413  30.148  -7.649  -38.215 0.0000000000
89890  31.088  -7.710  -39.148 0.0000000000
96677  17.289  -3.245  -37.239 0.0000000000
165637  18.790  -4.453  -38.131 0.0000000000
94046  20.434  -5.350  -38.795 0.0000000000
92622  21.101  -5.736  -39.105 0.0000000000
91252  22.833  -6.543  -40.474 0.0000000000
95461  24.092  -3.678  -41.966 0.0000000000
95447  24.711  -3.814  -41.296 0.0000000000
95448  24.214  -4.527  -41.602 0.0000000000
180699  25.986  -3.719  -39.970 0.0000000000
181586  24.860  -4.542  -40.857 0.0000000000
189664  23.914  -5.316  -41.367 0.0000000000
92647  23.682  -6.006  -41.192 0.0000000000
172432  23.379  -6.498  -40.996 0.0000000000
91260  23.925  -6.755  -40.980 0.0000000000
92620  26.423  -6.388  -39.395 0.0000000000
91239  27.041  -6.378  -39.003 0.0000000000
173464  28.674  -4.972  -38.718 0.0000000000
92616  29.036  -5.500  -38.644 0.0000000000
92595  29.144  -6.104  -38.285 0.0000000000
92594  29.834  -6.343  -38.396 0.0000000000
179832  30.912  -6.900  -39.220 0.0000000000
89900  31.302  -7.352  -39.732 0.0000000000
91267  31.317  -7.521  -41.546 0.0000000000
89918  31.081  -8.096  -42.277 0.0000000000
89927  30.899  -7.675  -42.981 0.0000000000
91273  31.066  -6.401  -42.570 0.0000000000
170410  30.887  -6.913  -43.216 0.0000000000
89933  30.682  -7.606  -43.968 0.0000000000
170531  30.935  -3.241  -43.016 0.0000000000
165528  30.908  -4.293  -44.237 0.0000000000
173635  30.835  -4.109  -46.779 0.0000000000
92682  30.809  -5.537  -46.308 0.0000000000
109225  30.975  6.856  -44.651 0.0000000000
104643  29.981  3.495  -41.809 0.0000000000
182964  31.132  4.373  -43.442 0.0000000000
104657  30.706  3.604  -42.315 0.0000000000
174508  30.974  3.011  -42.786 0.0000000000
190734  31.058  2.497  -43.075 0.0000000000
192235  31.150  2.463  -44.131 0.0000000000
113495  28.935  10.855  -51.394 0.0000000000
113491  29.288  10.466  -50.857 0.0000000000
175092  28.868  10.077  -51.369 0.0000000000
112456  29.286  9.696  -50.821 0.0000000000
111415  29.642  8.627  -50.430 0.0000000000
181506  29.948  8.143  -49.966 0.0000000000
169676  28.321  7.141  -51.749 0.0000000000
179248  29.297  7.242  -50.531 0.0000000000
109252  29.484  6.663  -50.030 0.0000000000
179914  30.169  6.263  -48.927 0.0000000000
108101  30.435  5.314  -48.047 0.0000000000
105779  30.868  4.308  -46.972 0.0000000000
176120  29.896  4.010  -48.680 0.0000000000
105782  30.532  4.026  -47.624 0.0000000000
104695  30.792  3.578  -47.040 0.0000000000
165361  30.929  3.103  -46.488 0.0000000000
103616  31.021  2.587  -45.955 0.0000000000
103606  31.077  1.824  -44.260 0.0000000000
102574  31.057  1.536  -45.078 0.0000000000
165362  30.897  1.023  -46.626 0.0000000000
185534  30.800  0.353  -47.167 0.0000000000
102589  30.005  1.496  -48.584 0.0000000000
101513  30.227  0.859  -48.228 0.0000000000
195419  30.498  0.380  -47.869 0.0000000000
100414  29.352  -1.237  -49.090 0.0000000000
99227  29.126  -2.128  -49.922 0.0000000000
100422  28.090  -0.908  -51.077 0.0000000000
100421  28.516  -1.605  -50.806 0.0000000000
99233  28.978  -2.026  -50.647 0.0000000000
99232  29.667  -2.540  -50.547 0.0000000000
193356  23.808  -14.165  -36.722 0.0000000000
80972  23.482  -13.293  -37.111 0.0000000000
80971  24.036  -13.719  -37.028 0.0000000000
80962  24.347  -14.439  -36.687 0.0000000000
79613  25.837  -14.844  -36.315 0.0000000000
186003  26.507  -15.358  -36.301 0.0000000000
170390  27.296  -15.582  -36.513 0.0000000000
85039  25.843  -11.595  -37.527 0.0000000000
83766  26.370  -12.020  -36.996 0.0000000000
82374  26.199  -12.819  -36.662 0.0000000000
83750  28.359  -12.832  -36.623 0.0000000000
172604  27.751  -13.027  -36.363 0.0000000000
82361  27.049  -13.268  -36.294 0.0000000000
80960  27.095  -14.172  -36.327 0.0000000000
79611  27.637  -15.089  -36.663 0.0000000000
180251  27.901  -15.754  -36.631 0.0000000000
88711  31.380  -9.480  -40.436 0.0000000000
182635  31.296  -10.716  -41.144 0.0000000000
75665  27.323  -17.876  -33.896 0.0000000000
75682  26.584  -18.170  -35.184 0.0000000000
75693  27.999  -16.999  -36.103 0.0000000000
77024  26.678  -17.391  -36.042 0.0000000000
77038  27.172  -16.933  -36.366 0.0000000000
78301  27.594  -16.360  -36.477 0.0000000000
80969  30.163  -15.633  -38.473 0.0000000000
82376  24.700  -13.199  -37.219 0.0000000000
82384  31.022  -15.466  -38.902 0.0000000000
82385  29.885  -15.287  -38.951 0.0000000000
82392  30.451  -15.147  -39.362 0.0000000000
83752  27.015  -12.467  -36.459 0.0000000000
85020  20.914  -11.254  -36.366 0.0000000000
85036  28.469  -11.259  -37.012 0.0000000000
85038  26.532  -11.329  -37.296 0.0000000000
85040  22.358  -11.938  -37.484 0.0000000000
86224  19.399  -9.908  -35.411 0.0000000000
86249  29.133  -10.181  -37.352 0.0000000000
86253  20.843  -9.679  -37.182 0.0000000000
86282  24.464  -9.968  -39.183 0.0000000000
87455  20.094  -9.532  -36.288 0.0000000000
87457  18.921  -8.851  -35.670 0.0000000000
87465  30.034  -9.568  -37.773 0.0000000000
87470  20.754  -9.048  -37.355 0.0000000000
87483  25.592  -9.529  -38.923 0.0000000000
87485  21.154  -9.065  -38.041 0.0000000000
87492  31.132  -10.626  -40.330 0.0000000000
87496  23.976  -9.609  -39.449 0.0000000000
87511  31.589  -10.624  -42.010 0.0000000000
88676  29.813  -8.909  -37.712 0.0000000000
88678  28.383  -8.607  -37.658 0.0000000000
88681  19.745  -8.181  -36.801 0.0000000000
88690  27.348  -8.372  -38.090 0.0000000000
88702  25.754  -8.251  -39.347 0.0000000000
88704  22.285  -8.421  -39.369 0.0000000000
88713  24.744  -8.416  -39.998 0.0000000000
88715  22.957  -8.972  -39.552 0.0000000000
88716  22.330  -7.678  -39.677 0.0000000000
88755  31.349  -9.213  -44.335 0.0000000000
89843  18.685  -7.950  -36.416 0.0000000000
89862  29.481  -8.184  -37.724 0.0000000000
89864  28.355  -7.890  -37.800 0.0000000000
89881  26.705  -7.695  -38.806 0.0000000000
89892  25.611  -7.676  -39.690 0.0000000000
89899  31.440  -7.733  -40.876 0.0000000000
89903  23.721  -8.050  -40.450 0.0000000000
89904  22.872  -7.331  -40.254 0.0000000000
91197  29.498  -7.482  -37.931 0.0000000000
91204  19.579  -6.778  -37.739 0.0000000000
91220  30.584  -7.283  -38.679 0.0000000000
91223  28.351  -6.589  -38.170 0.0000000000
91225  20.674  -6.655  -38.364 0.0000000000
91238  30.373  -6.601  -38.798 0.0000000000
91240  26.610  -7.010  -39.099 0.0000000000
91242  21.628  -6.449  -39.346 0.0000000000
91251  24.745  -7.233  -40.535 0.0000000000
91257  31.392  -7.049  -40.958 0.0000000000
91259  24.284  -7.254  -40.823 0.0000000000
91261  23.357  -7.069  -40.789 0.0000000000
92579  18.190  -6.263  -37.464 0.0000000000
92580  17.711  -6.239  -37.063 0.0000000000
92596  28.434  -5.935  -38.520 0.0000000000
92597  27.728  -6.188  -38.732 0.0000000000
92599  18.767  -5.797  -37.945 0.0000000000
92614  30.556  -5.295  -39.613 0.0000000000
92617  28.057  -5.546  -38.859 0.0000000000
92619  26.834  -5.834  -39.206 0.0000000000
92623  20.519  -5.983  -38.558 0.0000000000
92636  25.436  -5.788  -40.167 0.0000000000
92638  23.119  -5.918  -40.995 0.0000000000
92646  24.351  -6.109  -41.079 0.0000000000
94008  16.160  -5.243  -36.508 0.0000000000
94010  15.587  -4.186  -36.888 0.0000000000
94023  19.185  -5.143  -38.263 0.0000000000
94026  17.631  -5.266  -37.263 0.0000000000
94027  16.010  -4.175  -37.084 0.0000000000
94040  30.050  -4.946  -39.237 0.0000000000
94060  27.432  -4.547  -38.978 0.0000000000
94062  26.302  -4.875  -39.522 0.0000000000
94064  22.118  -5.009  -40.296 0.0000000000
94076  30.960  -4.707  -40.796 0.0000000000
94078  24.532  -5.269  -41.069 0.0000000000
94080  22.975  -4.540  -41.503 0.0000000000
94100  30.922  -4.904  -43.726 0.0000000000
95369  18.527  -3.921  -37.930 0.0000000000
95371  16.859  -3.957  -37.297 0.0000000000
95394  16.436  -4.364  -37.311 0.0000000000
95395  15.927  -4.058  -37.097 0.0000000000
95409  28.871  -4.149  -38.902 0.0000000000
95424  30.817  -4.319  -40.318 0.0000000000
95428  26.513  -4.040  -39.554 0.0000000000
95450  22.397  -3.965  -41.123 0.0000000000
95462  23.717  -4.110  -41.927 0.0000000000
96678  16.351  -3.276  -37.203 0.0000000000
96679  15.694  -3.248  -37.125 0.0000000000
96714  30.084  -3.632  -39.695 0.0000000000
96733  26.450  -3.259  -39.844 0.0000000000
96746  30.700  -3.078  -40.617 0.0000000000
96748  24.613  -3.079  -41.748 0.0000000000
96790  30.910  -3.638  -45.977 0.0000000000
97930  28.001  -2.059  -39.645 0.0000000000
97953  29.429  -2.036  -39.740 0.0000000000
98031  30.293  -2.669  -48.263 0.0000000000
99122  29.044  -1.511  -39.734 0.0000000000
99144  26.041  -1.896  -40.627 0.0000000000
99197  31.005  -1.525  -43.474 0.0000000000
100305  28.161  -1.048  -39.842 0.0000000000
100319  29.354  -0.928  -39.999 0.0000000000
100321  27.644  -0.796  -40.029 0.0000000000
100335  30.292  -0.379  -40.849 0.0000000000
100380  31.004  -0.827  -43.211 0.0000000000
100390  31.031  -0.852  -44.522 0.0000000000
100407  30.562  -0.287  -47.765 0.0000000000
101427  29.201  -0.161  -40.137 0.0000000000
101441  30.303  0.316  -41.126 0.0000000000
101442  29.232  0.630  -40.441 0.0000000000
101483  31.049  0.663  -43.459 0.0000000000
101493  31.047  0.478  -44.167 0.0000000000
101519  28.986  0.413  -49.225 0.0000000000
102522  29.881  1.598  -41.191 0.0000000000
102525  27.531  1.140  -40.968 0.0000000000
102562  31.061  1.399  -43.623 0.0000000000
102596  28.701  1.098  -49.492 0.0000000000
103557  29.396  2.194  -41.099 0.0000000000
103597  31.085  2.172  -43.600 0.0000000000
103611  31.059  2.188  -45.428 0.0000000000
103621  30.736  2.963  -47.114 0.0000000000
103633  29.109  1.954  -49.320 0.0000000000
104670  31.156  2.951  -43.565 0.0000000000
104711  28.754  2.548  -49.574 0.0000000000
105723  30.153  4.068  -42.080 0.0000000000
105775  31.093  4.608  -46.231 0.0000000000
105783  30.187  3.716  -48.144 0.0000000000
105794  28.964  3.742  -49.535 0.0000000000
106931  30.659  4.807  -47.570 0.0000000000
106944  29.834  4.644  -48.829 0.0000000000
106945  29.428  4.247  -49.169 0.0000000000
108065  30.819  6.189  -43.798 0.0000000000
108076  31.100  5.917  -44.400 0.0000000000
109234  31.137  6.929  -45.826 0.0000000000
109240  30.825  7.037  -47.977 0.0000000000
109251  30.018  6.820  -49.436 0.0000000000
109257  28.980  6.556  -50.607 0.0000000000
109265  28.777  7.216  -51.106 0.0000000000
110368  29.791  7.415  -50.000 0.0000000000
111401  31.033  8.845  -46.607 0.0000000000
111403  31.008  8.545  -47.396 0.0000000000
111414  30.046  8.849  -49.872 0.0000000000
112455  29.713  9.322  -50.337 0.0000000000
112461  28.488  9.687  -51.862 0.0000000000
112465  28.252  9.206  -52.367 0.0000000000
113469  30.370  10.673  -46.351 0.0000000000
113484  30.379  10.229  -49.159 0.0000000000
116500  29.912  12.752  -48.041 0.0000000000
162844  25.060  -12.576  -37.409 0.0000000000
163861  30.999  0.909  -45.737 0.0000000000
164523  23.326  -5.312  -41.444 0.0000000000
164819  31.113  3.296  -45.769 0.0000000000
165360  31.016  3.822  -46.330 0.0000000000
165820  30.172  -5.596  -39.101 0.0000000000
166209  31.011  -0.092  -43.298 0.0000000000
167879  30.820  -5.326  -45.430 0.0000000000
168263  30.748  2.878  -42.263 0.0000000000
168291  30.976  -6.152  -43.264 0.0000000000
168696  28.234  -15.797  -36.307 0.0000000000
168823  21.338  -7.706  -38.786 0.0000000000
170338  31.121  -6.562  -39.840 0.0000000000
170377  31.147  -5.954  -41.326 0.0000000000
170530  30.941  -3.448  -43.968 0.0000000000
170609  31.178  -8.602  -39.121 0.0000000000
170776  30.974  -3.729  -41.808 0.0000000000
172762  31.287  3.756  -43.879 0.0000000000
173328  26.397  -13.531  -36.394 0.0000000000
175892  28.177  -16.373  -36.013 0.0000000000
176020  30.682  -0.921  -47.521 0.0000000000
176524  22.200  -6.254  -39.937 0.0000000000
176903  26.429  -8.759  -38.657 0.0000000000
176931  29.181  -2.705  -39.500 0.0000000000
177066  28.467  3.139  -49.812 0.0000000000
177476  30.772  -2.401  -40.998 0.0000000000
177541  30.968  -1.887  -42.210 0.0000000000
178328  24.454  -6.798  -40.851 0.0000000000
178575  30.903  -3.029  -46.073 0.0000000000
179809  30.951  9.084  -47.855 0.0000000000
180997  30.816  9.038  -48.557 0.0000000000
181799  30.265  -0.961  -40.651 0.0000000000
182459  28.317  -2.636  -39.434 0.0000000000
182503  28.863  -8.243  -37.671 0.0000000000
182926  25.369  -4.608  -40.309 0.0000000000
183469  26.715  -5.313  -39.293 0.0000000000
185316  21.014  -7.987  -38.312 0.0000000000
185396  29.156  7.593  -50.832 0.0000000000
186480  27.651  -2.573  -39.634 0.0000000000
186613  28.421  6.804  -51.395 0.0000000000
187035  30.968  -5.455  -43.319 0.0000000000
187236  26.069  -10.978  -37.739 0.0000000000
188223  30.874  -4.289  -46.159 0.0000000000
189245  31.129  2.307  -44.772 0.0000000000
190446  27.762  -17.420  -36.092 0.0000000000
190590  24.044  -10.481  -38.865 0.0000000000
190657  30.173  -6.083  -38.857 0.0000000000
190826  22.794  -10.497  -38.567 0.0000000000
191084  16.248  -4.271  -37.248 0.0000000000
191411  23.360  -7.620  -40.545 0.0000000000
191773  19.695  -8.560  -36.492 0.0000000000
191807  29.829  -7.896  -37.933 0.0000000000
193233  29.367  9.065  -50.778 0.0000000000
193609  22.758  -9.586  -39.096 0.0000000000
193857  30.966  -2.806  -44.154 0.0000000000
194013  22.817  -11.670  -37.888 0.0000000000
194400  29.122  -14.733  -37.341 0.0000000000
194440  31.475  -7.772  -40.260 0.0000000000
194625  19.258  -5.669  -38.180 0.0000000000
194714  21.319  -5.326  -39.401 0.0000000000
194933  27.160  -7.839  -38.345 0.0000000000
195135  28.933  -0.616  -39.934 0.0000000000
195710  18.136  -7.188  -36.629 0.0000000000
195823  30.994  -7.010  -42.732 0.0000000000
195971  31.061  6.642  -46.770 0.0000000000
