#!ascii label  , from subject sub-v2s2x29062_ses-1 vox2ras=TkReg
855
44010  -34.884  3.163  26.325 0.0000000000
78069  -39.140  7.429  18.389 0.0000000000
92701  -38.224  4.714  21.836 0.0000000000
36324  -19.523  -5.023  42.856 0.0000000000
43173  -33.017  2.145  30.286 0.0000000000
38067  -28.148  -2.668  41.084 0.0000000000
86522  -31.888  -2.331  37.776 0.0000000000
42343  -33.901  1.758  35.664 0.0000000000
84948  -35.535  3.187  35.312 0.0000000000
38095  -23.914  -3.371  39.126 0.0000000000
38059  -26.611  -3.296  42.629 0.0000000000
39782  -25.964  -1.027  40.275 0.0000000000
41465  -29.682  0.438  38.029 0.0000000000
41475  -31.709  0.190  36.527 0.0000000000
97455  -38.304  6.237  33.426 0.0000000000
46365  -37.812  5.533  27.874 0.0000000000
78058  -39.253  5.936  20.185 0.0000000000
44033  -36.832  3.085  23.824 0.0000000000
52012  -39.680  13.055  16.341 0.0000000000
36300  -17.762  -5.058  44.897 0.0000000000
46311  -37.610  5.801  35.578 0.0000000000
43991  -33.564  2.737  28.341 0.0000000000
41452  -28.002  0.254  40.056 0.0000000000
38937  -29.669  -2.398  38.686 0.0000000000
47097  -39.251  6.989  26.387 0.0000000000
78147  -43.608  13.299  13.918 0.0000000000
99129  -32.502  0.694  34.569 0.0000000000
43129  -33.827  2.244  34.512 0.0000000000
38920  -25.050  -2.273  39.907 0.0000000000
42331  -30.516  0.759  35.265 0.0000000000
42332  -31.225  0.434  34.967 0.0000000000
42333  -32.648  0.448  35.738 0.0000000000
98628  -35.347  4.630  27.802 0.0000000000
46355  -36.823  5.783  29.796 0.0000000000
101645  -36.081  4.413  26.663 0.0000000000
47150  -39.456  6.283  19.429 0.0000000000
78032  -41.714  7.646  21.955 0.0000000000
95599  -39.943  7.408  18.198 0.0000000000
37212  -18.168  -4.605  41.181 0.0000000000
90532  -19.176  -5.296  44.203 0.0000000000
44754  -34.759  3.482  33.055 0.0000000000
97145  -36.613  4.512  35.501 0.0000000000
44755  -35.277  3.942  32.844 0.0000000000
45561  -35.436  4.587  31.272 0.0000000000
43985  -33.426  2.519  29.473 0.0000000000
37216  -27.398  -3.550  42.081 0.0000000000
35482  -26.842  -5.101  40.827 0.0000000000
36359  -27.630  -4.685  39.748 0.0000000000
36375  -28.162  -4.725  39.009 0.0000000000
41463  -26.812  0.475  38.523 0.0000000000
42312  -27.853  1.310  38.285 0.0000000000
84133  -30.836  -1.160  38.157 0.0000000000
40616  -29.480  -0.644  38.750 0.0000000000
38951  -31.034  -2.095  38.052 0.0000000000
77754  -30.507  -4.304  37.941 0.0000000000
36346  -22.015  -4.798  40.806 0.0000000000
88251  -22.837  -5.093  42.234 0.0000000000
35470  -23.328  -5.814  44.512 0.0000000000
44870  -37.213  3.775  22.321 0.0000000000
45610  -38.779  3.319  24.010 0.0000000000
45612  -39.228  4.849  23.716 0.0000000000
78148  -45.269  13.535  13.901 0.0000000000
35466  -20.865  -5.828  45.501 0.0000000000
83735  -34.405  1.622  35.889 0.0000000000
85375  -35.476  2.689  35.818 0.0000000000
43921  -34.832  2.738  35.598 0.0000000000
43932  -34.162  2.695  33.985 0.0000000000
37225  -24.219  -3.861  41.071 0.0000000000
37203  -25.725  -4.245  42.782 0.0000000000
38076  -24.834  -3.235  41.104 0.0000000000
38898  -25.738  -2.118  41.380 0.0000000000
90632  -27.519  -1.569  41.751 0.0000000000
90342  -28.838  1.513  37.739 0.0000000000
42321  -29.406  1.247  36.997 0.0000000000
41474  -30.926  0.498  36.921 0.0000000000
40626  -31.993  -0.721  37.562 0.0000000000
40638  -33.375  -0.512  36.996 0.0000000000
77804  -34.062  0.215  36.258 0.0000000000
90981  -22.982  -4.066  38.683 0.0000000000
49036  -40.410  9.070  36.772 0.0000000000
84119  -42.964  8.237  35.409 0.0000000000
84549  -39.606  6.763  33.652 0.0000000000
77905  -38.754  5.984  30.888 0.0000000000
46422  -37.706  5.449  20.432 0.0000000000
47119  -39.814  6.340  23.280 0.0000000000
47132  -40.842  7.006  22.666 0.0000000000
33895  -15.370  -7.295  47.177 0.0000000000
87161  -35.345  3.147  24.331 0.0000000000
44868  -35.420  4.093  21.760 0.0000000000
46431  -35.342  6.085  19.331 0.0000000000
78078  -36.205  5.987  18.565 0.0000000000
78096  -36.993  8.375  17.867 0.0000000000
78104  -37.981  9.582  17.643 0.0000000000
78120  -38.757  10.691  17.369 0.0000000000
52009  -38.804  12.794  17.466 0.0000000000
34666  -19.719  -6.700  45.770 0.0000000000
34663  -18.559  -6.620  46.248 0.0000000000
88568  -16.899  -6.724  46.449 0.0000000000
94251  -40.398  7.568  42.608 0.0000000000
81610  -37.338  4.282  36.292 0.0000000000
77838  -37.776  6.265  39.071 0.0000000000
97808  -41.160  9.884  39.663 0.0000000000
83855  -38.764  7.701  35.541 0.0000000000
44790  -34.675  4.306  29.231 0.0000000000
86512  -34.311  3.055  26.848 0.0000000000
35476  -26.088  -5.211  42.526 0.0000000000
41444  -27.115  -0.096  40.596 0.0000000000
39783  -28.221  -0.968  41.024 0.0000000000
42306  -28.624  0.748  38.986 0.0000000000
39809  -29.088  -1.057  39.350 0.0000000000
38088  -28.761  -2.568  39.554 0.0000000000
37256  -29.197  -3.717  38.651 0.0000000000
88250  -19.210  -4.995  40.148 0.0000000000
36354  -20.327  -5.019  39.939 0.0000000000
36334  -20.384  -4.854  41.697 0.0000000000
44827  -37.492  3.480  25.205 0.0000000000
46372  -38.371  5.781  26.630 0.0000000000
98953  -39.295  6.719  27.680 0.0000000000
47755  -39.966  7.400  25.225 0.0000000000
78140  -40.068  11.864  17.140 0.0000000000
84777  -40.652  11.478  16.692 0.0000000000
94672  -41.450  12.021  15.684 0.0000000000
52023  -42.650  13.131  13.853 0.0000000000
96936  -42.757  11.812  14.866 0.0000000000
43115  -32.315  0.764  33.768 0.0000000000
43127  -31.850  1.233  32.950 0.0000000000
42340  -30.440  0.765  34.508 0.0000000000
42341  -31.516  0.366  34.194 0.0000000000
44817  -35.116  3.487  26.916 0.0000000000
44808  -35.590  4.403  27.143 0.0000000000
44011  -35.597  3.339  26.118 0.0000000000
47151  -40.203  6.436  19.301 0.0000000000
47145  -40.601  6.386  19.780 0.0000000000
47146  -41.187  6.807  20.038 0.0000000000
100549  -41.757  7.235  19.883 0.0000000000
95774  -40.373  6.948  18.691 0.0000000000
36332  -18.897  -4.698  41.652 0.0000000000
86070  -18.866  -4.812  42.511 0.0000000000
36315  -18.976  -5.120  43.318 0.0000000000
43964  -34.199  3.187  31.941 0.0000000000
43973  -33.940  3.123  31.215 0.0000000000
44781  -34.337  3.619  30.676 0.0000000000
43177  -32.759  1.662  29.582 0.0000000000
36321  -24.313  -5.551  43.977 0.0000000000
37217  -27.805  -3.274  41.450 0.0000000000
37226  -27.507  -3.921  41.085 0.0000000000
37242  -27.648  -4.114  40.256 0.0000000000
37243  -28.120  -3.934  39.651 0.0000000000
77773  -31.737  -1.368  37.842 0.0000000000
77770  -31.335  -3.039  38.023 0.0000000000
36337  -23.378  -4.769  41.744 0.0000000000
36327  -23.461  -5.082  42.830 0.0000000000
36320  -23.856  -5.564  44.243 0.0000000000
77875  -44.917  7.933  41.090 0.0000000000
97635  -37.997  4.003  22.240 0.0000000000
45611  -39.505  3.517  23.487 0.0000000000
88712  -38.851  4.189  22.598 0.0000000000
77809  -34.655  2.281  35.810 0.0000000000
43117  -34.165  2.331  35.434 0.0000000000
43137  -33.661  2.265  33.540 0.0000000000
43143  -33.555  2.385  32.873 0.0000000000
88003  -33.797  2.786  32.447 0.0000000000
37241  -23.805  -3.676  39.821 0.0000000000
38075  -24.244  -3.458  40.361 0.0000000000
98569  -24.243  -3.239  39.701 0.0000000000
38921  -25.484  -1.640  39.837 0.0000000000
39772  -26.178  -1.376  41.222 0.0000000000
38899  -27.094  -2.044  42.080 0.0000000000
39773  -27.008  -1.227  41.623 0.0000000000
42329  -29.002  1.904  37.061 0.0000000000
41480  -31.129  0.654  35.902 0.0000000000
40630  -31.467  -0.102  37.385 0.0000000000
40631  -32.113  -0.332  37.021 0.0000000000
77784  -32.719  -0.686  37.304 0.0000000000
41482  -32.522  -0.111  36.433 0.0000000000
42342  -32.997  1.061  35.385 0.0000000000
41483  -33.327  0.013  36.281 0.0000000000
96143  -33.658  0.869  35.846 0.0000000000
100454  -34.306  0.845  35.923 0.0000000000
37254  -23.366  -3.884  39.251 0.0000000000
83706  -39.299  7.890  34.776 0.0000000000
77878  -39.898  8.036  34.083 0.0000000000
101361  -39.152  6.681  33.782 0.0000000000
46360  -37.351  5.739  29.236 0.0000000000
46356  -37.595  5.879  29.994 0.0000000000
86994  -38.177  5.828  29.439 0.0000000000
86680  -39.016  5.957  29.704 0.0000000000
87486  -37.929  5.721  28.655 0.0000000000
84871  -38.460  5.692  20.335 0.0000000000
45662  -39.489  5.729  21.790 0.0000000000
90208  -40.563  6.671  22.065 0.0000000000
102838  -42.680  9.025  22.670 0.0000000000
86164  -35.409  6.097  18.604 0.0000000000
48442  -35.689  8.183  18.915 0.0000000000
49161  -36.566  9.338  18.344 0.0000000000
78102  -37.338  9.364  17.936 0.0000000000
85340  -37.807  8.458  17.276 0.0000000000
49943  -37.513  10.169  17.891 0.0000000000
78121  -38.143  11.377  17.483 0.0000000000
36313  -17.818  -5.047  44.024 0.0000000000
36291  -17.600  -5.143  45.584 0.0000000000
34667  -20.507  -6.447  45.555 0.0000000000
35465  -19.987  -5.912  45.703 0.0000000000
33907  -20.060  -7.164  45.315 0.0000000000
34665  -18.956  -7.058  46.005 0.0000000000
33901  -18.246  -7.294  46.185 0.0000000000
34662  -17.818  -6.544  46.435 0.0000000000
100493  -17.906  -7.851  45.891 0.0000000000
33903  -17.156  -8.015  45.681 0.0000000000
77811  -36.238  3.325  35.611 0.0000000000
45517  -36.978  5.103  35.365 0.0000000000
77825  -37.450  5.656  37.246 0.0000000000
47023  -37.653  6.506  37.376 0.0000000000
48326  -40.370  8.245  39.166 0.0000000000
82034  -38.520  8.617  37.735 0.0000000000
82876  -38.720  9.409  37.204 0.0000000000
47050  -38.263  6.651  35.716 0.0000000000
44797  -33.963  3.515  29.037 0.0000000000
45566  -35.258  4.594  30.608 0.0000000000
44798  -34.353  3.848  28.374 0.0000000000
43998  -33.560  2.759  27.428 0.0000000000
91798  -26.116  -3.604  42.715 0.0000000000
36330  -25.898  -4.727  42.773 0.0000000000
36338  -26.521  -4.626  42.390 0.0000000000
41456  -27.338  0.572  39.371 0.0000000000
41450  -26.952  0.221  39.983 0.0000000000
41451  -27.535  0.277  40.121 0.0000000000
99455  -27.753  -0.293  40.748 0.0000000000
40604  -28.263  -0.297  40.326 0.0000000000
42314  -28.997  0.900  38.333 0.0000000000
40623  -29.222  0.240  38.725 0.0000000000
39810  -29.566  -1.520  38.731 0.0000000000
40615  -29.073  -0.272  39.191 0.0000000000
38936  -29.169  -2.051  39.152 0.0000000000
38923  -28.822  -1.698  39.868 0.0000000000
38098  -29.184  -2.897  38.991 0.0000000000
38099  -29.656  -3.101  38.568 0.0000000000
77791  -34.202  -1.449  37.465 0.0000000000
88249  -21.254  -4.849  40.415 0.0000000000
36345  -21.151  -4.873  41.227 0.0000000000
34676  -23.118  -6.512  44.101 0.0000000000
89544  -36.093  3.076  24.073 0.0000000000
87626  -36.641  3.067  25.191 0.0000000000
44027  -37.085  3.041  24.557 0.0000000000
46382  -38.590  5.283  24.944 0.0000000000
45600  -38.196  4.796  25.197 0.0000000000
46379  -38.791  6.387  26.108 0.0000000000
46373  -38.837  6.508  27.016 0.0000000000
77950  -39.439  7.069  27.022 0.0000000000
47768  -40.823  7.520  23.966 0.0000000000
87228  -39.808  6.706  24.092 0.0000000000
77972  -41.107  7.843  25.180 0.0000000000
51373  -39.293  12.268  17.347 0.0000000000
95479  -39.535  10.884  17.107 0.0000000000
87786  -39.810  12.554  16.989 0.0000000000
100088  -40.169  12.840  15.031 0.0000000000
86308  -40.417  12.497  14.475 0.0000000000
85366  -41.150  11.839  16.320 0.0000000000
51380  -41.168  12.265  14.127 0.0000000000
52632  -43.684  13.886  13.429 0.0000000000
89187  -43.007  14.275  13.563 0.0000000000
86349  -43.081  13.637  13.592 0.0000000000
78134  -43.025  12.451  14.618 0.0000000000
87918  -43.618  12.679  14.445 0.0000000000
82873  -44.247  12.839  14.244 0.0000000000
94336  -45.975  12.802  13.826 0.0000000000
43116  -33.307  1.581  34.890 0.0000000000
43128  -33.111  1.560  33.764 0.0000000000
38096  -24.558  -2.746  39.105 0.0000000000
42339  -29.758  1.165  35.287 0.0000000000
41481  -31.879  0.466  35.671 0.0000000000
92080  -32.098  0.423  34.986 0.0000000000
97429  -36.353  5.643  30.293 0.0000000000
46350  -37.375  6.014  31.327 0.0000000000
97985  -36.181  5.318  28.711 0.0000000000
45583  -36.326  5.167  27.905 0.0000000000
45589  -37.107  5.209  27.486 0.0000000000
78060  -38.607  6.177  19.566 0.0000000000
78044  -40.534  6.544  21.340 0.0000000000
78045  -40.553  6.424  20.483 0.0000000000
48418  -42.619  8.899  22.071 0.0000000000
81838  -40.094  8.081  17.151 0.0000000000
36323  -18.081  -4.864  43.079 0.0000000000
36301  -18.483  -5.256  44.608 0.0000000000
43934  -35.147  3.308  34.547 0.0000000000
84408  -36.185  3.903  35.246 0.0000000000
44744  -35.354  3.783  33.689 0.0000000000
45529  -35.987  4.486  34.110 0.0000000000
45530  -36.737  5.161  34.349 0.0000000000
45543  -36.448  5.031  33.430 0.0000000000
100261  -35.052  4.095  31.616 0.0000000000
44789  -34.076  3.615  29.827 0.0000000000
43990  -32.886  1.830  27.990 0.0000000000
37205  -27.021  -3.560  42.584 0.0000000000
37215  -26.991  -4.067  42.313 0.0000000000
36339  -27.056  -4.496  41.636 0.0000000000
36358  -27.276  -4.595  40.569 0.0000000000
35488  -28.072  -5.377  38.656 0.0000000000
41464  -27.465  0.886  38.654 0.0000000000
42304  -27.899  0.980  38.986 0.0000000000
98672  -30.582  -0.507  38.160 0.0000000000
40624  -29.958  -0.197  38.329 0.0000000000
91060  -30.099  -0.957  38.422 0.0000000000
39820  -30.205  -1.840  38.346 0.0000000000
38107  -30.380  -2.845  38.319 0.0000000000
37266  -29.991  -3.660  38.254 0.0000000000
83355  -30.852  -3.695  38.116 0.0000000000
37253  -22.633  -4.367  39.400 0.0000000000
36357  -22.552  -4.530  40.216 0.0000000000
88796  -22.737  -5.296  43.039 0.0000000000
36306  -22.648  -5.464  44.005 0.0000000000
36319  -23.416  -5.324  43.938 0.0000000000
44855  -38.132  3.101  23.002 0.0000000000
44028  -38.213  2.933  24.483 0.0000000000
44838  -39.039  2.757  23.616 0.0000000000
45606  -39.079  4.181  24.363 0.0000000000
46389  -38.995  5.479  24.431 0.0000000000
52624  -39.741  14.161  15.554 0.0000000000
52017  -39.974  13.365  15.398 0.0000000000
52626  -40.039  13.946  14.801 0.0000000000
52636  -44.148  14.151  12.936 0.0000000000
85320  -44.508  13.435  13.976 0.0000000000
52637  -45.099  13.988  13.235 0.0000000000
52638  -45.838  13.869  12.977 0.0000000000
101396  -20.518  -5.196  43.625 0.0000000000
36316  -19.872  -5.211  43.677 0.0000000000
77805  -35.222  1.989  35.888 0.0000000000
102210  -34.971  3.045  35.122 0.0000000000
43933  -34.506  2.840  34.806 0.0000000000
43942  -34.688  3.161  33.851 0.0000000000
102468  -24.020  -4.286  41.650 0.0000000000
37202  -24.937  -4.433  42.864 0.0000000000
37214  -24.736  -3.865  42.053 0.0000000000
38057  -25.560  -3.710  42.596 0.0000000000
38058  -25.952  -3.062  42.462 0.0000000000
38086  -24.676  -2.934  40.129 0.0000000000
100409  -25.377  -2.710  41.486 0.0000000000
38895  -26.560  -2.610  42.399 0.0000000000
38896  -27.239  -2.868  42.395 0.0000000000
38900  -27.650  -2.177  41.924 0.0000000000
98095  -28.003  -2.157  41.632 0.0000000000
42315  -29.370  0.945  37.701 0.0000000000
42322  -30.165  0.971  36.222 0.0000000000
41473  -30.034  0.699  37.285 0.0000000000
41466  -30.627  0.083  37.805 0.0000000000
40625  -31.247  -0.564  37.897 0.0000000000
77774  -32.461  -1.804  37.734 0.0000000000
92728  -33.296  -1.757  37.753 0.0000000000
40627  -32.644  -1.289  37.655 0.0000000000
84479  -33.562  -1.260  37.581 0.0000000000
82196  -34.045  -0.884  37.181 0.0000000000
97767  -33.881  -0.361  36.710 0.0000000000
84854  -34.310  -0.512  36.616 0.0000000000
77799  -34.500  0.266  36.026 0.0000000000
50501  -42.298  11.895  38.800 0.0000000000
83677  -42.479  9.002  36.645 0.0000000000
81792  -42.099  8.282  33.137 0.0000000000
77891  -39.133  6.225  33.201 0.0000000000
86079  -38.259  6.051  31.537 0.0000000000
45661  -38.284  5.224  21.128 0.0000000000
46410  -39.341  5.466  22.489 0.0000000000
46411  -39.763  5.983  22.517 0.0000000000
47131  -40.243  6.552  22.648 0.0000000000
83371  -41.453  7.936  24.003 0.0000000000
78013  -41.408  7.508  22.590 0.0000000000
95874  -42.069  8.465  23.726 0.0000000000
44831  -33.860  3.047  23.994 0.0000000000
44020  -34.960  3.121  25.555 0.0000000000
44031  -34.617  3.190  23.697 0.0000000000
44032  -35.356  3.167  23.624 0.0000000000
44040  -36.015  3.211  23.212 0.0000000000
44853  -35.585  3.595  22.380 0.0000000000
44869  -36.304  3.905  21.985 0.0000000000
45648  -36.966  4.269  21.655 0.0000000000
45659  -36.618  4.859  21.067 0.0000000000
46421  -36.916  5.374  20.544 0.0000000000
46428  -37.042  5.828  19.821 0.0000000000
78067  -37.188  5.970  19.058 0.0000000000
78075  -36.943  5.829  18.236 0.0000000000
48443  -36.317  8.347  18.444 0.0000000000
78094  -36.480  7.542  18.031 0.0000000000
85569  -37.809  6.408  18.872 0.0000000000
83222  -37.835  6.857  17.904 0.0000000000
85058  -38.185  7.005  18.321 0.0000000000
78098  -38.587  8.388  17.790 0.0000000000
93807  -39.122  9.043  17.118 0.0000000000
90280  -38.520  9.928  17.419 0.0000000000
78129  -39.081  11.597  17.413 0.0000000000
90249  -39.026  13.417  16.781 0.0000000000
52016  -39.421  13.847  16.108 0.0000000000
36302  -19.927  -5.321  44.624 0.0000000000
36293  -19.344  -5.417  45.164 0.0000000000
36292  -18.418  -5.307  45.427 0.0000000000
33906  -19.279  -7.443  45.517 0.0000000000
34664  -19.184  -6.241  46.061 0.0000000000
36286  -18.106  -5.490  45.983 0.0000000000
35462  -17.589  -5.799  46.287 0.0000000000
35461  -16.660  -5.660  46.418 0.0000000000
34660  -16.379  -6.196  46.791 0.0000000000
33896  -16.055  -6.920  46.759 0.0000000000
48973  -44.229  8.520  42.862 0.0000000000
77817  -36.949  4.951  36.038 0.0000000000
82673  -37.552  4.715  36.987 0.0000000000
81280  -40.660  8.603  40.841 0.0000000000
97002  -40.966  9.931  43.931 0.0000000000
89192  -42.091  10.237  41.696 0.0000000000
88023  -41.305  10.484  38.230 0.0000000000
97128  -38.765  9.308  36.499 0.0000000000
46331  -38.155  6.246  34.003 0.0000000000
100456  -36.998  5.533  33.630 0.0000000000
45562  -35.994  5.245  31.641 0.0000000000
45567  -35.817  5.190  30.696 0.0000000000
45581  -34.997  4.555  28.379 0.0000000000
44807  -34.927  4.067  27.709 0.0000000000
99777  -34.233  2.834  26.044 0.0000000000
43171  -32.300  1.527  29.349 0.0000000000
43182  -32.317  1.587  28.570 0.0000000000
43186  -32.296  1.929  27.801 0.0000000000
43996  -32.069  2.726  27.037 0.0000000000
43997  -32.854  2.444  27.174 0.0000000000
44009  -33.526  2.818  26.619 0.0000000000
44019  -33.344  2.773  25.721 0.0000000000
86571  -34.048  2.785  25.112 0.0000000000
35479  -26.400  -5.442  41.563 0.0000000000
40613  -25.901  -0.627  38.867 0.0000000000
40614  -26.524  0.006  39.280 0.0000000000
40603  -26.578  -0.277  40.111 0.0000000000
40594  -27.298  -0.590  41.130 0.0000000000
39774  -27.683  -0.984  41.401 0.0000000000
38908  -28.298  -1.760  41.191 0.0000000000
42313  -28.410  1.192  38.520 0.0000000000
42305  -28.221  0.827  39.127 0.0000000000
41457  -28.267  0.541  39.507 0.0000000000
41458  -28.689  0.262  39.368 0.0000000000
101639  -28.360  0.156  39.828 0.0000000000
39794  -28.663  -0.899  40.266 0.0000000000
38909  -28.548  -1.443  40.613 0.0000000000
38087  -28.312  -3.040  40.020 0.0000000000
38097  -28.639  -3.362  39.242 0.0000000000
36376  -28.804  -4.491  38.483 0.0000000000
36342  -18.922  -4.823  40.699 0.0000000000
36333  -19.610  -4.818  42.125 0.0000000000
36372  -20.357  -5.260  39.121 0.0000000000
36371  -19.594  -5.395  38.726 0.0000000000
36343  -19.684  -4.896  40.394 0.0000000000
86884  -19.656  -4.750  41.233 0.0000000000
36325  -20.414  -5.066  42.780 0.0000000000
36317  -21.192  -5.245  43.648 0.0000000000
44021  -35.913  3.145  25.466 0.0000000000
44819  -36.711  4.138  26.179 0.0000000000
45594  -37.208  4.876  26.568 0.0000000000
45605  -38.443  3.573  24.927 0.0000000000
45595  -37.912  5.125  26.150 0.0000000000
46371  -37.862  5.313  27.070 0.0000000000
46366  -38.463  5.860  28.160 0.0000000000
47118  -39.401  5.902  23.869 0.0000000000
47109  -39.284  6.407  24.644 0.0000000000
47101  -39.305  6.919  25.492 0.0000000000
96683  -39.925  8.954  17.014 0.0000000000
81521  -39.903  10.267  16.848 0.0000000000
52013  -40.252  12.613  16.523 0.0000000000
83969  -40.707  12.150  16.669 0.0000000000
93806  -40.428  10.627  16.508 0.0000000000
94374  -40.195  9.758  16.495 0.0000000000
78141  -40.928  11.054  16.117 0.0000000000
52630  -41.701  13.346  13.272 0.0000000000
85247  -42.273  12.443  14.472 0.0000000000
82283  -42.012  11.639  15.165 0.0000000000
94335  -45.038  12.597  14.169 0.0000000000
43114  -30.649  1.162  33.568 0.0000000000
78062  -39.586  7.036  18.879 0.0000000000
47152  -40.866  6.711  19.284 0.0000000000
43166  -33.301  2.495  31.060 0.0000000000
43978  -33.683  2.957  30.439 0.0000000000
36328  -24.062  -5.093  43.480 0.0000000000
37227  -27.927  -3.499  40.571 0.0000000000
43136  -32.983  1.718  32.903 0.0000000000
38907  -25.571  -1.808  40.545 0.0000000000
47060  -38.775  6.571  33.873 0.0000000000
77893  -38.118  6.146  32.822 0.0000000000
46364  -37.031  5.518  28.418 0.0000000000
46416  -40.047  6.274  21.857 0.0000000000
78054  -39.847  6.043  20.926 0.0000000000
78007  -42.898  9.284  23.006 0.0000000000
47794  -35.268  7.297  18.977 0.0000000000
51371  -37.564  11.936  17.703 0.0000000000
88560  -17.053  -4.888  45.131 0.0000000000
33904  -17.939  -8.183  45.283 0.0000000000
47036  -37.690  6.149  36.466 0.0000000000
77839  -38.332  7.992  37.626 0.0000000000
84298  -38.164  6.936  36.704 0.0000000000
77846  -38.285  7.986  36.966 0.0000000000
37204  -26.475  -3.967  42.667 0.0000000000
42301  -27.900  0.671  39.588 0.0000000000
36318  -21.992  -5.318  43.250 0.0000000000
46383  -38.874  6.050  25.236 0.0000000000
46378  -38.425  5.589  25.732 0.0000000000
86783  -40.930  7.727  24.544 0.0000000000
52010  -39.346  12.806  17.027 0.0000000000
78146  -41.208  12.263  15.256 0.0000000000
52020  -40.703  12.971  13.507 0.0000000000
43113  -29.707  1.761  34.555 0.0000000000
45576  -35.457  4.972  29.001 0.0000000000
46354  -36.072  5.464  29.566 0.0000000000
45582  -35.647  4.959  28.225 0.0000000000
45588  -35.807  4.864  27.608 0.0000000000
45593  -36.370  4.813  27.060 0.0000000000
78055  -40.003  6.169  19.977 0.0000000000
48427  -41.982  7.891  21.338 0.0000000000
49127  -43.047  9.456  21.995 0.0000000000
101708  -43.604  10.027  21.946 0.0000000000
47157  -41.176  7.001  18.631 0.0000000000
36314  -18.480  -5.183  43.822 0.0000000000
44733  -35.707  3.794  34.589 0.0000000000
45542  -35.754  4.492  33.127 0.0000000000
86069  -31.624  -3.820  37.931 0.0000000000
52640  -44.160  14.536  12.504 0.0000000000
52641  -44.522  14.283  12.370 0.0000000000
36303  -20.680  -5.262  44.463 0.0000000000
34669  -20.746  -6.865  45.102 0.0000000000
89387  -34.803  1.089  35.809 0.0000000000
43951  -34.128  2.901  33.184 0.0000000000
38064  -25.385  -3.169  42.047 0.0000000000
38906  -25.169  -2.501  40.735 0.0000000000
38065  -25.909  -2.552  42.071 0.0000000000
86333  -26.425  -1.925  41.925 0.0000000000
37224  -23.604  -4.294  40.944 0.0000000000
49775  -41.822  11.655  37.762 0.0000000000
77927  -43.017  11.070  37.821 0.0000000000
81973  -41.115  8.673  34.114 0.0000000000
87898  -40.350  7.631  33.627 0.0000000000
88440  -37.060  5.938  30.535 0.0000000000
46357  -38.425  5.926  30.191 0.0000000000
86965  -37.891  6.001  30.747 0.0000000000
77898  -38.957  5.993  31.701 0.0000000000
100142  -38.873  5.133  21.981 0.0000000000
90815  -41.110  7.497  23.318 0.0000000000
86983  -41.149  7.022  21.846 0.0000000000
78021  -41.884  7.966  22.537 0.0000000000
82471  -41.726  7.956  23.185 0.0000000000
34658  -14.746  -6.804  47.649 0.0000000000
44039  -34.878  3.341  22.824 0.0000000000
44854  -36.686  3.483  22.708 0.0000000000
45647  -36.078  4.415  21.381 0.0000000000
45658  -35.808  5.028  21.040 0.0000000000
46427  -36.171  5.806  20.027 0.0000000000
85906  -35.184  6.222  17.984 0.0000000000
78074  -36.300  5.961  19.012 0.0000000000
78083  -36.745  6.066  18.224 0.0000000000
78084  -37.322  6.690  18.362 0.0000000000
78068  -37.327  6.021  17.957 0.0000000000
84797  -37.461  7.268  18.013 0.0000000000
83753  -38.557  9.093  17.196 0.0000000000
51372  -38.508  12.218  17.781 0.0000000000
36290  -16.942  -5.045  45.712 0.0000000000
36294  -20.307  -5.517  45.250 0.0000000000
102530  -19.726  -5.695  45.506 0.0000000000
35464  -19.089  -5.653  45.807 0.0000000000
33909  -19.479  -7.634  44.735 0.0000000000
35463  -18.432  -5.979  46.213 0.0000000000
34661  -17.097  -6.119  46.493 0.0000000000
33170  -17.196  -8.250  44.934 0.0000000000
77844  -41.809  8.009  41.266 0.0000000000
77849  -44.095  7.264  41.988 0.0000000000
81479  -42.543  7.171  44.022 0.0000000000
84880  -35.929  2.449  35.726 0.0000000000
93887  -36.885  3.725  35.873 0.0000000000
77833  -37.450  5.982  38.126 0.0000000000
84412  -37.415  5.668  39.134 0.0000000000
77813  -37.337  4.910  38.383 0.0000000000
82352  -37.445  5.211  40.042 0.0000000000
81209  -38.931  5.966  39.974 0.0000000000
77845  -39.216  6.690  39.369 0.0000000000
48999  -40.874  8.919  40.116 0.0000000000
49000  -41.360  9.331  40.719 0.0000000000
50477  -41.629  10.464  42.489 0.0000000000
77876  -41.618  9.558  41.525 0.0000000000
49745  -41.288  10.757  39.490 0.0000000000
88762  -41.101  10.738  39.027 0.0000000000
84917  -38.522  8.586  36.318 0.0000000000
47056  -38.724  6.860  34.689 0.0000000000
45552  -36.240  5.126  32.545 0.0000000000
45570  -35.404  4.899  29.911 0.0000000000
101048  -35.886  5.351  30.112 0.0000000000
43999  -34.287  3.362  27.589 0.0000000000
43181  -31.742  2.056  28.347 0.0000000000
44007  -31.695  3.099  26.166 0.0000000000
44008  -32.660  2.786  26.349 0.0000000000
44018  -32.400  3.004  25.475 0.0000000000
44024  -33.055  3.025  24.631 0.0000000000
36329  -24.979  -5.083  43.174 0.0000000000
40593  -26.684  -0.688  40.915 0.0000000000
42320  -28.302  1.672  37.789 0.0000000000
40605  -28.703  -0.302  39.755 0.0000000000
38922  -28.488  -2.187  40.374 0.0000000000
37255  -28.560  -4.044  38.978 0.0000000000
36356  -21.926  -4.734  39.919 0.0000000000
36373  -21.156  -5.174  38.692 0.0000000000
36355  -21.115  -4.976  39.608 0.0000000000
100626  -20.798  -4.922  40.175 0.0000000000
36353  -19.511  -5.226  39.605 0.0000000000
36344  -20.462  -4.858  40.730 0.0000000000
93894  -42.371  8.438  36.962 0.0000000000
102543  -35.373  3.122  24.996 0.0000000000
44826  -36.556  3.345  25.659 0.0000000000
98597  -38.363  5.826  27.438 0.0000000000
100134  -38.819  6.195  27.737 0.0000000000
46396  -39.440  5.559  23.136 0.0000000000
97534  -40.542  7.607  24.987 0.0000000000
47110  -39.704  7.009  24.800 0.0000000000
95478  -39.181  9.869  17.142 0.0000000000
94050  -39.787  9.451  16.912 0.0000000000
100228  -40.105  12.877  15.742 0.0000000000
78145  -40.668  12.466  15.763 0.0000000000
95166  -41.482  11.501  15.736 0.0000000000
52631  -42.532  13.683  13.626 0.0000000000
52022  -41.568  12.729  13.451 0.0000000000
44818  -35.900  3.843  26.399 0.0000000000
78061  -38.757  6.887  18.968 0.0000000000
101211  -42.163  8.093  20.752 0.0000000000
48428  -42.610  8.527  20.476 0.0000000000
47790  -42.218  7.823  20.027 0.0000000000
43952  -34.368  3.203  32.570 0.0000000000
44766  -34.823  3.717  32.239 0.0000000000
44765  -34.553  3.643  31.450 0.0000000000
38066  -27.814  -2.781  41.935 0.0000000000
100991  -39.062  3.219  22.993 0.0000000000
86566  -23.824  -3.912  40.434 0.0000000000
81139  -39.282  9.111  35.817 0.0000000000
94124  -40.327  9.137  35.783 0.0000000000
94123  -39.902  8.585  34.776 0.0000000000
77882  -38.819  6.309  33.334 0.0000000000
45577  -36.669  5.619  29.147 0.0000000000
46361  -38.738  5.942  28.925 0.0000000000
46423  -39.017  5.640  21.070 0.0000000000
84240  -42.250  8.522  22.834 0.0000000000
94375  -40.549  7.913  17.191 0.0000000000
45646  -35.257  4.912  21.441 0.0000000000
47149  -34.980  6.409  18.947 0.0000000000
47800  -35.835  7.178  18.201 0.0000000000
49942  -36.818  10.255  18.076 0.0000000000
78114  -38.014  10.523  17.565 0.0000000000
33908  -18.726  -7.914  45.028 0.0000000000
33905  -18.534  -7.735  45.736 0.0000000000
33900  -17.477  -7.391  46.191 0.0000000000
93963  -36.729  4.088  35.797 0.0000000000
84851  -36.380  4.570  34.869 0.0000000000
84264  -37.354  5.404  36.289 0.0000000000
47687  -37.810  6.763  38.181 0.0000000000
47688  -38.560  7.022  38.650 0.0000000000
85210  -38.270  7.309  38.077 0.0000000000
48336  -40.107  8.679  38.201 0.0000000000
49023  -40.824  9.264  38.374 0.0000000000
95860  -38.450  8.990  37.128 0.0000000000
81906  -38.456  7.507  36.242 0.0000000000
44782  -34.786  4.191  30.197 0.0000000000
35484  -26.546  -5.719  40.415 0.0000000000
36335  -21.156  -4.987  42.047 0.0000000000
36326  -21.334  -5.160  42.763 0.0000000000
34673  -23.497  -6.237  44.438 0.0000000000
44026  -36.082  3.049  24.819 0.0000000000
44022  -37.270  3.203  25.035 0.0000000000
47120  -40.435  6.989  23.503 0.0000000000
47767  -40.276  7.332  24.454 0.0000000000
52635  -43.678  14.631  13.029 0.0000000000
93657  -43.659  11.871  14.803 0.0000000000
85129  -45.934  13.577  13.470 0.0000000000
39793  -25.666  -1.154  39.310 0.0000000000
46349  -36.532  5.740  31.080 0.0000000000
78033  -41.150  6.868  20.949 0.0000000000
78022  -41.578  7.306  21.348 0.0000000000
78014  -42.186  8.269  22.023 0.0000000000
49128  -43.006  9.617  21.966 0.0000000000
49149  -43.547  9.672  20.341 0.0000000000
83092  -40.732  7.249  17.988 0.0000000000
82797  -40.285  7.551  17.383 0.0000000000
37201  -18.122  -4.609  42.072 0.0000000000
100994  -36.033  4.201  34.689 0.0000000000
46310  -37.327  5.578  34.842 0.0000000000
44767  -35.512  4.450  32.179 0.0000000000
44773  -34.919  4.105  30.964 0.0000000000
35485  -27.084  -5.261  40.035 0.0000000000
36374  -21.868  -4.800  39.061 0.0000000000
87137  -22.054  -5.134  42.300 0.0000000000
44041  -37.101  3.118  23.309 0.0000000000
44034  -37.998  2.750  23.863 0.0000000000
52633  -44.534  13.852  13.575 0.0000000000
52642  -45.239  14.102  12.387 0.0000000000
36295  -21.067  -5.446  45.116 0.0000000000
37213  -24.171  -4.556  42.524 0.0000000000
42330  -29.405  1.611  36.252 0.0000000000
86964  -33.920  -1.700  37.702 0.0000000000
37263  -22.430  -4.453  38.507 0.0000000000
37240  -23.260  -4.188  40.117 0.0000000000
50508  -42.816  11.305  38.241 0.0000000000
86081  -41.576  8.744  36.034 0.0000000000
77865  -42.306  8.502  34.855 0.0000000000
83666  -42.261  8.482  33.662 0.0000000000
84678  -41.610  7.890  33.030 0.0000000000
77899  -37.790  6.098  32.106 0.0000000000
77892  -38.638  6.153  32.449 0.0000000000
97953  -39.170  5.957  30.338 0.0000000000
34659  -15.556  -6.348  47.317 0.0000000000
44025  -34.679  3.081  24.636 0.0000000000
90162  -34.926  3.846  22.178 0.0000000000
45660  -37.532  4.818  21.240 0.0000000000
46420  -35.996  5.405  20.673 0.0000000000
86984  -37.826  5.905  19.665 0.0000000000
49160  -35.752  9.291  18.891 0.0000000000
78082  -35.989  6.210  17.860 0.0000000000
84562  -38.992  7.671  18.000 0.0000000000
36285  -17.246  -5.352  46.088 0.0000000000
33899  -16.561  -7.346  46.156 0.0000000000
47680  -42.617  8.000  40.239 0.0000000000
95554  -46.453  8.272  41.512 0.0000000000
77810  -36.360  3.005  35.699 0.0000000000
94197  -36.984  4.578  39.968 0.0000000000
94249  -40.518  7.973  39.982 0.0000000000
95483  -39.985  8.188  42.126 0.0000000000
48316  -40.323  8.024  39.960 0.0000000000
82767  -40.152  8.930  42.719 0.0000000000
95116  -41.011  8.126  43.879 0.0000000000
49711  -43.129  9.106  43.484 0.0000000000
95555  -43.498  10.342  41.973 0.0000000000
49746  -41.458  11.006  39.696 0.0000000000
50523  -42.028  12.036  38.931 0.0000000000
88913  -40.753  9.023  37.681 0.0000000000
86892  -39.526  9.184  37.669 0.0000000000
49035  -39.269  9.437  37.149 0.0000000000
77856  -39.240  9.385  36.381 0.0000000000
77850  -39.047  8.709  35.651 0.0000000000
46339  -37.437  5.972  32.615 0.0000000000
46324  -37.925  6.130  34.813 0.0000000000
46330  -37.452  5.759  34.147 0.0000000000
46338  -36.894  5.618  32.920 0.0000000000
90184  -37.592  5.980  33.335 0.0000000000
86161  -36.827  5.814  32.033 0.0000000000
43172  -32.347  1.583  30.144 0.0000000000
43183  -32.838  1.642  28.830 0.0000000000
38901  -27.951  -1.564  41.561 0.0000000000
97312  -29.543  -4.436  37.965 0.0000000000
36341  -18.093  -4.888  40.352 0.0000000000
34672  -22.912  -6.264  44.467 0.0000000000
45599  -37.503  4.434  25.633 0.0000000000
46367  -39.141  6.281  28.350 0.0000000000
45632  -39.177  4.795  22.941 0.0000000000
86198  -39.856  7.382  26.074 0.0000000000
102633  -39.614  7.223  26.581 0.0000000000
94373  -39.493  8.316  17.568 0.0000000000
95520  -39.614  7.699  17.618 0.0000000000
82498  -40.147  11.022  16.868 0.0000000000
94051  -40.664  10.131  15.960 0.0000000000
82656  -41.813  12.004  15.011 0.0000000000
93135  -44.374  12.119  14.591 0.0000000000
46246  -45.069  7.302  42.341 0.0000000000
46989  -44.977  7.285  42.368 0.0000000000
46990  -45.127  7.385  42.326 0.0000000000
46998  -44.714  7.172  42.325 0.0000000000
47667  -44.892  7.643  42.487 0.0000000000
48295  -44.935  8.071  42.526 0.0000000000
48310  -40.542  8.441  40.561 0.0000000000
48325  -39.536  7.819  38.367 0.0000000000
48974  -45.910  8.876  42.150 0.0000000000
48987  -40.668  8.742  41.477 0.0000000000
49014  -40.830  9.254  39.113 0.0000000000
49024  -42.266  10.199  37.384 0.0000000000
49117  -44.038  9.802  24.084 0.0000000000
49714  -41.902  9.815  43.891 0.0000000000
49715  -43.051  9.990  42.845 0.0000000000
49719  -40.682  9.747  42.890 0.0000000000
49728  -41.028  9.599  42.105 0.0000000000
49760  -41.173  11.716  39.174 0.0000000000
49762  -43.177  10.530  38.017 0.0000000000
50467  -40.960  10.117  43.162 0.0000000000
50468  -41.587  10.386  43.086 0.0000000000
50469  -42.494  10.473  42.606 0.0000000000
50476  -41.178  10.162  42.565 0.0000000000
50494  -41.300  11.787  39.382 0.0000000000
50500  -41.198  12.033  39.439 0.0000000000
50507  -41.208  11.970  39.396 0.0000000000
51223  -41.778  12.767  39.198 0.0000000000
51841  -41.781  12.926  39.157 0.0000000000
51848  -41.958  12.858  38.990 0.0000000000
51849  -42.160  13.031  39.003 0.0000000000
52462  -41.994  13.023  39.073 0.0000000000
77820  -39.792  7.034  39.382 0.0000000000
77848  -43.618  7.064  43.228 0.0000000000
77855  -43.436  7.571  41.471 0.0000000000
77864  -45.514  7.536  41.238 0.0000000000
77877  -40.376  8.054  40.018 0.0000000000
77904  -42.157  10.756  42.288 0.0000000000
77911  -42.816  10.212  37.185 0.0000000000
77922  -42.240  12.335  38.367 0.0000000000
77996  -43.675  9.601  23.134 0.0000000000
77997  -43.456  9.480  23.153 0.0000000000
80947  -45.028  11.173  21.986 0.0000000000
81368  -43.143  9.394  23.210 0.0000000000
81693  -40.089  8.985  35.327 0.0000000000
81741  -43.047  9.269  23.445 0.0000000000
81770  -39.763  8.254  43.119 0.0000000000
82150  -46.000  7.630  41.611 0.0000000000
82998  -40.095  7.564  40.106 0.0000000000
83072  -45.189  7.268  42.231 0.0000000000
83909  -42.026  12.631  39.216 0.0000000000
84171  -44.419  7.276  42.551 0.0000000000
84290  -42.979  11.418  37.946 0.0000000000
84921  -44.101  7.670  43.020 0.0000000000
85057  -39.994  7.398  39.482 0.0000000000
85296  -42.935  10.643  41.565 0.0000000000
85510  -41.611  10.244  42.102 0.0000000000
85519  -42.379  10.663  41.921 0.0000000000
85767  -44.885  7.221  42.350 0.0000000000
86478  -43.987  9.766  23.092 0.0000000000
87933  -41.690  9.155  40.317 0.0000000000
88107  -38.112  7.257  37.444 0.0000000000
88974  -41.054  12.955  39.547 0.0000000000
89715  -41.394  12.871  39.170 0.0000000000
92454  -44.146  9.919  22.861 0.0000000000
92584  -43.384  6.817  43.038 0.0000000000
92796  -44.081  9.825  23.489 0.0000000000
92801  -44.550  10.369  23.147 0.0000000000
92819  -45.138  10.737  23.684 0.0000000000
92853  -43.769  8.905  24.205 0.0000000000
93272  -40.205  9.352  43.810 0.0000000000
93543  -43.746  9.601  23.027 0.0000000000
93727  -44.360  9.619  42.189 0.0000000000
93728  -45.744  7.845  42.071 0.0000000000
93732  -41.889  6.763  43.108 0.0000000000
93733  -42.093  8.490  44.608 0.0000000000
93889  -45.893  8.285  41.965 0.0000000000
94192  -43.267  9.403  23.014 0.0000000000
94250  -41.018  9.369  44.695 0.0000000000
94385  -40.827  8.289  33.685 0.0000000000
94401  -41.281  8.824  34.862 0.0000000000
94632  -38.904  9.144  37.718 0.0000000000
94956  -46.375  7.965  41.055 0.0000000000
95273  -38.197  5.704  39.982 0.0000000000
95673  -43.195  7.802  43.802 0.0000000000
96167  -39.419  7.207  34.084 0.0000000000
96250  -45.058  11.144  23.089 0.0000000000
96253  -44.032  9.832  23.171 0.0000000000
96278  -43.977  9.178  23.152 0.0000000000
96279  -44.170  9.913  22.875 0.0000000000
97100  -44.567  10.438  23.456 0.0000000000
97123  -44.220  9.794  23.515 0.0000000000
97132  -41.471  8.860  36.978 0.0000000000
97133  -44.313  9.973  23.693 0.0000000000
97146  -45.127  10.642  23.517 0.0000000000
97153  -44.849  10.824  22.973 0.0000000000
97987  -41.133  11.949  38.714 0.0000000000
98838  -35.301  8.091  19.250 0.0000000000
98926  -41.984  12.539  39.086 0.0000000000
100619  -44.805  10.582  22.770 0.0000000000
100623  -44.762  10.933  22.846 0.0000000000
102705  -42.538  8.530  35.768 0.0000000000
