#!ascii label  , from subject sub-v2s2x29062_ses-1 vox2ras=TkReg
1975
84193  -20.263  -7.917  42.912 0.4444440007
77729  -20.345  -8.573  42.372 0.4444440007
31904  -20.501  -10.122  42.288 0.4444440007
32533  -20.767  -9.224  42.164 0.4444440007
30548  -20.273  -12.341  43.346 0.4444440007
30557  -20.638  -11.742  42.798 0.4444440007
31244  -20.950  -10.903  42.486 0.4444440007
29834  -20.362  -13.398  44.545 0.3333329856
29841  -20.721  -13.003  43.819 0.4444440007
29085  -20.485  -14.050  45.720 0.3333329856
28244  -20.785  -14.111  45.729 0.3333329856
77662  -20.798  -13.899  45.200 0.3333329856
96517  -22.044  -14.919  47.713 0.3333329856
26678  -20.838  -14.778  46.130 0.3333329856
33914  -20.358  -7.508  43.645 0.5555559993
33911  -20.846  -7.083  44.204 0.4444440007
33915  -20.938  -7.435  43.188 0.4444440007
81506  -20.895  -8.331  42.475 0.5555559993
77722  -21.534  -7.960  42.561 0.4444440007
31905  -21.252  -10.051  42.235 0.5555559993
83282  -21.564  -9.041  42.101 0.4444440007
30549  -21.194  -12.484  43.137 0.4444440007
88482  -21.453  -11.658  42.651 0.4444440007
97469  -21.752  -10.822  42.405 0.5555559993
31906  -22.059  -10.040  42.113 0.6666669846
98352  -21.039  -13.956  45.274 0.3333329856
77667  -21.180  -13.562  44.432 0.4444440007
26684  -20.805  -15.200  46.010 0.3333329856
77673  -21.515  -13.241  43.728 0.4444440007
30550  -21.899  -12.913  43.241 0.5555559993
30558  -22.009  -12.318  42.821 0.4444440007
27437  -21.254  -14.543  45.824 0.3333329856
28245  -21.378  -14.284  45.269 0.3333329856
84763  -22.559  -12.958  43.028 0.3333329856
34674  -21.535  -6.832  44.001 0.3333329856
33916  -21.721  -7.105  43.098 0.3333329856
77713  -22.260  -8.320  42.125 0.4444440007
31245  -22.262  -11.569  42.500 0.6666669846
89051  -22.555  -10.795  42.238 0.6666669846
77741  -29.467  -5.225  37.225 0.7777780294
77742  -29.761  -5.654  36.237 0.7777780294
35504  -30.171  -5.257  36.740 0.8888890147
99739  -22.083  -7.497  42.578 0.3333329856
32534  -22.451  -9.302  41.926 0.6666669846
93504  -27.573  -6.659  37.349 0.6666669846
31907  -22.887  -10.088  42.017 0.6666669846
95877  -27.819  -6.683  36.554 0.7777780294
77733  -28.485  -6.452  36.125 0.7777780294
84446  -28.988  -5.798  36.625 0.7777780294
89742  -31.561  -4.958  36.876 0.8888890147
77677  -22.804  -12.273  42.583 0.3333329856
31246  -23.047  -11.522  42.275 0.4444440007
35513  -30.512  -5.613  36.007 0.7777780294
35514  -31.251  -5.522  35.993 0.6666669846
33917  -22.434  -6.785  43.037 0.3333329856
77723  -22.681  -7.364  42.408 0.4444440007
34675  -22.238  -6.585  43.856 0.3333329856
102008  -22.824  -8.753  41.778 0.5555559993
32536  -23.279  -9.401  41.687 0.6666669846
82906  -27.267  -7.246  36.587 0.7777780294
31252  -23.336  -10.784  42.097 0.6666669846
33233  -26.901  -7.941  35.583 0.4444440007
77737  -28.243  -6.106  37.158 0.7777780294
94703  -28.736  -5.503  37.383 0.7777780294
30566  -23.697  -11.467  42.005 0.4444440007
33246  -27.452  -8.274  33.790 0.3333329856
83112  -28.861  -5.033  37.909 0.6666669846
97312  -29.543  -4.436  37.965 0.6666669846
77748  -30.268  -4.826  37.423 0.6666669846
77755  -31.040  -4.660  37.489 0.8888890147
89941  -31.708  -4.430  37.574 0.8888890147
85355  -23.701  -12.199  42.317 0.2222220004
36376  -28.804  -4.491  38.483 0.6666669846
77754  -30.507  -4.304  37.941 0.6666669846
36414  -31.984  -5.313  36.103 0.8888890147
96179  -24.203  -12.898  42.797 0.2222220004
85460  -24.602  -12.342  42.282 0.2222220004
37266  -29.991  -3.660  38.254 0.6666669846
35523  -30.854  -6.174  35.359 0.5555559993
29843  -24.719  -13.376  43.471 0.1111110002
77714  -22.980  -8.058  41.931 0.5555559993
100389  -23.535  -7.965  41.706 0.6666669846
83437  -23.376  -8.603  41.577 0.6666669846
34699  -27.388  -6.565  38.189 0.6666669846
33942  -27.005  -7.309  37.683 0.6666669846
31908  -23.589  -10.176  41.866 0.5555559993
77730  -26.684  -7.880  36.841 0.4444440007
85126  -26.452  -8.590  36.361 0.3333329856
32577  -26.621  -8.881  35.366 0.3333329856
81342  -28.273  -5.575  37.999 0.7777780294
92650  -24.123  -10.861  41.728 0.3333329856
32571  -26.844  -9.625  35.556 0.3333329856
36406  -32.398  -4.640  37.100 0.8888890147
77683  -24.326  -11.761  41.830 0.3333329856
32579  -28.270  -9.691  34.607 0.3333329856
36415  -32.790  -4.997  36.253 0.8888890147
31937  -28.507  -10.912  34.864 0.3333329856
37256  -29.197  -3.717  38.651 0.6666669846
36430  -32.329  -5.730  35.497 0.6666669846
29848  -25.039  -12.802  42.902 0.2222220004
77707  -24.026  -7.508  41.711 0.6666669846
33920  -23.386  -7.228  42.241 0.4444440007
85620  -24.024  -8.329  41.227 0.6666669846
33941  -26.435  -7.650  38.328 0.6666669846
34698  -26.864  -7.010  38.605 0.5555559993
81836  -23.767  -9.043  41.266 0.5555559993
99092  -26.468  -7.907  37.640 0.6666669846
34695  -27.207  -6.308  38.922 0.5555559993
31909  -24.174  -9.835  41.468 0.4444440007
77727  -26.266  -8.477  37.269 0.4444440007
77740  -27.860  -6.167  37.872 0.5555559993
99785  -25.527  -11.113  37.605 0.3333329856
77725  -26.175  -9.210  37.015 0.4444440007
31931  -27.111  -10.464  36.034 0.3333329856
88738  -32.723  -3.848  37.350 0.8888890147
37275  -33.198  -4.364  36.891 0.8888890147
85501  -25.066  -11.936  41.833 0.2222220004
77686  -24.814  -11.389  41.436 0.2222220004
77711  -26.437  -11.868  37.557 0.3333329856
31932  -27.972  -11.104  35.652 0.3333329856
37255  -28.560  -4.044  38.978 0.4444440007
31285  -27.774  -12.206  37.010 0.3333329856
31289  -28.153  -12.182  35.854 0.3333329856
38099  -29.656  -3.101  38.568 0.5555559993
36416  -33.542  -4.637  36.196 0.6666669846
30559  -25.392  -12.286  42.416 0.2222220004
30589  -28.520  -13.351  37.209 0.3333329856
29876  -28.660  -13.552  36.742 0.3333329856
90259  -25.529  -13.177  43.648 0.1111110002
29864  -28.761  -13.486  37.414 0.3333329856
33934  -26.297  -7.406  39.026 0.6666669846
34694  -26.606  -6.722  39.279 0.6666669846
77702  -24.615  -7.634  41.146 0.6666669846
77701  -24.345  -9.080  40.903 0.4444440007
33205  -25.853  -8.093  38.782 0.5555559993
77691  -24.854  -9.201  40.524 0.4444440007
32558  -25.492  -10.003  38.313 0.4444440007
33215  -26.090  -8.353  38.062 0.4444440007
83722  -24.805  -9.874  40.903 0.4444440007
77717  -24.967  -11.082  38.059 0.4444440007
33214  -25.892  -9.115  37.777 0.4444440007
31257  -24.703  -10.644  41.246 0.2222220004
83346  -25.111  -11.368  41.021 0.2222220004
32565  -25.875  -10.053  37.644 0.3333329856
85732  -26.009  -11.883  39.053 0.3333329856
85164  -25.708  -11.775  37.554 0.3333329856
37274  -32.177  -4.043  37.636 0.7777780294
86448  -25.559  -11.632  41.513 0.2222220004
102607  -26.487  -12.030  38.408 0.3333329856
77704  -26.933  -12.106  37.881 0.3333329856
86069  -31.624  -3.820  37.931 0.7777780294
37287  -33.702  -3.870  36.449 0.8888890147
30567  -25.733  -11.897  42.017 0.2222220004
88665  -27.590  -12.024  38.598 0.3333329856
31273  -28.491  -11.430  39.535 0.3333329856
30560  -26.146  -12.053  42.574 0.2222220004
35526  -33.217  -5.539  34.863 0.5555559993
34683  -24.644  -6.892  41.840 0.6666669846
77695  -24.748  -8.364  40.574 0.4444440007
77696  -25.313  -8.111  39.947 0.6666669846
77688  -25.182  -9.808  40.470 0.4444440007
85526  -25.045  -8.967  40.045 0.4444440007
33204  -25.409  -8.727  39.360 0.4444440007
33933  -25.766  -7.831  39.439 0.5555559993
77715  -25.309  -9.782  39.945 0.4444440007
77708  -25.544  -8.951  38.509 0.4444440007
77716  -24.558  -11.283  38.649 0.4444440007
85036  -24.979  -10.882  40.659 0.3333329856
77703  -25.422  -11.777  39.834 0.3333329856
38115  -32.817  -3.147  37.336 1.0000000000
99468  -25.899  -11.466  41.031 0.2222220004
101475  -26.338  -11.541  39.918 0.3333329856
85847  -24.811  -12.062  38.930 0.3333329856
37276  -33.310  -3.415  36.952 1.0000000000
31247  -26.537  -11.594  41.909 0.2222220004
84415  -27.354  -11.393  39.655 0.3333329856
97466  -34.034  -4.191  35.945 0.8888890147
30551  -26.593  -12.243  43.324 0.2222220004
101266  -28.745  -11.128  40.788 0.3333329856
36432  -33.831  -4.820  35.360 0.6666669846
36442  -33.719  -5.306  34.461 0.4444440007
33923  -25.107  -7.085  41.203 0.6666669846
33927  -25.283  -7.513  40.586 0.6666669846
77690  -25.176  -10.575  40.336 0.4444440007
77709  -25.296  -9.900  39.158 0.4444440007
77718  -25.022  -11.216  39.742 0.4444440007
77697  -25.496  -11.289  40.438 0.3333329856
90207  -26.072  -11.396  40.456 0.3333329856
86406  -26.887  -11.256  41.331 0.2222220004
77694  -26.756  -11.244  40.871 0.3333329856
38126  -33.825  -3.193  36.543 0.8888890147
31253  -27.517  -11.209  41.766 0.2222220004
77698  -27.120  -11.182  40.379 0.3333329856
31237  -27.615  -11.413  42.620 0.2222220004
38978  -33.805  -2.556  36.941 0.8888890147
37288  -34.243  -3.369  36.025 0.8888890147
36433  -34.314  -4.642  34.825 0.7777780294
36443  -34.404  -4.848  34.145 0.5555559993
36452  -34.487  -5.191  33.347 0.3333329856
91191  -34.213  -2.757  36.460 1.0000000000
38987  -34.663  -2.514  36.035 1.0000000000
38133  -34.695  -3.092  35.448 0.8888890147
37312  -34.625  -4.120  34.448 0.7777780294
35550  -34.564  -5.674  32.295 0.2222220004
37329  -34.955  -4.453  33.636 0.5555559993
36453  -35.024  -4.946  32.928 0.4444440007
35551  -35.027  -5.932  31.601 0.1111110002
36459  -35.368  -5.204  32.164 0.2222220004
89928  -35.729  -6.132  31.439 0.1111110002
36468  -35.844  -5.472  31.579 0.3333329856
38979  -34.454  -2.168  36.785 1.0000000000
38134  -35.012  -2.502  35.221 0.8888890147
38142  -34.903  -3.206  34.661 0.8888890147
37313  -34.835  -3.626  33.890 0.7777780294
38153  -35.187  -2.916  33.781 0.7777780294
37340  -35.485  -4.539  32.810 0.4444440007
91556  -35.206  -3.671  33.121 0.6666669846
37341  -35.763  -4.227  32.469 0.5555559993
36460  -35.911  -4.758  32.010 0.5555559993
35559  -36.650  -5.790  31.379 0.2222220004
38980  -34.759  -1.905  36.469 1.0000000000
38988  -34.902  -1.896  35.744 1.0000000000
88149  -34.945  -1.775  34.880 1.0000000000
38994  -35.154  -2.351  34.406 0.8888890147
38169  -35.358  -2.799  32.924 0.6666669846
36469  -36.471  -5.102  31.412 0.3333329856
39841  -34.899  -1.191  35.387 1.0000000000
39843  -35.044  -1.008  34.529 1.0000000000
92596  -34.998  -1.617  34.170 1.0000000000
38997  -35.159  -1.963  33.513 1.0000000000
38170  -35.703  -3.547  32.339 0.6666669846
37347  -36.214  -4.369  31.746 0.5555559993
39845  -35.231  -0.990  33.757 1.0000000000
86774  -35.595  -2.768  32.130 0.6666669846
38179  -36.071  -3.633  31.559 0.6666669846
40650  -35.594  -0.230  34.256 1.0000000000
41495  -36.048  0.588  34.552 1.0000000000
38998  -35.341  -1.113  32.939 1.0000000000
39008  -35.389  -2.075  32.705 0.7777780294
37353  -36.468  -4.326  31.070 0.6666669846
41498  -36.288  0.244  33.790 1.0000000000
39847  -35.556  -1.848  32.112 0.7777780294
41502  -36.430  0.076  33.202 0.8888890147
97323  -35.475  -0.909  32.283 0.7777780294
38186  -36.209  -3.902  30.657 0.5555559993
39020  -35.785  -2.833  31.313 0.6666669846
38187  -36.563  -4.211  30.617 0.5555559993
39874  -35.724  -2.745  28.312 0.2222220004
40673  -34.484  -1.242  27.693 0.3333329856
39875  -37.015  -3.197  27.989 0.2222220004
39883  -36.141  -2.244  27.739 0.3333329856
42354  -36.327  1.351  34.815 1.0000000000
42345  -36.602  2.003  35.095 1.0000000000
42355  -36.900  1.613  34.421 1.0000000000
41496  -36.690  0.872  34.115 1.0000000000
41499  -36.919  0.530  33.414 1.0000000000
39851  -35.536  -1.565  31.285 0.6666669846
40654  -35.986  -0.332  32.806 0.7777780294
40658  -35.916  -0.325  31.972 0.7777780294
91826  -37.620  2.228  32.915 0.8888890147
44745  -38.247  3.723  34.149 0.8888890147
39031  -35.789  -3.070  30.332 0.5555559993
41512  -36.119  0.709  30.546 0.5555559993
42371  -37.511  1.765  31.827 0.6666669846
43144  -37.840  2.292  32.305 0.7777780294
39032  -36.353  -4.109  29.890 0.1111110002
102751  -35.425  -0.063  29.628 0.3333329856
42380  -36.973  1.258  31.319 0.4444440007
39038  -35.611  -3.172  29.117 0.2222220004
39873  -34.222  -2.235  28.379 0.3333329856
40666  -34.134  -1.462  27.985 0.3333329856
39039  -36.896  -3.737  28.778 0.2222220004
39872  -34.345  -1.866  27.650 0.3333329856
41515  -34.856  -0.462  28.426 0.3333329856
41516  -35.926  0.649  29.488 0.3333329856
42384  -36.722  1.396  30.298 0.5555559993
40674  -35.387  -0.641  27.667 0.3333329856
39891  -36.615  -1.834  27.250 0.2222220004
42360  -37.104  1.267  33.697 1.0000000000
40655  -36.756  0.296  32.650 0.7777780294
43943  -37.895  3.095  33.806 0.8888890147
41506  -36.510  0.447  31.648 0.6666669846
42370  -37.283  0.945  32.212 0.5555559993
39862  -35.271  -1.948  29.907 0.5555559993
89530  -35.550  -0.347  30.702 0.6666669846
43953  -38.014  2.892  32.930 0.8888890147
40662  -34.614  -1.102  29.020 0.3333329856
43944  -38.387  3.632  33.353 0.8888890147
42381  -37.560  1.876  30.978 0.7777780294
43154  -38.072  2.319  31.549 0.8888890147
44746  -38.776  4.286  33.700 0.8888890147
41518  -36.039  0.327  28.569 0.3333329856
40680  -36.465  -1.071  27.237 0.2222220004
41521  -36.713  0.052  27.791 0.2222220004
43118  -37.095  2.429  34.804 1.0000000000
43130  -37.234  2.004  34.000 1.0000000000
43138  -37.582  2.459  33.539 0.8888890147
42365  -37.277  0.988  32.973 0.7777780294
45507  -39.979  4.560  36.532 1.0000000000
44735  -38.677  4.341  34.527 0.8888890147
45518  -39.316  4.696  34.970 0.8888890147
43965  -38.284  2.914  32.077 0.7777780294
45531  -39.375  4.994  33.962 0.8888890147
42387  -36.767  1.222  29.406 0.5555559993
43974  -38.490  2.897  31.384 0.7777780294
44768  -39.153  4.358  32.209 0.8888890147
42385  -37.583  1.837  30.044 0.4444440007
43167  -38.303  2.482  30.660 0.6666669846
43966  -38.791  3.558  31.764 0.7777780294
41519  -37.113  0.935  28.610 0.2222220004
42388  -37.657  1.679  29.186 0.3333329856
43174  -38.180  2.378  29.658 0.6666669846
43168  -38.908  3.430  30.890 0.7777780294
91110  -37.735  0.661  27.970 0.2222220004
83877  -36.640  2.643  35.585 1.0000000000
43922  -37.327  3.350  35.338 1.0000000000
77826  -38.451  4.053  36.697 1.0000000000
103109  -37.390  2.885  34.738 1.0000000000
44726  -38.114  3.891  35.686 1.0000000000
44718  -39.192  3.806  37.368 1.0000000000
43131  -37.491  2.659  34.260 0.8888890147
43935  -37.734  3.223  34.551 1.0000000000
44734  -38.050  3.855  34.951 1.0000000000
45490  -39.732  4.208  37.647 1.0000000000
42361  -37.352  1.767  33.294 0.8888890147
44727  -38.543  4.355  35.484 0.8888890147
44728  -39.249  4.412  36.079 1.0000000000
45520  -40.866  5.143  35.702 1.0000000000
45519  -40.071  4.920  35.427 0.8888890147
82237  -41.210  5.918  33.864 1.0000000000
44756  -38.916  4.284  32.958 0.8888890147
45544  -39.763  5.472  33.222 1.0000000000
45553  -39.468  5.099  32.666 1.0000000000
44769  -39.693  5.293  31.838 1.0000000000
43175  -38.725  3.030  30.051 0.6666669846
44774  -39.418  4.304  31.432 1.0000000000
42390  -37.896  1.482  28.479 0.4444440007
43179  -38.601  2.906  29.209 0.6666669846
99401  -39.176  3.647  30.248 0.8888890147
41522  -38.672  0.367  27.770 0.2222220004
42391  -38.270  1.195  27.973 0.2222220004
83515  -38.745  2.993  38.127 1.0000000000
77840  -39.134  3.050  39.230 1.0000000000
45479  -39.904  4.795  38.431 1.0000000000
87778  -41.780  6.195  37.545 1.0000000000
45508  -40.699  5.004  36.573 1.0000000000
46269  -42.829  6.258  38.059 1.0000000000
46292  -41.970  6.027  36.596 1.0000000000
45521  -41.455  5.379  35.817 1.0000000000
46277  -42.772  6.420  37.045 1.0000000000
46312  -42.356  5.916  35.423 1.0000000000
83758  -43.006  6.126  33.993 1.0000000000
46325  -42.233  5.995  33.812 1.0000000000
85327  -40.244  5.809  33.776 1.0000000000
43178  -38.191  2.225  28.826 0.3333329856
44783  -39.582  4.204  30.683 1.0000000000
43184  -38.357  1.941  28.131 0.3333329856
43979  -39.164  3.490  29.607 0.5555559993
44775  -39.894  4.960  30.973 1.0000000000
92040  -38.556  2.737  28.349 0.4444440007
43986  -39.064  3.392  28.757 0.5555559993
43980  -39.708  4.068  30.001 0.6666669846
42394  -38.802  1.289  27.514 0.2222220004
43187  -38.681  2.435  27.519 0.4444440007
43992  -38.989  3.256  27.769 0.4444440007
43993  -39.614  3.841  28.306 0.5555559993
43987  -39.717  3.946  29.244 0.6666669846
43188  -39.049  3.079  26.617 0.3333329856
91998  -39.508  3.744  27.189 0.3333329856
42400  -39.655  1.760  26.240 0.2222220004
83247  -39.402  4.308  39.850 1.0000000000
46267  -40.082  5.867  38.833 1.0000000000
47011  -42.168  6.789  39.069 1.0000000000
46268  -41.538  6.579  38.357 1.0000000000
102149  -42.866  6.240  38.834 1.0000000000
86417  -42.283  7.225  39.831 1.0000000000
100431  -43.895  6.180  38.604 1.0000000000
46279  -44.119  6.309  38.361 1.0000000000
46313  -43.372  6.546  34.550 1.0000000000
82221  -42.882  6.262  34.518 1.0000000000
85254  -42.135  6.441  33.175 1.0000000000
77890  -42.832  6.709  33.046 0.8888890147
77880  -41.130  6.382  33.309 1.0000000000
46340  -39.638  5.790  32.698 1.0000000000
84858  -40.108  6.220  33.525 1.0000000000
102609  -39.887  5.408  31.270 1.0000000000
44784  -40.150  4.851  30.365 1.0000000000
44791  -40.326  4.446  29.701 1.0000000000
44799  -40.491  4.290  28.871 0.6666669846
44785  -40.578  5.034  29.968 1.0000000000
43195  -39.609  3.152  25.669 0.2222220004
92606  -39.542  3.929  26.052 0.2222220004
44809  -40.281  4.130  27.895 0.4444440007
44792  -40.852  4.890  29.450 0.7777780294
88073  -40.093  4.033  26.941 0.3333329856
89178  -40.970  4.424  28.255 0.5555559993
78886  -39.758  3.870  25.481 0.2222220004
47006  -43.067  6.778  39.595 1.0000000000
94214  -43.291  7.143  39.791 1.0000000000
47013  -44.900  7.080  38.949 1.0000000000
85704  -44.659  6.677  38.651 1.0000000000
95375  -43.143  7.498  37.411 0.8888890147
94941  -42.062  6.826  33.258 0.8888890147
77879  -42.415  7.607  32.662 0.8888890147
84203  -42.260  7.236  32.610 0.8888890147
46351  -40.015  5.546  30.711 1.0000000000
86556  -40.255  5.826  30.214 1.0000000000
45571  -40.443  5.457  30.253 1.0000000000
44800  -41.215  4.756  28.752 0.6666669846
78885  -40.232  3.860  25.635 0.2222220004
44810  -41.029  4.210  27.421 0.5555559993
44801  -41.605  4.541  28.103 0.5555559993
46345  -39.551  5.649  31.624 0.8888890147
77919  -40.499  6.315  29.665 0.8888890147
45578  -41.254  5.469  29.141 0.8888890147
44811  -42.078  4.244  27.492 0.5555559993
45572  -40.730  5.622  29.768 1.0000000000
45584  -41.792  5.241  28.304 0.8888890147
44802  -42.384  4.623  27.858 0.7777780294
77920  -41.076  6.073  29.279 1.0000000000
77930  -41.693  6.068  28.713 0.8888890147
84647  -42.629  5.370  27.745 0.7777780294
77929  -42.252  5.901  28.167 1.0000000000
77941  -43.093  6.235  28.052 0.7777780294
77928  -41.117  6.651  28.769 0.7777780294
77940  -41.735  6.677  28.516 0.7777780294
84881  -42.241  6.496  28.317 0.8888890147
93892  -42.076  6.967  28.292 0.7777780294
47728  -42.354  7.280  27.996 0.6666669846
81575  -42.750  7.013  28.322 0.7777780294
47729  -43.151  7.465  28.110 0.6666669846
81996  -43.603  7.104  28.336 0.7777780294
47731  -44.492  7.811  28.064 0.4444440007
87395  -44.856  8.311  27.604 0.2222220004
78047  -44.676  8.792  27.205 0.2222220004
78056  -45.217  8.911  27.184 0.3333329856
49097  -45.846  9.676  26.937 0.3333329856
90684  -46.403  9.164  26.678 0.3333329856
47736  -42.751  7.675  27.470 0.5555559993
47737  -43.405  7.884  27.827 0.5555559993
48379  -43.806  8.174  27.722 0.4444440007
47730  -43.831  7.823  28.176 0.4444440007
78048  -45.217  9.523  26.907 0.3333329856
48386  -46.985  9.397  26.280 0.3333329856
47735  -41.864  7.473  27.450 0.6666669846
47741  -41.501  7.647  26.699 0.6666669846
48385  -42.805  8.047  26.695 0.5555559993
48378  -43.433  8.135  27.283 0.5555559993
78034  -44.122  8.475  27.255 0.5555559993
78035  -44.646  9.106  26.701 0.4444440007
49858  -45.733  10.092  26.599 0.4444440007
78049  -45.113  9.872  26.537 0.4444440007
49098  -46.597  10.062  26.495 0.4444440007
97423  -42.196  7.753  26.894 0.6666669846
48384  -42.052  8.004  26.235 0.5555559993
78023  -43.696  8.405  26.506 0.5555559993
78015  -43.517  8.542  25.624 0.4444440007
86697  -44.201  8.851  26.042 0.5555559993
49864  -47.157  10.581  25.921 0.4444440007
49103  -47.477  9.974  25.966 0.4444440007
78036  -44.088  8.861  25.466 0.4444440007
49869  -44.722  9.919  25.048 0.4444440007
49865  -47.678  10.510  25.627 0.3333329856
49872  -47.962  10.690  25.147 0.3333329856
86590  -48.095  11.206  22.592 0.2222220004
49924  -49.256  9.929  20.170 0.2222220004
49155  -48.692  9.139  18.654 0.2222220004
48439  -47.793  8.795  18.705 0.2222220004
49870  -45.484  10.652  24.746 0.3333329856
49871  -46.232  10.837  25.214 0.3333329856
50610  -46.885  11.404  24.649 0.3333329856
49863  -46.370  10.572  26.077 0.2222220004
50611  -47.477  11.570  24.836 0.3333329856
50606  -46.971  11.012  25.411 0.3333329856
50607  -47.563  10.998  25.365 0.3333329856
49880  -48.177  10.862  24.445 0.2222220004
50618  -48.196  11.751  24.102 0.2222220004
50627  -48.366  11.987  23.268 0.2222220004
50639  -49.140  12.068  21.174 0.2222220004
50660  -50.648  10.944  20.351 0.2222220004
50662  -51.734  11.486  19.087 0.2222220004
49926  -51.024  10.425  19.557 0.2222220004
49157  -50.556  9.792  19.002 0.2222220004
49165  -50.209  9.726  18.215 0.2222220004
49156  -49.660  9.354  18.825 0.2222220004
49163  -48.664  9.421  18.025 0.2222220004
98735  -47.360  12.074  24.370 0.2222220004
51320  -47.748  12.236  24.257 0.2222220004
51331  -48.121  12.464  23.604 0.2222220004
51332  -48.493  12.584  22.746 0.2222220004
51344  -49.651  12.378  20.919 0.2222220004
51345  -50.595  12.343  20.522 0.2222220004
51352  -51.432  12.220  19.783 0.2222220004
49933  -51.234  10.274  18.896 0.2222220004
82070  -48.993  9.863  17.600 0.2222220004
49164  -49.386  9.447  18.154 0.2222220004
48446  -48.021  9.104  18.061 0.2222220004
49878  -44.742  10.212  24.160 0.2222220004
49879  -45.650  11.113  23.959 0.1111110002
51324  -46.707  11.956  23.826 0.2222220004
51325  -47.349  12.665  23.887 0.2222220004
51966  -47.691  12.863  23.641 0.2222220004
51330  -47.170  13.021  23.283 0.2222220004
51974  -48.044  12.896  22.952 0.2222220004
51975  -48.377  12.898  21.961 0.2222220004
51983  -49.007  12.876  20.916 0.2222220004
51991  -48.784  13.437  20.177 0.2222220004
51992  -49.961  12.889  20.441 0.2222220004
86909  -51.656  12.347  18.767 0.3333329856
85337  -51.599  11.796  18.140 0.2222220004
94962  -50.453  10.438  17.546 0.2222220004
94372  -51.207  11.043  17.635 0.2222220004
51329  -46.727  12.821  23.201 0.2222220004
51972  -46.679  13.462  22.527 0.3333329856
51973  -47.315  13.181  22.771 0.2222220004
51981  -47.006  13.769  21.860 0.3333329856
51990  -47.403  13.887  21.254 0.2222220004
51982  -47.647  13.285  21.996 0.2222220004
87564  -48.116  13.391  21.137 0.2222220004
52607  -50.281  13.704  19.173 0.2222220004
78176  -51.288  13.007  17.828 0.3333329856
95613  -51.147  12.178  17.292 0.2222220004
82436  -49.394  10.865  17.102 0.2222220004
49170  -48.151  9.748  17.578 0.2222220004
49168  -46.673  8.904  17.507 0.2222220004
48450  -45.559  8.537  17.097 0.2222220004
48449  -44.687  8.439  16.771 0.2222220004
51337  -45.201  12.245  22.098 0.2222220004
51971  -46.015  12.818  22.370 0.2222220004
51336  -44.708  12.195  21.204 0.2222220004
98468  -46.093  13.377  21.924 0.3333329856
51343  -45.095  12.888  20.861 0.2222220004
51989  -46.396  13.899  20.736 0.3333329856
52597  -47.065  14.192  20.859 0.3333329856
51351  -45.024  12.824  20.043 0.2222220004
52604  -46.968  14.245  20.092 0.3333329856
83778  -47.474  14.299  19.749 0.3333329856
51994  -45.550  13.112  19.739 0.3333329856
52612  -47.283  14.154  19.212 0.3333329856
83151  -47.975  14.190  18.637 0.3333329856
82224  -47.742  13.959  18.212 0.3333329856
84804  -49.117  13.421  16.855 0.3333329856
94371  -49.440  12.408  16.498 0.3333329856
78137  -47.400  10.445  17.094 0.2222220004
81394  -48.420  10.472  17.199 0.2222220004
49169  -47.389  9.348  17.521 0.2222220004
49162  -46.649  9.764  17.350 0.3333329856
78116  -45.923  10.075  17.584 0.3333329856
78117  -45.950  9.151  17.486 0.2222220004
49167  -46.058  8.567  17.442 0.2222220004
48459  -43.804  8.170  16.638 0.2222220004
47811  -42.524  7.709  17.013 0.2222220004
82930  -41.155  8.552  15.732 0.2222220004
51361  -44.674  12.368  19.620 0.3333329856
95076  -46.738  13.436  18.772 0.3333329856
83925  -47.636  12.162  17.205 0.3333329856
94872  -48.265  11.503  16.802 0.3333329856
82736  -47.145  11.223  16.937 0.3333329856
95737  -46.412  10.679  16.908 0.3333329856
84084  -43.996  8.087  17.758 0.3333329856
47812  -43.220  7.837  17.281 0.2222220004
96933  -43.668  10.379  15.540 0.2222220004
78126  -46.350  11.667  17.488 0.3333329856
48444  -45.055  8.689  17.914 0.3333329856
96796  -41.075  9.582  15.391 0.2222220004
92897  -42.762  11.017  15.003 0.2222220004
92992  -41.785  10.074  14.981 0.2222220004
93133  -43.671  11.068  15.215 0.2222220004
81303  -42.727  10.340  15.185 0.2222220004
84629  -45.374  11.411  18.275 0.3333329856
90321  -45.835  10.867  17.619 0.3333329856
82783  -45.303  9.538  18.295 0.3333329856
78110  -43.204  7.757  17.961 0.3333329856
94374  -40.195  9.758  16.495 0.2222220004
78141  -40.928  11.054  16.117 0.2222220004
94051  -40.664  10.131  15.960 0.2222220004
47801  -41.993  7.503  17.355 0.2222220004
96589  -41.261  10.540  15.409 0.2222220004
93428  -41.923  10.883  14.993 0.2222220004
84712  -44.529  10.098  19.108 0.2222220004
84626  -45.280  10.490  18.375 0.3333329856
78109  -44.632  9.146  18.772 0.2222220004
78100  -43.334  7.968  18.585 0.3333329856
85904  -44.121  8.539  18.720 0.3333329856
97257  -42.168  7.443  17.999 0.3333329856
78081  -41.070  7.453  17.128 0.4444440007
94375  -40.549  7.913  17.191 0.3333329856
81642  -40.524  9.117  16.201 0.2222220004
94052  -41.248  7.950  16.581 0.2222220004
48394  -47.303  9.053  25.737 0.3333329856
90222  -46.845  8.583  26.193 0.3333329856
27433  -19.812  -14.462  46.058 0.3333329856
96555  -21.860  -14.835  46.968 0.3333329856
88617  -21.423  -14.845  45.864 0.3333329856
29086  -21.756  -14.024  44.799 0.3333329856
77672  -21.846  -13.770  44.261 0.3333329856
93162  -22.222  -14.963  47.118 0.3333329856
83518  -27.726  -7.082  35.506 0.6666669846
77680  -23.357  -12.969  42.817 0.3333329856
36413  -30.820  -5.113  36.765 0.8888890147
33968  -27.413  -7.776  34.449 0.3333329856
33238  -26.972  -8.532  34.457 0.3333329856
32584  -27.546  -8.998  34.090 0.3333329856
88241  -31.992  -6.271  35.140 0.5555559993
34679  -23.220  -6.705  43.253 0.4444440007
86642  -26.443  -9.354  36.233 0.3333329856
32578  -26.965  -9.203  34.715 0.3333329856
36392  -28.427  -5.030  38.417 0.6666669846
31936  -27.574  -9.892  35.016 0.3333329856
31294  -28.322  -12.069  34.683 0.3333329856
77719  -26.218  -10.048  36.942 0.3333329856
83546  -26.445  -10.857  36.955 0.3333329856
77720  -27.088  -11.507  36.731 0.3333329856
83355  -30.852  -3.695  38.116 0.7777780294
31280  -27.907  -12.519  37.734 0.3333329856
29849  -25.826  -12.558  43.131 0.2222220004
30586  -28.556  -12.951  37.919 0.3333329856
100318  -24.018  -6.903  42.291 0.6666669846
77710  -24.724  -11.853  38.057 0.3333329856
85665  -25.533  -12.064  38.154 0.3333329856
31266  -29.137  -11.265  40.311 0.2222220004
30561  -26.854  -11.805  42.747 0.2222220004
31258  -27.590  -11.114  41.098 0.2222220004
37300  -34.420  -3.923  35.275 0.6666669846
39834  -34.781  -1.388  36.275 1.0000000000
41494  -35.463  0.298  34.951 1.0000000000
40652  -35.848  -0.366  33.449 1.0000000000
39890  -35.260  -1.432  27.360 0.3333329856
39033  -37.605  -3.833  30.066 0.2222220004
43954  -38.598  3.573  32.559 0.7777780294
84801  -37.744  4.031  36.245 1.0000000000
45532  -40.160  5.268  34.436 0.8888890147
88413  -39.237  4.834  33.279 0.8888890147
99234  -39.120  3.218  38.215 1.0000000000
45491  -40.808  5.393  37.218 1.0000000000
45533  -41.066  5.441  34.687 1.0000000000
77926  -43.693  6.478  37.257 1.0000000000
42395  -38.995  1.997  26.942 0.3333329856
87169  -43.268  6.973  36.827 1.0000000000
44821  -40.406  4.049  26.211 0.3333329856
93810  -43.959  8.281  38.035 0.8888890147
77906  -39.624  5.856  30.762 0.8888890147
44012  -41.133  3.648  25.734 0.3333329856
44812  -42.873  4.204  27.335 0.5555559993
77951  -43.178  4.690  27.518 0.7777780294
88840  -41.473  7.110  28.132 0.7777780294
88646  -40.585  6.955  28.171 0.7777780294
47086  -44.183  7.394  28.302 0.4444440007
78046  -44.248  8.305  27.739 0.2222220004
101144  -45.479  9.354  27.047 0.3333329856
49862  -45.414  10.341  25.846 0.5555559993
48393  -42.760  8.307  25.903 0.5555559993
49861  -44.623  9.559  25.895 0.5555559993
49104  -47.875  10.155  25.400 0.3333329856
49108  -44.236  9.113  25.162 0.4444440007
50612  -47.873  11.392  24.741 0.2222220004
50638  -48.436  12.020  22.022 0.2222220004
50609  -46.252  11.217  24.318 0.2222220004
49893  -48.200  11.113  23.625 0.2222220004
50650  -48.896  11.461  21.112 0.2222220004
50651  -50.117  11.617  20.946 0.2222220004
51338  -48.666  12.512  21.487 0.2222220004
51997  -50.748  13.146  19.707 0.2222220004
52605  -48.249  14.031  19.338 0.3333329856
52598  -47.731  14.032  20.429 0.2222220004
78175  -50.882  13.573  18.582 0.3333329856
81835  -50.433  11.692  16.924 0.2222220004
51980  -46.534  13.855  21.613 0.2222220004
83255  -49.944  13.835  18.359 0.3333329856
78173  -49.574  13.801  17.479 0.3333329856
82622  -50.385  13.126  16.758 0.3333329856
48460  -45.264  8.380  16.422 0.2222220004
92154  -45.385  12.900  21.661 0.2222220004
51979  -45.810  13.468  21.275 0.2222220004
50649  -44.333  11.653  20.564 0.1111110002
51350  -44.601  12.311  20.334 0.1111110002
51988  -45.642  13.339  20.430 0.2222220004
52002  -45.864  13.006  19.129 0.3333329856
95075  -48.535  14.113  17.637 0.3333329856
85102  -48.160  13.458  17.309 0.3333329856
78174  -48.557  12.656  16.768 0.3333329856
86672  -42.645  7.638  17.683 0.2222220004
36431  -33.032  -5.302  35.461 0.5555559993
34710  -31.920  -6.596  35.417 0.1111110002
34722  -32.537  -6.527  35.016 0.1111110002
35525  -32.665  -6.084  34.853 0.2222220004
34711  -32.572  -6.799  35.917 0.1111110002
35524  -31.619  -6.016  35.475 0.4444440007
34721  -31.401  -6.384  35.340 0.4444440007
34704  -32.151  -6.760  36.646 0.1111110002
34701  -32.476  -6.887  37.769 0.1111110002
34705  -32.810  -6.823  37.037 0.1111110002
34712  -33.464  -7.015  36.638 0.1111110002
33936  -32.769  -8.301  38.886 0.1111110002
33945  -32.817  -7.560  38.466 0.1111110002
34706  -33.217  -7.100  37.699 0.1111110002
34709  -31.512  -6.951  36.042 0.2222220004
33951  -31.312  -7.344  37.256 0.2222220004
34700  -31.825  -6.963  37.519 0.1111110002
33206  -31.785  -7.792  38.640 0.1111110002
33935  -32.345  -7.763  38.808 0.1111110002
32551  -32.950  -9.458  38.999 0.1111110002
33207  -32.221  -8.352  38.963 0.1111110002
32531  -19.406  -9.046  42.071 0.3333329856
34720  -30.894  -6.953  35.344 0.2222220004
33958  -31.132  -7.519  36.154 0.2222220004
38114  -32.191  -3.280  37.699 0.5555559993
83795  -32.738  -2.423  37.497 0.5555559993
100390  -33.207  -2.708  37.187 0.7777780294
38965  -33.579  -2.123  37.501 0.5555559993
33217  -31.192  -8.089  38.044 0.1111110002
33226  -30.881  -8.236  36.810 0.2222220004
86522  -31.888  -2.331  37.776 0.3333329856
32550  -32.090  -9.151  39.044 0.1111110002
91289  -31.437  -8.506  38.856 0.1111110002
33912  -18.861  -7.954  44.013 0.2222220004
33180  -18.943  -8.304  42.806 0.3333329856
33906  -19.279  -7.443  45.517 0.1111110002
34664  -19.184  -6.241  46.061 0.1111110002
34666  -19.719  -6.700  45.770 0.1111110002
34718  -29.620  -6.620  35.048 0.3333329856
34734  -29.841  -7.008  34.765 0.2222220004
35522  -30.080  -6.120  35.460 0.2222220004
33970  -30.234  -7.317  34.982 0.2222220004
34719  -30.256  -6.647  35.114 0.2222220004
33957  -30.664  -7.877  35.650 0.2222220004
102422  -31.177  -4.209  37.864 0.6666669846
39833  -34.587  -1.581  37.029 0.6666669846
99642  -30.402  -8.931  35.991 0.2222220004
77770  -31.335  -3.039  38.023 0.4444440007
77785  -34.222  -1.880  37.473 0.5555559993
33216  -30.697  -8.734  37.702 0.2222220004
38951  -31.034  -2.095  38.052 0.3333329856
77774  -32.461  -1.804  37.734 0.3333329856
92728  -33.296  -1.757  37.753 0.4444440007
84479  -33.562  -1.260  37.581 0.5555559993
32549  -31.189  -9.344  38.875 0.1111110002
39820  -30.205  -1.840  38.346 0.2222220004
77773  -31.737  -1.368  37.842 0.2222220004
40627  -32.644  -1.289  37.655 0.3333329856
31920  -31.647  -9.958  39.001 0.1111110002
84133  -30.836  -1.160  38.157 0.2222220004
40626  -31.993  -0.721  37.562 0.1111110002
77784  -32.719  -0.686  37.304 0.1111110002
31903  -19.793  -10.088  42.265 0.3333329856
31243  -20.092  -11.037  42.505 0.3333329856
32532  -20.105  -9.222  42.131 0.3333329856
33909  -19.479  -7.634  44.735 0.2222220004
77732  -19.759  -8.387  42.568 0.3333329856
30556  -19.920  -11.793  42.946 0.3333329856
35465  -19.987  -5.912  45.703 0.1111110002
34708  -29.313  -6.212  35.720 0.5555559993
34733  -29.272  -7.101  34.496 0.2222220004
32572  -29.777  -9.291  35.154 0.1111110002
33240  -30.001  -8.244  34.896 0.2222220004
92628  -30.255  -9.971  35.860 0.1111110002
38107  -30.380  -2.845  38.319 0.3333329856
40632  -34.385  -1.141  37.059 0.5555559993
40645  -35.142  -0.397  35.087 0.8888890147
32566  -30.448  -9.675  36.818 0.1111110002
33225  -30.478  -9.017  37.066 0.2222220004
77791  -34.202  -1.449  37.465 0.5555559993
82196  -34.045  -0.884  37.181 0.5555559993
32548  -30.660  -9.569  38.531 0.1111110002
91060  -30.099  -0.957  38.422 0.1111110002
40638  -33.375  -0.512  36.996 0.1111110002
31919  -30.897  -10.153  38.760 0.1111110002
40625  -31.247  -0.564  37.897 0.1111110002
98672  -30.582  -0.507  38.160 0.1111110002
40630  -31.467  -0.102  37.385 0.1111110002
40631  -32.113  -0.332  37.021 0.1111110002
41482  -32.522  -0.111  36.433 0.1111110002
29110  -32.626  -13.640  41.690 0.1111110002
33913  -19.659  -7.800  43.547 0.2222220004
33907  -20.060  -7.164  45.315 0.1111110002
34667  -20.507  -6.447  45.555 0.1111110002
77676  -22.319  -13.540  43.695 0.3333329856
34717  -28.755  -6.831  35.062 0.3333329856
85069  -23.113  -13.574  43.424 0.2222220004
33969  -28.096  -7.292  34.548 0.1111110002
33255  -28.508  -8.025  33.525 0.1111110002
33983  -28.896  -7.683  33.917 0.2222220004
29842  -23.898  -13.524  43.382 0.2222220004
33239  -29.258  -8.745  34.388 0.1111110002
33249  -29.322  -8.068  34.249 0.2222220004
77796  -34.600  -0.964  36.596 0.7777780294
40639  -34.773  -0.656  35.883 0.8888890147
88060  -30.919  -10.660  36.531 0.1111110002
31283  -30.854  -10.885  38.402 0.1111110002
30552  -27.351  -11.889  43.362 0.1111110002
100057  -30.940  -11.123  38.866 0.1111110002
41483  -33.327  0.013  36.281 0.1111110002
30543  -27.914  -12.093  43.898 0.1111110002
31276  -31.434  -10.900  38.887 0.1111110002
29837  -27.791  -12.958  44.334 0.1111110002
30553  -28.594  -11.642  43.691 0.1111110002
30578  -31.301  -12.018  40.102 0.1111110002
41466  -30.627  0.083  37.805 0.1111110002
29838  -28.559  -13.144  44.138 0.1111110002
30544  -28.539  -12.368  44.047 0.1111110002
30572  -31.667  -12.526  40.864 0.1111110002
41475  -31.709  0.190  36.527 0.1111110002
29096  -29.081  -13.772  43.978 0.1111110002
30570  -31.437  -13.011  41.277 0.1111110002
29852  -31.291  -13.390  41.506 0.1111110002
29103  -29.682  -14.057  43.700 0.1111110002
77685  -30.071  -14.298  43.000 0.1111110002
29108  -30.968  -13.752  41.671 0.1111110002
29853  -32.087  -13.284  41.466 0.1111110002
28261  -29.390  -14.643  43.479 0.1111110002
84844  -29.576  -15.003  42.622 0.1111110002
77693  -31.450  -14.270  41.411 0.1111110002
81574  -30.977  -14.546  41.310 0.1111110002
77687  -30.169  -14.910  41.597 0.1111110002
35466  -20.865  -5.828  45.501 0.2222220004
34668  -21.118  -6.316  45.387 0.1111110002
36294  -20.307  -5.517  45.250 0.1111110002
33982  -28.111  -7.751  33.783 0.1111110002
33247  -28.107  -8.391  33.542 0.1111110002
31295  -28.937  -12.069  34.410 0.2222220004
90825  -28.896  -10.305  34.763 0.2222220004
98795  -34.612  -0.329  36.189 0.6666669846
31290  -30.032  -11.623  36.179 0.1111110002
38937  -29.669  -2.398  38.686 0.3333329856
84854  -34.310  -0.512  36.616 0.4444440007
30590  -29.844  -12.379  37.173 0.1111110002
31286  -30.620  -11.424  37.093 0.1111110002
77804  -34.062  0.215  36.258 0.3333329856
101125  -27.982  -11.097  41.573 0.1111110002
31282  -30.386  -11.696  38.021 0.1111110002
97767  -33.881  -0.361  36.710 0.1111110002
100454  -34.306  0.845  35.923 0.1111110002
91089  -28.010  -11.562  43.366 0.1111110002
31254  -28.330  -11.103  42.105 0.1111110002
31249  -29.116  -11.217  42.521 0.1111110002
101979  -30.407  -11.455  39.239 0.1111110002
31275  -30.385  -11.404  38.824 0.1111110002
39810  -29.566  -1.520  38.731 0.1111110002
31248  -28.517  -11.277  42.989 0.1111110002
31238  -29.188  -11.475  43.259 0.1111110002
31267  -29.977  -11.567  39.935 0.1111110002
30577  -30.884  -11.555  39.451 0.1111110002
42333  -32.648  0.448  35.738 0.1111110002
30554  -29.135  -12.054  43.702 0.1111110002
30555  -29.644  -12.018  43.315 0.1111110002
97932  -30.404  -11.879  40.350 0.1111110002
29839  -29.123  -12.870  43.914 0.1111110002
29847  -29.905  -12.846  43.342 0.1111110002
100825  -30.777  -12.284  40.764 0.1111110002
41481  -31.879  0.466  35.671 0.1111110002
29097  -29.669  -13.357  43.755 0.1111110002
29850  -30.272  -13.110  42.743 0.1111110002
30563  -30.357  -12.773  42.094 0.1111110002
30569  -30.653  -12.626  41.343 0.1111110002
41474  -30.926  0.498  36.921 0.1111110002
29106  -30.059  -13.626  43.305 0.1111110002
100413  -30.792  -13.093  41.571 0.1111110002
29107  -30.419  -13.747  42.501 0.1111110002
29851  -30.629  -13.326  41.987 0.1111110002
101799  -30.139  -14.636  42.365 0.1111110002
28264  -30.544  -14.244  41.969 0.1111110002
33910  -20.213  -7.392  44.493 0.2222220004
34669  -20.746  -6.865  45.102 0.2222220004
35467  -21.590  -5.828  45.248 0.1111110002
36295  -21.067  -5.446  45.116 0.1111110002
41489  -34.952  0.257  35.630 0.7777780294
77799  -34.500  0.266  36.026 0.3333329856
29868  -29.034  -13.302  37.189 0.2222220004
38097  -28.639  -3.362  39.242 0.1111110002
38098  -29.184  -2.897  38.991 0.2222220004
89387  -34.803  1.089  35.809 0.7777780294
42344  -36.051  1.959  35.499 0.8888890147
31259  -28.431  -11.083  41.297 0.1111110002
31274  -29.610  -11.545  39.413 0.2222220004
31281  -29.761  -11.968  38.706 0.1111110002
38088  -28.761  -2.568  39.554 0.1111110002
77805  -35.222  1.989  35.888 0.4444440007
38936  -29.169  -2.051  39.152 0.1111110002
83735  -34.405  1.622  35.889 0.1111110002
31255  -28.975  -11.124  41.816 0.1111110002
31261  -29.736  -11.457  40.821 0.1111110002
40616  -29.480  -0.644  38.750 0.1111110002
96143  -33.658  0.869  35.846 0.1111110002
31250  -29.644  -11.596  42.721 0.1111110002
31256  -29.565  -11.401  41.818 0.1111110002
30571  -30.160  -11.915  41.206 0.1111110002
30568  -30.021  -12.061  42.025 0.1111110002
40624  -29.958  -0.197  38.329 0.1111110002
34670  -21.429  -6.576  44.947 0.2222220004
34677  -23.700  -6.390  44.134 0.1111110002
89573  -35.537  1.130  35.352 0.7777780294
38087  -28.312  -3.040  40.020 0.1111110002
85375  -35.476  2.689  35.818 0.4444440007
34672  -22.912  -6.264  44.467 0.1111110002
35497  -27.749  -5.925  38.501 0.4444440007
36375  -28.162  -4.725  39.009 0.4444440007
35487  -27.541  -5.474  39.200 0.4444440007
35488  -28.072  -5.377  38.656 0.4444440007
36359  -27.630  -4.685  39.748 0.3333329856
37243  -28.120  -3.934  39.651 0.2222220004
37242  -27.648  -4.114  40.256 0.2222220004
84880  -35.929  2.449  35.726 0.7777780294
77812  -37.061  3.472  35.760 0.8888890147
37227  -27.927  -3.499  40.571 0.1111110002
34680  -23.830  -6.609  43.203 0.5555559993
34681  -24.452  -6.440  42.873 0.5555559993
34682  -25.084  -6.147  42.459 0.5555559993
34691  -26.325  -6.465  39.960 0.5555559993
34692  -26.861  -5.988  39.602 0.3333329856
77818  -38.212  3.509  37.594 0.8888890147
36358  -27.276  -4.595  40.569 0.3333329856
35485  -27.084  -5.261  40.035 0.4444440007
93633  -37.897  2.733  38.720 0.8888890147
37217  -27.805  -3.274  41.450 0.1111110002
37226  -27.507  -3.921  41.085 0.1111110002
34684  -25.397  -6.481  41.641 0.6666669846
34687  -25.579  -6.692  40.923 0.6666669846
33931  -26.095  -7.151  39.643 0.5555559993
82226  -38.755  4.157  40.769 0.8888890147
81806  -37.905  4.094  36.817 0.7777780294
94306  -37.410  3.955  36.181 0.6666669846
85978  -39.300  5.329  39.979 0.7777780294
47005  -41.317  7.279  39.263 0.8888890147
81427  -37.836  3.966  39.744 0.7777780294
93709  -40.926  8.267  41.086 0.7777780294
94197  -36.984  4.578  39.968 0.5555559993
81209  -38.931  5.966  39.974 0.6666669846
84412  -37.415  5.668  39.134 0.5555559993
95483  -39.985  8.188  42.126 0.6666669846
94251  -40.398  7.568  42.608 0.7777780294
47680  -42.617  8.000  40.239 0.8888890147
77875  -44.917  7.933  41.090 0.7777780294
81280  -40.660  8.603  40.841 0.6666669846
48316  -40.323  8.024  39.960 0.6666669846
77838  -37.776  6.265  39.071 0.5555559993
95116  -41.011  8.126  43.879 0.6666669846
48973  -44.229  8.520  42.862 0.6666669846
81547  -43.305  7.958  39.457 0.8888890147
82767  -40.152  8.930  42.719 0.6666669846
49711  -43.129  9.106  43.484 0.6666669846
47688  -38.560  7.022  38.650 0.5555559993
44001  -42.576  3.789  26.848 0.4444440007
44002  -43.222  3.684  26.959 0.4444440007
83379  -43.017  8.252  40.954 0.6666669846
82559  -44.159  10.114  41.256 0.6666669846
49000  -41.360  9.331  40.719 0.6666669846
82034  -38.520  8.617  37.735 0.4444440007
77839  -38.332  7.992  37.626 0.3333329856
47036  -37.690  6.149  36.466 0.3333329856
45517  -36.978  5.103  35.365 0.1111110002
44000  -41.610  3.938  26.640 0.4444440007
77980  -44.387  3.673  26.746 0.4444440007
44003  -43.794  3.351  26.783 0.6666669846
83824  -42.603  8.746  39.721 0.6666669846
89192  -42.091  10.237  41.696 0.6666669846
77876  -41.618  9.558  41.525 0.6666669846
48336  -40.107  8.679  38.201 0.4444440007
84298  -38.164  6.936  36.704 0.3333329856
45530  -36.737  5.161  34.349 0.1111110002
44015  -45.048  3.962  26.686 0.3333329856
46368  -44.249  6.857  28.179 0.5555559993
46374  -45.699  5.449  26.967 0.4444440007
47092  -45.394  6.613  27.424 0.4444440007
78024  -45.778  3.893  26.606 0.4444440007
82540  -46.025  4.776  26.684 0.4444440007
49025  -43.842  9.263  38.249 0.6666669846
99899  -42.880  9.219  40.988 0.6666669846
49746  -41.458  11.006  39.696 0.6666669846
49745  -41.288  10.757  39.490 0.6666669846
49023  -40.824  9.264  38.374 0.3333329856
95860  -38.450  8.990  37.128 0.3333329856
77846  -38.285  7.986  36.966 0.3333329856
46310  -37.327  5.578  34.842 0.1111110002
44813  -43.702  4.104  27.107 0.6666669846
77981  -44.565  4.350  26.953 0.6666669846
77961  -44.019  4.814  27.278 0.6666669846
77963  -44.802  5.005  26.997 0.4444440007
77962  -44.464  5.538  27.354 0.6666669846
93936  -44.091  5.897  27.722 0.6666669846
77952  -44.721  6.016  27.546 0.4444440007
77953  -44.781  5.754  27.434 0.7777780294
81086  -43.936  6.439  28.088 0.7777780294
87082  -45.469  4.575  26.825 0.4444440007
95994  -42.925  8.405  38.021 0.6666669846
94760  -43.757  9.603  38.163 0.6666669846
93894  -42.371  8.438  36.962 0.6666669846
50501  -42.298  11.895  38.800 0.6666669846
50523  -42.028  12.036  38.931 0.6666669846
86892  -39.526  9.184  37.669 0.4444440007
82876  -38.720  9.409  37.204 0.3333329856
81906  -38.456  7.507  36.242 0.3333329856
47050  -38.263  6.651  35.716 0.2222220004
45543  -36.448  5.031  33.430 0.1111110002
81620  -43.519  5.443  27.540 0.6666669846
47090  -40.858  7.367  27.349 0.5555559993
102633  -39.614  7.223  26.581 0.4444440007
77959  -40.037  7.340  26.842 0.4444440007
47097  -39.251  6.989  26.387 0.3333329856
86198  -39.856  7.382  26.074 0.4444440007
46382  -38.590  5.283  24.944 0.3333329856
46383  -38.874  6.050  25.236 0.3333329856
47101  -39.305  6.919  25.492 0.3333329856
77960  -40.686  7.550  26.411 0.5555559993
85602  -40.564  7.611  25.614 0.4444440007
85099  -41.307  7.785  25.907 0.5555559993
46389  -38.995  5.479  24.431 0.2222220004
47109  -39.284  6.407  24.644 0.3333329856
47755  -39.966  7.400  25.225 0.3333329856
47118  -39.401  5.902  23.869 0.2222220004
85522  -43.311  10.735  37.437 0.6666669846
95042  -42.058  7.568  34.037 0.6666669846
77927  -43.017  11.070  37.821 0.6666669846
94759  -42.493  8.937  36.618 0.6666669846
88913  -40.753  9.023  37.681 0.6666669846
49035  -39.269  9.437  37.149 0.2222220004
97128  -38.765  9.308  36.499 0.2222220004
84917  -38.522  8.586  36.318 0.2222220004
85804  -39.977  7.087  27.565 0.5555559993
77950  -39.439  7.069  27.022 0.4444440007
46373  -38.837  6.508  27.016 0.3333329856
46379  -38.791  6.387  26.108 0.3333329856
46378  -38.425  5.589  25.732 0.3333329856
77973  -41.887  8.193  25.368 0.3333329856
77972  -41.107  7.843  25.180 0.4444440007
47110  -39.704  7.009  24.800 0.3333329856
97534  -40.542  7.607  24.987 0.4444440007
87228  -39.808  6.706  24.092 0.3333329856
96136  -42.448  7.947  32.696 0.6666669846
83677  -42.479  9.002  36.645 0.6666669846
83666  -42.261  8.482  33.662 0.6666669846
77881  -40.781  7.032  33.449 0.7777780294
77865  -42.306  8.502  34.855 0.6666669846
84678  -41.610  7.890  33.030 0.6666669846
83017  -39.638  6.288  33.398 0.7777780294
49036  -40.410  9.070  36.772 0.5555559993
86081  -41.576  8.744  36.034 0.6666669846
77856  -39.240  9.385  36.381 0.3333329856
77939  -39.846  6.701  28.311 0.6666669846
98597  -38.363  5.826  27.438 0.3333329856
46372  -38.371  5.781  26.630 0.3333329856
98953  -39.295  6.719  27.680 0.5555559993
86783  -40.930  7.727  24.544 0.4444440007
47767  -40.276  7.332  24.454 0.3333329856
47119  -39.814  6.340  23.280 0.2222220004
81973  -41.115  8.673  34.114 0.6666669846
81792  -42.099  8.282  33.137 0.6666669846
77878  -39.898  8.036  34.083 0.6666669846
91086  -39.249  5.979  32.599 0.6666669846
94123  -39.902  8.585  34.776 0.5555559993
94124  -40.327  9.137  35.783 0.5555559993
81139  -39.282  9.111  35.817 0.3333329856
86680  -39.016  5.957  29.704 0.5555559993
100962  -40.789  6.471  29.188 0.7777780294
46361  -38.738  5.942  28.925 0.5555559993
47082  -39.675  6.324  29.177 0.5555559993
97136  -40.417  6.634  28.912 0.6666669846
46367  -39.141  6.281  28.350 0.5555559993
46366  -38.463  5.860  28.160 0.3333329856
100134  -38.819  6.195  27.737 0.3333329856
95320  -41.476  8.016  24.725 0.3333329856
83006  -42.681  8.509  25.105 0.3333329856
47768  -40.823  7.520  23.966 0.3333329856
83371  -41.453  7.936  24.003 0.3333329856
87898  -40.350  7.631  33.627 0.6666669846
77891  -39.133  6.225  33.201 0.6666669846
77898  -38.957  5.993  31.701 0.6666669846
84549  -39.606  6.763  33.652 0.6666669846
77892  -38.638  6.153  32.449 0.6666669846
97953  -39.170  5.957  30.338 0.6666669846
77912  -39.807  6.041  30.016 0.6666669846
83511  -41.987  8.388  24.533 0.3333329856
78008  -43.408  8.654  25.125 0.3333329856
34676  -23.118  -6.512  44.101 0.1111110002
34678  -24.249  -6.268  43.891 0.2222220004
33930  -25.648  -7.525  39.969 0.5555559993
34671  -22.111  -6.273  44.756 0.1111110002
30594  -29.072  -12.842  36.233 0.2222220004
30582  -28.865  -12.188  38.714 0.2222220004
31260  -29.127  -11.197  41.156 0.1111110002
102992  -28.171  -11.157  40.429 0.1111110002
77844  -41.809  8.009  41.266 0.7777780294
77849  -44.095  7.264  41.988 0.7777780294
77903  -45.655  8.720  39.692 0.7777780294
95482  -41.357  7.904  39.951 0.7777780294
100316  -32.842  -6.483  34.535 0.2222220004
90150  -33.053  -6.917  35.559 0.1111110002
33944  -32.099  -7.248  38.329 0.1111110002
33946  -33.602  -7.846  38.149 0.1111110002
33943  -31.605  -7.333  38.080 0.2222220004
32560  -30.854  -8.917  38.395 0.1111110002
86964  -33.920  -1.700  37.702 0.5555559993
33984  -29.614  -7.516  34.501 0.2222220004
32559  -30.455  -9.434  37.819 0.1111110002
31918  -30.505  -10.036  38.266 0.1111110002
91468  -30.494  -10.028  37.528 0.1111110002
34732  -28.645  -7.286  34.240 0.3333329856
33248  -28.783  -8.302  33.681 0.1111110002
32585  -28.454  -8.956  33.978 0.1111110002
32580  -29.037  -9.546  34.670 0.1111110002
31933  -30.375  -10.789  35.686 0.1111110002
31926  -31.002  -10.838  37.573 0.1111110002
29845  -27.136  -12.497  44.012 0.1111110002
29102  -29.171  -14.383  43.900 0.1111110002
29846  -29.517  -12.604  43.626 0.1111110002
29109  -31.966  -13.841  41.552 0.1111110002
31296  -29.541  -11.287  35.215 0.2222220004
30600  -29.220  -12.054  35.403 0.2222220004
30562  -30.004  -12.332  42.772 0.1111110002
77810  -36.360  3.005  35.699 0.7777780294
35484  -26.546  -5.719  40.415 0.4444440007
34688  -26.107  -6.245  40.743 0.5555559993
34690  -25.802  -6.938  40.265 0.5555559993
77819  -39.169  5.884  39.869 0.7777780294
99521  -37.064  3.588  39.158 0.6666669846
82459  -37.652  4.714  40.862 0.7777780294
94249  -40.518  7.973  39.982 0.7777780294
77813  -37.337  4.910  38.383 0.5555559993
82352  -37.445  5.211  40.042 0.5555559993
77845  -39.216  6.690  39.369 0.6666669846
81479  -42.543  7.171  44.022 0.7777780294
95554  -46.453  8.272  41.512 0.7777780294
48326  -40.370  8.245  39.166 0.5555559993
48999  -40.874  8.919  40.116 0.6666669846
47687  -37.810  6.763  38.181 0.4444440007
97002  -40.966  9.931  43.931 0.6666669846
95555  -43.498  10.342  41.973 0.6666669846
50477  -41.629  10.464  42.489 0.6666669846
85210  -38.270  7.309  38.077 0.4444440007
85599  -41.980  9.597  41.036 0.6666669846
97808  -41.160  9.884  39.663 0.6666669846
46311  -37.610  5.801  35.578 0.2222220004
84453  -42.846  9.642  38.777 0.6666669846
88762  -41.101  10.738  39.027 0.6666669846
47091  -44.739  7.067  28.033 0.3333329856
49747  -41.955  9.620  40.049 0.6666669846
88023  -41.305  10.484  38.230 0.6666669846
82035  -42.231  9.632  37.646 0.6666669846
50508  -42.816  11.305  38.241 0.6666669846
84119  -42.964  8.237  35.409 0.6666669846
49775  -41.822  11.655  37.762 0.6666669846
77905  -38.754  5.984  30.888 0.6666669846
34673  -23.497  -6.237  44.438 0.1111110002
34735  -33.171  -6.656  34.112 0.3333329856
86634  -33.483  -6.028  33.843 0.4444440007
36451  -33.965  -5.464  33.770 0.4444440007
34742  -33.472  -6.749  33.406 0.2222220004
35540  -33.874  -5.994  32.963 0.2222220004
33993  -33.759  -7.307  33.087 0.2222220004
34002  -33.775  -6.762  32.559 0.2222220004
35549  -33.953  -6.318  31.870 0.2222220004
77809  -34.655  2.281  35.810 0.2222220004
77811  -36.238  3.325  35.611 0.4444440007
93887  -36.885  3.725  35.873 0.5555559993
81610  -37.338  4.282  36.292 0.5555559993
77817  -36.949  4.951  36.038 0.3333329856
77882  -38.819  6.309  33.334 0.5555559993
86079  -38.259  6.051  31.537 0.3333329856
86965  -37.891  6.001  30.747 0.3333329856
46356  -37.595  5.879  29.994 0.3333329856
86994  -38.177  5.828  29.439 0.3333329856
87486  -37.929  5.721  28.655 0.3333329856
90815  -41.110  7.497  23.318 0.3333329856
47132  -40.842  7.006  22.666 0.2222220004
90208  -40.563  6.671  22.065 0.1111110002
78044  -40.534  6.544  21.340 0.1111110002
86983  -41.149  7.022  21.846 0.2222220004
78045  -40.553  6.424  20.483 0.2222220004
78055  -40.003  6.169  19.977 0.1111110002
47150  -39.456  6.283  19.429 0.2222220004
78033  -41.150  6.868  20.949 0.1111110002
47145  -40.601  6.386  19.780 0.2222220004
47151  -40.203  6.436  19.301 0.2222220004
78022  -41.578  7.306  21.348 0.1111110002
48427  -41.982  7.891  21.338 0.1111110002
78069  -39.140  7.429  18.389 0.1111110002
47146  -41.187  6.807  20.038 0.2222220004
47140  -41.757  7.370  20.626 0.1111110002
101211  -42.163  8.093  20.752 0.1111110002
47152  -40.866  6.711  19.284 0.2222220004
48428  -42.610  8.527  20.476 0.1111110002
100549  -41.757  7.235  19.883 0.2222220004
49149  -43.547  9.672  20.341 0.2222220004
95774  -40.373  6.948  18.691 0.2222220004
47153  -41.512  7.031  19.321 0.1111110002
49932  -43.986  10.246  19.909 0.2222220004
48436  -42.754  8.304  19.824 0.2222220004
47157  -41.176  7.001  18.631 0.2222220004
47796  -42.618  7.788  19.193 0.1111110002
95599  -39.943  7.408  18.198 0.3333329856
83092  -40.732  7.249  17.988 0.1111110002
78088  -41.960  7.309  18.678 0.1111110002
96683  -39.925  8.954  17.014 0.1111110002
81838  -40.094  8.081  17.151 0.2222220004
82797  -40.285  7.551  17.383 0.1111110002
93806  -40.428  10.627  16.508 0.1111110002
81521  -39.903  10.267  16.848 0.1111110002
83497  -41.534  7.235  17.949 0.2222220004
93069  -40.209  9.149  17.023 0.1111110002
78099  -43.301  8.434  19.339 0.2222220004
77833  -37.450  5.982  38.126 0.3333329856
82673  -37.552  4.715  36.987 0.4444440007
46357  -38.425  5.926  30.191 0.4444440007
93963  -36.729  4.088  35.797 0.3333329856
47790  -42.218  7.823  20.027 0.1111110002
47795  -42.010  7.417  19.419 0.1111110002
94050  -39.787  9.451  16.912 0.2222220004
35534  -33.086  -6.049  34.401 0.1111110002
77671  -22.426  -14.155  44.378 0.2222220004
35474  -24.730  -6.013  43.165 0.1111110002
37348  -36.799  -4.855  31.117 0.3333329856
41525  -39.863  0.564  26.483 0.1111110002
39055  -42.913  -2.116  25.781 0.1111110002
39898  -42.933  -1.177  25.177 0.1111110002
40698  -43.860  -0.536  24.876 0.1111110002
41542  -44.184  0.699  24.342 0.1111110002
39899  -43.609  -1.508  24.966 0.1111110002
41534  -44.597  0.060  25.574 0.1111110002
43190  -44.726  2.421  26.945 0.1111110002
92643  -44.359  2.971  26.888 0.1111110002
43191  -45.288  1.912  26.768 0.1111110002
41531  -40.460  0.816  25.644 0.1111110002
40696  -41.749  -0.039  26.154 0.1111110002
102391  -41.130  0.195  26.160 0.1111110002
41532  -41.528  0.731  25.564 0.1111110002
42401  -40.405  1.981  25.371 0.1111110002
42402  -41.076  1.418  25.152 0.1111110002
40692  -41.637  -0.865  26.945 0.1111110002
40697  -42.289  -0.466  25.743 0.1111110002
87903  -42.474  0.547  25.329 0.1111110002
41541  -43.482  1.167  24.448 0.1111110002
44014  -43.153  3.085  26.334 0.1111110002
39896  -42.175  -1.616  26.224 0.1111110002
41533  -43.359  0.050  24.773 0.1111110002
42413  -44.091  1.577  24.414 0.1111110002
43198  -43.531  2.225  25.361 0.1111110002
43189  -44.058  2.476  26.674 0.1111110002
42403  -44.270  1.713  26.071 0.1111110002
92524  -44.982  1.293  26.249 0.1111110002
43199  -44.615  1.960  26.700 0.1111110002
42412  -41.305  2.107  24.925 0.1111110002
43196  -41.698  2.821  25.193 0.1111110002
41540  -42.223  1.557  25.099 0.1111110002
43209  -42.214  2.228  24.927 0.1111110002
44013  -42.187  3.377  25.946 0.1111110002
43210  -43.095  1.925  24.743 0.1111110002
46365  -37.812  5.533  27.874 0.1111110002
46371  -37.862  5.313  27.070 0.1111110002
47120  -40.435  6.989  23.503 0.2222220004
49118  -44.031  9.181  24.524 0.2222220004
47131  -40.243  6.552  22.648 0.2222220004
82471  -41.726  7.956  23.185 0.2222220004
86424  -42.542  8.901  23.427 0.2222220004
78013  -41.408  7.508  22.590 0.1111110002
84240  -42.250  8.522  22.834 0.1111110002
78021  -41.884  7.966  22.537 0.1111110002
88308  -42.600  8.703  24.281 0.2222220004
95874  -42.069  8.465  23.726 0.2222220004
48407  -43.036  8.990  23.928 0.2222220004
86242  -40.619  3.023  25.384 0.1111110002
78032  -41.714  7.646  21.955 0.1111110002
42414  -44.622  1.062  25.057 0.1111110002
43197  -42.696  2.713  25.160 0.1111110002
97145  -36.613  4.512  35.501 0.2222220004
84408  -36.185  3.903  35.246 0.1111110002
44733  -35.707  3.794  34.589 0.1111110002
77825  -37.450  5.656  37.246 0.2222220004
47023  -37.653  6.506  37.376 0.2222220004
101361  -39.152  6.681  33.782 0.2222220004
44004  -45.079  3.151  26.750 0.1111110002
78029  -45.858  6.290  26.960 0.3333329856
87597  -46.196  5.637  26.617 0.2222220004
47738  -45.205  7.558  27.708 0.2222220004
78052  -45.567  8.197  27.324 0.2222220004
78053  -45.794  8.960  27.086 0.2222220004
78042  -45.939  7.217  27.194 0.2222220004
78043  -46.281  8.132  26.776 0.2222220004
48395  -47.741  9.520  25.253 0.2222220004
78030  -46.373  7.139  26.477 0.2222220004
47749  -47.033  8.176  25.469 0.2222220004
100231  -46.123  6.533  26.698 0.2222220004
47102  -46.589  6.930  25.676 0.2222220004
49109  -47.982  10.095  24.777 0.2222220004
36470  -37.333  -5.393  31.199 0.1111110002
37354  -37.084  -4.488  30.911 0.1111110002
99179  -46.234  4.242  26.417 0.3333329856
37349  -37.830  -4.802  31.103 0.1111110002
84264  -37.354  5.404  36.289 0.2222220004
84851  -36.380  4.570  34.869 0.1111110002
97957  -47.254  8.716  24.920 0.2222220004
47742  -46.743  7.703  26.039 0.2222220004
34685  -25.872  -6.135  41.373 0.4444440007
39885  -38.530  -2.441  27.683 0.1111110002
39886  -39.642  -1.487  28.562 0.1111110002
87265  -39.019  -2.709  28.482 0.1111110002
39884  -37.459  -2.669  27.479 0.1111110002
39892  -37.697  -1.778  27.097 0.1111110002
39893  -38.982  -1.234  27.494 0.1111110002
39878  -40.580  -0.906  29.743 0.1111110002
39887  -40.557  -0.695  28.944 0.1111110002
40689  -39.825  -0.052  26.972 0.1111110002
92741  -39.337  1.114  26.873 0.1111110002
40667  -41.440  -0.524  29.328 0.1111110002
40681  -37.928  -0.542  27.472 0.1111110002
40675  -40.118  -0.779  28.164 0.1111110002
40683  -39.741  -0.471  27.516 0.1111110002
40688  -39.348  0.344  27.131 0.1111110002
40682  -39.108  -0.432  27.451 0.1111110002
35479  -26.400  -5.442  41.563 0.2222220004
35482  -26.842  -5.101  40.827 0.2222220004
36339  -27.056  -4.496  41.636 0.1111110002
35476  -26.088  -5.211  42.526 0.1111110002
35478  -25.740  -5.791  42.113 0.1111110002
33985  -33.685  -7.424  33.959 0.1111110002
34003  -33.968  -7.246  32.440 0.1111110002
77893  -38.118  6.146  32.822 0.1111110002
47060  -38.775  6.571  33.873 0.1111110002
77899  -37.790  6.098  32.106 0.1111110002
88440  -37.060  5.938  30.535 0.1111110002
49117  -44.038  9.802  24.084 0.1111110002
46396  -39.440  5.559  23.136 0.1111110002
45612  -39.228  4.849  23.716 0.1111110002
81741  -43.047  9.269  23.445 0.1111110002
90081  -43.921  9.415  24.191 0.1111110002
48458  -42.949  7.964  16.380 0.1111110002
95029  -41.713  8.706  15.707 0.1111110002
78007  -42.898  9.284  23.006 0.1111110002
50616  -45.022  11.244  23.280 0.1111110002
50617  -45.955  11.600  23.554 0.1111110002
97355  -42.602  9.749  15.287 0.1111110002
78138  -43.245  9.409  15.642 0.1111110002
49128  -43.006  9.617  21.966 0.1111110002
102838  -42.680  9.025  22.670 0.1111110002
50626  -45.308  11.650  22.687 0.1111110002
51328  -45.943  12.149  22.955 0.1111110002
96588  -43.550  9.884  15.659 0.1111110002
49892  -43.919  10.266  22.311 0.1111110002
50625  -44.271  10.970  22.190 0.1111110002
101708  -43.604  10.027  21.946 0.1111110002
93427  -44.316  10.016  15.743 0.1111110002
50636  -44.592  11.456  21.683 0.1111110002
102249  -44.445  11.585  21.068 0.1111110002
94025  -44.479  10.435  15.616 0.1111110002
96935  -44.831  10.091  15.635 0.1111110002
94512  -45.142  10.641  15.324 0.1111110002
49921  -43.897  10.354  20.591 0.1111110002
80996  -44.494  11.211  15.131 0.1111110002
95167  -45.100  11.531  14.673 0.1111110002
93426  -45.473  11.132  14.579 0.1111110002
92898  -46.012  11.046  13.908 0.1111110002
96883  -53.512  10.429  13.105 0.1111110002
81144  -45.700  11.868  14.223 0.1111110002
95857  -46.260  11.882  13.783 0.1111110002
94337  -47.281  11.654  12.838 0.1111110002
81950  -49.377  11.955  13.396 0.1111110002
81142  -50.270  11.356  14.364 0.1111110002
78179  -51.740  12.131  13.611 0.1111110002
96884  -52.920  9.616  12.582 0.1111110002
93289  -52.409  10.368  13.857 0.1111110002
84961  -54.483  9.470  11.837 0.1111110002
85879  -46.190  12.556  18.420 0.2222220004
93135  -44.374  12.119  14.591 0.1111110002
94336  -45.975  12.802  13.826 0.1111110002
78151  -46.632  13.162  13.277 0.1111110002
81819  -46.736  12.282  13.401 0.1111110002
83199  -47.264  12.667  12.882 0.1111110002
87439  -47.859  12.089  12.463 0.1111110002
78159  -47.761  12.981  12.391 0.1111110002
94570  -48.484  12.320  12.125 0.1111110002
78166  -48.322  12.942  11.959 0.1111110002
94592  -50.026  12.004  13.788 0.1111110002
82126  -49.265  12.350  12.556 0.1111110002
78169  -50.065  12.471  12.919 0.1111110002
81449  -54.424  10.916  12.528 0.1111110002
92930  -55.372  10.868  10.855 0.1111110002
82468  -56.019  8.883  10.019 0.1111110002
83838  -56.097  11.034  9.060 0.1111110002
49154  -43.879  9.272  19.511 0.1111110002
78125  -44.642  11.166  18.961 0.2222220004
85106  -42.655  7.616  18.349 0.1111110002
96936  -42.757  11.812  14.866 0.1111110002
93657  -43.659  11.871  14.803 0.1111110002
94335  -45.038  12.597  14.169 0.1111110002
78148  -45.269  13.535  13.901 0.1111110002
85129  -45.934  13.577  13.470 0.1111110002
78160  -47.190  13.430  12.728 0.1111110002
78167  -47.766  13.653  12.097 0.1111110002
52027  -48.461  13.197  11.781 0.1111110002
52032  -49.811  12.917  11.448 0.1111110002
102844  -50.300  12.911  10.905 0.1111110002
51384  -52.733  11.997  11.696 0.1111110002
84529  -54.661  11.775  11.166 0.1111110002
78181  -55.586  9.831  8.624 0.1111110002
52644  -46.999  13.910  12.307 0.1111110002
52651  -48.032  14.021  11.403 0.1111110002
52028  -49.174  12.884  11.799 0.1111110002
52036  -49.499  13.135  10.256 0.1111110002
52037  -50.286  12.895  9.972 0.1111110002
52038  -51.273  12.570  9.879 0.1111110002
51388  -52.576  12.018  9.763 0.1111110002
52052  -51.127  12.365  8.633 0.1111110002
78182  -54.461  10.667  7.587 0.1111110002
51400  -54.820  11.956  9.566 0.1111110002
51415  -52.892  11.393  7.525 0.1111110002
101198  -53.091  11.660  8.250 0.1111110002
95166  -41.482  11.501  15.736 0.1111110002
52650  -47.397  14.273  11.614 0.1111110002
52649  -46.483  14.288  11.680 0.1111110002
52653  -47.605  14.554  10.833 0.1111110002
52652  -48.606  13.535  11.143 0.1111110002
52658  -48.990  13.567  9.618 0.1111110002
52051  -50.233  12.823  8.879 0.1111110002
49311  -52.420  9.932  5.154 0.1111110002
101838  -51.353  12.685  6.820 0.1111110002
52060  -51.225  12.557  7.575 0.1111110002
50717  -53.153  10.519  6.489 0.1111110002
51407  -51.875  11.928  7.525 0.1111110002
52654  -48.210  14.201  10.576 0.1111110002
52657  -48.395  14.144  9.599 0.1111110002
52050  -49.511  13.190  9.255 0.1111110002
52676  -49.511  13.352  8.276 0.1111110002
90037  -50.867  13.213  6.749 0.1111110002
52059  -50.354  13.090  7.660 0.1111110002
99534  -51.508  12.256  6.174 0.1111110002
51413  -51.173  12.979  6.294 0.1111110002
52674  -48.248  14.137  8.629 0.1111110002
52066  -50.583  13.559  6.217 0.1111110002
93425  -41.743  9.248  15.414 0.1111110002
48429  -43.143  8.929  20.063 0.1111110002
49922  -44.184  10.960  20.208 0.1111110002
86300  -44.362  11.676  19.690 0.1111110002
97746  -44.274  10.874  19.568 0.1111110002
78135  -44.843  12.064  18.915 0.2222220004
78168  -50.821  12.339  13.116 0.1111110002
93750  -53.093  11.014  13.861 0.1111110002
83519  -51.365  9.687  10.974 0.1111110002
85729  -46.522  13.686  12.945 0.1111110002
78178  -50.671  12.614  12.104 0.1111110002
52033  -51.162  12.609  11.265 0.1111110002
50704  -54.727  11.365  8.504 0.1111110002
52031  -49.158  13.200  10.930 0.1111110002
82873  -44.247  12.839  14.244 0.1111110002
51399  -52.232  11.978  8.492 0.1111110002
50710  -52.513  11.218  6.735 0.1111110002
52655  -48.800  13.643  10.318 0.1111110002
50716  -52.137  11.130  6.068 0.1111110002
33908  -18.726  -7.914  45.028 0.1111110002
86917  -19.391  -10.792  42.269 0.2222220004
92953  -22.346  -14.908  47.980 0.2222220004
34665  -18.956  -7.058  46.005 0.1111110002
30547  -19.343  -12.152  43.451 0.2222220004
29833  -19.518  -13.324  44.646 0.2222220004
77648  -19.874  -14.066  46.129 0.2222220004
31242  -19.353  -11.462  42.769 0.2222220004
93786  -20.991  -14.900  47.041 0.2222220004
77654  -22.170  -14.524  46.167 0.2222220004
27438  -21.824  -14.553  45.477 0.2222220004
96557  -22.066  -15.025  47.765 0.2222220004
96515  -21.944  -14.930  46.463 0.2222220004
26685  -22.181  -15.075  45.487 0.2222220004
81508  -22.348  -15.027  47.603 0.2222220004
80986  -22.013  -15.053  47.110 0.2222220004
93785  -21.695  -14.966  46.371 0.2222220004
96377  -21.646  -15.326  45.817 0.1111110002
29840  -19.855  -12.880  43.941 0.2222220004
77656  -20.011  -13.696  45.248 0.2222220004
77655  -20.270  -13.988  45.691 0.2222220004
28242  -19.850  -14.099  46.314 0.2222220004
26683  -20.017  -15.324  46.755 0.2222220004
77674  -22.829  -15.665  44.632 0.1111110002
28246  -22.249  -14.563  45.053 0.2222220004
29087  -22.555  -14.450  44.648 0.2222220004
27439  -22.274  -15.023  45.181 0.2222220004
28250  -22.725  -14.927  44.719 0.2222220004
27442  -22.790  -15.280  44.705 0.2222220004
44005  -46.007  2.859  26.599 0.1111110002
83594  -46.894  2.790  26.335 0.1111110002
85731  -47.400  2.121  26.415 0.1111110002
43202  -48.866  1.968  26.103 0.1111110002
42419  -49.923  0.803  25.055 0.1111110002
95815  -46.391  3.522  26.266 0.1111110002
82830  -47.126  3.283  25.986 0.1111110002
42409  -50.185  1.940  25.804 0.1111110002
43201  -48.186  2.055  26.235 0.1111110002
42415  -49.518  0.963  25.616 0.1111110002
102137  -50.167  0.855  24.426 0.1111110002
41545  -50.174  0.146  24.594 0.1111110002
95540  -47.784  2.701  26.143 0.1111110002
81790  -50.486  2.349  25.914 0.1111110002
43211  -50.766  2.079  25.645 0.1111110002
40710  -50.562  -0.444  23.997 0.1111110002
78009  -46.591  4.023  26.023 0.1111110002
78063  -48.194  3.140  25.729 0.1111110002
94156  -48.842  2.554  25.986 0.1111110002
94160  -51.223  2.397  25.999 0.1111110002
42420  -50.462  1.447  24.926 0.1111110002
92975  -21.877  -14.905  46.269 0.2222220004
96457  -21.870  -14.919  48.215 0.2222220004
99476  -21.808  -14.982  45.626 0.2222220004
43200  -46.643  2.125  26.629 0.1111110002
42416  -50.133  1.520  25.467 0.1111110002
82026  -49.621  2.200  25.920 0.1111110002
81726  -49.287  2.918  25.724 0.1111110002
77618  -18.892  -15.475  50.370 0.1111110002
77622  -19.395  -14.304  50.387 0.1111110002
94044  -20.901  -13.513  50.817 0.1111110002
77623  -19.799  -14.845  49.998 0.1111110002
33173  -17.548  -8.331  44.483 0.1111110002
33179  -17.583  -8.575  43.542 0.1111110002
93643  -20.456  -13.930  50.237 0.1111110002
93002  -22.651  -13.280  50.669 0.1111110002
86293  -17.446  -9.201  42.589 0.1111110002
26662  -18.160  -16.411  50.242 0.1111110002
96542  -21.788  -13.646  50.125 0.1111110002
94722  -22.977  -13.630  52.141 0.1111110002
33904  -17.939  -8.183  45.283 0.1111110002
33184  -18.179  -8.757  42.677 0.1111110002
77739  -18.239  -9.684  41.955 0.1111110002
84982  -18.693  -15.824  50.095 0.1111110002
31251  -18.710  -11.067  41.409 0.1111110002
97716  -23.197  -13.211  51.200 0.1111110002
30565  -18.925  -11.447  41.084 0.1111110002
25929  -18.047  -16.611  49.627 0.1111110002
86784  -17.142  -16.575  48.905 0.1111110002
96596  -21.801  -13.965  49.854 0.1111110002
96483  -24.094  -13.540  53.062 0.1111110002
100105  -17.875  -16.658  48.784 0.1111110002
33174  -18.180  -8.230  44.367 0.1111110002
81017  -21.052  -14.029  50.024 0.1111110002
101494  -17.990  -12.118  44.081 0.1111110002
30541  -18.178  -12.563  44.553 0.1111110002
31235  -17.838  -11.707  43.555 0.1111110002
93641  -18.947  -15.680  50.012 0.1111110002
101331  -22.710  -13.763  49.754 0.1111110002
99217  -23.927  -13.111  50.914 0.1111110002
30536  -17.507  -12.411  45.209 0.1111110002
29822  -17.749  -13.516  47.248 0.1111110002
77620  -17.873  -14.463  47.973 0.1111110002
92756  -20.684  -14.990  48.899 0.1111110002
92914  -23.139  -13.652  49.970 0.1111110002
96450  -24.267  -13.176  50.747 0.1111110002
93324  -23.634  -15.072  49.191 0.1111110002
98031  -18.329  -8.301  43.454 0.1111110002
91033  -19.123  -10.702  41.701 0.1111110002
31241  -18.827  -11.100  42.339 0.1111110002
30546  -18.462  -12.165  43.815 0.1111110002
29832  -18.743  -13.193  44.899 0.1111110002
30537  -18.082  -13.012  45.367 0.1111110002
77641  -18.859  -13.685  46.224 0.1111110002
77625  -18.826  -15.398  47.525 0.1111110002
25940  -19.146  -16.567  47.240 0.1111110002
96643  -19.074  -16.494  47.381 0.1111110002
94728  -21.798  -14.908  48.597 0.1111110002
96396  -22.028  -15.138  49.209 0.1111110002
82022  -24.257  -13.961  49.178 0.1111110002
94727  -23.893  -14.419  49.033 0.1111110002
93787  -23.129  -14.905  48.313 0.1111110002
77661  -23.175  -14.996  47.950 0.1111110002
28251  -23.419  -14.952  44.252 0.1111110002
83694  -23.751  -15.287  44.175 0.1111110002
77736  -18.725  -8.987  42.089 0.1111110002
31902  -19.088  -10.092  41.897 0.1111110002
30542  -18.997  -12.761  44.174 0.1111110002
29831  -19.254  -13.560  45.412 0.1111110002
77636  -19.316  -13.998  46.599 0.1111110002
27430  -19.813  -14.777  46.729 0.1111110002
96556  -19.940  -15.266  46.962 0.1111110002
29089  -23.076  -14.575  44.301 0.1111110002
29090  -23.997  -14.575  44.094 0.1111110002
97839  -22.931  -14.056  43.944 0.1111110002
29099  -23.613  -14.133  43.884 0.1111110002
28252  -24.377  -14.858  44.062 0.1111110002
43921  -34.832  2.738  35.598 0.1111110002
42343  -33.901  1.758  35.664 0.1111110002
84948  -35.535  3.187  35.312 0.1111110002
83855  -38.764  7.701  35.541 0.1111110002
83706  -39.299  7.890  34.776 0.1111110002
77850  -39.047  8.709  35.651 0.1111110002
47056  -38.724  6.860  34.689 0.1111110002
48452  -47.170  8.611  18.057 0.1111110002
48451  -46.306  8.227  17.672 0.1111110002
48437  -46.371  7.970  19.509 0.1111110002
48438  -47.005  8.381  18.952 0.1111110002
48445  -46.395  8.000  18.596 0.1111110002
47791  -46.216  7.494  20.184 0.1111110002
47787  -46.320  7.654  21.026 0.1111110002
47141  -46.250  6.793  20.907 0.1111110002
101635  -46.316  6.484  21.642 0.1111110002
92647  -46.305  6.623  22.277 0.1111110002
45633  -46.446  5.332  23.260 0.1111110002
78017  -46.661  4.524  25.425 0.1111110002
78028  -46.528  5.322  24.889 0.1111110002
78041  -46.785  4.748  24.482 0.1111110002
48431  -46.649  8.441  19.749 0.1111110002
90244  -48.156  9.015  19.281 0.1111110002
49143  -46.701  8.819  20.434 0.1111110002
49144  -47.157  9.450  20.736 0.1111110002
47136  -46.302  7.156  21.678 0.1111110002
48424  -46.771  8.969  21.342 0.1111110002
84798  -46.403  4.792  26.297 0.1111110002
85973  -46.506  5.459  25.863 0.1111110002
78027  -46.498  6.153  25.264 0.1111110002
101229  -46.545  8.475  21.802 0.1111110002
46390  -46.424  6.008  24.367 0.1111110002
47121  -46.301  6.793  23.123 0.1111110002
45613  -46.482  5.330  24.032 0.1111110002
49923  -48.312  9.737  20.382 0.1111110002
49135  -47.158  9.643  21.640 0.1111110002
49145  -47.622  10.151  21.070 0.1111110002
47802  -45.980  7.458  18.328 0.1111110002
78018  -46.391  6.327  26.136 0.1111110002
47780  -46.492  8.151  22.429 0.1111110002
48419  -46.865  8.971  22.303 0.1111110002
47158  -45.914  6.745  17.959 0.1111110002
90358  -46.358  6.577  23.901 0.1111110002
47769  -46.429  7.673  23.109 0.1111110002
88276  -46.012  5.234  18.257 0.1111110002
47111  -46.538  6.872  24.681 0.1111110002
47756  -46.438  7.277  23.836 0.1111110002
99498  -45.899  4.521  18.601 0.1111110002
44891  -45.648  4.008  18.124 0.1111110002
44081  -45.137  3.755  17.764 0.1111110002
44085  -45.217  4.024  16.974 0.1111110002
44090  -45.170  4.194  16.047 0.1111110002
44089  -44.785  3.824  16.520 0.1111110002
49916  -49.670  10.770  20.651 0.1111110002
49130  -47.342  9.746  22.517 0.1111110002
48408  -46.998  8.506  24.057 0.1111110002
47781  -46.811  8.479  23.195 0.1111110002
47757  -46.830  7.821  24.566 0.1111110002
46439  -45.989  5.857  17.746 0.1111110002
45675  -45.959  5.122  17.510 0.1111110002
44895  -45.698  4.365  17.377 0.1111110002
97694  -45.811  4.939  16.914 0.1111110002
44899  -45.514  4.505  16.591 0.1111110002
88795  -45.886  5.654  16.854 0.1111110002
44902  -45.367  4.496  15.709 0.1111110002
45679  -45.605  5.049  16.281 0.1111110002
45684  -45.399  4.923  15.421 0.1111110002
44905  -45.515  4.325  14.770 0.1111110002
49129  -47.245  9.343  23.254 0.1111110002
91842  -47.824  10.407  22.947 0.1111110002
98721  -46.798  7.465  25.288 0.1111110002
47807  -45.979  7.536  17.366 0.1111110002
101517  -45.886  6.944  17.128 0.1111110002
47162  -45.897  6.343  17.244 0.1111110002
46444  -45.684  6.600  16.494 0.1111110002
47168  -45.517  7.292  16.105 0.1111110002
46446  -45.489  5.736  15.896 0.1111110002
92675  -45.248  6.694  15.613 0.1111110002
46452  -45.129  5.822  15.152 0.1111110002
99290  -47.519  9.304  24.289 0.1111110002
49119  -47.899  10.137  23.820 0.1111110002
47806  -45.885  8.125  16.864 0.1111110002
47814  -45.767  7.457  16.644 0.1111110002
47813  -45.470  7.891  16.235 0.1111110002
45683  -45.309  5.209  15.167 0.1111110002
99293  -22.016  -14.794  48.735 0.1111110002
96249  -24.717  -13.801  49.195 0.1111110002
50637  -47.990  11.079  21.537 0.1111110002
86982  -48.880  9.294  19.568 0.1111110002
49150  -47.830  9.272  19.999 0.1111110002
49915  -48.536  10.537  20.805 0.1111110002
29100  -24.419  -14.046  43.907 0.1111110002
28241  -19.745  -14.353  46.694 0.1111110002
96303  -24.344  -13.275  49.779 0.1111110002
77745  -18.755  -10.835  41.344 0.1111110002
96294  -23.232  -13.198  50.306 0.1111110002
30540  -17.538  -12.043  44.362 0.1111110002
81062  -20.686  -14.834  49.674 0.1111110002
81140  -19.899  -15.212  50.207 0.1111110002
82161  -18.610  -16.143  49.138 0.1111110002
31236  -18.613  -11.612  43.095 0.1111110002
29830  -18.593  -13.417  45.572 0.1111110002
96747  -18.815  -15.812  48.934 0.1111110002
25938  -18.714  -15.956  47.823 0.1111110002
97255  -21.820  -14.175  49.680 0.1111110002
94595  -24.064  -13.187  50.813 0.1111110002
85564  -17.983  -15.152  48.050 0.1111110002
77627  -18.265  -14.039  47.425 0.1111110002
101308  -19.492  -15.398  48.432 0.1111110002
96711  -18.770  -15.505  48.013 0.1111110002
96454  -20.805  -14.976  48.233 0.1111110002
101913  -23.105  -14.284  49.313 0.1111110002
96364  -24.267  -14.764  49.333 0.1111110002
29825  -18.598  -13.854  46.899 0.1111110002
77631  -19.261  -14.752  47.147 0.1111110002
77626  -18.587  -14.655  47.562 0.1111110002
92954  -19.250  -15.183  47.908 0.1111110002
96363  -24.379  -14.529  49.211 0.1111110002
47797  -46.054  7.449  19.276 0.1111110002
48430  -46.422  8.149  20.368 0.1111110002
46417  -46.364  5.878  22.026 0.1111110002
45649  -46.493  5.339  22.493 0.1111110002
46397  -46.338  5.971  23.572 0.1111110002
48432  -47.357  8.791  19.542 0.1111110002
48423  -46.469  8.350  21.137 0.1111110002
101466  -47.195  9.110  20.145 0.1111110002
47784  -46.376  7.875  21.756 0.1111110002
47133  -46.327  7.393  22.395 0.1111110002
47154  -45.992  6.768  18.986 0.1111110002
46435  -46.036  6.001  18.622 0.1111110002
47770  -46.661  7.926  23.729 0.1111110002
102748  -45.874  4.665  17.973 0.1111110002
44074  -45.178  3.520  18.542 0.1111110002
44080  -43.715  4.122  18.720 0.1111110002
44084  -44.412  3.791  17.529 0.1111110002
100881  -47.112  8.920  23.693 0.1111110002
102198  -47.588  9.860  23.113 0.1111110002
25333  -19.086  -16.946  47.153 0.1111110002
25941  -19.155  -16.778  47.138 0.1111110002
25947  -19.281  -16.309  46.823 0.1111110002
26670  -18.957  -16.244  47.515 0.1111110002
26671  -19.022  -16.890  47.153 0.1111110002
26672  -18.979  -16.616  47.250 0.1111110002
26673  -19.804  -15.392  46.845 0.1111110002
29829  -18.068  -13.377  46.105 0.1111110002
29887  -28.585  -13.027  35.917 0.3333329856
30587  -29.289  -12.822  37.978 0.2222220004
30593  -28.488  -13.114  36.261 0.3333329856
30598  -28.518  -12.668  35.204 0.3333329856
30599  -28.685  -12.659  35.060 0.2222220004
30607  -28.867  -12.245  34.268 0.3333329856
30621  -28.927  -12.209  34.295 0.2222220004
31240  -18.191  -11.137  42.419 0.1111110002
31299  -28.908  -12.223  34.216 0.3333329856
31300  -28.806  -12.143  34.351 0.2222220004
31938  -29.087  -11.174  34.434 0.2222220004
31939  -29.598  -10.347  35.114 0.1111110002
34010  -33.986  -6.692  31.940 0.1111110002
42366  -37.464  1.677  32.569 0.7777780294
44820  -39.876  3.966  25.730 0.2222220004
45509  -41.447  5.482  36.336 1.0000000000
45573  -47.412  5.484  28.350 0.6666669846
46246  -45.069  7.302  42.341 0.7777780294
46263  -40.598  6.746  38.977 1.0000000000
46264  -43.183  6.385  39.278 1.0000000000
46276  -40.787  5.901  37.981 1.0000000000
46278  -43.750  6.345  37.662 1.0000000000
46293  -43.009  6.536  35.855 1.0000000000
46350  -37.375  6.014  31.327 0.1111110002
46989  -44.977  7.285  42.368 0.7777780294
46990  -45.127  7.385  42.326 0.7777780294
46998  -44.714  7.172  42.325 0.7777780294
47012  -43.876  6.469  39.024 1.0000000000
47014  -45.715  7.757  39.192 1.0000000000
47016  -44.728  6.641  38.553 1.0000000000
47024  -43.530  6.712  36.489 1.0000000000
47037  -43.311  6.801  35.327 1.0000000000
47038  -43.560  6.767  36.023 1.0000000000
47667  -44.892  7.643  42.487 0.7777780294
48295  -44.935  8.071  42.526 0.6666669846
48310  -40.542  8.441  40.561 0.6666669846
48325  -39.536  7.819  38.367 0.5555559993
48974  -45.910  8.876  42.150 0.6666669846
48987  -40.668  8.742  41.477 0.6666669846
49014  -40.830  9.254  39.113 0.6666669846
49024  -42.266  10.199  37.384 0.6666669846
49151  -49.760  9.589  19.478 0.2222220004
49714  -41.902  9.815  43.891 0.6666669846
49715  -43.051  9.990  42.845 0.6666669846
49719  -40.682  9.747  42.890 0.6666669846
49728  -41.028  9.599  42.105 0.6666669846
49760  -41.173  11.716  39.174 0.6666669846
49761  -42.444  10.777  38.835 0.6666669846
49762  -43.177  10.530  38.017 0.6666669846
49904  -47.613  10.380  22.007 0.1111110002
49925  -50.200  10.159  19.912 0.2222220004
49927  -51.496  10.765  19.198 0.2222220004
49934  -51.520  10.813  18.507 0.2222220004
49939  -51.000  10.194  18.261 0.2222220004
50021  -52.590  10.433  5.831 0.1111110002
50038  -51.858  10.577  5.443 0.1111110002
50467  -40.960  10.117  43.162 0.6666669846
50468  -41.587  10.386  43.086 0.6666669846
50469  -42.494  10.473  42.606 0.6666669846
50476  -41.178  10.162  42.565 0.6666669846
50494  -41.300  11.787  39.382 0.6666669846
50500  -41.198  12.033  39.439 0.6666669846
50507  -41.208  11.970  39.396 0.6666669846
50652  -50.967  11.641  20.461 0.2222220004
50661  -51.396  11.197  19.863 0.2222220004
51223  -41.778  12.767  39.198 0.6666669846
51362  -51.403  12.998  18.963 0.2222220004
51414  -51.672  12.066  6.703 0.1111110002
51841  -41.781  12.926  39.157 0.6666669846
51848  -41.958  12.858  38.990 0.6666669846
51849  -42.160  13.031  39.003 0.6666669846
51995  -46.313  13.675  19.736 0.3333329856
51996  -49.820  13.343  19.856 0.2222220004
52462  -41.994  13.023  39.073 0.6666669846
52606  -49.327  13.774  19.170 0.3333329856
77615  -22.765  -13.216  50.283 0.1111110002
77629  -19.797  -13.757  50.758 0.1111110002
77632  -18.997  -14.178  47.136 0.1111110002
77649  -19.653  -13.870  45.898 0.1111110002
77670  -23.675  -14.797  49.041 0.1111110002
77724  -26.645  -10.034  36.332 0.3333329856
77820  -39.792  7.034  39.382 0.6666669846
77848  -43.618  7.064  43.228 0.7777780294
77855  -43.436  7.571  41.471 0.7777780294
77864  -45.514  7.536  41.238 0.7777780294
77866  -42.755  7.476  36.377 0.8888890147
77877  -40.376  8.054  40.018 0.6666669846
77889  -43.180  10.595  41.291 0.6666669846
77896  -45.723  7.892  40.238 1.0000000000
77897  -43.476  8.748  38.856 0.6666669846
77900  -41.895  5.621  34.857 1.0000000000
77902  -44.896  8.095  39.113 1.0000000000
77904  -42.157  10.756  42.288 0.6666669846
77911  -42.816  10.212  37.185 0.6666669846
77918  -44.909  7.147  38.943 1.0000000000
77921  -42.469  7.889  32.598 0.6666669846
77922  -42.240  12.335  38.367 0.6666669846
77996  -43.675  9.601  23.134 0.1111110002
77997  -43.456  9.480  23.153 0.1111110002
78136  -45.587  12.042  18.364 0.2222220004
78604  -28.732  -12.226  34.366 0.3333329856
80929  -24.074  -13.405  52.780 0.1111110002
80930  -23.222  -13.367  52.109 0.1111110002
80947  -45.028  11.173  21.986 0.1111110002
81006  -21.787  -15.046  49.197 0.1111110002
81028  -21.532  -14.905  47.988 0.2222220004
81141  -44.950  8.883  39.097 0.7777780294
81158  -21.007  -15.111  46.735 0.2222220004
81368  -43.143  9.394  23.210 0.1111110002
81494  -19.406  -16.026  47.251 0.1111110002
81631  -45.968  8.390  40.161 0.7777780294
81693  -40.089  8.985  35.327 0.5555559993
81722  -46.545  7.847  40.223 0.7777780294
81746  -42.671  7.998  40.182 0.8888890147
81770  -39.763  8.254  43.119 0.6666669846
81999  -46.555  7.803  40.418 1.0000000000
82150  -46.000  7.630  41.611 0.7777780294
82413  -43.710  7.483  37.962 0.8888890147
82500  -40.124  7.010  39.263 0.7777780294
82998  -40.095  7.564  40.106 0.6666669846
83072  -45.189  7.268  42.231 0.7777780294
83137  -44.472  8.672  38.719 0.6666669846
83224  -43.353  6.572  38.183 1.0000000000
83364  -37.652  3.726  38.017 0.6666669846
83590  -50.543  13.607  17.673 0.3333329856
83847  -44.566  9.099  42.131 0.6666669846
83909  -42.026  12.631  39.216 0.6666669846
84053  -44.871  8.502  39.046 0.7777780294
84171  -44.419  7.276  42.551 0.7777780294
84290  -42.979  11.418  37.946 0.6666669846
84666  -41.918  8.523  40.649 0.6666669846
84746  -44.546  7.922  38.979 1.0000000000
84921  -44.101  7.670  43.020 0.6666669846
85006  -45.495  7.879  39.120 1.0000000000
85057  -39.994  7.398  39.482 0.6666669846
85296  -42.935  10.643  41.565 0.6666669846
85380  -19.150  -15.677  46.938 0.1111110002
85510  -41.611  10.244  42.102 0.6666669846
85519  -42.379  10.663  41.921 0.6666669846
85767  -44.885  7.221  42.350 0.7777780294
86478  -43.987  9.766  23.092 0.1111110002
87737  -22.961  -13.475  52.129 0.1111110002
87933  -41.690  9.155  40.317 0.6666669846
88107  -38.112  7.257  37.444 0.3333329856
88134  -45.118  12.686  19.316 0.3333329856
88436  -42.492  6.841  35.363 0.8888890147
88974  -41.054  12.955  39.547 0.6666669846
89715  -41.394  12.871  39.170 0.6666669846
89904  -49.457  13.128  20.395 0.2222220004
92083  -18.607  -15.802  47.873 0.1111110002
92454  -44.146  9.919  22.861 0.1111110002
92488  -47.162  12.848  17.949 0.2222220004
92584  -43.384  6.817  43.038 0.7777780294
92586  -48.834  14.109  18.270 0.3333329856
92796  -44.081  9.825  23.489 0.1111110002
92801  -44.550  10.369  23.147 0.1111110002
92814  -45.722  5.655  27.448 0.6666669846
92819  -45.138  10.737  23.684 0.1111110002
92820  -45.412  5.744  27.364 0.6666669846
92829  -23.394  -13.360  50.057 0.1111110002
92836  -45.890  5.630  27.497 0.6666669846
92837  -47.208  5.972  28.106 0.6666669846
92853  -43.769  8.905  24.205 0.1111110002
92884  -23.073  -14.143  48.849 0.3333329856
92916  -18.943  -15.325  48.040 0.1111110002
92952  -23.002  -15.000  48.990 0.1111110002
93003  -22.655  -13.335  50.243 0.1111110002
93004  -18.324  -15.836  48.656 0.1111110002
93030  -22.171  -13.836  49.715 0.1111110002
93125  -46.404  7.989  40.868 0.7777780294
93272  -40.205  9.352  43.810 0.6666669846
93543  -43.746  9.601  23.027 0.1111110002
93595  -49.746  9.921  17.679 0.2222220004
93727  -44.360  9.619  42.189 0.6666669846
93728  -45.744  7.845  42.071 0.7777780294
93732  -41.889  6.763  43.108 0.7777780294
93733  -42.093  8.490  44.608 0.6666669846
93845  -43.992  7.118  39.229 1.0000000000
93889  -45.893  8.285  41.965 0.7777780294
93969  -45.826  8.637  39.706 0.7777780294
94182  -46.195  7.950  39.840 0.7777780294
94183  -46.808  7.867  40.415 0.7777780294
94192  -43.267  9.403  23.014 0.1111110002
94247  -43.918  8.015  39.022 0.8888890147
94250  -41.018  9.369  44.695 0.6666669846
94385  -40.827  8.289  33.685 0.6666669846
94401  -41.281  8.824  34.862 0.6666669846
94632  -38.904  9.144  37.718 0.4444440007
94730  -23.968  -13.382  49.789 0.1111110002
94955  -45.379  8.820  42.118 0.6666669846
94956  -46.375  7.965  41.055 0.7777780294
94971  -21.585  -13.562  50.327 0.1111110002
95273  -38.197  5.704  39.982 0.5555559993
95374  -44.875  7.350  38.895 1.0000000000
95427  -38.533  5.074  40.656 0.7777780294
95520  -39.614  7.699  17.618 0.1111110002
95673  -43.195  7.802  43.802 0.7777780294
95869  -50.758  12.038  14.236 0.1111110002
95995  -46.010  7.984  40.361 0.7777780294
96167  -39.419  7.207  34.084 0.3333329856
96250  -45.058  11.144  23.089 0.1111110002
96253  -44.032  9.832  23.171 0.1111110002
96272  -46.886  5.629  28.392 0.6666669846
96273  -44.822  5.705  27.429 0.6666669846
96278  -43.977  9.178  23.152 0.1111110002
96279  -44.170  9.913  22.875 0.1111110002
96280  -46.806  5.208  27.985 0.6666669846
96302  -22.867  -13.813  49.719 0.1111110002
96304  -24.064  -13.316  52.055 0.1111110002
96309  -45.087  5.720  27.429 0.6666669846
96310  -45.029  5.515  27.237 0.6666669846
96394  -20.953  -14.927  47.868 0.1111110002
96395  -22.968  -14.495  49.158 0.1111110002
96420  -45.179  5.765  27.449 0.6666669846
96453  -23.851  -13.978  50.055 0.1111110002
96455  -22.677  -14.102  49.538 0.1111110002
96456  -23.110  -15.199  49.040 0.1111110002
96459  -23.112  -14.136  49.571 0.1111110002
96516  -21.250  -14.937  46.143 0.3333329856
96579  -25.024  -14.596  49.012 0.1111110002
96598  -22.700  -13.260  51.345 0.1111110002
96641  -18.986  -15.781  48.370 0.1111110002
96748  -21.233  -14.616  49.612 0.1111110002
97040  -23.454  -13.212  50.975 0.1111110002
97100  -44.567  10.438  23.456 0.1111110002
97105  -47.392  5.643  28.468 0.6666669846
97115  -19.872  -15.198  48.169 0.1111110002
97120  -46.727  5.411  27.976 0.6666669846
97123  -44.220  9.794  23.515 0.1111110002
97126  -46.229  5.544  27.549 0.6666669846
97132  -41.471  8.860  36.978 0.5555559993
97133  -44.313  9.973  23.693 0.1111110002
97146  -45.127  10.642  23.517 0.1111110002
97153  -44.849  10.824  22.973 0.1111110002
97304  -28.965  -12.221  34.312 0.3333329856
97372  -45.415  12.506  18.783 0.2222220004
97987  -41.133  11.949  38.714 0.6666669846
98455  -18.279  -10.127  41.388 0.1111110002
98926  -41.984  12.539  39.086 0.6666669846
99087  -22.054  -14.827  49.299 0.1111110002
99932  -23.954  -13.864  49.986 0.1111110002
100616  -46.721  5.413  27.695 0.6666669846
100617  -46.438  5.559  27.632 0.6666669846
100618  -46.410  5.535  27.535 0.6666669846
100619  -44.805  10.582  22.770 0.1111110002
100622  -47.144  5.504  28.291 0.6666669846
100623  -44.762  10.933  22.846 0.1111110002
100652  -46.664  5.781  28.337 0.6666669846
100687  -45.832  5.684  27.411 0.6666669846
100993  -25.011  -14.708  49.051 0.1111110002
101055  -19.367  -14.248  46.962 0.1111110002
101322  -42.737  6.138  33.851 1.0000000000
101563  -47.647  9.684  20.549 0.1111110002
101649  -22.597  -14.274  49.296 0.1111110002
102173  -18.142  -13.595  46.695 0.1111110002
102239  -46.281  7.824  40.871 1.0000000000
102554  -45.095  8.062  38.952 0.8888890147
102705  -42.538  8.530  35.768 0.6666669846
102708  -44.020  9.978  41.023 0.6666669846
