#!ascii label  , from subject sub-v2s2x29062_ses-1 vox2ras=TkReg
765
2422  -28.321  -70.718  -5.111 0.5000000000
2691  -27.609  -69.445  -4.979 0.6000000238
1780  -34.551  -73.227  -3.562 0.3000000119
89057  -26.579  -68.441  -4.668 0.5000000000
1606  -34.081  -74.441  -5.030 0.4000000060
1600  -35.321  -73.531  -4.753 0.4000000060
87326  -37.403  -72.579  -4.337 0.4000000060
1782  -36.636  -72.634  -4.218 0.3000000119
1608  -35.806  -73.536  -5.432 0.4000000060
2006  -31.286  -72.222  -7.304 0.5000000000
1994  -30.107  -72.394  -6.643 0.5000000000
1978  -28.904  -71.945  -5.613 0.5000000000
2199  -30.052  -71.436  -7.567 0.6000000238
2004  -29.708  -71.885  -6.939 0.5000000000
2431  -28.308  -70.780  -5.839 0.6000000238
1766  -35.162  -72.657  -3.157 0.3000000119
2701  -27.492  -69.506  -5.833 0.5000000000
89749  -34.251  -74.475  -5.786 0.5000000000
1435  -33.550  -74.789  -5.643 0.5000000000
1767  -35.957  -72.577  -3.806 0.3000000119
2442  -28.354  -70.788  -6.466 0.6000000238
2935  -27.046  -68.846  -5.315 0.5000000000
1614  -35.508  -73.710  -6.161 0.5000000000
1794  -36.570  -72.968  -5.137 0.4000000060
1784  -38.143  -73.051  -3.603 0.3000000119
102115  -37.283  -72.564  -3.623 0.3000000119
1814  -36.334  -72.937  -7.014 0.4000000060
1795  -37.206  -72.831  -5.655 0.4000000060
1796  -38.018  -72.452  -4.872 0.4000000060
1980  -37.658  -72.493  -6.206 0.4000000060
2703  -34.514  -69.851  -5.558 0.6999999881
2433  -34.787  -70.451  -5.695 0.6999999881
2188  -33.900  -71.251  -6.294 0.6999999881
1800  -29.751  -72.863  -5.626 0.5000000000
2937  -34.523  -68.666  -4.865 0.6999999881
2702  -33.959  -69.720  -5.995 0.6999999881
2202  -32.383  -71.419  -7.201 0.8000000119
2201  -31.618  -71.529  -7.544 0.5000000000
2200  -30.837  -71.537  -7.686 0.6999999881
97557  -30.419  -73.541  -5.673 0.5000000000
2456  -32.660  -70.448  -7.116 0.6999999881
1612  -31.746  -74.433  -6.623 0.4000000060
1442  -32.989  -74.837  -6.311 0.5000000000
1959  -35.936  -72.099  -3.353 0.3000000119
2453  -30.412  -70.954  -8.099 0.6000000238
1447  -33.198  -74.564  -6.904 0.5000000000
1622  -35.174  -73.500  -6.641 0.5000000000
1961  -37.333  -73.051  -2.945 0.3000000119
87827  -28.983  -70.782  -7.516 0.5000000000
1813  -35.635  -73.014  -6.997 0.5000000000
2192  -37.322  -71.801  -7.921 0.4000000060
92632  -36.903  -72.402  -7.482 0.4000000060
1981  -38.306  -71.977  -5.785 0.4000000060
1972  -38.809  -72.617  -4.029 0.4000000060
2193  -37.838  -71.641  -7.728 0.3000000119
1988  -37.907  -72.031  -6.889 0.4000000060
3540  -34.729  -65.210  -5.372 0.5000000000
3533  -34.591  -66.072  -5.060 0.6000000238
90925  -35.452  -66.083  -4.701 0.6000000238
85759  -35.562  -67.919  -4.120 0.6000000238
92506  -35.048  -68.999  -4.545 0.6000000238
3744  -34.373  -64.716  -5.325 0.5000000000
3297  -35.034  -66.698  -4.505 0.6000000238
3289  -34.819  -67.501  -4.368 0.6999999881
1809  -31.671  -73.012  -7.060 0.6000000238
2122  -32.190  -70.809  -0.184 0.3000000119
3734  -33.697  -64.663  -5.142 0.6999999881
3532  -33.610  -65.783  -5.315 0.6000000238
89575  -34.065  -66.953  -5.024 0.6999999881
2946  -34.135  -69.061  -5.568 0.6999999881
1810  -33.714  -72.925  -7.078 0.6000000238
1818  -32.317  -73.269  -7.301 0.6000000238
1611  -31.006  -74.162  -6.060 0.5000000000
4009  -33.510  -63.935  -4.878 0.6999999881
2936  -33.955  -68.269  -5.364 0.6999999881
2709  -32.826  -69.468  -7.050 0.6999999881
99425  -32.378  -74.279  -7.147 0.5000000000
1947  -35.551  -71.948  -2.657 0.3000000119
3733  -33.226  -64.780  -4.662 0.6999999881
91005  -33.066  -65.678  -4.989 0.6000000238
3531  -32.805  -66.357  -5.275 0.6999999881
3110  -33.566  -67.586  -5.266 0.6000000238
3115  -33.386  -67.939  -5.748 0.6000000238
2461  -30.799  -70.284  -8.397 0.6999999881
1998  -35.328  -72.789  -7.176 0.5000000000
3109  -32.834  -67.406  -5.535 0.6000000238
2961  -32.279  -68.868  -7.599 0.6000000238
103065  -30.116  -70.410  -8.427 0.6000000238
2190  -35.818  -72.309  -7.243 0.5000000000
1768  -37.687  -73.727  -2.289 0.3000000119
3295  -32.426  -66.851  -5.398 0.6000000238
3296  -33.073  -66.794  -5.424 0.6000000238
3119  -32.568  -67.970  -6.722 0.6000000238
3126  -32.211  -68.173  -7.477 0.5000000000
2960  -31.785  -68.348  -8.107 0.5000000000
90676  -29.583  -70.034  -8.608 0.5000000000
2452  -29.602  -70.803  -8.027 0.5000000000
2191  -36.698  -72.092  -7.641 0.5000000000
82369  -38.640  -70.530  -8.102 0.3000000119
85282  -38.726  -70.852  -7.451 0.3000000119
2437  -38.693  -71.097  -7.170 0.3000000119
2176  -38.970  -71.521  -5.320 0.4000000060
97688  -38.703  -72.049  -4.787 0.4000000060
2722  -28.376  -69.681  -8.160 0.5000000000
94473  -38.753  -70.474  -8.850 0.3000000119
90683  -38.031  -71.118  -8.168 0.3000000119
4016  -34.175  -64.090  -5.735 0.5000000000
89546  -34.935  -64.480  -6.070 0.5000000000
4276  -33.606  -63.190  -5.031 0.5000000000
4015  -33.755  -63.728  -5.379 0.5000000000
3745  -35.457  -65.049  -5.846 0.5000000000
84313  -36.934  -66.536  -5.685 0.6000000238
76806  -36.756  -66.905  -4.949 0.6000000238
85822  -36.288  -68.188  -4.617 0.6000000238
2182  -34.689  -71.140  -6.083 0.8000000119
98979  -32.005  -71.005  1.030 0.3000000119
4275  -33.511  -63.002  -4.582 0.6000000238
86591  -36.826  -68.344  -5.474 0.4000000060
88105  -35.946  -71.050  -6.336 0.5000000000
91480  -33.609  -72.000  -6.654 0.6000000238
1938  -34.913  -71.959  -1.802 0.3000000119
2150  -36.001  -71.348  -2.748 0.3000000119
4001  -33.249  -63.941  -4.358 0.6999999881
2695  -36.952  -69.695  -5.969 0.4000000060
2160  -36.318  -71.734  -3.133 0.3000000119
2435  -36.623  -70.988  -6.875 0.4000000060
1769  -37.923  -73.662  -2.537 0.3000000119
3525  -32.818  -65.561  -4.563 0.6000000238
3118  -31.974  -67.706  -7.002 0.5000000000
3125  -31.644  -67.856  -7.714 0.5000000000
2724  -30.283  -69.715  -8.705 0.6000000238
2711  -37.385  -70.460  -7.450 0.4000000060
2436  -37.269  -71.010  -7.824 0.4000000060
82683  -38.655  -68.698  -10.172 0.3000000119
95682  -38.815  -70.036  -9.214 0.3000000119
82048  -38.964  -70.259  -8.751 0.3000000119
2425  -39.043  -70.919  -6.232 0.4000000060
1785  -38.604  -73.195  -3.140 0.3000000119
3117  -31.376  -67.466  -7.142 0.5000000000
3124  -31.102  -67.624  -7.734 0.5000000000
3136  -31.108  -68.020  -8.312 0.5000000000
2723  -29.688  -69.176  -8.974 0.5000000000
87799  -28.487  -69.080  -8.807 0.6000000238
2959  -27.269  -69.067  -7.527 0.5000000000
81205  -38.273  -69.962  -9.133 0.3000000119
100942  -31.822  -67.249  -5.942 0.5000000000
3135  -30.280  -68.112  -8.672 0.5000000000
2969  -28.202  -68.489  -9.012 0.5000000000
91511  -27.795  -67.971  -9.194 0.5000000000
4280  -33.672  -62.952  -5.399 0.5000000000
4020  -34.338  -63.880  -6.635 0.5000000000
3753  -34.850  -64.386  -7.214 0.5000000000
3754  -35.730  -64.981  -6.753 0.5000000000
4535  -33.554  -62.239  -4.778 0.5000000000
95735  -36.405  -65.701  -6.788 0.4000000060
2094  -31.475  -71.860  1.362 0.3000000119
2095  -32.532  -71.638  1.719 0.3000000119
76800  -37.097  -67.286  -5.987 0.4000000060
4534  -33.289  -61.909  -4.391 0.6000000238
2123  -32.987  -71.027  -0.787 0.3000000119
2137  -34.547  -71.452  -1.458 0.3000000119
85824  -37.185  -68.440  -6.474 0.4000000060
4273  -33.333  -62.991  -3.967 0.6000000238
95294  -37.554  -68.854  -8.293 0.4000000060
76793  -37.498  -69.028  -7.606 0.4000000060
1948  -37.462  -73.545  -1.963 0.3000000119
94318  -38.003  -70.098  -8.663 0.3000000119
93719  -38.486  -69.429  -9.632 0.3000000119
4019  -33.925  -63.458  -6.054 0.5000000000
3762  -35.296  -64.976  -8.025 0.4000000060
4760  -33.147  -61.408  -4.782 0.6000000238
83775  -36.371  -65.561  -7.727 0.4000000060
94149  -36.917  -66.534  -7.324 0.4000000060
2377  -32.751  -70.398  -0.266 0.3000000119
2365  -32.540  -70.285  0.302 0.3000000119
85060  -37.099  -66.883  -6.524 0.4000000060
83048  -37.214  -67.895  -6.991 0.4000000060
81892  -37.343  -67.724  -8.448 0.4000000060
94474  -37.872  -67.942  -9.783 0.4000000060
93243  -37.940  -69.068  -9.244 0.3000000119
94613  -38.236  -67.508  -10.303 0.3000000119
3728  -33.001  -64.911  -3.981 0.6000000238
4023  -34.158  -63.347  -6.943 0.4000000060
4761  -33.529  -61.620  -4.791 0.5000000000
3761  -34.536  -64.640  -8.469 0.4000000060
92479  -32.318  -61.574  -5.691 0.6000000238
90856  -32.439  -61.452  -4.943 0.6000000238
4774  -31.532  -61.692  -6.660 0.6000000238
3563  -35.106  -66.008  -10.001 0.4000000060
88724  -36.488  -66.391  -9.877 0.4000000060
82729  -36.927  -66.576  -8.645 0.4000000060
76796  -37.171  -66.786  -10.317 0.4000000060
83596  -36.534  -66.454  -10.847 0.4000000060
2151  -36.572  -71.428  -2.616 0.3000000119
2400  -35.980  -70.706  -2.419 0.3000000119
4754  -32.584  -61.483  -4.293 0.6000000238
85315  -37.597  -66.769  -10.644 0.4000000060
1729  -38.017  -74.060  -0.017 0.3000000119
2152  -37.137  -72.599  -1.936 0.3000000119
4532  -32.993  -62.185  -3.805 0.6999999881
4996  -31.298  -61.145  -4.630 0.6999999881
5216  -30.945  -60.267  -4.480 0.6999999881
4752  -32.614  -61.638  -3.541 0.6000000238
5396  -31.024  -59.433  -4.958 0.6999999881
4751  -31.946  -61.211  -3.981 0.6999999881
4536  -33.702  -62.040  -5.109 0.5000000000
4282  -33.868  -62.820  -6.048 0.5000000000
4767  -33.440  -61.444  -5.032 0.5000000000
4024  -34.460  -63.913  -7.715 0.4000000060
4775  -31.847  -61.611  -6.915 0.6000000238
5008  -32.467  -61.377  -6.143 0.6000000238
3764  -34.610  -64.987  -9.256 0.4000000060
98608  -31.268  -60.496  -9.419 0.6000000238
5018  -31.365  -60.728  -9.015 0.6000000238
3562  -34.698  -65.509  -9.853 0.4000000060
4759  -31.616  -61.657  -5.667 0.6000000238
4758  -31.205  -61.449  -6.080 0.6000000238
4773  -31.028  -61.194  -7.313 0.6000000238
5410  -31.051  -59.329  -8.971 0.6000000238
5411  -31.680  -58.732  -9.376 0.6000000238
76801  -35.599  -66.383  -10.880 0.4000000060
3773  -37.361  -65.055  -11.034 0.4000000060
5007  -30.805  -60.878  -6.179 0.6000000238
5220  -30.622  -60.242  -6.828 0.6000000238
5405  -30.920  -59.414  -7.601 0.6000000238
5609  -32.152  -58.227  -7.265 0.6000000238
5839  -33.236  -56.729  -5.990 0.6000000238
3567  -36.556  -66.143  -11.126 0.4000000060
85916  -37.632  -65.637  -11.031 0.4000000060
4753  -31.752  -61.423  -4.873 0.6000000238
5401  -31.518  -58.685  -6.801 0.6000000238
5610  -32.790  -57.624  -6.086 0.6000000238
5002  -30.985  -60.962  -5.337 0.6000000238
5400  -30.919  -59.395  -6.163 0.6000000238
6373  -33.872  -54.806  -6.858 0.6000000238
5836  -32.853  -56.618  -5.660 0.6000000238
6199  -33.079  -55.783  -5.906 0.6000000238
98384  -33.786  -54.068  -6.925 0.6000000238
5397  -31.524  -58.706  -5.504 0.6000000238
5606  -32.129  -57.908  -5.916 0.6000000238
6370  -33.424  -54.196  -6.422 0.6000000238
5835  -32.503  -57.149  -5.598 0.5000000000
4988  -31.358  -60.650  -3.784 0.6999999881
5393  -31.528  -58.726  -4.448 0.6999999881
5604  -31.886  -58.074  -4.973 0.5000000000
5831  -32.542  -56.538  -5.300 0.6000000238
5832  -32.754  -56.028  -5.510 0.5000000000
89606  -32.849  -54.905  -5.653 0.5000000000
90873  -32.742  -55.499  -5.467 0.6000000238
6540  -33.456  -53.616  -2.171 0.6000000238
6358  -32.789  -54.744  -2.393 0.6000000238
4284  -34.437  -63.382  -7.950 0.5000000000
4027  -34.527  -64.300  -8.762 0.4000000060
5229  -31.825  -59.289  -9.843 0.5000000000
5014  -31.968  -61.054  -7.809 0.5000000000
5225  -32.532  -59.925  -7.937 0.5000000000
4291  -34.694  -64.058  -9.299 0.4000000060
4292  -35.127  -63.668  -9.608 0.4000000060
5412  -32.373  -58.908  -9.437 0.5000000000
5407  -32.634  -58.875  -8.131 0.5000000000
3770  -35.007  -65.738  -10.926 0.4000000060
4034  -35.136  -64.998  -10.713 0.4000000060
4035  -35.972  -64.632  -10.917 0.4000000060
91045  -33.322  -57.514  -6.207 0.5000000000
5617  -32.421  -58.430  -8.976 0.5000000000
4041  -35.612  -65.453  -11.267 0.4000000060
6020  -33.603  -56.234  -6.206 0.6000000238
6201  -33.671  -55.609  -6.489 0.6000000238
6556  -34.368  -53.469  -7.706 0.4000000060
6374  -34.317  -54.244  -7.412 0.4000000060
6553  -33.506  -53.568  -6.598 0.6000000238
6555  -33.892  -53.526  -7.193 0.6000000238
6795  -33.979  -52.871  -7.452 0.5000000000
6796  -34.442  -52.782  -7.989 0.4000000060
6552  -33.165  -53.647  -6.051 0.6000000238
7065  -34.101  -52.191  -7.621 0.5000000000
7067  -34.571  -52.057  -8.257 0.4000000060
5828  -32.218  -57.258  -4.989 0.6000000238
6369  -33.012  -54.183  -5.813 0.5000000000
7064  -33.794  -52.395  -7.053 0.5000000000
7347  -34.315  -51.349  -7.664 0.5000000000
6792  -33.152  -53.028  -6.129 0.5000000000
7050  -34.293  -51.612  -2.208 0.6999999881
6778  -33.975  -52.386  -2.658 0.6000000238
7330  -34.337  -50.849  -2.680 0.6999999881
7633  -34.274  -50.113  -3.048 0.6000000238
90061  -33.149  -53.968  -2.666 0.6000000238
87477  -33.917  -51.560  -3.202 0.6000000238
7639  -34.164  -49.421  -3.404 0.6000000238
7993  -34.096  -48.703  -3.764 0.6000000238
6777  -33.325  -53.118  -2.945 0.6000000238
7331  -33.984  -50.791  -3.548 0.6000000238
4544  -34.111  -62.962  -7.074 0.5000000000
6189  -32.530  -55.557  -2.601 0.5000000000
6360  -32.865  -54.322  -3.112 0.5000000000
7638  -34.090  -50.109  -3.801 0.5000000000
5221  -32.719  -60.666  -6.509 0.5000000000
4545  -34.364  -62.766  -7.580 0.5000000000
4287  -34.644  -63.607  -8.748 0.4000000060
6544  -32.812  -53.647  -3.422 0.5000000000
7055  -33.389  -51.426  -4.059 0.5000000000
7334  -33.813  -50.704  -4.116 0.5000000000
4288  -34.886  -63.308  -9.085 0.4000000060
4561  -35.502  -63.080  -9.289 0.4000000060
4562  -36.387  -62.988  -9.214 0.4000000060
6190  -32.719  -54.982  -3.243 0.5000000000
6782  -32.710  -52.891  -3.834 0.6000000238
4293  -35.868  -63.431  -9.711 0.4000000060
6362  -32.672  -54.283  -3.794 0.6000000238
5840  -33.894  -56.900  -6.194 0.4000000060
5202  -31.409  -59.669  -2.715 0.6000000238
6202  -34.350  -55.637  -7.060 0.5000000000
6205  -34.533  -55.022  -7.355 0.4000000060
5389  -31.309  -59.331  -3.234 0.6000000238
5209  -31.205  -59.931  -3.504 0.6000000238
5392  -31.182  -59.406  -3.977 0.6000000238
6559  -34.961  -53.452  -8.166 0.4000000060
6014  -32.432  -56.533  -4.590 0.6000000238
6017  -32.643  -55.818  -4.919 0.6000000238
6366  -32.688  -54.131  -5.257 0.6000000238
7634  -34.281  -49.420  -2.568 0.6999999881
7990  -34.150  -48.788  -3.008 0.6000000238
101703  -34.120  -48.372  -3.314 0.6000000238
8336  -34.265  -47.881  -3.652 0.6999999881
101451  -34.192  -48.317  -4.185 0.6000000238
5009  -33.308  -60.998  -5.348 0.5000000000
4537  -34.015  -61.977  -5.361 0.5000000000
4540  -34.193  -62.539  -6.463 0.5000000000
7644  -34.201  -49.444  -4.173 0.6000000238
4552  -34.639  -63.037  -8.428 0.5000000000
4553  -35.267  -62.765  -8.726 0.4000000060
7643  -33.981  -50.182  -4.476 0.6000000238
89393  -34.249  -48.738  -4.543 0.5000000000
5602  -31.832  -58.026  -2.986 0.6000000238
5825  -32.108  -57.210  -3.315 0.4000000060
6193  -32.633  -55.798  -3.424 0.6000000238
6546  -32.516  -53.506  -4.173 0.6000000238
7054  -32.749  -52.248  -4.410 0.6000000238
5614  -33.851  -57.742  -6.237 0.4000000060
5408  -33.254  -58.559  -6.616 0.4000000060
6012  -32.440  -56.526  -3.714 0.5000000000
89362  -32.451  -52.906  -4.456 0.6000000238
7338  -33.584  -50.919  -4.637 0.6000000238
6021  -34.311  -56.381  -6.610 0.5000000000
5390  -31.553  -58.718  -3.516 0.6000000238
92642  -32.678  -55.146  -4.181 0.6000000238
7058  -33.107  -51.612  -4.824 0.6000000238
97270  -32.192  -57.070  -4.135 0.5000000000
6364  -32.581  -54.197  -4.586 0.6000000238
6785  -32.525  -52.729  -5.000 0.6000000238
7057  -32.730  -52.169  -5.080 0.6000000238
87721  -31.887  -57.853  -4.044 0.6000000238
6548  -32.488  -53.417  -4.852 0.6000000238
89157  -32.681  -54.944  -5.041 0.6000000238
6550  -32.720  -53.343  -5.528 0.5000000000
6789  -33.409  -52.255  -6.335 0.5000000000
7629  -34.341  -50.104  -2.117 0.6999999881
7630  -34.319  -49.349  -1.617 0.6999999881
7986  -34.301  -48.663  -2.137 0.6999999881
8331  -34.296  -48.129  -2.750 0.6000000238
8654  -34.504  -47.115  -3.359 0.6000000238
88880  -34.585  -46.174  -4.180 0.5000000000
8657  -34.399  -47.043  -4.241 0.5000000000
4776  -34.586  -61.860  -5.865 0.5000000000
4546  -34.985  -62.501  -7.981 0.5000000000
5226  -32.985  -59.533  -6.657 0.4000000060
4768  -34.061  -61.431  -5.084 0.4000000060
89789  -34.254  -49.492  -5.078 0.6000000238
7649  -33.967  -50.406  -5.197 0.6000000238
7341  -33.556  -51.149  -5.357 0.5000000000
6788  -32.817  -52.529  -5.602 0.6000000238
7060  -33.116  -51.832  -5.556 0.5000000000
7983  -34.467  -48.507  -1.178 0.6999999881
8327  -34.701  -47.778  -1.745 0.6999999881
8652  -34.637  -46.664  -2.665 0.6000000238
91503  -34.541  -47.436  -2.683 0.6999999881
92513  -34.573  -46.520  -3.476 0.4000000060
92469  -34.237  -49.200  -0.688 0.6999999881
8994  -34.730  -46.467  -1.699 0.6000000238
98223  -34.751  -47.085  -1.958 0.6000000238
7978  -34.333  -48.295  -0.373 0.6999999881
8324  -34.722  -47.662  -0.726 0.6999999881
91244  -34.813  -45.349  -3.970 0.5000000000
7977  -33.942  -48.926  -0.064 0.6999999881
8318  -34.060  -48.141  0.106 0.6000000238
8638  -34.362  -46.989  0.103 0.6000000238
8311  -34.104  -47.545  0.261 0.6000000238
8979  -33.806  -46.382  -0.069 0.5000000000
97357  -33.826  -43.934  0.028 0.5000000000
4541  -34.734  -62.244  -7.034 0.4000000060
92044  -34.618  -45.852  -2.468 0.5000000000
102551  -34.636  -46.221  -2.994 0.5000000000
8649  -34.864  -47.069  -1.129 0.6000000238
91778  -34.803  -45.127  -3.022 0.5000000000
8998  -34.681  -45.872  -3.352 0.5000000000
8646  -34.701  -46.995  -0.374 0.6999999881
8990  -34.738  -46.410  -0.828 0.6000000238
91143  -34.499  -45.724  -1.485 0.6000000238
9340  -34.682  -44.981  -2.090 0.6000000238
9749  -34.828  -44.068  -4.419 0.5000000000
8319  -34.455  -47.551  -0.048 0.6999999881
91565  -34.431  -44.856  -1.158 0.6000000238
9744  -34.680  -44.090  -1.742 0.6000000238
8986  -34.474  -46.380  -0.262 0.6000000238
9335  -34.331  -45.719  -0.792 0.6000000238
9334  -34.172  -45.070  -0.601 0.6000000238
99803  -34.516  -44.104  -0.935 0.6000000238
87100  -33.971  -45.654  -0.454 0.5000000000
9737  -33.747  -44.768  -0.293 0.5000000000
9741  -34.264  -44.419  -0.465 0.5000000000
10161  -34.413  -43.674  -0.324 0.6000000238
10162  -34.666  -43.439  -1.034 0.6000000238
9329  -32.948  -44.329  0.121 0.5000000000
10157  -34.717  -42.864  -0.219 0.6000000238
10155  -33.353  -43.388  0.540 0.5000000000
10156  -34.165  -43.057  0.370 0.5000000000
89353  -34.923  -44.422  -3.658 0.5000000000
9746  -34.885  -44.331  -2.652 0.6000000238
10167  -34.967  -43.674  -3.082 0.5000000000
97705  -34.904  -43.688  -2.371 0.6999999881
87971  -35.020  -43.082  -2.549 0.6999999881
10164  -34.851  -43.237  -1.800 0.6000000238
10637  -34.915  -42.474  -1.901 0.6999999881
10632  -34.915  -42.617  -1.018 0.6000000238
10628  -35.084  -42.057  -0.101 0.6000000238
11158  -35.048  -41.612  -0.979 0.6999999881
97262  -32.816  -42.919  0.729 0.5000000000
10626  -33.689  -42.424  0.800 0.5000000000
10627  -34.717  -42.166  0.630 0.6000000238
11153  -34.111  -41.498  0.653 0.4000000060
11686  -34.181  -40.783  0.064 0.5000000000
10171  -34.889  -43.580  -3.914 0.5000000000
10642  -34.956  -42.870  -3.409 0.5000000000
11167  -34.708  -41.977  -3.279 0.5000000000
91662  -34.912  -42.451  -2.693 0.6999999881
11698  -34.646  -40.856  -1.735 0.6000000238
11690  -34.730  -40.709  -0.686 0.6999999881
11154  -34.902  -41.250  0.158 0.6000000238
91708  -32.954  -40.919  0.242 0.5000000000
97495  -34.572  -40.708  -0.204 0.6000000238
11688  -33.481  -40.350  -0.301 0.5000000000
11164  -34.825  -41.743  -2.288 0.6000000238
11702  -34.431  -41.134  -2.943 0.5000000000
11701  -34.148  -40.159  -2.489 0.5000000000
11697  -34.312  -40.151  -1.377 0.5000000000
11689  -34.198  -40.237  -0.590 0.6000000238
12251  -32.249  -39.430  -0.673 0.4000000060
12252  -33.258  -39.802  -0.985 0.5000000000
100268  -28.778  -37.332  -0.431 0.4000000060
14444  -28.187  -36.368  -2.162 0.3000000119
14435  -28.698  -36.568  -0.701 0.4000000060
12266  -33.873  -39.771  -3.449 0.5000000000
13912  -29.641  -36.858  0.517 0.3000000119
13322  -30.978  -37.202  1.397 0.3000000119
14436  -29.782  -36.056  0.238 0.4000000060
12262  -33.845  -39.457  -1.944 0.5000000000
13326  -31.997  -37.418  2.089 0.3000000119
12825  -33.516  -39.350  -1.528 0.6999999881
12253  -33.895  -39.821  -1.267 0.6000000238
12824  -32.795  -39.017  -1.259 0.4000000060
13329  -32.794  -38.351  -1.276 0.4000000060
15024  -27.263  -35.960  -2.156 0.3000000119
15025  -27.934  -35.432  -2.081 0.3000000119
14445  -28.788  -35.614  -0.884 0.4000000060
102879  -33.871  -39.360  -2.736 0.5000000000
13913  -31.077  -36.475  1.114 0.4000000060
12840  -33.819  -38.666  -2.515 0.5000000000
13323  -32.094  -36.733  1.836 0.4000000060
12834  -33.491  -38.627  -1.828 0.5000000000
12823  -32.277  -38.396  -0.164 0.3000000119
13339  -33.261  -37.815  -1.671 0.4000000060
15036  -27.411  -36.391  -2.393 0.3000000119
12844  -33.891  -38.867  -3.462 0.4000000060
88669  -30.072  -35.387  0.197 0.4000000060
13346  -33.977  -38.049  -3.011 0.4000000060
13340  -33.817  -37.910  -2.250 0.5000000000
13327  -32.240  -37.070  0.954 0.3000000119
98480  -32.647  -36.888  -0.474 0.3000000119
15049  -27.907  -35.809  -3.373 0.3000000119
15602  -27.404  -35.273  -2.431 0.3000000119
15603  -28.326  -34.590  -2.132 0.4000000060
99227  -28.642  -34.930  -1.317 0.4000000060
12846  -33.887  -38.854  -4.505 0.4000000060
13355  -33.967  -38.148  -5.004 0.4000000060
97467  -34.111  -37.651  -3.318 0.4000000060
13921  -31.251  -35.736  0.742 0.3000000119
13922  -32.290  -36.263  1.170 0.3000000119
15050  -28.312  -36.530  -4.285 0.3000000119
15609  -28.324  -34.637  -3.007 0.4000000060
13959  -34.177  -37.353  -4.562 0.4000000060
13351  -34.046  -38.024  -3.936 0.4000000060
15026  -29.712  -34.840  -0.254 0.4000000060
15027  -31.217  -34.772  0.855 0.3000000119
13943  -34.124  -37.280  -2.691 0.4000000060
14446  -32.246  -35.505  0.548 0.3000000119
13932  -33.626  -37.203  -2.026 0.5000000000
13328  -32.597  -37.655  -0.829 0.4000000060
16024  -28.319  -33.812  -2.453 0.3000000119
14492  -34.185  -36.656  -5.033 0.4000000060
15604  -29.273  -34.285  -0.997 0.3000000119
14480  -34.342  -36.573  -4.042 0.4000000060
14470  -34.306  -36.498  -2.984 0.4000000060
13950  -34.233  -37.236  -3.589 0.4000000060
14458  -33.915  -36.548  -2.319 0.4000000060
13923  -32.396  -36.174  0.291 0.3000000119
14456  -32.626  -36.333  -1.061 0.3000000119
14457  -33.085  -36.532  -1.892 0.3000000119
16025  -28.903  -33.660  -1.772 0.3000000119
14481  -34.457  -35.768  -3.463 0.4000000060
15028  -32.104  -34.650  0.073 0.3000000119
98450  -33.306  -36.035  -2.248 0.3000000119
15605  -31.948  -33.711  -0.126 0.3000000119
15052  -34.128  -35.698  -2.528 0.3000000119
15619  -34.418  -34.958  -3.043 0.3000000119
89977  -32.313  -35.369  -0.489 0.3000000119
16031  -31.233  -32.727  -0.054 0.3000000119
98732  -32.144  -34.318  -0.709 0.3000000119
102521  -32.034  -33.683  -0.620 0.3000000119
16026  -31.839  -33.141  -0.563 0.3000000119
1996  -32.933  -72.218  -6.967 0.6000000238
1995  -30.846  -72.800  -6.684 0.5000000000
1993  -29.457  -72.328  -6.266 0.5000000000
97659  -28.712  -71.379  -6.362 0.5000000000
1807  -30.180  -72.919  -6.132 0.5000000000
1433  -31.804  -74.739  -5.360 0.5000000000
2710  -33.461  -70.204  -6.526 0.6999999881
2423  -35.149  -70.049  -5.316 0.6999999881
2455  -31.923  -70.678  -7.590 0.6999999881
1801  -30.677  -74.168  -5.463 0.4000000060
2717  -32.184  -69.773  -7.624 0.6999999881
1812  -34.876  -73.236  -6.942 0.5000000000
1755  -37.871  -74.354  -0.885 0.3000000119
1999  -36.126  -72.629  -7.403 0.5000000000
2444  -37.680  -71.379  -8.174 0.3000000119
84602  -36.069  -65.495  -5.974 0.6000000238
85494  -36.017  -66.464  -4.131 0.6000000238
3111  -34.279  -67.903  -4.801 0.6999999881
2136  -33.746  -71.570  -1.296 0.3000000119
100392  -33.662  -68.510  -5.898 0.6999999881
2189  -34.638  -72.248  -6.736 0.5000000000
1627  -33.333  -73.672  -7.463 0.6000000238
1618  -32.034  -73.828  -7.073 0.5000000000
2953  -32.779  -68.600  -6.964 0.6000000238
2716  -31.728  -69.156  -8.160 0.6999999881
3113  -32.187  -67.512  -6.289 0.5000000000
2972  -30.475  -68.795  -8.857 0.5000000000
1770  -38.148  -73.687  -1.991 0.3000000119
3288  -32.483  -66.516  -4.725 0.6000000238
2971  -29.766  -68.516  -9.030 0.5000000000
2424  -36.002  -70.331  -5.655 0.5000000000
1962  -39.161  -72.975  -2.573 0.3000000119
91794  -35.145  -70.946  -1.645 0.3000000119
5218  -30.732  -60.169  -5.589 0.6000000238
5017  -31.195  -60.813  -8.728 0.6000000238
3769  -34.765  -65.431  -10.260 0.4000000060
5612  -32.192  -58.356  -8.770 0.6000000238
6377  -34.862  -54.032  -7.874 0.4000000060
4989  -31.811  -60.846  -3.224 0.6000000238
7052  -33.208  -52.227  -3.543 0.6000000238
6196  -32.603  -55.984  -4.166 0.5000000000
13338  -32.906  -37.106  -1.409 0.3000000119
15064  -28.285  -35.729  -4.475 0.3000000119
86674  -30.911  -34.263  -0.010 0.3000000119
3332  -24.941  -67.391  -10.317 0.5000000000
3333  -25.883  -67.399  -10.321 0.5000000000
101013  -26.720  -67.482  -10.014 0.5000000000
3138  -27.329  -67.708  -9.619 0.4000000060
3558  -26.095  -66.539  -9.073 0.5000000000
3325  -25.908  -66.931  -9.853 0.5000000000
3326  -26.691  -67.186  -9.956 0.5000000000
3328  -28.025  -67.402  -8.818 0.5000000000
3133  -28.344  -67.873  -8.919 0.5000000000
3134  -29.217  -68.121  -8.891 0.4000000060
3554  -26.824  -66.601  -7.648 0.4000000060
3316  -26.835  -66.697  -8.893 0.5000000000
3122  -29.680  -67.669  -8.230 0.4000000060
3307  -27.651  -66.799  -7.224 0.5000000000
3308  -28.500  -66.919  -6.902 0.5000000000
3317  -27.515  -66.985  -8.313 0.5000000000
3309  -29.342  -67.022  -6.646 0.5000000000
3319  -29.108  -67.269  -7.564 0.5000000000
3310  -30.209  -67.106  -6.504 0.5000000000
3321  -30.719  -67.325  -7.245 0.4000000060
3300  -28.735  -66.606  -6.055 0.5000000000
3302  -30.601  -67.001  -5.708 0.5000000000
3303  -31.329  -67.134  -5.827 0.5000000000
3272  -32.083  -67.028  -2.317 0.5000000000
3292  -30.240  -66.845  -4.877 0.5000000000
86551  -30.671  -67.101  -4.255 0.5000000000
89793  -31.334  -67.272  -3.953 0.5000000000
3293  -31.127  -67.053  -4.993 0.5000000000
3287  -31.965  -67.006  -4.043 0.5000000000
88447  -31.819  -66.989  -4.964 0.5000000000
3294  -31.674  -67.067  -5.506 0.5000000000
3280  -31.867  -67.220  -3.186 0.5000000000
3273  -32.476  -66.846  -2.859 0.5000000000
3983  -33.058  -63.874  -2.637 0.5000000000
3281  -32.442  -66.776  -3.615 0.5000000000
3992  -33.179  -64.746  -2.926 0.5000000000
3725  -32.999  -65.512  -3.225 0.5000000000
89250  -32.735  -65.964  -3.916 0.5000000000
4747  -32.270  -61.273  -3.046 0.5000000000
92561  -33.165  -63.899  -3.573 0.5000000000
4985  -31.480  -60.314  -2.931 0.5000000000
6354  -32.593  -54.789  -1.505 0.5000000000
6355  -33.118  -54.176  -1.836 0.6000000238
6352  -32.846  -54.131  -1.046 0.5000000000
6536  -33.407  -53.573  -1.424 0.5000000000
6541  -33.868  -53.061  -1.990 0.6000000238
6774  -34.225  -52.338  -1.641 0.6000000238
7047  -34.291  -51.568  -1.188 0.5000000000
7328  -34.346  -50.827  -1.646 0.6000000238
89498  -34.136  -52.166  -0.823 0.5000000000
7325  -34.163  -50.797  -0.647 0.5000000000
7624  -34.288  -50.052  -1.097 0.5000000000
7621  -33.896  -49.893  -0.185 0.5000000000
7971  -33.543  -48.658  0.305 0.6000000238
92691  -33.542  -49.335  0.271 0.5000000000
8637  -33.902  -47.089  0.183 0.6000000238
8310  -33.660  -48.057  0.226 0.6000000238
1963  -40.014  -72.188  -2.969 0.3000000119
2415  -40.497  -70.896  -3.644 0.3000000119
2177  -39.462  -71.498  -4.444 0.3000000119
2929  -39.943  -68.888  -4.621 0.3000000119
99169  -39.417  -70.452  -5.534 0.3000000119
2168  -39.335  -72.037  -4.284 0.3000000119
1973  -39.504  -72.602  -3.646 0.3000000119
3329  -28.811  -67.608  -8.432 0.4000000060
3320  -29.931  -67.326  -7.364 0.5000000000
3301  -29.620  -66.809  -5.672 0.5000000000
3286  -30.559  -67.357  -3.481 0.5000000000
3516  -32.740  -66.508  -2.192 0.5000000000
3719  -33.224  -65.631  -2.238 0.5000000000
3520  -32.835  -66.295  -2.986 0.5000000000
4268  -33.075  -63.052  -3.259 0.5000000000
2169  -40.060  -71.768  -3.862 0.3000000119
2696  -39.419  -70.173  -6.025 0.3000000119
2685  -40.186  -70.245  -3.996 0.3000000119
2414  -39.859  -70.903  -4.273 0.3000000119
2697  -39.776  -70.013  -4.838 0.3000000119
100755  -39.735  -69.519  -5.279 0.3000000119
1434  -32.665  -74.886  -5.511 0.5000000000
1440  -31.271  -74.573  -5.897 0.4000000060
1441  -32.095  -74.790  -6.183 0.5000000000
1446  -32.519  -74.613  -6.863 0.4000000060
1607  -34.916  -74.004  -5.434 0.4000000060
1613  -34.673  -74.029  -6.240 0.5000000000
1619  -32.932  -74.213  -7.251 0.5000000000
1620  -33.611  -74.074  -7.065 0.5000000000
1621  -34.367  -73.803  -6.750 0.5000000000
1626  -32.661  -73.810  -7.419 0.6000000238
1741  -37.807  -74.303  -0.448 0.3000000119
1753  -34.560  -72.405  -2.257 0.3000000119
1754  -37.745  -74.126  -1.446 0.3000000119
1781  -35.260  -73.137  -4.001 0.3000000119
1783  -37.770  -73.243  -3.084 0.3000000119
1793  -35.955  -73.065  -4.544 0.4000000060
1802  -35.829  -73.288  -6.642 0.4000000060
1803  -36.352  -73.240  -6.187 0.4000000060
1808  -31.306  -73.716  -6.611 0.5000000000
1811  -34.068  -73.460  -7.057 0.5000000000
1815  -37.041  -72.859  -6.707 0.4000000060
1819  -32.844  -73.137  -7.280 0.6000000238
1939  -38.776  -73.251  -0.297 0.3000000119
1949  -38.706  -73.387  -1.225 0.3000000119
1960  -36.678  -72.199  -3.579 0.3000000119
1985  -28.935  -71.876  -6.116 0.5000000000
1986  -29.225  -72.321  -5.774 0.5000000000
1987  -37.415  -72.400  -7.024 0.4000000060
1992  -29.065  -71.682  -6.599 0.5000000000
1997  -34.576  -72.997  -7.031 0.5000000000
2000  -37.472  -72.087  -7.489 0.4000000060
2005  -30.475  -72.059  -7.201 0.5000000000
2007  -32.156  -72.402  -7.238 0.6000000238
2124  -33.795  -70.984  -1.073 0.3000000119
2138  -35.399  -71.409  -2.063 0.3000000119
2161  -37.025  -72.238  -2.895 0.3000000119
2175  -28.598  -71.367  -5.406 0.5000000000
2181  -28.652  -71.373  -6.019 0.6000000238
2183  -35.434  -71.560  -6.561 0.5000000000
2184  -36.314  -71.660  -7.242 0.5000000000
2185  -38.461  -71.446  -6.754 0.3000000119
2187  -33.138  -71.255  -6.719 0.8000000119
2352  -32.110  -70.642  0.486 0.3000000119
2378  -33.420  -70.346  -0.645 0.3000000119
2421  -27.994  -70.112  -5.506 0.6000000238
2426  -39.412  -70.883  -5.098 0.3000000119
2430  -27.965  -70.121  -6.199 0.6000000238
2432  -34.200  -70.449  -5.957 0.6999999881
2434  -35.326  -70.716  -5.867 0.8000000119
2443  -37.135  -71.544  -7.831 0.5000000000
2445  -38.229  -71.175  -7.828 0.3000000119
2454  -31.185  -70.859  -7.937 0.6000000238
2460  -28.958  -70.255  -8.120 0.6000000238
2462  -31.527  -70.058  -8.131 0.6000000238
2692  -34.813  -69.393  -4.970 0.6999999881
2693  -35.468  -69.526  -4.931 0.6999999881
2694  -36.342  -69.626  -5.260 0.5000000000
2704  -36.857  -70.327  -6.341 0.4000000060
2721  -27.830  -68.999  -8.401 0.6000000238
2725  -31.043  -69.442  -8.528 0.6999999881
2925  -25.737  -68.203  -4.387 0.5000000000
2928  -34.918  -68.339  -4.336 0.6999999881
2938  -35.716  -68.823  -4.563 0.6000000238
2939  -36.673  -68.993  -5.173 0.4000000060
2954  -33.471  -69.089  -6.379 0.6999999881
2970  -28.997  -68.656  -9.032 0.5000000000
2973  -31.209  -68.616  -8.526 0.5000000000
2978  -28.346  -68.129  -9.077 0.5000000000
3114  -32.766  -67.684  -6.015 0.6000000238
3120  -33.184  -68.262  -6.346 0.6000000238
3123  -30.523  -67.603  -8.017 0.5000000000
3279  -31.077  -67.464  -3.138 0.5000000000
3290  -35.494  -67.143  -4.005 0.6999999881
3304  -32.213  -67.189  -5.727 0.5000000000
3311  -30.993  -67.205  -6.474 0.4000000060
3312  -31.637  -67.353  -6.442 0.5000000000
3318  -28.282  -67.176  -7.856 0.5000000000
3327  -27.373  -67.229  -9.432 0.5000000000
3334  -27.190  -67.465  -9.887 0.5000000000
3335  -27.687  -67.685  -9.338 0.5000000000
3541  -35.381  -65.566  -5.270 0.5000000000
3564  -35.033  -66.104  -10.558 0.4000000060
3565  -35.473  -66.081  -11.096 0.4000000060
3566  -35.971  -66.269  -11.135 0.4000000060
3765  -34.757  -65.252  -9.222 0.4000000060
3766  -35.909  -65.607  -8.928 0.4000000060
3771  -36.125  -65.897  -11.359 0.4000000060
3772  -36.939  -65.736  -11.221 0.4000000060
4030  -34.587  -64.935  -9.543 0.4000000060
4031  -34.772  -64.534  -9.986 0.4000000060
4036  -36.939  -64.476  -10.820 0.4000000060
4042  -36.491  -65.204  -11.230 0.4000000060
4300  -35.479  -64.150  -10.207 0.4000000060
4301  -36.445  -63.957  -10.225 0.4000000060
5003  -31.312  -61.477  -5.324 0.6000000238
5013  -31.451  -61.413  -7.864 0.6000000238
5019  -32.003  -59.913  -9.172 0.5000000000
5020  -31.111  -60.194  -9.506 0.6000000238
5224  -30.721  -60.302  -8.304 0.6000000238
5227  -31.418  -60.100  -9.849 0.5000000000
5228  -31.458  -59.298  -9.973 0.6000000238
5406  -31.590  -58.729  -8.235 0.6000000238
5413  -32.051  -58.759  -9.582 0.5000000000
5613  -32.630  -58.349  -7.260 0.5000000000
6793  -33.607  -52.939  -6.813 0.6000000238
76792  -37.240  -69.270  -6.237 0.4000000060
76802  -36.276  -67.367  -4.157 0.6000000238
76808  -36.700  -66.143  -6.184 0.4000000060
82754  -36.344  -65.998  -5.113 0.6000000238
83424  -35.744  -66.446  -10.539 0.4000000060
87031  -37.381  -66.305  -10.929 0.4000000060
87870  -37.740  -69.754  -7.588 0.4000000060
91312  -32.376  -71.476  -0.741 0.3000000119
91414  -36.913  -67.700  -5.548 0.4000000060
91464  -29.023  -69.500  -8.729 0.5000000000
92308  -33.277  -54.911  -6.187 0.6000000238
93244  -38.609  -70.634  -8.800 0.3000000119
93245  -39.759  -69.203  -5.607 0.3000000119
95726  -37.233  -67.478  -7.413 0.4000000060
97504  -33.857  -74.504  -6.464 0.5000000000
98621  -36.663  -67.690  -4.890 0.6000000238
102476  -30.818  -68.318  -8.689 0.5000000000
102758  -32.489  -59.322  -8.902 0.5000000000
102936  -30.751  -73.455  -6.182 0.5000000000
