#!ascii label  , from subject sub-v2s2x29062_ses-1 vox2ras=TkReg
990
54029  26.604  2.474  41.282 0.0000000000
118633  36.745  4.412  45.023 0.0000000000
64005  43.568  11.513  19.136 0.0000000000
57715  34.939  6.513  30.157 0.0000000000
61735  34.995  9.166  38.165 0.0000000000
64113  55.415  11.505  10.557 0.0000000000
109313  43.174  12.146  24.245 0.0000000000
62907  37.426  10.388  23.790 0.0000000000
51727  24.295  -0.823  40.934 0.0000000000
115323  31.913  4.243  43.553 0.0000000000
118150  31.850  6.148  41.011 0.0000000000
54054  28.545  2.289  39.185 0.0000000000
65021  48.152  12.543  13.921 0.0000000000
98824  29.238  3.902  46.058 0.0000000000
53971  26.694  1.804  45.518 0.0000000000
111360  48.630  11.126  18.745 0.0000000000
123604  23.230  1.919  43.371 0.0000000000
49886  20.072  -2.228  43.489 0.0000000000
60768  38.052  8.869  29.047 0.0000000000
60719  34.789  8.238  33.876 0.0000000000
56781  33.379  4.776  35.890 0.0000000000
56751  32.733  5.076  38.041 0.0000000000
64890  42.503  12.834  26.301 0.0000000000
62904  40.847  10.867  23.860 0.0000000000
63920  40.841  11.480  26.426 0.0000000000
66476  45.218  14.740  25.512 0.0000000000
51734  26.307  0.246  39.174 0.0000000000
114288  24.618  -1.550  38.274 0.0000000000
52481  25.436  0.802  40.499 0.0000000000
119324  27.972  4.321  42.752 0.0000000000
118568  27.976  5.775  42.328 0.0000000000
54038  27.493  2.168  40.109 0.0000000000
122526  26.919  -0.132  36.870 0.0000000000
64040  43.642  11.529  16.601 0.0000000000
63969  45.559  11.565  21.235 0.0000000000
62935  46.119  10.179  19.488 0.0000000000
64977  45.628  12.239  16.226 0.0000000000
103186  25.725  0.978  46.580 0.0000000000
53980  24.633  3.844  43.801 0.0000000000
105880  24.298  1.289  45.969 0.0000000000
101117  20.011  2.675  45.841 0.0000000000
53996  20.753  2.897  43.686 0.0000000000
105534  19.475  -1.201  44.674 0.0000000000
101306  18.084  -2.557  44.995 0.0000000000
48884  17.040  -2.820  46.200 0.0000000000
63817  35.496  11.310  35.781 0.0000000000
62748  34.515  10.068  36.247 0.0000000000
59671  33.832  7.259  34.910 0.0000000000
59643  33.587  7.611  36.203 0.0000000000
54950  30.498  3.562  39.384 0.0000000000
100887  31.773  6.896  40.248 0.0000000000
54049  33.012  1.835  39.281 0.0000000000
53266  34.979  1.054  37.804 0.0000000000
59730  36.578  7.712  29.434 0.0000000000
59773  36.080  7.890  26.635 0.0000000000
57750  33.948  6.232  27.182 0.0000000000
66607  56.080  14.262  8.893 0.0000000000
65061  55.375  12.359  9.136 0.0000000000
105648  43.175  11.480  22.065 0.0000000000
63962  40.700  11.806  22.032 0.0000000000
66496  45.169  14.510  23.346 0.0000000000
115428  34.297  3.698  44.321 0.0000000000
116701  36.177  1.111  42.721 0.0000000000
118496  31.895  4.325  42.606 0.0000000000
55866  29.337  4.436  39.921 0.0000000000
52513  30.352  0.992  37.449 0.0000000000
105886  51.148  10.833  16.101 0.0000000000
65017  51.478  11.949  13.643 0.0000000000
65043  52.633  12.294  11.924 0.0000000000
64122  54.140  11.921  9.497 0.0000000000
54895  28.389  3.087  44.065 0.0000000000
54004  26.016  3.711  43.146 0.0000000000
53964  27.807  2.387  46.046 0.0000000000
116924  30.432  4.291  44.738 0.0000000000
64974  48.441  11.846  16.662 0.0000000000
54006  24.783  2.374  42.626 0.0000000000
52465  23.878  0.623  42.657 0.0000000000
51710  22.724  -1.015  42.330 0.0000000000
99135  22.924  3.433  44.927 0.0000000000
51703  21.856  -0.274  43.461 0.0000000000
48864  15.280  -3.030  47.838 0.0000000000
63889  39.931  11.106  28.980 0.0000000000
60755  36.353  8.385  31.195 0.0000000000
119906  36.298  9.543  33.482 0.0000000000
59699  34.444  7.490  32.216 0.0000000000
57679  32.766  6.233  33.060 0.0000000000
55915  32.426  3.981  34.227 0.0000000000
121620  33.913  2.047  34.915 0.0000000000
115722  36.050  2.895  40.196 0.0000000000
115398  34.316  6.557  39.509 0.0000000000
60675  32.973  7.932  38.178 0.0000000000
56760  33.555  4.950  36.956 0.0000000000
54093  34.806  2.030  36.519 0.0000000000
61870  37.435  9.344  26.610 0.0000000000
60829  35.646  7.949  23.887 0.0000000000
65722  42.595  13.027  27.163 0.0000000000
64906  41.271  11.615  25.993 0.0000000000
124023  41.436  12.060  27.219 0.0000000000
65735  44.085  13.599  26.891 0.0000000000
53242  26.545  1.432  40.167 0.0000000000
51724  25.944  0.405  39.964 0.0000000000
53232  26.013  1.404  40.645 0.0000000000
54909  26.912  3.967  42.525 0.0000000000
110074  27.471  3.500  41.147 0.0000000000
54028  27.090  2.356  40.696 0.0000000000
52487  27.047  0.882  39.177 0.0000000000
64022  43.447  11.597  17.621 0.0000000000
63980  44.414  11.097  20.373 0.0000000000
112205  45.693  10.486  20.581 0.0000000000
64004  44.410  11.175  19.031 0.0000000000
64021  44.298  11.565  18.078 0.0000000000
53192  18.262  2.216  44.939 0.0000000000
122072  19.269  1.393  44.571 0.0000000000
124280  19.112  -0.374  45.348 0.0000000000
116036  18.944  -1.659  44.936 0.0000000000
101174  18.469  -1.322  45.550 0.0000000000
48900  17.547  -3.182  45.056 0.0000000000
62732  34.755  10.274  37.116 0.0000000000
61755  34.137  9.686  37.011 0.0000000000
60696  33.882  8.290  36.025 0.0000000000
61756  33.815  9.020  37.078 0.0000000000
121897  36.865  4.962  44.328 0.0000000000
51744  31.429  -0.065  38.581 0.0000000000
114422  31.998  2.682  39.298 0.0000000000
51743  32.252  -0.366  38.839 0.0000000000
51753  33.561  -0.937  38.383 0.0000000000
112840  35.425  6.649  29.571 0.0000000000
112032  35.301  6.836  28.057 0.0000000000
64105  55.461  11.458  11.397 0.0000000000
65050  55.865  11.919  11.306 0.0000000000
109070  56.003  12.684  10.883 0.0000000000
110918  55.962  12.980  10.087 0.0000000000
65056  55.756  12.038  10.299 0.0000000000
63951  43.068  11.382  23.035 0.0000000000
63961  42.271  11.661  22.200 0.0000000000
63953  41.689  11.357  22.857 0.0000000000
122989  39.035  11.045  24.235 0.0000000000
63956  39.108  11.385  22.854 0.0000000000
62915  37.679  10.861  22.292 0.0000000000
65761  43.833  13.579  24.635 0.0000000000
109283  44.023  13.474  23.879 0.0000000000
64924  43.921  12.310  22.865 0.0000000000
50897  24.239  -1.510  38.933 0.0000000000
50878  23.450  -1.332  40.361 0.0000000000
118982  32.858  3.617  43.577 0.0000000000
118519  33.482  2.040  42.968 0.0000000000
119387  31.524  4.249  43.205 0.0000000000
54953  28.439  3.274  40.148 0.0000000000
56724  28.253  5.359  40.682 0.0000000000
54952  29.015  2.952  39.530 0.0000000000
54969  29.885  2.951  39.229 0.0000000000
53270  29.205  1.609  37.768 0.0000000000
53290  28.744  1.273  37.087 0.0000000000
55944  31.891  4.097  32.075 0.0000000000
65001  49.718  11.971  14.798 0.0000000000
64068  50.989  11.203  14.978 0.0000000000
65019  49.858  12.266  14.078 0.0000000000
65857  51.189  13.876  11.401 0.0000000000
65855  52.497  13.454  10.450 0.0000000000
65042  53.210  12.139  11.261 0.0000000000
54878  29.079  3.304  45.523 0.0000000000
54885  27.889  2.673  44.468 0.0000000000
108778  28.725  3.476  46.244 0.0000000000
104439  29.724  3.944  45.397 0.0000000000
54883  29.231  3.366  44.275 0.0000000000
64016  49.629  11.109  17.636 0.0000000000
107669  48.444  11.434  17.459 0.0000000000
64990  45.483  12.436  15.361 0.0000000000
53990  26.482  2.856  43.979 0.0000000000
54005  25.536  2.978  42.721 0.0000000000
123862  25.970  2.896  44.089 0.0000000000
99086  24.034  3.843  43.542 0.0000000000
53216  24.109  1.796  42.812 0.0000000000
52457  23.533  1.251  43.154 0.0000000000
122987  22.886  -0.366  42.868 0.0000000000
116997  21.525  2.675  45.701 0.0000000000
51691  20.539  -0.057  44.288 0.0000000000
53208  21.243  0.936  44.047 0.0000000000
50852  21.079  -1.261  43.410 0.0000000000
50864  21.331  -1.805  42.690 0.0000000000
60743  37.645  8.950  31.129 0.0000000000
61772  35.254  9.721  34.694 0.0000000000
62773  36.132  11.021  34.432 0.0000000000
61783  35.698  9.455  33.935 0.0000000000
60731  35.536  8.442  32.784 0.0000000000
123001  35.060  8.141  33.305 0.0000000000
58706  33.382  6.807  32.601 0.0000000000
58678  33.891  7.360  33.715 0.0000000000
56789  33.123  5.535  35.255 0.0000000000
57672  32.543  5.569  34.322 0.0000000000
55910  32.760  3.948  35.017 0.0000000000
55023  33.024  3.158  34.550 0.0000000000
55017  33.155  3.377  35.341 0.0000000000
98825  33.244  3.410  41.247 0.0000000000
118521  36.805  1.747  41.128 0.0000000000
119331  34.248  3.953  40.557 0.0000000000
56752  32.024  5.539  38.525 0.0000000000
116942  32.252  7.280  39.704 0.0000000000
59615  31.827  7.242  38.687 0.0000000000
118567  33.552  7.518  39.125 0.0000000000
59632  32.196  7.450  38.537 0.0000000000
120398  33.005  7.001  37.303 0.0000000000
56761  33.191  5.437  37.388 0.0000000000
122081  34.722  -0.006  36.785 0.0000000000
122993  34.949  1.674  37.237 0.0000000000
61847  39.154  10.105  29.113 0.0000000000
62864  39.077  10.564  27.761 0.0000000000
60782  37.922  8.931  27.927 0.0000000000
58782  35.348  6.716  25.569 0.0000000000
60800  35.702  8.097  25.404 0.0000000000
65877  56.262  13.599  7.707 0.0000000000
64912  42.920  12.586  24.893 0.0000000000
62891  41.977  10.820  23.932 0.0000000000
64905  41.647  11.458  25.273 0.0000000000
106273  40.548  10.915  24.655 0.0000000000
62894  38.998  10.925  25.162 0.0000000000
124584  45.195  14.186  26.837 0.0000000000
65750  43.889  13.646  25.848 0.0000000000
51759  25.145  -1.189  38.068 0.0000000000
51725  25.481  -0.122  40.449 0.0000000000
51717  25.235  0.082  41.123 0.0000000000
118497  30.138  4.059  43.646 0.0000000000
101031  30.517  4.368  43.186 0.0000000000
118472  27.948  4.825  42.653 0.0000000000
54934  27.984  3.737  40.767 0.0000000000
53240  27.819  1.957  39.504 0.0000000000
52514  28.045  0.870  37.323 0.0000000000
53272  27.598  1.069  38.348 0.0000000000
51757  26.530  -0.166  37.514 0.0000000000
65037  47.235  12.437  13.033 0.0000000000
55806  28.839  4.093  47.518 0.0000000000
65790  47.028  12.500  21.210 0.0000000000
63979  47.535  11.167  20.354 0.0000000000
62945  47.465  10.609  19.183 0.0000000000
64018  46.970  11.278  17.567 0.0000000000
64020  45.556  11.050  17.872 0.0000000000
64039  44.479  11.865  16.772 0.0000000000
53189  26.250  1.369  46.065 0.0000000000
53197  25.545  2.193  45.033 0.0000000000
53190  25.621  1.373  45.817 0.0000000000
104217  24.186  2.389  45.152 0.0000000000
99070  23.502  4.214  44.118 0.0000000000
118307  21.252  3.691  45.277 0.0000000000
54901  19.693  3.316  43.849 0.0000000000
108622  20.022  -0.001  44.630 0.0000000000
49878  19.843  -1.674  44.115 0.0000000000
104944  19.062  -3.426  43.968 0.0000000000
62760  35.036  10.614  35.786 0.0000000000
61773  34.713  9.167  35.004 0.0000000000
59670  34.190  7.687  34.227 0.0000000000
60695  34.250  8.568  35.422 0.0000000000
58661  33.631  6.956  35.621 0.0000000000
113908  33.539  6.099  35.807 0.0000000000
57623  30.360  5.817  39.470 0.0000000000
118394  32.033  6.496  40.673 0.0000000000
56742  31.007  5.288  39.261 0.0000000000
56741  31.549  4.916  39.014 0.0000000000
55885  32.203  4.600  38.622 0.0000000000
54983  33.737  3.023  38.023 0.0000000000
54048  33.704  1.835  38.969 0.0000000000
51771  34.364  -0.434  38.025 0.0000000000
59750  37.599  8.464  28.950 0.0000000000
59761  37.027  8.121  27.831 0.0000000000
59752  36.595  7.681  28.249 0.0000000000
58763  35.187  6.918  27.215 0.0000000000
66600  56.059  14.718  9.519 0.0000000000
124735  55.449  12.800  8.563 0.0000000000
63982  43.052  11.620  20.466 0.0000000000
63991  42.218  12.175  19.336 0.0000000000
64935  41.677  12.296  20.669 0.0000000000
63954  40.526  11.441  22.677 0.0000000000
62921  38.722  11.315  21.153 0.0000000000
67207  46.526  15.350  25.979 0.0000000000
67215  46.111  15.402  24.455 0.0000000000
67237  46.685  14.791  22.993 0.0000000000
65786  44.987  13.266  22.297 0.0000000000
63959  44.741  11.660  21.266 0.0000000000
118984  35.603  4.503  44.761 0.0000000000
118979  35.406  4.616  44.041 0.0000000000
118439  34.972  1.684  43.930 0.0000000000
100832  34.000  1.582  41.917 0.0000000000
119071  32.040  4.707  41.879 0.0000000000
115344  29.241  5.822  42.129 0.0000000000
119531  30.039  6.049  41.792 0.0000000000
120774  30.104  5.541  40.020 0.0000000000
55865  30.115  4.303  39.578 0.0000000000
53253  30.815  1.586  38.852 0.0000000000
51756  31.112  -0.371  37.701 0.0000000000
64085  52.801  11.087  13.988 0.0000000000
65842  50.374  13.060  12.673 0.0000000000
65033  51.676  12.333  12.950 0.0000000000
107120  53.020  11.323  13.295 0.0000000000
64108  53.343  11.753  11.983 0.0000000000
64107  54.209  11.377  11.947 0.0000000000
64114  55.059  11.323  10.656 0.0000000000
64120  54.725  11.227  9.830 0.0000000000
109365  26.961  3.631  43.155 0.0000000000
54014  26.087  2.994  42.397 0.0000000000
54897  26.757  3.269  43.523 0.0000000000
122376  27.180  2.282  44.805 0.0000000000
112005  27.345  1.972  45.746 0.0000000000
121923  27.844  3.338  47.339 0.0000000000
53188  26.769  1.579  46.235 0.0000000000
53174  26.228  1.378  47.481 0.0000000000
102967  37.123  4.037  46.008 0.0000000000
117532  35.009  4.299  45.240 0.0000000000
118981  34.127  4.851  44.866 0.0000000000
100966  32.425  4.983  44.529 0.0000000000
118298  32.108  5.570  45.472 0.0000000000
118442  31.114  4.340  44.134 0.0000000000
119362  29.870  3.716  44.097 0.0000000000
55836  28.527  3.613  43.434 0.0000000000
64952  51.239  12.074  17.702 0.0000000000
64052  49.429  11.429  16.385 0.0000000000
65003  48.309  12.387  15.251 0.0000000000
64976  46.565  12.138  16.309 0.0000000000
65004  46.974  12.406  14.796 0.0000000000
65022  47.109  12.396  14.007 0.0000000000
54015  25.803  2.166  41.975 0.0000000000
53223  24.894  1.060  41.567 0.0000000000
52474  24.781  0.443  41.580 0.0000000000
53992  25.125  3.616  43.271 0.0000000000
53215  24.484  1.095  42.162 0.0000000000
50870  23.946  -0.708  41.540 0.0000000000
50871  23.090  -1.187  41.439 0.0000000000
50880  21.903  -2.477  39.795 0.0000000000
119459  23.081  2.292  45.390 0.0000000000
99126  22.703  2.975  44.114 0.0000000000
122590  21.909  1.844  43.833 0.0000000000
53207  22.654  1.832  43.590 0.0000000000
51711  22.348  -0.727  43.041 0.0000000000
48876  16.562  -3.113  46.610 0.0000000000
64869  41.604  12.305  28.502 0.0000000000
60761  38.269  9.132  29.519 0.0000000000
60753  37.704  8.748  30.243 0.0000000000
107776  36.477  7.784  29.948 0.0000000000
113910  35.319  6.930  30.448 0.0000000000
60729  36.833  8.923  32.362 0.0000000000
126385  35.302  7.732  31.374 0.0000000000
58728  34.712  6.747  30.891 0.0000000000
57696  33.307  6.096  31.434 0.0000000000
57697  32.461  5.638  31.779 0.0000000000
56802  31.946  4.890  33.035 0.0000000000
112547  32.776  6.124  33.825 0.0000000000
56797  32.110  4.846  33.908 0.0000000000
55921  32.261  4.031  33.401 0.0000000000
55031  33.492  2.745  33.775 0.0000000000
53345  34.659  1.743  33.977 0.0000000000
60661  35.546  8.335  38.887 0.0000000000
118523  36.517  4.666  43.011 0.0000000000
119514  37.177  4.381  42.132 0.0000000000
125828  37.329  4.566  40.320 0.0000000000
119352  33.513  5.541  40.216 0.0000000000
118478  34.286  5.747  39.904 0.0000000000
119073  36.967  5.136  39.807 0.0000000000
118682  34.949  7.060  39.152 0.0000000000
60651  34.178  7.958  38.772 0.0000000000
60662  34.628  8.531  38.451 0.0000000000
110080  33.193  8.011  37.491 0.0000000000
58632  33.397  6.722  36.508 0.0000000000
56770  33.583  4.842  36.432 0.0000000000
54999  34.049  3.308  37.229 0.0000000000
55009  34.091  3.412  36.617 0.0000000000
55016  33.678  3.360  35.988 0.0000000000
54103  34.209  2.006  35.535 0.0000000000
63910  40.045  11.380  27.587 0.0000000000
62871  39.001  10.821  26.944 0.0000000000
61877  37.622  10.154  25.386 0.0000000000
60791  36.898  8.900  26.402 0.0000000000
119497  36.541  9.138  25.557 0.0000000000
61898  36.334  9.265  23.844 0.0000000000
64119  55.127  11.592  9.641 0.0000000000
111073  42.671  13.112  27.887 0.0000000000
64891  41.822  12.518  26.958 0.0000000000
123948  42.021  12.757  27.768 0.0000000000
65721  43.458  13.354  27.585 0.0000000000
53231  26.560  1.917  40.710 0.0000000000
52480  26.008  1.038  40.086 0.0000000000
53222  26.148  1.930  41.299 0.0000000000
54920  26.514  3.270  41.955 0.0000000000
54935  27.068  3.022  41.225 0.0000000000
64006  42.957  11.639  18.367 0.0000000000
64023  42.604  11.436  17.632 0.0000000000
124658  42.410  11.622  18.050 0.0000000000
106886  44.069  11.173  19.819 0.0000000000
62929  44.802  10.706  19.899 0.0000000000
121832  43.728  11.598  18.468 0.0000000000
108931  18.519  0.560  45.604 0.0000000000
53191  18.765  1.181  45.078 0.0000000000
104286  18.671  -0.343  45.690 0.0000000000
101292  18.076  -2.023  45.446 0.0000000000
61734  35.734  9.201  38.431 0.0000000000
61746  35.352  9.817  37.788 0.0000000000
61747  34.558  9.716  37.571 0.0000000000
61736  33.987  9.202  37.751 0.0000000000
119127  38.334  4.480  45.484 0.0000000000
52498  31.963  0.509  39.042 0.0000000000
51755  31.768  -0.896  38.297 0.0000000000
51754  32.629  -1.076  38.479 0.0000000000
57726  34.589  6.429  29.332 0.0000000000
123697  55.747  11.618  12.018 0.0000000000
63946  43.108  11.491  23.821 0.0000000000
63952  42.425  11.330  22.921 0.0000000000
63947  42.508  11.173  23.557 0.0000000000
62906  38.148  10.844  23.943 0.0000000000
62912  37.903  10.876  23.145 0.0000000000
62913  37.289  10.310  22.851 0.0000000000
61900  36.785  9.611  22.483 0.0000000000
61897  36.848  9.762  23.380 0.0000000000
65762  43.460  12.935  24.243 0.0000000000
64922  43.461  12.227  23.635 0.0000000000
65772  43.830  12.864  23.525 0.0000000000
50877  24.184  -1.138  40.028 0.0000000000
50888  23.460  -1.751  39.190 0.0000000000
53255  28.864  1.972  38.521 0.0000000000
54053  29.383  2.411  38.954 0.0000000000
53289  29.394  1.314  37.021 0.0000000000
55060  32.403  3.240  32.210 0.0000000000
65020  49.084  12.451  14.360 0.0000000000
65036  49.093  12.611  13.489 0.0000000000
65058  53.137  13.057  9.599 0.0000000000
101690  29.657  4.748  46.410 0.0000000000
63977  48.570  11.496  19.423 0.0000000000
64954  49.041  11.582  19.003 0.0000000000
64000  49.241  11.291  18.335 0.0000000000
111881  48.790  11.130  18.017 0.0000000000
53978  26.233  2.289  44.665 0.0000000000
53206  23.756  2.780  43.174 0.0000000000
52466  23.231  0.289  43.052 0.0000000000
52458  22.873  0.889  43.441 0.0000000000
50853  20.455  -1.437  43.757 0.0000000000
51704  20.798  -0.676  43.900 0.0000000000
49885  20.691  -2.107  43.058 0.0000000000
60706  35.066  8.926  34.289 0.0000000000
60718  35.365  8.689  33.573 0.0000000000
59686  34.408  7.810  33.378 0.0000000000
56782  32.932  4.621  35.362 0.0000000000
55909  33.229  4.005  35.712 0.0000000000
119072  34.970  2.061  40.936 0.0000000000
100826  32.894  4.970  40.860 0.0000000000
57630  31.826  6.585  38.576 0.0000000000
110013  31.699  7.106  38.736 0.0000000000
58634  32.032  7.229  38.504 0.0000000000
58633  32.549  6.787  37.932 0.0000000000
57629  32.574  5.967  37.964 0.0000000000
60767  38.639  9.494  29.245 0.0000000000
110212  38.836  9.761  28.735 0.0000000000
61856  38.349  9.234  28.538 0.0000000000
65751  43.103  13.043  25.702 0.0000000000
64913  42.329  12.025  25.160 0.0000000000
64904  42.526  12.579  25.584 0.0000000000
63929  40.666  11.187  25.659 0.0000000000
62893  39.808  11.018  25.416 0.0000000000
66452  46.259  14.553  27.433 0.0000000000
65736  43.300  13.226  26.581 0.0000000000
51735  25.574  -0.253  39.556 0.0000000000
118466  28.732  4.289  42.924 0.0000000000
118510  29.606  4.343  43.058 0.0000000000
56716  27.602  5.021  42.401 0.0000000000
54954  27.729  2.876  40.584 0.0000000000
54037  28.185  2.552  39.849 0.0000000000
53257  27.488  1.483  39.106 0.0000000000
52500  26.813  0.448  38.360 0.0000000000
51745  26.229  -0.181  38.245 0.0000000000
64927  45.781  13.105  21.939 0.0000000000
64933  46.180  12.273  21.458 0.0000000000
62927  46.276  10.213  20.196 0.0000000000
63967  46.925  11.144  20.798 0.0000000000
62925  47.554  10.647  19.821 0.0000000000
62946  46.709  10.457  18.943 0.0000000000
64003  46.484  10.854  18.192 0.0000000000
62947  45.870  10.596  18.593 0.0000000000
107687  44.140  11.749  17.318 0.0000000000
108065  44.860  11.487  17.574 0.0000000000
108912  24.991  1.005  46.229 0.0000000000
104398  23.604  1.747  45.702 0.0000000000
117854  20.364  3.258  46.004 0.0000000000
51693  19.532  -0.354  44.971 0.0000000000
52450  19.546  0.606  44.808 0.0000000000
51692  20.089  -0.757  44.325 0.0000000000
99078  19.540  -2.588  43.912 0.0000000000
124684  19.296  -1.907  44.415 0.0000000000
99038  18.320  -3.322  44.563 0.0000000000
106882  18.808  -2.483  44.541 0.0000000000
98977  17.572  -2.479  45.684 0.0000000000
48893  17.112  -3.140  45.596 0.0000000000
62747  35.113  10.839  36.491 0.0000000000
61764  34.885  9.942  35.416 0.0000000000
110599  34.461  9.384  35.669 0.0000000000
122721  30.414  4.928  39.492 0.0000000000
56743  30.328  5.575  39.549 0.0000000000
55876  30.876  4.407  39.330 0.0000000000
121127  31.637  4.002  39.135 0.0000000000
54966  32.577  3.051  39.075 0.0000000000
55875  32.396  3.776  38.801 0.0000000000
54068  33.290  2.590  38.883 0.0000000000
53250  33.621  1.036  39.322 0.0000000000
51772  33.879  -1.143  37.521 0.0000000000
59740  37.133  8.167  29.154 0.0000000000
59741  36.626  7.667  28.930 0.0000000000
58764  34.520  6.658  27.541 0.0000000000
58774  34.593  6.513  26.797 0.0000000000
64126  54.501  11.690  8.662 0.0000000000
63971  43.778  11.437  20.958 0.0000000000
64940  42.295  12.200  20.137 0.0000000000
63972  42.857  11.637  21.368 0.0000000000
110209  41.466  11.828  22.141 0.0000000000
63974  41.097  12.095  21.343 0.0000000000
63975  40.117  11.938  21.154 0.0000000000
108082  39.298  11.513  20.660 0.0000000000
62892  41.366  10.712  24.241 0.0000000000
62903  41.484  10.771  23.627 0.0000000000
62911  40.341  11.148  23.342 0.0000000000
63965  38.179  11.152  21.719 0.0000000000
63964  39.069  11.545  22.053 0.0000000000
62930  38.553  11.009  20.353 0.0000000000
107279  45.815  14.883  26.116 0.0000000000
67226  44.851  14.587  24.101 0.0000000000
67216  45.342  14.960  24.684 0.0000000000
67225  45.572  14.977  23.873 0.0000000000
67224  46.347  15.248  23.654 0.0000000000
67238  45.887  14.774  23.139 0.0000000000
125529  45.538  14.291  22.821 0.0000000000
65781  44.950  13.943  22.827 0.0000000000
64925  43.622  11.647  22.414 0.0000000000
64929  44.266  12.032  21.976 0.0000000000
63960  43.989  11.492  21.500 0.0000000000
118561  34.848  4.430  44.483 0.0000000000
119565  35.119  3.720  44.065 0.0000000000
119364  32.895  3.161  42.236 0.0000000000
119332  28.956  4.926  42.634 0.0000000000
115341  29.950  4.887  42.638 0.0000000000
56732  28.687  5.058  40.335 0.0000000000
115400  29.248  5.434  42.273 0.0000000000
115556  29.258  5.340  40.700 0.0000000000
56731  29.325  5.399  40.065 0.0000000000
56730  29.881  4.860  39.721 0.0000000000
53254  29.844  1.806  38.478 0.0000000000
54052  30.298  2.317  38.950 0.0000000000
53268  30.529  1.193  38.295 0.0000000000
52512  30.830  0.467  38.053 0.0000000000
52529  30.526  0.400  36.888 0.0000000000
52530  27.653  0.230  36.558 0.0000000000
110423  51.484  10.937  16.567 0.0000000000
64087  51.217  11.532  14.312 0.0000000000
64067  51.748  10.997  14.877 0.0000000000
64086  52.003  11.301  14.134 0.0000000000
64066  52.539  10.803  14.812 0.0000000000
125071  49.119  13.314  12.189 0.0000000000
65843  49.534  13.053  12.768 0.0000000000
65848  51.478  13.300  11.803 0.0000000000
65045  51.175  12.908  12.514 0.0000000000
65032  52.282  12.197  12.678 0.0000000000
64097  52.841  11.753  12.689 0.0000000000
64096  53.561  11.339  12.781 0.0000000000
65051  53.505  12.297  10.178 0.0000000000
64116  53.800  11.800  11.007 0.0000000000
64115  54.477  11.450  10.787 0.0000000000
54910  26.359  3.707  42.790 0.0000000000
54896  27.567  3.137  43.691 0.0000000000
53970  27.956  2.442  45.283 0.0000000000
122788  28.432  3.706  47.034 0.0000000000
54858  27.271  2.904  47.790 0.0000000000
53965  27.196  1.936  46.452 0.0000000000
53956  26.955  2.163  47.244 0.0000000000
53173  26.608  1.491  46.908 0.0000000000
98823  36.057  4.008  45.686 0.0000000000
116922  33.091  5.328  45.110 0.0000000000
101631  30.367  5.065  45.678 0.0000000000
116923  31.145  5.639  45.978 0.0000000000
115615  31.288  5.110  44.859 0.0000000000
118446  30.414  4.032  44.182 0.0000000000
123858  28.050  3.347  43.573 0.0000000000
55837  27.599  3.766  43.099 0.0000000000
105894  41.466  12.188  18.860 0.0000000000
64034  49.239  11.186  17.238 0.0000000000
64033  50.011  11.020  16.917 0.0000000000
64986  48.788  12.108  15.821 0.0000000000
64037  46.299  11.646  16.906 0.0000000000
64036  47.007  11.722  16.856 0.0000000000
64070  45.586  12.171  14.570 0.0000000000
65005  46.167  12.530  15.062 0.0000000000
65023  46.262  12.350  14.263 0.0000000000
53214  25.196  1.679  42.159 0.0000000000
53979  25.399  3.228  44.108 0.0000000000
52475  24.312  0.067  42.071 0.0000000000
51709  23.492  -0.386  42.376 0.0000000000
50872  22.207  -1.867  41.271 0.0000000000
49905  21.337  -2.787  40.030 0.0000000000
101476  22.428  2.370  45.561 0.0000000000
103828  21.159  3.301  43.731 0.0000000000
54899  21.375  3.623  43.430 0.0000000000
107919  21.227  0.052  43.924 0.0000000000
52459  22.023  0.680  43.683 0.0000000000
51702  22.546  0.046  43.307 0.0000000000
49864  16.790  -2.551  46.639 0.0000000000
110980  16.348  -2.606  47.004 0.0000000000
49855  15.637  -2.463  47.340 0.0000000000
48877  16.137  -3.313  47.283 0.0000000000
62844  39.670  10.562  29.503 0.0000000000
61836  38.242  9.176  30.024 0.0000000000
59728  37.768  8.620  29.491 0.0000000000
60754  36.930  8.415  30.591 0.0000000000
58726  35.868  7.361  30.151 0.0000000000
59721  36.136  7.923  30.643 0.0000000000
62785  36.284  10.203  33.874 0.0000000000
61797  36.627  9.247  32.986 0.0000000000
59711  35.229  7.967  31.970 0.0000000000
125594  35.099  7.059  30.884 0.0000000000
58716  34.906  7.314  31.392 0.0000000000
57695  34.021  6.441  31.185 0.0000000000
58717  34.271  6.932  31.597 0.0000000000
57687  32.887  6.230  32.186 0.0000000000
57688  32.249  5.648  32.614 0.0000000000
58679  33.637  7.016  34.365 0.0000000000
107843  33.150  6.283  34.469 0.0000000000
56790  32.533  4.775  34.716 0.0000000000
55032  32.827  3.324  33.649 0.0000000000
54113  33.682  2.439  34.455 0.0000000000
54112  34.234  1.857  34.448 0.0000000000
100816  36.034  3.442  43.505 0.0000000000
100815  35.938  4.867  43.631 0.0000000000
119397  37.632  2.999  41.252 0.0000000000
119378  37.355  2.887  40.373 0.0000000000
115351  37.581  4.185  40.870 0.0000000000
119074  36.730  4.038  40.063 0.0000000000
118565  32.322  6.544  40.424 0.0000000000
115399  32.888  7.278  39.550 0.0000000000
119361  35.752  5.235  39.676 0.0000000000
115343  35.970  6.018  39.475 0.0000000000
117000  33.277  7.993  38.666 0.0000000000
60663  33.658  8.440  38.200 0.0000000000
60674  33.481  8.532  37.554 0.0000000000
57639  33.065  6.282  37.270 0.0000000000
57638  33.501  5.662  36.580 0.0000000000
55883  33.498  3.808  37.709 0.0000000000
54082  34.397  2.636  37.540 0.0000000000
122835  34.602  2.821  36.856 0.0000000000
54094  34.319  2.773  36.178 0.0000000000
109535  40.391  11.582  28.686 0.0000000000
63898  40.483  11.674  27.934 0.0000000000
63899  39.946  11.275  28.363 0.0000000000
61862  38.543  10.158  27.444 0.0000000000
62872  38.380  10.394  26.608 0.0000000000
62882  38.296  10.582  25.717 0.0000000000
61869  37.767  9.983  26.253 0.0000000000
59762  36.364  7.749  27.395 0.0000000000
60784  36.703  8.257  26.941 0.0000000000
60816  35.663  8.091  24.715 0.0000000000
60799  35.988  8.668  25.132 0.0000000000
61891  36.361  9.293  24.705 0.0000000000
60815  35.931  8.681  24.289 0.0000000000
66610  56.795  14.388  7.610 0.0000000000
65881  56.404  13.501  6.913 0.0000000000
66609  57.065  14.445  6.916 0.0000000000
113645  41.877  12.190  25.974 0.0000000000
64892  41.299  11.863  26.739 0.0000000000
55844  27.447  4.331  42.581 0.0000000000
55850  27.277  4.487  42.171 0.0000000000
54919  27.072  3.772  41.755 0.0000000000
53241  27.089  1.556  39.724 0.0000000000
126144  26.924  1.902  40.233 0.0000000000
52488  26.515  0.924  39.735 0.0000000000
62919  45.232  11.026  20.856 0.0000000000
110456  45.816  10.920  20.938 0.0000000000
62920  45.070  10.739  20.423 0.0000000000
62928  45.527  10.323  20.040 0.0000000000
62936  45.292  10.519  19.270 0.0000000000
106966  45.073  10.981  18.395 0.0000000000
53175  25.522  0.877  47.249 0.0000000000
109041  24.896  0.687  47.044 0.0000000000
52443  19.070  0.194  45.327 0.0000000000
101840  19.088  -0.896  45.267 0.0000000000
125480  18.481  -2.025  45.093 0.0000000000
103784  17.786  -1.563  45.969 0.0000000000
60683  34.097  9.071  36.319 0.0000000000
60684  33.544  8.369  36.791 0.0000000000
54051  31.276  2.246  39.163 0.0000000000
54968  31.298  3.186  39.269 0.0000000000
53252  31.652  1.335  39.135 0.0000000000
54050  32.185  1.932  39.285 0.0000000000
52497  32.902  0.310  39.137 0.0000000000
51742  33.070  -0.473  38.837 0.0000000000
50906  32.983  -1.382  37.754 0.0000000000
108326  35.974  7.214  29.327 0.0000000000
58744  36.005  7.186  28.579 0.0000000000
58745  35.410  6.702  28.931 0.0000000000
58755  34.580  6.589  28.372 0.0000000000
64106  55.130  11.357  12.301 0.0000000000
107707  55.722  11.588  12.820 0.0000000000
125235  41.104  11.538  22.651 0.0000000000
62905  40.023  11.019  24.053 0.0000000000
63948  39.520  11.265  23.458 0.0000000000
63949  38.681  11.185  23.380 0.0000000000
63957  38.407  11.252  22.560 0.0000000000
110728  37.535  10.692  21.559 0.0000000000
113800  44.158  13.950  25.124 0.0000000000
66488  44.315  14.037  24.369 0.0000000000
66497  44.571  14.003  23.558 0.0000000000
65782  44.355  13.267  23.003 0.0000000000
50889  22.820  -2.215  39.321 0.0000000000
118632  33.389  4.350  44.266 0.0000000000
118939  33.851  2.189  43.810 0.0000000000
118498  32.588  3.536  43.053 0.0000000000
55857  27.953  4.705  40.943 0.0000000000
103203  27.507  5.443  41.345 0.0000000000
55867  28.583  4.126  40.301 0.0000000000
112244  29.042  3.652  39.926 0.0000000000
54951  29.656  3.621  39.599 0.0000000000
53269  29.913  1.379  37.576 0.0000000000
53288  29.886  0.923  36.526 0.0000000000
53305  29.091  0.935  36.250 0.0000000000
56824  32.027  4.966  31.488 0.0000000000
64069  50.277  11.365  15.208 0.0000000000
64050  50.830  11.010  15.564 0.0000000000
65000  50.454  11.744  14.536 0.0000000000
65018  50.666  12.097  13.860 0.0000000000
66583  50.551  14.017  11.355 0.0000000000
66589  51.287  14.172  10.641 0.0000000000
65053  52.181  13.011  11.438 0.0000000000
65052  52.870  12.682  10.863 0.0000000000
54884  28.727  2.868  44.909 0.0000000000
54879  28.446  2.850  45.724 0.0000000000
54882  29.885  3.697  44.634 0.0000000000
98822  29.394  3.328  44.973 0.0000000000
64953  49.940  11.508  18.122 0.0000000000
53991  25.765  3.441  43.578 0.0000000000
53199  20.529  1.139  44.186 0.0000000000
119870  21.050  1.901  43.888 0.0000000000
52448  20.747  0.508  44.218 0.0000000000
123485  21.338  -0.627  43.583 0.0000000000
50851  21.705  -1.033  43.185 0.0000000000
61822  38.230  9.318  30.747 0.0000000000
61808  38.164  9.510  31.600 0.0000000000
60744  36.934  8.736  31.555 0.0000000000
62759  35.409  10.700  35.054 0.0000000000
63833  35.950  11.483  35.101 0.0000000000
125758  35.728  10.230  34.387 0.0000000000
60717  35.990  8.979  33.285 0.0000000000
59685  34.826  7.954  32.754 0.0000000000
109741  33.923  7.055  32.198 0.0000000000
126068  34.355  7.696  32.808 0.0000000000
58705  33.924  7.330  32.933 0.0000000000
58694  33.313  6.828  33.600 0.0000000000
113041  33.501  6.499  35.092 0.0000000000
54104  33.648  2.713  35.268 0.0000000000
119388  35.370  1.055  41.832 0.0000000000
58617  31.523  6.457  38.857 0.0000000000
116440  31.673  6.838  38.984 0.0000000000
117910  31.937  7.216  38.744 0.0000000000
101371  32.551  7.579  38.964 0.0000000000
59631  32.745  7.474  37.896 0.0000000000
52528  34.932  0.125  37.523 0.0000000000
53287  34.879  0.883  36.842 0.0000000000
52542  34.417  0.295  36.014 0.0000000000
53304  34.453  1.133  35.816 0.0000000000
62854  39.507  10.743  28.783 0.0000000000
62863  39.497  10.953  28.081 0.0000000000
62855  39.137  10.320  28.471 0.0000000000
61855  38.717  9.902  28.162 0.0000000000
61863  37.964  9.561  27.161 0.0000000000
58773  35.205  6.917  26.435 0.0000000000
59782  35.582  7.623  26.014 0.0000000000
65878  55.802  13.301  8.300 0.0000000000
66606  56.409  14.329  8.362 0.0000000000
63937  42.471  11.210  24.224 0.0000000000
63936  42.773  11.745  24.529 0.0000000000
63938  41.840  11.019  24.534 0.0000000000
63928  41.205  11.033  24.831 0.0000000000
121086  39.680  11.017  24.720 0.0000000000
62895  38.178  10.670  24.774 0.0000000000
67198  45.728  14.526  26.808 0.0000000000
66462  45.212  14.394  26.246 0.0000000000
66454  44.823  13.889  27.229 0.0000000000
66463  44.643  13.983  26.462 0.0000000000
66477  44.622  14.196  25.697 0.0000000000
124017  43.810  13.653  25.181 0.0000000000
109775  43.444  13.298  25.069 0.0000000000
51747  25.008  -0.973  38.839 0.0000000000
51736  24.903  -0.736  39.812 0.0000000000
51726  24.822  -0.469  40.702 0.0000000000
115352  30.925  4.222  43.689 0.0000000000
98827  27.322  4.918  42.082 0.0000000000
55858  27.456  4.234  41.450 0.0000000000
53256  28.109  1.744  38.788 0.0000000000
53271  28.410  1.500  37.968 0.0000000000
52515  27.218  0.448  37.473 0.0000000000
106704  48.192  12.688  13.129 0.0000000000
112608  47.833  12.705  12.350 0.0000000000
102836  29.008  4.187  46.774 0.0000000000
55813  29.486  4.468  47.272 0.0000000000
66533  47.352  13.148  21.325 0.0000000000
63968  46.268  11.350  21.066 0.0000000000
64932  47.380  11.852  20.796 0.0000000000
64939  48.001  11.860  20.363 0.0000000000
63978  48.075  11.289  19.894 0.0000000000
63988  48.069  10.956  19.286 0.0000000000
64001  48.042  10.930  18.620 0.0000000000
64002  47.268  10.866  18.427 0.0000000000
64019  46.120  11.187  17.603 0.0000000000
64038  45.407  11.637  17.045 0.0000000000
64053  44.796  12.066  16.201 0.0000000000
53196  26.113  1.722  45.439 0.0000000000
53198  24.785  2.991  44.610 0.0000000000
99068  24.912  1.767  45.504 0.0000000000
99069  24.073  3.744  44.241 0.0000000000
102827  20.471  3.330  45.929 0.0000000000
99110  21.449  2.986  45.082 0.0000000000
54900  20.577  3.341  43.767 0.0000000000
54886  19.792  2.832  43.811 0.0000000000
53981  20.196  1.959  43.986 0.0000000000
52449  20.211  0.571  44.451 0.0000000000
60707  34.521  8.406  34.604 0.0000000000
121092  34.151  7.912  34.914 0.0000000000
59657  33.888  7.758  35.480 0.0000000000
57648  33.531  5.384  35.962 0.0000000000
121852  31.177  6.510  41.065 0.0000000000
116439  31.631  6.412  40.266 0.0000000000
57622  30.869  5.904  39.309 0.0000000000
58599  31.357  6.367  39.995 0.0000000000
125765  31.071  3.774  39.304 0.0000000000
57621  31.366  5.992  38.975 0.0000000000
55884  32.880  4.230  38.189 0.0000000000
54067  34.052  2.252  38.324 0.0000000000
53267  34.406  1.363  38.663 0.0000000000
52496  33.861  0.042  38.871 0.0000000000
52511  34.623  0.452  38.408 0.0000000000
51786  34.410  -0.538  37.131 0.0000000000
60775  37.787  8.607  28.546 0.0000000000
59751  37.210  8.164  28.563 0.0000000000
58754  35.877  7.279  27.752 0.0000000000
59763  35.693  7.396  26.883 0.0000000000
112272  56.043  13.993  10.034 0.0000000000
65868  55.878  13.470  9.209 0.0000000000
65071  54.742  12.268  7.978 0.0000000000
63989  43.376  11.526  19.797 0.0000000000
63990  42.868  11.770  19.144 0.0000000000
125936  42.808  11.880  19.771 0.0000000000
63973  41.976  11.999  21.465 0.0000000000
63983  40.768  12.193  20.392 0.0000000000
62909  41.943  10.958  23.328 0.0000000000
121736  41.560  10.986  23.254 0.0000000000
63955  39.792  11.471  22.756 0.0000000000
63963  39.935  11.729  22.016 0.0000000000
110438  39.400  11.738  21.408 0.0000000000
67208  45.926  15.223  25.308 0.0000000000
67934  46.704  15.778  25.134 0.0000000000
66509  46.261  14.222  22.559 0.0000000000
66525  46.223  13.658  22.124 0.0000000000
65787  44.501  12.670  22.350 0.0000000000
64928  45.136  12.378  21.778 0.0000000000
63970  44.551  11.252  20.795 0.0000000000
63981  43.774  11.331  20.308 0.0000000000
118560  36.139  4.857  44.215 0.0000000000
118443  34.594  1.063  42.968 0.0000000000
119358  32.136  5.298  41.324 0.0000000000
119330  30.911  4.587  42.775 0.0000000000
119347  30.695  5.259  42.159 0.0000000000
119360  31.213  5.985  41.438 0.0000000000
57611  29.817  5.613  39.757 0.0000000000
111064  30.638  2.843  39.164 0.0000000000
52499  31.157  0.780  38.798 0.0000000000
52545  28.423  0.720  36.388 0.0000000000
57716  33.936  6.159  30.110 0.0000000000
124659  54.044  10.781  14.510 0.0000000000
65035  50.060  12.597  13.365 0.0000000000
65034  50.906  12.489  13.182 0.0000000000
65849  50.765  13.541  12.011 0.0000000000
65016  52.306  11.739  13.353 0.0000000000
64084  53.658  10.998  13.731 0.0000000000
64095  54.371  11.168  13.005 0.0000000000
115046  54.913  11.316  11.477 0.0000000000
126584  26.238  2.501  41.799 0.0000000000
124126  27.207  2.743  44.084 0.0000000000
54873  28.115  3.058  46.512 0.0000000000
53955  27.520  2.594  46.839 0.0000000000
53183  26.329  1.223  46.584 0.0000000000
106367  26.068  1.107  47.085 0.0000000000
104883  25.721  1.187  47.831 0.0000000000
118862  37.775  4.216  45.510 0.0000000000
119399  31.879  4.428  44.029 0.0000000000
119363  29.387  3.839  43.579 0.0000000000
64007  42.202  11.844  18.499 0.0000000000
64961  51.796  11.957  17.221 0.0000000000
64973  51.350  11.323  17.074 0.0000000000
64962  50.508  11.260  17.444 0.0000000000
64032  50.821  10.953  16.701 0.0000000000
64051  50.287  11.065  16.047 0.0000000000
64985  49.570  11.684  15.539 0.0000000000
65002  49.003  12.275  15.088 0.0000000000
109372  48.501  12.506  14.675 0.0000000000
64017  47.883  11.157  17.895 0.0000000000
64035  47.706  11.621  17.163 0.0000000000
64975  47.442  12.001  16.406 0.0000000000
64989  46.105  12.452  15.727 0.0000000000
64988  46.956  12.330  15.622 0.0000000000
64987  47.928  12.179  15.827 0.0000000000
111416  47.598  12.314  15.224 0.0000000000
109559  47.784  12.387  14.649 0.0000000000
123158  25.443  1.358  41.269 0.0000000000
122810  25.010  0.826  41.063 0.0000000000
51718  24.631  -0.258  41.421 0.0000000000
53205  24.384  3.341  43.176 0.0000000000
50879  22.621  -1.977  40.276 0.0000000000
99067  23.470  3.173  44.801 0.0000000000
53993  23.194  3.455  43.295 0.0000000000
116617  22.348  3.688  45.027 0.0000000000
99144  23.027  4.075  44.438 0.0000000000
53995  21.826  3.370  43.358 0.0000000000
104434  22.578  3.703  43.301 0.0000000000
53994  22.578  3.204  43.393 0.0000000000
50863  21.983  -1.424  42.429 0.0000000000
49863  17.116  -1.887  46.441 0.0000000000
47868  16.340  -3.781  46.585 0.0000000000
59729  37.114  8.236  29.741 0.0000000000
58734  36.115  7.380  29.685 0.0000000000
58735  35.644  6.966  29.857 0.0000000000
60730  36.223  8.806  32.710 0.0000000000
60745  36.115  8.505  31.991 0.0000000000
59710  35.728  8.059  31.309 0.0000000000
58727  35.476  7.469  30.867 0.0000000000
57705  34.334  6.308  30.674 0.0000000000
57706  33.658  6.048  30.834 0.0000000000
58718  33.649  6.625  31.813 0.0000000000
56812  31.993  4.912  32.240 0.0000000000
55931  32.146  4.063  32.657 0.0000000000
57680  32.252  5.611  33.485 0.0000000000
55047  32.700  3.381  32.937 0.0000000000
55046  33.375  2.904  33.088 0.0000000000
54123  34.185  2.243  33.813 0.0000000000
118683  37.160  2.693  42.167 0.0000000000
118444  36.048  5.796  43.016 0.0000000000
118524  37.270  5.314  40.845 0.0000000000
119416  33.019  6.674  39.907 0.0000000000
118471  35.111  4.506  40.021 0.0000000000
118499  36.972  6.105  40.440 0.0000000000
118566  36.017  6.709  39.343 0.0000000000
60650  35.316  7.646  38.997 0.0000000000
59630  33.246  7.561  37.019 0.0000000000
55895  33.330  4.627  37.517 0.0000000000
55894  33.762  4.161  36.954 0.0000000000
124667  34.785  2.267  37.168 0.0000000000
55903  33.622  4.071  36.341 0.0000000000
52556  34.478  0.582  35.211 0.0000000000
53319  34.187  1.378  35.033 0.0000000000
64881  41.501  12.192  27.691 0.0000000000
63909  40.676  11.578  27.139 0.0000000000
63921  40.268  11.324  26.710 0.0000000000
62870  39.566  11.132  27.264 0.0000000000
62880  39.746  11.111  26.319 0.0000000000
62881  39.023  10.897  26.040 0.0000000000
62896  37.447  10.248  24.596 0.0000000000
60783  37.390  8.732  27.307 0.0000000000
60792  36.153  8.404  26.025 0.0000000000
108396  37.179  9.562  25.890 0.0000000000
61878  36.942  9.761  25.076 0.0000000000
61890  36.832  9.850  24.244 0.0000000000
64127  54.571  10.921  9.208 0.0000000000
53200  19.851  1.263  44.353 0.0000000000
53251  32.559  1.157  39.319 0.0000000000
54066  34.678  1.911  37.812 0.0000000000
54967  31.983  3.327  39.162 0.0000000000
54984  33.081  3.441  38.488 0.0000000000
57612  29.386  5.984  39.966 0.0000000000
60776  37.515  8.436  28.079 0.0000000000
62910  41.100  11.073  23.202 0.0000000000
62918  46.342  10.641  20.717 0.0000000000
62926  46.971  10.535  20.279 0.0000000000
62934  46.924  10.207  19.703 0.0000000000
64870  41.029  11.875  28.228 0.0000000000
64882  41.083  11.848  27.491 0.0000000000
64934  42.408  12.043  20.848 0.0000000000
65044  51.882  12.666  12.247 0.0000000000
65862  52.069  14.043  10.235 0.0000000000
66526  45.585  13.788  22.385 0.0000000000
66590  50.303  14.195  10.649 0.0000000000
103335  20.745  2.956  44.053 0.0000000000
103837  20.347  3.212  45.160 0.0000000000
108112  46.768  11.828  21.115 0.0000000000
108121  38.330  9.505  27.848 0.0000000000
112412  37.786  10.557  24.284 0.0000000000
113285  43.499  11.658  23.181 0.0000000000
116943  28.720  5.887  40.283 0.0000000000
118685  28.627  4.970  40.915 0.0000000000
119791  32.618  2.424  39.263 0.0000000000
120303  52.253  10.733  15.560 0.0000000000
121225  28.201  0.230  35.751 0.0000000000
121543  42.247  11.453  24.755 0.0000000000
124251  45.996  10.883  18.059 0.0000000000
126614  34.209  0.721  38.983 0.0000000000
