#!ascii label  , from subject sub-v2s2x29062_ses-1 vox2ras=TkReg
868
49808  33.029  -2.852  53.354 0.0000000000
61804  49.899  9.186  31.513 0.0000000000
61865  55.226  9.559  26.532 0.0000000000
57590  49.274  6.216  42.030 0.0000000000
45859  39.837  -6.125  49.592 0.0000000000
44708  37.462  -6.329  54.230 0.0000000000
64866  53.743  12.896  28.197 0.0000000000
62755  54.091  10.509  35.271 0.0000000000
58527  45.101  6.326  45.162 0.0000000000
49822  42.377  -1.955  49.885 0.0000000000
56938  59.508  5.023  20.754 0.0000000000
110129  55.072  7.820  24.325 0.0000000000
59604  46.002  8.024  39.185 0.0000000000
63765  49.726  11.595  38.310 0.0000000000
47816  37.254  -3.987  52.700 0.0000000000
47800  34.668  -3.858  55.152 0.0000000000
106292  51.939  10.156  30.535 0.0000000000
65652  53.915  12.237  31.846 0.0000000000
64802  51.808  12.684  33.653 0.0000000000
53180  46.888  1.053  45.803 0.0000000000
45838  41.041  -5.704  51.718 0.0000000000
47838  41.280  -3.975  49.949 0.0000000000
46834  42.620  -5.139  50.853 0.0000000000
59831  58.424  7.320  21.885 0.0000000000
56931  57.458  5.017  22.323 0.0000000000
58807  57.071  6.473  22.975 0.0000000000
63926  54.240  11.051  25.805 0.0000000000
60824  53.704  8.540  24.070 0.0000000000
60794  54.587  8.639  25.164 0.0000000000
57767  55.223  6.057  25.567 0.0000000000
58768  54.161  6.458  26.656 0.0000000000
57574  47.307  6.363  44.170 0.0000000000
59571  44.745  7.571  42.350 0.0000000000
61701  46.908  9.594  42.166 0.0000000000
62713  47.261  10.622  39.471 0.0000000000
60639  49.573  8.906  40.366 0.0000000000
59612  51.791  8.076  38.626 0.0000000000
125216  51.135  5.183  40.265 0.0000000000
46818  38.851  -5.386  52.389 0.0000000000
63919  52.555  10.780  26.170 0.0000000000
126855  56.620  14.194  25.350 0.0000000000
64844  54.971  11.705  30.096 0.0000000000
61778  56.195  9.010  32.915 0.0000000000
53943  43.564  2.188  47.747 0.0000000000
54871  45.445  3.693  46.561 0.0000000000
55824  46.976  4.360  45.417 0.0000000000
54892  48.418  3.718  43.312 0.0000000000
54915  49.743  3.298  41.495 0.0000000000
52427  42.427  0.172  47.427 0.0000000000
51654  44.084  -0.570  48.714 0.0000000000
57844  58.738  5.697  19.301 0.0000000000
59833  55.994  7.052  22.498 0.0000000000
57790  56.389  5.686  24.135 0.0000000000
56033  54.689  4.344  23.998 0.0000000000
63824  49.929  10.995  34.321 0.0000000000
62726  52.469  10.629  36.992 0.0000000000
109666  53.372  7.395  37.167 0.0000000000
104019  31.481  -2.419  55.116 0.0000000000
49800  32.987  -2.006  55.277 0.0000000000
47797  33.300  -3.987  55.532 0.0000000000
62820  51.336  9.623  30.946 0.0000000000
63863  51.911  11.235  31.677 0.0000000000
62808  51.132  10.949  32.082 0.0000000000
46823  42.016  -5.156  51.283 0.0000000000
120968  57.272  7.442  21.768 0.0000000000
58816  57.893  6.681  22.361 0.0000000000
59832  57.283  7.188  22.393 0.0000000000
62874  55.284  10.428  26.158 0.0000000000
61872  54.649  9.570  25.659 0.0000000000
114848  55.134  9.785  26.160 0.0000000000
59765  54.430  8.083  26.002 0.0000000000
58540  47.872  6.498  43.505 0.0000000000
59562  47.342  7.807  43.151 0.0000000000
59570  48.522  7.442  42.301 0.0000000000
61700  48.196  9.355  41.465 0.0000000000
59578  49.449  7.404  41.239 0.0000000000
58582  50.607  6.900  40.014 0.0000000000
57601  50.033  5.415  41.366 0.0000000000
46819  38.315  -4.920  52.603 0.0000000000
46809  38.528  -5.411  53.118 0.0000000000
45817  39.521  -6.530  53.042 0.0000000000
63897  52.335  10.804  28.275 0.0000000000
105986  51.524  10.467  27.165 0.0000000000
64879  53.470  12.394  27.385 0.0000000000
65734  54.117  12.831  26.206 0.0000000000
66461  55.163  13.808  26.969 0.0000000000
65704  56.014  12.905  28.159 0.0000000000
66429  55.117  13.031  28.904 0.0000000000
122074  54.591  11.645  33.572 0.0000000000
63851  55.263  11.400  32.367 0.0000000000
62765  55.171  10.344  34.049 0.0000000000
59666  55.689  7.956  33.677 0.0000000000
60691  54.827  8.484  35.096 0.0000000000
53165  44.529  1.198  47.810 0.0000000000
53952  44.604  2.737  47.324 0.0000000000
53950  45.743  1.738  46.847 0.0000000000
109751  47.115  2.641  45.355 0.0000000000
55828  47.771  4.412  44.423 0.0000000000
49816  41.696  -2.822  49.980 0.0000000000
50797  41.803  -1.658  48.942 0.0000000000
51653  41.984  -0.681  49.413 0.0000000000
52417  43.194  0.455  48.901 0.0000000000
50791  42.949  -1.405  49.585 0.0000000000
59850  59.821  7.674  20.746 0.0000000000
56955  59.508  5.063  19.859 0.0000000000
56932  56.594  4.831  22.471 0.0000000000
60809  54.299  8.537  24.264 0.0000000000
60831  53.346  8.023  23.496 0.0000000000
59805  54.926  7.677  23.610 0.0000000000
59834  55.109  7.071  22.512 0.0000000000
59816  55.497  7.326  23.192 0.0000000000
58800  56.349  6.566  23.688 0.0000000000
59803  55.795  7.040  23.957 0.0000000000
56874  54.394  4.970  25.885 0.0000000000
56873  55.127  5.099  25.556 0.0000000000
56688  44.673  5.063  45.861 0.0000000000
57576  44.521  5.476  43.664 0.0000000000
59587  45.246  8.036  40.318 0.0000000000
58571  44.398  6.566  40.839 0.0000000000
64729  48.373  11.715  38.562 0.0000000000
62729  48.380  10.180  37.470 0.0000000000
62728  48.887  10.772  37.053 0.0000000000
62757  49.135  10.116  35.355 0.0000000000
64752  49.835  12.152  37.137 0.0000000000
64767  51.012  12.438  36.455 0.0000000000
124289  51.062  11.072  37.821 0.0000000000
121280  52.692  5.504  38.682 0.0000000000
59627  52.508  7.864  38.115 0.0000000000
120309  53.497  4.918  37.773 0.0000000000
55888  54.273  3.768  36.526 0.0000000000
48811  36.718  -3.368  53.780 0.0000000000
45799  36.139  -5.457  54.864 0.0000000000
44698  36.220  -6.922  54.872 0.0000000000
46793  34.483  -5.141  55.152 0.0000000000
64857  52.825  11.763  29.310 0.0000000000
65675  53.790  12.564  30.265 0.0000000000
65665  52.939  12.181  30.754 0.0000000000
121258  53.125  12.729  33.065 0.0000000000
64787  53.495  11.790  34.730 0.0000000000
46836  40.171  -5.808  51.110 0.0000000000
46847  41.183  -5.356  49.824 0.0000000000
47820  41.181  -4.507  50.930 0.0000000000
47829  41.596  -3.726  50.548 0.0000000000
48831  42.210  -3.126  50.410 0.0000000000
48838  43.107  -3.028  49.922 0.0000000000
46846  43.678  -4.732  49.942 0.0000000000
58815  59.042  6.885  21.693 0.0000000000
56929  58.754  5.229  21.670 0.0000000000
57811  58.326  5.720  22.304 0.0000000000
56918  57.712  5.319  22.648 0.0000000000
56919  57.098  5.084  22.998 0.0000000000
62890  53.003  9.768  25.078 0.0000000000
62889  53.762  9.640  25.025 0.0000000000
61886  54.331  9.076  24.908 0.0000000000
60808  54.662  8.309  24.550 0.0000000000
58792  55.357  6.832  24.951 0.0000000000
58777  54.726  7.162  25.529 0.0000000000
58778  54.641  6.308  26.203 0.0000000000
58526  45.675  6.354  45.150 0.0000000000
58536  44.838  6.820  44.664 0.0000000000
59564  45.996  8.030  43.831 0.0000000000
61685  45.970  8.921  42.972 0.0000000000
61707  46.054  9.264  40.953 0.0000000000
61732  46.939  9.137  38.918 0.0000000000
62697  47.270  10.449  41.082 0.0000000000
62696  48.410  10.467  40.613 0.0000000000
62703  49.524  10.157  39.802 0.0000000000
61720  50.771  9.179  39.042 0.0000000000
60647  50.590  8.545  39.412 0.0000000000
57618  51.725  6.113  39.385 0.0000000000
55873  52.403  3.982  39.299 0.0000000000
46839  37.151  -5.689  50.881 0.0000000000
46838  38.017  -5.975  51.290 0.0000000000
46837  39.352  -6.012  51.291 0.0000000000
46816  40.324  -5.807  51.888 0.0000000000
45827  40.693  -6.255  52.260 0.0000000000
121801  53.757  11.384  25.874 0.0000000000
64902  55.120  12.445  25.269 0.0000000000
63916  56.743  11.472  26.311 0.0000000000
63895  56.197  11.392  28.019 0.0000000000
114365  55.662  11.450  28.883 0.0000000000
61815  55.469  9.907  30.664 0.0000000000
64833  54.591  11.708  31.026 0.0000000000
111321  55.479  10.874  31.612 0.0000000000
53963  43.336  1.884  46.278 0.0000000000
54872  43.923  3.505  46.370 0.0000000000
55820  44.608  4.362  46.270 0.0000000000
56687  45.032  4.888  46.104 0.0000000000
123172  46.263  2.272  46.317 0.0000000000
54870  46.201  3.507  46.195 0.0000000000
57558  46.059  5.621  45.411 0.0000000000
57566  46.808  5.446  45.138 0.0000000000
57573  47.811  5.785  43.925 0.0000000000
56714  48.755  5.242  42.797 0.0000000000
56718  49.704  5.045  41.729 0.0000000000
54906  48.759  3.426  42.487 0.0000000000
53944  43.048  1.842  47.901 0.0000000000
53161  43.535  1.051  48.516 0.0000000000
51658  45.100  -0.195  47.806 0.0000000000
49827  44.356  -2.122  48.837 0.0000000000
50794  44.932  -1.783  48.378 0.0000000000
106161  60.395  5.653  18.376 0.0000000000
59815  56.690  7.118  22.589 0.0000000000
58799  56.821  5.853  23.580 0.0000000000
124828  56.340  5.173  24.063 0.0000000000
124360  55.652  6.110  24.950 0.0000000000
123870  55.608  4.628  24.356 0.0000000000
56032  55.331  4.449  23.776 0.0000000000
58561  44.405  6.263  41.745 0.0000000000
121936  49.339  9.561  33.700 0.0000000000
62794  50.120  10.180  32.750 0.0000000000
64803  51.051  12.336  33.969 0.0000000000
64776  52.554  12.019  35.451 0.0000000000
62743  53.317  10.491  36.118 0.0000000000
61729  52.092  9.235  38.101 0.0000000000
60670  53.198  9.244  37.063 0.0000000000
61753  54.026  9.455  35.920 0.0000000000
58641  54.133  6.489  36.132 0.0000000000
55854  50.416  3.941  41.116 0.0000000000
54928  51.287  3.076  40.493 0.0000000000
111989  32.312  -2.253  54.369 0.0000000000
49809  32.341  -2.978  54.124 0.0000000000
50777  32.433  -1.754  55.164 0.0000000000
50775  31.300  -1.951  55.614 0.0000000000
62821  50.609  9.347  31.243 0.0000000000
112430  50.984  10.048  31.687 0.0000000000
62809  50.395  9.695  31.996 0.0000000000
59854  56.475  7.011  21.692 0.0000000000
114993  55.739  10.299  26.464 0.0000000000
60787  54.675  8.792  26.635 0.0000000000
57579  48.626  6.150  42.786 0.0000000000
58547  48.206  6.950  42.808 0.0000000000
58546  48.767  6.714  42.404 0.0000000000
59579  48.870  7.811  41.601 0.0000000000
58559  49.066  7.065  41.772 0.0000000000
58558  49.658  6.589  41.451 0.0000000000
57589  49.696  5.714  41.672 0.0000000000
119996  37.851  -5.343  53.677 0.0000000000
45809  38.297  -6.209  53.650 0.0000000000
44707  38.111  -7.078  54.068 0.0000000000
106084  52.808  11.437  28.542 0.0000000000
63896  52.722  11.288  27.687 0.0000000000
64867  53.180  11.971  27.952 0.0000000000
65719  53.897  12.958  27.071 0.0000000000
66451  55.133  13.641  27.793 0.0000000000
65705  54.718  13.351  28.499 0.0000000000
62766  54.479  10.840  34.561 0.0000000000
63823  54.910  11.059  33.838 0.0000000000
61770  54.778  9.953  34.811 0.0000000000
61769  55.122  9.047  34.572 0.0000000000
61761  54.459  9.296  35.332 0.0000000000
52420  45.145  0.607  47.528 0.0000000000
53169  45.161  1.385  47.294 0.0000000000
52424  45.852  0.872  46.920 0.0000000000
50790  41.907  -2.069  49.812 0.0000000000
49823  41.716  -2.435  49.684 0.0000000000
50793  41.816  -1.545  49.491 0.0000000000
108820  41.833  -0.993  49.107 0.0000000000
50792  42.212  -1.169  49.713 0.0000000000
51652  42.298  -0.449  49.502 0.0000000000
122768  59.953  6.585  20.996 0.0000000000
58829  60.310  7.190  20.595 0.0000000000
57823  59.754  5.843  21.004 0.0000000000
56937  60.091  5.388  20.410 0.0000000000
60822  54.761  8.005  24.052 0.0000000000
60823  54.241  7.997  23.668 0.0000000000
59804  55.357  7.514  23.862 0.0000000000
59790  55.448  7.287  24.379 0.0000000000
56894  54.016  4.486  25.233 0.0000000000
57560  44.867  5.724  45.504 0.0000000000
56693  44.556  5.386  45.148 0.0000000000
57567  44.729  6.132  45.000 0.0000000000
59595  45.411  7.855  39.662 0.0000000000
59605  45.440  7.336  39.107 0.0000000000
64728  49.005  11.784  38.367 0.0000000000
64754  48.513  11.670  38.086 0.0000000000
64753  49.096  11.966  37.592 0.0000000000
63792  49.302  11.306  36.625 0.0000000000
64736  50.083  11.980  37.638 0.0000000000
63776  50.867  11.689  37.435 0.0000000000
63764  50.442  11.292  38.115 0.0000000000
55872  52.842  4.038  38.829 0.0000000000
57626  53.027  5.615  38.186 0.0000000000
55880  53.426  3.973  38.130 0.0000000000
55879  54.065  3.383  37.491 0.0000000000
48808  35.286  -3.172  54.816 0.0000000000
48812  36.253  -3.002  54.050 0.0000000000
121200  35.858  -3.324  54.498 0.0000000000
47804  36.317  -3.852  54.310 0.0000000000
47799  35.507  -4.090  54.924 0.0000000000
46792  35.346  -5.031  55.073 0.0000000000
110986  34.770  -4.576  55.198 0.0000000000
62832  51.413  9.585  30.043 0.0000000000
62841  51.267  9.890  29.222 0.0000000000
62840  52.022  10.127  29.659 0.0000000000
63886  52.481  10.863  29.225 0.0000000000
62831  52.368  10.782  30.110 0.0000000000
64845  52.838  12.085  30.003 0.0000000000
63872  52.547  11.571  30.469 0.0000000000
63852  51.749  11.690  32.476 0.0000000000
64810  52.500  12.227  32.558 0.0000000000
65644  52.553  12.747  33.253 0.0000000000
64801  53.339  12.362  34.094 0.0000000000
119797  52.633  12.636  34.392 0.0000000000
46825  40.674  -5.294  51.327 0.0000000000
46835  40.966  -4.951  50.740 0.0000000000
47828  42.051  -4.627  51.063 0.0000000000
114451  42.256  -3.843  50.601 0.0000000000
47827  42.882  -4.408  50.485 0.0000000000
48830  42.782  -3.624  50.347 0.0000000000
59852  58.273  7.864  21.442 0.0000000000
59851  59.024  7.683  21.291 0.0000000000
124327  58.564  6.555  22.084 0.0000000000
58806  57.690  5.903  22.754 0.0000000000
57799  57.271  5.547  23.199 0.0000000000
108544  53.400  10.297  25.416 0.0000000000
62876  53.977  10.333  25.496 0.0000000000
108979  54.909  7.727  24.822 0.0000000000
59775  54.585  8.136  25.383 0.0000000000
59776  54.208  7.189  26.232 0.0000000000
56860  54.238  5.754  26.476 0.0000000000
58533  46.750  6.847  44.317 0.0000000000
58534  46.041  6.949  44.610 0.0000000000
59556  46.399  7.479  44.106 0.0000000000
60613  47.455  8.404  42.624 0.0000000000
60607  46.280  8.454  43.340 0.0000000000
61690  46.387  9.250  42.529 0.0000000000
61703  45.966  9.382  41.752 0.0000000000
61702  46.348  9.653  41.991 0.0000000000
61714  46.473  9.899  40.725 0.0000000000
62688  46.838  10.088  41.609 0.0000000000
61699  48.922  9.113  40.891 0.0000000000
126533  48.523  9.836  40.957 0.0000000000
61713  49.116  9.770  40.403 0.0000000000
62704  48.903  10.518  40.106 0.0000000000
61712  49.784  9.357  39.915 0.0000000000
126163  50.334  9.075  39.488 0.0000000000
60638  50.049  8.636  39.888 0.0000000000
56728  50.789  6.010  40.309 0.0000000000
57608  51.463  5.617  39.841 0.0000000000
56739  52.043  5.208  39.498 0.0000000000
56727  51.490  4.826  40.029 0.0000000000
47822  36.448  -4.398  52.151 0.0000000000
46840  36.514  -5.156  50.914 0.0000000000
47821  37.448  -4.584  52.255 0.0000000000
46828  38.453  -5.269  51.987 0.0000000000
107249  38.754  -5.843  51.489 0.0000000000
46827  39.153  -5.647  51.886 0.0000000000
46826  39.895  -5.782  51.645 0.0000000000
46817  39.537  -5.761  52.113 0.0000000000
62868  51.942  10.591  26.650 0.0000000000
63918  53.217  11.486  26.283 0.0000000000
66474  55.798  14.323  25.373 0.0000000000
64911  55.117  13.300  25.068 0.0000000000
66486  56.318  14.170  24.781 0.0000000000
64909  56.606  13.018  24.820 0.0000000000
64899  56.942  12.736  25.478 0.0000000000
63905  56.914  12.021  26.591 0.0000000000
64877  56.866  12.685  26.827 0.0000000000
65689  55.460  12.678  28.940 0.0000000000
64865  55.907  12.153  28.510 0.0000000000
63880  55.265  11.328  29.674 0.0000000000
62830  55.188  10.608  30.145 0.0000000000
126048  55.072  10.821  30.297 0.0000000000
65663  53.746  12.208  31.112 0.0000000000
107795  54.206  12.298  30.334 0.0000000000
65651  54.244  11.951  31.411 0.0000000000
62792  55.635  10.642  33.006 0.0000000000
63850  55.860  10.567  32.352 0.0000000000
62791  56.067  9.907  32.690 0.0000000000
62807  56.058  9.975  31.906 0.0000000000
60726  56.388  8.405  32.270 0.0000000000
53953  43.582  2.622  47.198 0.0000000000
54864  43.572  2.716  46.567 0.0000000000
54852  43.891  2.747  47.417 0.0000000000
54861  45.080  3.122  46.987 0.0000000000
55809  44.802  3.824  46.764 0.0000000000
55819  45.186  4.373  46.363 0.0000000000
53181  46.335  1.325  46.316 0.0000000000
54876  46.947  3.468  45.575 0.0000000000
54869  46.665  2.866  45.957 0.0000000000
55825  46.402  4.310  45.852 0.0000000000
56692  46.593  4.885  45.504 0.0000000000
55829  47.246  4.800  44.969 0.0000000000
109150  48.049  3.664  44.054 0.0000000000
56697  47.745  5.044  44.263 0.0000000000
55834  48.154  4.435  43.788 0.0000000000
56706  48.172  5.118  43.594 0.0000000000
56705  48.641  4.443  43.156 0.0000000000
55842  48.893  3.933  42.552 0.0000000000
106748  41.672  -4.902  49.262 0.0000000000
47846  41.530  -3.693  49.437 0.0000000000
52435  42.663  0.074  46.440 0.0000000000
52426  42.754  0.749  47.078 0.0000000000
53182  43.008  1.354  46.749 0.0000000000
126131  42.697  1.118  48.116 0.0000000000
51655  43.345  -0.230  49.027 0.0000000000
52416  43.871  0.289  48.604 0.0000000000
122113  44.482  -0.215  48.235 0.0000000000
49820  43.833  -2.528  49.409 0.0000000000
50802  45.347  -1.513  47.848 0.0000000000
57843  59.525  5.433  19.302 0.0000000000
57859  59.113  5.905  18.636 0.0000000000
57860  58.274  5.852  18.429 0.0000000000
56930  58.174  5.113  22.034 0.0000000000
60810  53.237  9.075  24.549 0.0000000000
112247  52.944  8.435  23.979 0.0000000000
58817  55.438  6.784  21.750 0.0000000000
58808  56.274  6.995  23.058 0.0000000000
56908  56.742  5.208  23.665 0.0000000000
56015  55.069  4.447  24.525 0.0000000000
56892  55.366  4.794  24.880 0.0000000000
121115  44.712  7.536  43.158 0.0000000000
58542  44.656  7.113  43.840 0.0000000000
58548  44.566  6.803  42.633 0.0000000000
61722  46.895  9.763  39.482 0.0000000000
61743  48.353  9.329  36.737 0.0000000000
63825  49.532  10.692  35.012 0.0000000000
62767  49.319  10.005  34.409 0.0000000000
62795  49.552  9.525  33.053 0.0000000000
62780  49.720  10.218  33.597 0.0000000000
63842  50.176  10.989  33.374 0.0000000000
64790  50.553  12.019  34.767 0.0000000000
63774  52.178  11.489  36.565 0.0000000000
64777  51.951  12.441  35.665 0.0000000000
63790  52.590  11.349  36.176 0.0000000000
63789  53.074  11.106  35.950 0.0000000000
62744  52.801  10.924  36.368 0.0000000000
60658  51.488  8.781  38.660 0.0000000000
61730  51.343  9.781  38.369 0.0000000000
60657  52.174  8.532  38.266 0.0000000000
59611  53.012  7.271  37.755 0.0000000000
60671  52.719  8.785  37.756 0.0000000000
59626  53.212  8.190  37.337 0.0000000000
60680  53.754  8.816  36.402 0.0000000000
59640  53.738  7.885  36.616 0.0000000000
121148  54.074  8.142  36.128 0.0000000000
59625  53.745  6.993  36.688 0.0000000000
55897  54.162  4.027  36.178 0.0000000000
55848  49.722  4.221  41.707 0.0000000000
49799  34.091  -2.011  54.866 0.0000000000
48809  34.472  -2.921  55.079 0.0000000000
47796  33.833  -3.620  55.434 0.0000000000
48806  32.946  -3.294  55.744 0.0000000000
98403  31.482  -3.056  55.838 0.0000000000
61816  50.699  9.250  30.379 0.0000000000
63873  52.208  10.941  30.911 0.0000000000
62819  51.610  10.470  31.354 0.0000000000
64812  51.352  12.059  33.164 0.0000000000
46824  41.339  -4.993  51.388 0.0000000000
45837  41.771  -5.738  51.527 0.0000000000
45836  42.508  -5.773  51.229 0.0000000000
105480  57.824  7.428  21.942 0.0000000000
63925  55.143  11.405  25.868 0.0000000000
62875  54.540  10.409  25.833 0.0000000000
60786  54.725  9.010  25.894 0.0000000000
58541  47.197  7.174  43.706 0.0000000000
120114  47.678  7.268  43.241 0.0000000000
110068  47.879  7.719  42.688 0.0000000000
108980  47.524  9.152  42.135 0.0000000000
60624  48.192  8.335  41.992 0.0000000000
60623  48.809  8.611  41.317 0.0000000000
60631  49.362  8.447  40.745 0.0000000000
60630  49.841  8.208  40.247 0.0000000000
58569  49.918  7.026  40.727 0.0000000000
110409  50.156  6.158  40.939 0.0000000000
57600  50.448  5.380  40.889 0.0000000000
47815  37.868  -4.371  52.723 0.0000000000
46810  37.998  -4.674  53.174 0.0000000000
45829  39.151  -5.915  52.652 0.0000000000
45818  38.885  -6.194  53.213 0.0000000000
62860  51.612  10.464  27.892 0.0000000000
63908  52.122  10.803  27.399 0.0000000000
64880  53.136  11.744  27.102 0.0000000000
64889  53.586  12.264  26.636 0.0000000000
65733  54.486  13.481  26.552 0.0000000000
66460  55.786  14.170  26.291 0.0000000000
66449  56.099  13.761  26.909 0.0000000000
66450  55.615  13.858  27.410 0.0000000000
66428  55.619  13.232  28.500 0.0000000000
65673  55.103  12.111  29.538 0.0000000000
65641  54.013  12.415  32.677 0.0000000000
65640  54.402  12.132  32.124 0.0000000000
63840  55.117  11.238  33.256 0.0000000000
107400  55.308  10.664  33.552 0.0000000000
62779  55.782  9.942  33.479 0.0000000000
60713  56.070  8.459  33.318 0.0000000000
60714  55.626  8.740  33.965 0.0000000000
60702  55.258  8.188  34.382 0.0000000000
59652  54.814  7.832  35.088 0.0000000000
53166  43.906  1.694  48.048 0.0000000000
53942  44.076  2.454  47.681 0.0000000000
53170  44.537  2.044  47.612 0.0000000000
53951  45.142  2.304  47.154 0.0000000000
120144  45.757  2.910  46.635 0.0000000000
53186  47.130  1.498  45.287 0.0000000000
119903  47.439  3.039  44.980 0.0000000000
54875  47.534  3.809  44.854 0.0000000000
109540  47.776  2.985  44.360 0.0000000000
48840  41.479  -3.126  49.908 0.0000000000
48846  41.584  -2.825  49.371 0.0000000000
49843  42.051  -2.070  48.106 0.0000000000
50804  41.954  -1.117  48.290 0.0000000000
51657  42.010  -0.322  48.819 0.0000000000
52422  42.206  0.302  48.280 0.0000000000
53168  42.471  0.867  48.524 0.0000000000
52415  42.190  -0.031  49.277 0.0000000000
51651  42.818  -0.656  49.452 0.0000000000
50796  43.525  -0.995  49.125 0.0000000000
57833  60.600  6.045  20.104 0.0000000000
56954  60.128  5.053  19.505 0.0000000000
59818  53.775  7.466  23.031 0.0000000000
59817  54.659  7.454  23.102 0.0000000000
106282  55.877  7.168  23.546 0.0000000000
58791  55.896  6.495  24.398 0.0000000000
57768  54.841  5.546  26.095 0.0000000000
56893  54.769  4.509  25.207 0.0000000000
56694  44.392  4.602  45.298 0.0000000000
59580  44.780  7.647  41.507 0.0000000000
58560  44.534  6.999  41.659 0.0000000000
58570  44.449  7.141  40.446 0.0000000000
58583  44.521  6.612  39.983 0.0000000000
63767  47.590  10.868  38.832 0.0000000000
62720  47.714  10.061  38.164 0.0000000000
62719  48.089  10.938  38.235 0.0000000000
62746  48.662  10.014  36.666 0.0000000000
61762  48.886  9.267  34.908 0.0000000000
62745  49.058  10.402  36.230 0.0000000000
63808  49.496  10.926  35.775 0.0000000000
63807  49.992  11.439  35.289 0.0000000000
64778  50.468  12.325  35.734 0.0000000000
65601  50.419  12.421  36.676 0.0000000000
64750  51.352  12.009  36.853 0.0000000000
62727  52.112  10.787  37.233 0.0000000000
58595  52.079  6.590  38.888 0.0000000000
58613  52.522  6.946  38.294 0.0000000000
58612  53.024  6.443  37.967 0.0000000000
57633  53.500  5.793  37.390 0.0000000000
57632  54.034  5.586  36.848 0.0000000000
56747  53.990  4.226  37.355 0.0000000000
48820  36.660  -3.406  52.766 0.0000000000
48816  36.477  -2.893  53.353 0.0000000000
48815  37.014  -3.519  53.228 0.0000000000
47803  37.001  -3.931  53.833 0.0000000000
46801  36.659  -4.640  54.345 0.0000000000
45798  36.619  -6.280  54.732 0.0000000000
108001  36.159  -6.155  54.911 0.0000000000
45800  35.367  -5.857  55.038 0.0000000000
121248  33.762  -4.431  55.341 0.0000000000
62851  51.852  10.306  28.773 0.0000000000
65706  53.186  12.229  28.763 0.0000000000
65691  53.692  12.668  29.683 0.0000000000
65692  53.148  12.445  29.511 0.0000000000
65664  53.531  12.330  30.920 0.0000000000
107727  53.546  12.298  31.835 0.0000000000
64834  52.499  11.683  31.253 0.0000000000
64822  53.024  12.158  31.721 0.0000000000
65642  53.511  12.498  32.552 0.0000000000
65633  53.471  12.662  33.233 0.0000000000
64786  54.082  11.678  34.324 0.0000000000
63804  53.868  11.220  35.014 0.0000000000
52433  46.184  0.170  46.768 0.0000000000
46848  40.503  -5.939  50.283 0.0000000000
45858  40.847  -5.989  49.402 0.0000000000
47830  41.277  -4.042  50.462 0.0000000000
48833  41.411  -3.362  50.184 0.0000000000
48832  41.643  -3.056  50.284 0.0000000000
48839  42.484  -2.549  50.036 0.0000000000
49821  43.113  -2.113  49.693 0.0000000000
47837  43.411  -3.901  49.908 0.0000000000
47836  44.106  -4.211  49.508 0.0000000000
58830  59.692  7.125  21.224 0.0000000000
58814  59.492  6.288  21.408 0.0000000000
56939  59.046  5.009  21.084 0.0000000000
57810  58.938  5.961  21.799 0.0000000000
56920  56.452  4.778  23.250 0.0000000000
120506  53.926  9.020  24.530 0.0000000000
62888  54.237  9.770  25.376 0.0000000000
58535  45.309  6.957  44.746 0.0000000000
59558  45.028  7.475  44.299 0.0000000000
59565  45.313  7.986  43.886 0.0000000000
59563  46.708  7.936  43.587 0.0000000000
60608  45.645  8.444  43.419 0.0000000000
60616  45.370  8.652  42.804 0.0000000000
60625  45.490  8.860  42.014 0.0000000000
60632  45.735  8.616  40.670 0.0000000000
60641  45.863  8.384  39.927 0.0000000000
60640  46.439  8.887  39.473 0.0000000000
110357  46.563  9.619  40.033 0.0000000000
62706  47.383  10.930  39.894 0.0000000000
61705  47.950  10.205  41.100 0.0000000000
121882  47.802  10.810  40.577 0.0000000000
63750  47.627  11.170  39.895 0.0000000000
62705  48.263  11.148  39.913 0.0000000000
63749  49.123  10.980  39.558 0.0000000000
62712  49.821  10.511  39.203 0.0000000000
62711  50.505  10.064  38.850 0.0000000000
61721  50.133  9.701  39.370 0.0000000000
58597  50.912  7.908  39.279 0.0000000000
124230  50.651  7.465  39.693 0.0000000000
58596  51.258  7.048  39.296 0.0000000000
57617  52.294  5.768  39.010 0.0000000000
56738  52.436  4.598  39.140 0.0000000000
107153  37.594  -5.359  51.777 0.0000000000
45848  38.696  -6.127  50.765 0.0000000000
45847  39.526  -6.180  50.474 0.0000000000
45828  39.904  -6.151  52.432 0.0000000000
63927  53.225  10.843  25.834 0.0000000000
126606  53.729  10.782  25.675 0.0000000000
64903  53.860  12.118  25.995 0.0000000000
113888  54.413  11.881  25.813 0.0000000000
64901  56.155  12.160  25.330 0.0000000000
63917  56.177  11.145  26.080 0.0000000000
62867  56.292  10.764  26.720 0.0000000000
61858  55.751  9.976  27.103 0.0000000000
62859  56.067  10.576  27.597 0.0000000000
123663  55.696  10.194  28.225 0.0000000000
64878  56.581  12.220  27.547 0.0000000000
66430  54.627  12.926  29.180 0.0000000000
113180  54.721  12.107  30.066 0.0000000000
65661  54.717  11.895  30.215 0.0000000000
64821  54.774  11.876  31.768 0.0000000000
120708  54.983  11.499  31.393 0.0000000000
63871  55.067  10.972  30.970 0.0000000000
62818  55.420  10.459  31.000 0.0000000000
124233  43.652  2.286  45.793 0.0000000000
55826  44.121  3.850  45.614 0.0000000000
54862  44.302  3.165  47.141 0.0000000000
55810  44.171  3.791  46.726 0.0000000000
55821  44.192  4.057  46.088 0.0000000000
56689  44.322  4.451  45.897 0.0000000000
120516  45.072  5.312  45.869 0.0000000000
53962  46.839  1.789  45.858 0.0000000000
125747  46.241  2.907  46.269 0.0000000000
55818  45.760  4.218  46.254 0.0000000000
56686  45.625  4.985  45.944 0.0000000000
57559  45.321  5.745  45.518 0.0000000000
110084  46.567  6.184  44.810 0.0000000000
57565  47.272  5.588  44.571 0.0000000000
57580  48.158  5.853  43.414 0.0000000000
56719  49.266  5.478  42.254 0.0000000000
56713  49.208  4.584  42.351 0.0000000000
54905  49.279  3.740  42.124 0.0000000000
125814  48.578  3.060  42.344 0.0000000000
109925  41.486  -5.679  49.125 0.0000000000
48845  41.881  -3.419  48.656 0.0000000000
53954  43.196  2.098  47.236 0.0000000000
53162  43.024  1.013  48.683 0.0000000000
53939  43.319  1.562  48.239 0.0000000000
126071  44.050  0.972  48.242 0.0000000000
52421  44.503  0.414  48.027 0.0000000000
49828  43.715  -1.737  49.270 0.0000000000
50795  44.264  -1.369  48.745 0.0000000000
49826  44.967  -2.539  48.466 0.0000000000
50803  44.845  -0.948  48.167 0.0000000000
57871  59.670  6.054  18.097 0.0000000000
57783  55.937  5.745  24.623 0.0000000000
57784  55.618  5.429  25.067 0.0000000000
111328  55.957  5.113  24.462 0.0000000000
56909  56.089  4.807  23.890 0.0000000000
56050  55.293  4.457  22.984 0.0000000000
61818  49.216  9.059  30.993 0.0000000000
57575  44.588  6.301  44.243 0.0000000000
57581  44.506  6.200  43.273 0.0000000000
61792  49.188  8.921  32.580 0.0000000000
61791  49.783  9.341  32.305 0.0000000000
62793  50.559  10.999  32.692 0.0000000000
63841  50.710  11.612  33.260 0.0000000000
120770  51.055  12.706  35.574 0.0000000000
65617  51.707  12.761  35.222 0.0000000000
65627  52.112  12.842  34.628 0.0000000000
64788  52.932  12.171  34.843 0.0000000000
63805  53.207  11.518  35.351 0.0000000000
62756  53.557  10.817  35.594 0.0000000000
62718  50.818  10.567  38.319 0.0000000000
63763  51.555  10.560  37.803 0.0000000000
61742  52.203  10.117  37.551 0.0000000000
61741  52.666  9.521  37.453 0.0000000000
62725  52.899  10.093  36.931 0.0000000000
61754  53.547  9.792  36.297 0.0000000000
62742  53.780  10.210  35.777 0.0000000000
111343  54.209  9.943  35.434 0.0000000000
60692  54.266  8.721  35.711 0.0000000000
59653  54.469  7.851  35.512 0.0000000000
58655  54.283  6.193  35.435 0.0000000000
111199  54.208  5.123  36.392 0.0000000000
57651  54.242  5.331  35.769 0.0000000000
55855  50.220  4.739  41.304 0.0000000000
56722  50.983  4.517  40.597 0.0000000000
54929  50.598  3.089  40.848 0.0000000000
55853  51.097  3.767  40.553 0.0000000000
126430  51.428  4.231  40.211 0.0000000000
55863  51.580  3.640  40.124 0.0000000000
43521  35.939  -7.294  54.756 0.0000000000
44697  36.916  -6.989  54.670 0.0000000000
44699  35.598  -6.670  54.886 0.0000000000
45810  36.980  -5.403  54.311 0.0000000000
46789  34.066  -4.388  55.355 0.0000000000
46790  32.991  -4.034  55.487 0.0000000000
46791  36.036  -4.631  54.822 0.0000000000
46829  36.749  -5.185  51.647 0.0000000000
47798  32.354  -3.595  55.779 0.0000000000
48807  32.076  -2.985  55.860 0.0000000000
48810  33.551  -2.666  55.437 0.0000000000
48813  35.722  -2.663  54.295 0.0000000000
49796  32.494  -2.454  55.791 0.0000000000
49797  31.537  -2.343  55.920 0.0000000000
49798  35.020  -2.397  54.560 0.0000000000
49801  31.914  -1.856  55.728 0.0000000000
49802  36.017  -2.398  53.792 0.0000000000
49804  34.731  -1.961  54.275 0.0000000000
49815  41.971  -2.603  50.079 0.0000000000
49830  41.627  -2.123  49.367 0.0000000000
50778  31.526  -1.780  55.629 0.0000000000
50779  31.402  -2.051  55.894 0.0000000000
50782  33.109  -1.631  54.497 0.0000000000
50783  32.025  -1.804  54.935 0.0000000000
50784  31.275  -1.893  55.626 0.0000000000
50787  32.930  -1.904  54.037 0.0000000000
51656  42.692  -0.057  49.232 0.0000000000
51659  42.148  -0.390  47.878 0.0000000000
52418  42.613  0.414  48.902 0.0000000000
52419  42.234  0.285  48.803 0.0000000000
52434  42.937  0.719  46.337 0.0000000000
53167  42.895  1.363  48.267 0.0000000000
53171  42.809  1.416  47.638 0.0000000000
53172  42.523  0.811  47.886 0.0000000000
53968  43.822  2.351  45.041 0.0000000000
54863  43.845  3.166  46.955 0.0000000000
54943  52.152  3.460  39.701 0.0000000000
54972  54.067  2.439  37.619 0.0000000000
54973  53.669  3.085  38.058 0.0000000000
55011  53.945  3.775  36.077 0.0000000000
55862  51.958  4.299  39.736 0.0000000000
55889  54.249  3.698  37.050 0.0000000000
55905  54.202  4.599  35.971 0.0000000000
56698  44.539  5.647  44.500 0.0000000000
56737  52.934  4.824  38.560 0.0000000000
56754  54.260  4.303  36.929 0.0000000000
56763  54.209  4.461  36.209 0.0000000000
56928  59.310  5.379  21.346 0.0000000000
56945  60.364  5.192  19.778 0.0000000000
56946  59.768  5.052  20.119 0.0000000000
57627  52.622  6.160  38.510 0.0000000000
57641  54.231  5.681  36.129 0.0000000000
57642  54.087  5.821  36.436 0.0000000000
57858  59.954  5.479  18.833 0.0000000000
58549  44.492  6.010  42.441 0.0000000000
58581  51.206  6.421  39.724 0.0000000000
58627  53.875  6.247  36.841 0.0000000000
58628  53.377  6.687  37.289 0.0000000000
58656  54.508  7.142  35.453 0.0000000000
59557  45.651  7.542  44.306 0.0000000000
59566  44.852  7.844  43.671 0.0000000000
59585  49.676  7.844  40.637 0.0000000000
59586  49.175  7.964  41.176 0.0000000000
59588  44.791  7.606  40.709 0.0000000000
59593  50.365  8.027  39.779 0.0000000000
59594  50.159  7.609  40.129 0.0000000000
59602  51.925  7.359  38.702 0.0000000000
59603  51.324  8.176  38.945 0.0000000000
59639  54.136  7.409  36.077 0.0000000000
60609  45.124  8.239  43.389 0.0000000000
60614  46.903  8.427  43.079 0.0000000000
60615  46.488  8.833  42.942 0.0000000000
60617  44.876  8.136  42.999 0.0000000000
60626  45.018  8.247  42.178 0.0000000000
60633  45.246  8.254  41.241 0.0000000000
60646  51.011  8.501  39.070 0.0000000000
61689  46.974  8.950  42.607 0.0000000000
61691  45.875  9.248  42.421 0.0000000000
61706  46.385  9.940  41.420 0.0000000000
61715  46.179  9.104  40.282 0.0000000000
61731  47.256  9.929  38.828 0.0000000000
61763  48.666  9.475  35.871 0.0000000000
61779  55.418  9.560  34.106 0.0000000000
61790  56.302  9.211  32.304 0.0000000000
62687  47.432  9.908  41.668 0.0000000000
62698  46.843  10.379  41.001 0.0000000000
62707  46.963  10.398  40.225 0.0000000000
62839  55.443  10.786  29.325 0.0000000000
62842  50.608  9.787  28.909 0.0000000000
63741  47.312  10.789  40.479 0.0000000000
63755  50.133  10.916  38.688 0.0000000000
63756  49.447  11.287  38.917 0.0000000000
63757  48.641  11.547  39.122 0.0000000000
63758  47.941  11.386  39.207 0.0000000000
63759  47.582  11.260  39.354 0.0000000000
63766  47.987  11.389  38.767 0.0000000000
63775  51.490  11.183  37.345 0.0000000000
63777  48.960  11.659  37.421 0.0000000000
63791  49.852  11.769  36.192 0.0000000000
63806  52.764  11.561  35.805 0.0000000000
63881  52.610  11.413  29.822 0.0000000000
63906  56.641  11.314  27.083 0.0000000000
63907  52.586  11.129  26.824 0.0000000000
63915  56.941  12.136  25.864 0.0000000000
63924  56.728  11.833  25.760 0.0000000000
64737  49.370  12.051  37.854 0.0000000000
64738  48.799  11.759  37.986 0.0000000000
64751  50.572  12.261  36.988 0.0000000000
64765  52.290  11.895  36.039 0.0000000000
64766  51.665  12.206  36.227 0.0000000000
64768  50.141  12.336  36.564 0.0000000000
64769  49.502  12.015  36.997 0.0000000000
64789  51.094  12.712  34.857 0.0000000000
64799  54.671  11.933  32.857 0.0000000000
64800  54.026  12.212  33.498 0.0000000000
64804  50.443  11.614  33.899 0.0000000000
64811  51.981  12.377  33.020 0.0000000000
64823  52.349  11.772  31.961 0.0000000000
64856  55.367  11.996  29.281 0.0000000000
64900  56.865  12.444  25.305 0.0000000000
64908  56.846  13.079  25.067 0.0000000000
64910  55.850  13.098  24.821 0.0000000000
65608  51.383  12.643  35.960 0.0000000000
65616  52.327  12.578  35.070 0.0000000000
65618  50.780  12.525  36.214 0.0000000000
65634  52.873  12.744  33.642 0.0000000000
65635  52.274  12.846  33.984 0.0000000000
65636  51.687  12.823  34.409 0.0000000000
65643  53.133  12.514  32.574 0.0000000000
65662  54.086  12.169  30.547 0.0000000000
65674  53.858  12.424  30.534 0.0000000000
65676  53.294  12.456  30.184 0.0000000000
65690  55.132  12.418  29.315 0.0000000000
65717  56.437  13.137  27.342 0.0000000000
65718  54.481  13.457  27.542 0.0000000000
65732  57.002  12.721  26.080 0.0000000000
65748  56.841  13.597  25.421 0.0000000000
65749  54.476  12.672  25.582 0.0000000000
65757  56.699  13.711  24.790 0.0000000000
65758  56.323  13.642  24.686 0.0000000000
65759  55.811  13.851  24.794 0.0000000000
65760  55.416  13.946  25.225 0.0000000000
66418  54.650  12.582  29.531 0.0000000000
66419  54.094  12.648  29.850 0.0000000000
66439  55.868  13.502  27.843 0.0000000000
66440  55.412  13.504  28.225 0.0000000000
66441  54.006  12.914  29.008 0.0000000000
66448  56.738  13.371  26.448 0.0000000000
66459  56.388  13.997  25.906 0.0000000000
66473  56.614  14.262  24.964 0.0000000000
66475  55.189  13.931  25.995 0.0000000000
66487  55.938  14.260  24.943 0.0000000000
67195  56.254  14.326  25.415 0.0000000000
67206  56.195  14.339  24.974 0.0000000000
98401  31.781  -3.203  54.817 0.0000000000
98402  31.385  -3.103  55.496 0.0000000000
104299  31.129  -2.240  55.798 0.0000000000
108517  54.008  5.007  37.063 0.0000000000
108734  53.573  12.676  29.065 0.0000000000
110262  52.474  5.185  38.979 0.0000000000
110600  48.573  11.156  37.700 0.0000000000
110615  51.418  7.690  38.975 0.0000000000
112232  49.081  8.980  33.331 0.0000000000
115044  54.702  13.410  25.676 0.0000000000
120876  51.040  11.471  32.718 0.0000000000
120934  55.851  9.147  33.596 0.0000000000
121045  50.621  10.408  32.234 0.0000000000
121246  44.519  7.205  41.000 0.0000000000
123790  37.985  -4.825  52.299 0.0000000000
124546  54.687  11.630  30.716 0.0000000000
125241  54.856  11.944  32.301 0.0000000000
125755  46.983  4.610  45.376 0.0000000000
126080  45.683  8.884  41.332 0.0000000000
126311  54.027  12.081  31.054 0.0000000000
126778  50.806  12.502  35.264 0.0000000000
