#!ascii label  , from subject sub-v2s2x29062_ses-1 vox2ras=TkReg
338
107277  27.858  -51.226  -13.015 0.6000000238
9203  25.414  -52.194  -11.137 0.6999999881
9202  25.559  -52.215  -11.836 0.6999999881
8809  26.473  -52.550  -12.424 0.8999999762
8815  27.021  -52.302  -12.640 0.8000000119
9220  27.427  -51.733  -12.779 0.8000000119
9634  27.766  -50.557  -13.334 0.6000000238
10078  28.164  -49.824  -13.769 0.6999999881
9213  25.134  -51.557  -11.721 0.6999999881
110595  25.236  -51.539  -10.809 0.6999999881
125736  25.339  -51.756  -12.255 0.6000000238
9212  25.895  -52.092  -12.339 0.6999999881
9211  26.473  -51.808  -12.778 0.8000000119
9630  27.085  -51.170  -13.102 0.8000000119
10079  27.393  -50.195  -13.978 0.6000000238
10082  27.791  -49.660  -14.487 0.6999999881
114053  24.860  -50.940  -12.028 0.5000000000
9620  24.890  -51.308  -12.634 0.5000000000
9221  25.537  -51.591  -12.737 0.8000000119
9631  26.139  -51.156  -13.162 0.6999999881
10077  28.933  -49.495  -13.502 0.5000000000
10062  24.958  -50.178  -11.671 0.5000000000
9614  25.014  -50.886  -11.247 0.6000000238
9612  25.168  -50.863  -10.399 0.6000000238
9632  25.153  -51.327  -13.340 0.6000000238
9637  25.009  -50.959  -13.841 0.6000000238
9636  25.865  -50.858  -13.880 0.6000000238
9639  26.694  -50.513  -14.345 0.5000000000
10083  27.190  -50.135  -14.788 0.6000000238
10537  27.496  -49.708  -15.159 0.6000000238
10532  28.500  -49.048  -14.232 0.5000000000
10535  29.092  -48.446  -14.346 0.5000000000
10060  25.134  -50.147  -10.796 0.5000000000
10065  24.678  -50.349  -12.592 0.4000000060
10525  24.391  -49.489  -12.925 0.3000000119
10075  24.266  -50.188  -13.383 0.4000000060
10533  23.932  -49.529  -13.669 0.3000000119
9633  24.680  -50.866  -13.334 0.5000000000
9638  24.517  -50.595  -13.964 0.5000000000
9641  25.137  -50.706  -14.518 0.5000000000
9640  26.042  -50.604  -14.622 0.5000000000
10084  26.592  -50.432  -15.129 0.5000000000
10088  27.052  -50.094  -15.575 0.6000000238
10540  27.433  -49.456  -15.793 0.6000000238
10536  27.949  -49.136  -15.089 0.5000000000
10996  28.555  -48.354  -15.020 0.5000000000
10513  25.207  -49.377  -11.197 0.5000000000
10517  24.862  -49.421  -12.095 0.5000000000
113536  24.750  -48.737  -12.613 0.4000000060
10526  24.221  -48.853  -13.360 0.4000000060
10080  24.026  -50.125  -14.013 0.3000000119
10086  24.260  -50.402  -14.614 0.4000000060
10085  25.745  -50.460  -15.244 0.5000000000
10543  27.658  -48.480  -16.763 0.5000000000
10539  27.940  -48.656  -15.922 0.5000000000
10995  29.349  -47.900  -14.736 0.5000000000
10998  29.007  -47.696  -15.427 0.4000000060
10978  25.246  -48.524  -11.673 0.5000000000
11374  25.273  -47.911  -12.590 0.5000000000
114707  24.616  -48.284  -13.161 0.4000000060
10984  24.168  -48.264  -13.786 0.3000000119
10534  23.791  -48.896  -14.121 0.3000000119
10081  23.764  -49.662  -14.562 0.4000000060
113170  24.107  -50.053  -15.187 0.4000000060
10091  24.533  -49.854  -15.860 0.4000000060
110309  24.812  -50.384  -15.276 0.4000000060
10090  25.440  -50.238  -15.947 0.4000000060
10093  26.045  -49.914  -16.475 0.5000000000
110414  26.492  -49.366  -16.914 0.5000000000
10092  26.849  -49.854  -16.306 0.6000000238
11001  28.163  -47.982  -16.445 0.4000000060
10999  28.448  -48.003  -15.749 0.5000000000
11377  24.832  -47.705  -13.575 0.4000000060
10993  23.787  -48.260  -14.551 0.4000000060
10538  23.592  -48.872  -14.989 0.4000000060
10542  23.593  -48.717  -15.746 0.4000000060
10541  24.064  -49.104  -16.063 0.4000000060
10094  25.235  -49.755  -16.430 0.5000000000
10545  25.667  -49.390  -16.895 0.5000000000
11003  27.805  -47.923  -17.234 0.4000000060
10980  25.652  -47.653  -11.640 0.4000000060
125626  25.854  -46.966  -12.308 0.4000000060
11376  25.509  -47.306  -13.112 0.4000000060
10992  24.219  -47.769  -14.191 0.4000000060
10997  23.626  -48.214  -15.403 0.4000000060
11000  23.692  -48.140  -16.187 0.4000000060
10547  24.330  -48.767  -16.710 0.4000000060
10550  25.099  -48.767  -17.075 0.5000000000
11005  26.101  -48.036  -17.605 0.4000000060
11004  27.003  -48.528  -17.376 0.6000000238
11766  25.960  -46.725  -13.232 0.4000000060
11384  25.365  -47.059  -13.843 0.4000000060
11775  25.147  -46.643  -14.612 0.4000000060
11389  24.300  -46.740  -15.061 0.4000000060
11395  23.908  -47.327  -15.813 0.4000000060
11399  23.889  -47.520  -16.747 0.3000000119
11002  23.938  -48.139  -16.841 0.4000000060
11403  25.274  -47.482  -17.810 0.4000000060
11402  26.180  -47.275  -17.883 0.4000000060
112202  26.845  -47.827  -17.801 0.5000000000
11774  25.892  -46.470  -14.058 0.4000000060
11779  24.799  -46.121  -15.341 0.3000000119
11394  24.225  -46.374  -15.848 0.3000000119
11787  24.369  -46.263  -16.689 0.3000000119
11008  24.129  -47.607  -17.422 0.3000000119
113081  25.679  -46.209  -18.497 0.4000000060
11406  26.249  -46.610  -18.319 0.4000000060
11765  26.245  -46.099  -12.561 0.3000000119
11773  26.358  -46.029  -13.406 0.3000000119
11777  26.375  -45.946  -14.160 0.3000000119
11778  25.851  -46.035  -14.917 0.3000000119
12188  26.303  -45.379  -15.660 0.3000000119
11783  24.686  -45.758  -16.065 0.4000000060
12193  26.156  -45.058  -16.581 0.4000000060
12195  24.873  -45.677  -16.962 0.3000000119
11796  25.195  -46.334  -18.206 0.3000000119
12204  25.659  -45.851  -18.693 0.4000000060
11795  26.294  -45.984  -18.930 0.4000000060
11797  26.794  -45.406  -19.196 0.4000000060
11782  25.320  -45.696  -15.668 0.4000000060
12570  26.402  -44.386  -16.851 0.4000000060
12571  26.056  -44.840  -17.322 0.4000000060
12573  26.374  -44.364  -17.815 0.3000000119
12578  25.858  -45.427  -18.573 0.4000000060
12987  26.755  -44.004  -18.701 0.4000000060
12990  27.394  -43.536  -19.346 0.4000000060
12203  26.230  -45.420  -18.986 0.4000000060
12206  26.695  -44.965  -19.279 0.4000000060
12980  26.663  -43.780  -17.136 0.4000000060
12983  26.747  -43.708  -17.822 0.5000000000
12986  27.062  -43.279  -18.311 0.4000000060
13413  27.455  -42.741  -18.900 0.4000000060
107193  27.685  -44.091  -19.625 0.3000000119
13420  27.798  -42.856  -19.677 0.3000000119
9635  26.843  -50.724  -13.589 0.6000000238
10089  26.350  -50.256  -15.854 0.6000000238
10544  27.244  -49.105  -16.566 0.5000000000
11390  24.022  -47.560  -14.870 0.3000000119
112157  24.597  -47.671  -17.620 0.4000000060
11792  24.702  -46.354  -17.566 0.3000000119
12199  25.330  -45.728  -17.953 0.3000000119
12574  25.882  -45.090  -17.997 0.3000000119
8012  27.702  -54.555  -9.597 0.6000000238
8021  28.199  -54.187  -10.354 0.6000000238
8020  29.299  -54.141  -10.140 0.6000000238
8379  29.883  -53.966  -10.465 0.6000000238
106383  27.728  -54.809  -8.261 0.5000000000
8022  27.221  -54.532  -10.464 0.6999999881
121066  27.543  -54.137  -10.929 0.6999999881
8381  28.837  -53.851  -10.795 0.6000000238
8378  30.479  -54.066  -10.608 0.6999999881
7670  26.814  -55.006  -9.912 0.6000000238
8033  26.865  -54.297  -11.157 0.6999999881
7660  27.234  -54.931  -9.075 0.5000000000
8389  27.352  -53.848  -11.455 0.6999999881
124899  28.682  -53.562  -11.154 0.5000000000
8380  29.471  -53.763  -10.689 0.6000000238
8795  29.871  -52.911  -11.429 0.6000000238
8386  30.057  -53.530  -10.941 0.6999999881
8385  30.754  -53.647  -11.002 0.6999999881
8794  30.643  -53.102  -11.334 0.6999999881
8402  34.275  -53.166  -13.576 0.4000000060
8814  32.959  -52.262  -12.786 0.5000000000
8802  32.173  -52.296  -12.394 0.6000000238
8395  31.839  -52.924  -11.937 0.6000000238
122992  31.173  -52.805  -11.659 0.6999999881
7650  26.200  -55.390  -8.558 0.5000000000
125072  26.165  -55.263  -10.066 0.5000000000
7678  26.304  -54.832  -10.692 0.6000000238
7661  26.339  -55.312  -9.343 0.5000000000
8034  26.270  -54.238  -11.274 0.6999999881
8390  26.639  -53.832  -11.663 0.6999999881
8388  28.143  -53.791  -11.144 0.6999999881
8387  29.234  -53.378  -11.153 0.6000000238
8804  30.522  -52.355  -11.772 0.6999999881
8803  31.385  -52.261  -12.054 0.6000000238
8024  24.887  -54.419  -10.251 0.5000000000
7651  25.521  -55.692  -8.391 0.4000000060
8023  25.525  -54.704  -10.553 0.5000000000
7672  25.048  -55.142  -10.019 0.5000000000
123530  25.768  -55.165  -10.246 0.5000000000
8036  25.397  -54.056  -10.809 0.6000000238
8035  25.867  -54.376  -11.053 0.6000000238
8391  25.924  -53.670  -11.506 0.6999999881
8396  27.797  -53.421  -11.610 0.6999999881
8797  28.504  -53.190  -11.519 0.6999999881
8796  29.165  -52.823  -11.565 0.6999999881
8805  29.569  -52.256  -11.798 0.6999999881
9205  32.468  -51.647  -12.731 0.5000000000
9206  31.735  -51.576  -12.339 0.6000000238
9207  30.922  -51.545  -12.083 0.6000000238
115041  24.507  -55.388  -9.623 0.4000000060
8392  25.383  -53.432  -10.995 0.6000000238
8798  25.565  -52.890  -11.439 0.6000000238
8810  25.983  -52.806  -12.001 0.6000000238
8398  26.491  -53.248  -12.095 0.6999999881
8397  27.187  -53.416  -11.958 0.6999999881
9210  27.720  -52.283  -12.370 0.8000000119
8807  27.818  -52.927  -11.978 0.8000000119
8806  28.619  -52.357  -11.959 0.6000000238
9208  30.068  -51.643  -12.121 0.8000000119
9616  32.097  -51.067  -12.677 0.6000000238
8382  24.880  -53.637  -10.361 0.5000000000
8025  24.373  -54.191  -9.985 0.4000000060
8013  23.976  -54.418  -9.525 0.4000000060
8808  27.101  -52.850  -12.352 0.8000000119
9219  28.373  -51.673  -12.659 0.6000000238
9209  29.239  -51.730  -12.342 0.6999999881
9619  29.681  -51.146  -12.587 0.6999999881
9618  30.464  -50.886  -12.276 0.6999999881
10064  30.748  -50.210  -12.644 0.6000000238
9626  31.466  -50.058  -12.760 0.6000000238
9200  25.310  -52.249  -10.378 0.5000000000
8791  24.887  -52.949  -10.069 0.5000000000
8376  24.343  -53.644  -9.652 0.5000000000
8799  25.219  -52.878  -10.755 0.5000000000
9218  29.048  -51.304  -12.824 0.6000000238
9628  29.238  -50.720  -12.979 0.6000000238
9627  29.961  -50.461  -12.770 0.6000000238
9625  32.201  -50.364  -12.949 0.5000000000
110868  25.183  -52.360  -9.634 0.5000000000
8783  24.965  -52.597  -8.869 0.5000000000
8778  24.509  -53.100  -8.272 0.5000000000
9629  28.529  -50.989  -13.076 0.6000000238
10074  28.691  -50.270  -13.327 0.6000000238
10073  29.447  -50.011  -13.129 0.4000000060
10072  30.182  -49.770  -12.940 0.5000000000
10071  31.009  -49.491  -12.942 0.4000000060
112737  25.268  -51.594  -9.990 0.5000000000
9198  25.266  -51.726  -9.217 0.5000000000
8777  25.065  -52.572  -8.176 0.4000000060
8772  24.944  -53.023  -7.383 0.5000000000
111963  24.851  -53.089  -6.463 0.4000000060
8364  22.497  -53.708  -5.601 0.4000000060
10524  29.699  -49.330  -13.272 0.4000000060
10522  30.777  -48.700  -13.045 0.4000000060
9610  25.235  -50.927  -9.588 0.4000000060
9196  25.295  -51.879  -8.476 0.5000000000
9607  25.230  -51.020  -8.793 0.4000000060
9605  25.278  -51.165  -8.007 0.4000000060
9192  25.363  -52.101  -7.724 0.5000000000
122017  25.378  -52.303  -6.925 0.3000000119
123852  25.262  -52.858  -6.697 0.3000000119
9186  25.344  -52.483  -6.145 0.3000000119
10531  29.345  -48.856  -13.774 0.4000000060
10057  25.262  -50.206  -9.965 0.5000000000
10053  25.369  -50.304  -9.190 0.4000000060
10056  25.466  -49.621  -9.510 0.4000000060
10059  25.369  -49.462  -10.306 0.4000000060
10515  25.500  -48.615  -10.628 0.4000000060
113760  25.590  -48.860  -9.717 0.4000000060
10510  25.657  -49.137  -8.965 0.4000000060
10977  25.602  -48.056  -11.069 0.3000000119
10972  25.720  -48.113  -9.889 0.4000000060
10966  25.743  -48.262  -8.972 0.4000000060
119748  25.879  -48.811  -8.312 0.4000000060
11355  25.921  -47.538  -8.509 0.4000000060
11761  26.048  -46.936  -11.333 0.3000000119
11372  25.839  -47.511  -10.872 0.4000000060
11369  25.889  -47.500  -10.143 0.4000000060
11361  25.887  -47.546  -9.352 0.4000000060
11368  26.251  -46.987  -9.735 0.3000000119
8403  33.588  -52.792  -13.071 0.5000000000
9217  33.251  -51.584  -12.991 0.5000000000
8394  32.749  -53.062  -12.446 0.5000000000
7671  25.633  -55.435  -9.759 0.5000000000
7673  24.368  -54.829  -9.866 0.4000000060
9624  32.777  -50.999  -12.989 0.5000000000
9623  33.511  -50.997  -13.198 0.5000000000
9617  31.375  -50.750  -12.384 0.6000000238
10070  31.916  -49.607  -13.079 0.6000000238
8788  24.715  -52.980  -9.443 0.4000000060
8362  23.336  -53.244  -6.502 0.3000000119
123651  30.317  -49.194  -13.061 0.4000000060
8767  23.810  -52.980  -6.125 0.4000000060
10975  25.711  -47.959  -10.522 0.4000000060
6145  31.958  -59.985  -4.949 0.3000000119
6431  32.709  -58.742  -5.188 0.3000000119
7357  33.563  -56.201  -10.502 0.4000000060
7356  34.336  -56.145  -10.527 0.4000000060
7061  33.661  -56.764  -9.312 0.4000000060
7347  34.447  -56.461  -9.340 0.4000000060
7675  33.577  -55.263  -11.452 0.4000000060
7666  33.155  -55.683  -10.925 0.4000000060
7667  32.328  -55.421  -10.731 0.4000000060
7668  31.529  -55.436  -10.384 0.5000000000
7365  34.720  -55.742  -11.138 0.4000000060
7366  33.905  -55.812  -11.027 0.5000000000
7358  32.796  -56.153  -10.429 0.5000000000
126672  30.957  -55.456  -10.069 0.5000000000
7355  35.376  -55.959  -10.449 0.5000000000
108386  34.650  -56.246  -9.965 0.4000000060
7056  34.203  -56.697  -8.591 0.4000000060
114588  33.976  -56.883  -7.796 0.3000000119
7044  33.737  -57.132  -7.086 0.4000000060
7682  34.144  -54.884  -12.151 0.4000000060
8029  33.284  -54.655  -11.904 0.4000000060
8030  32.561  -54.394  -11.599 0.4000000060
7676  32.844  -55.046  -11.291 0.4000000060
7677  32.237  -54.786  -11.144 0.5000000000
7674  34.939  -55.323  -11.950 0.4000000060
110786  34.228  -55.434  -11.526 0.4000000060
8031  31.868  -54.206  -11.248 0.5000000000
8017  31.663  -54.795  -10.796 0.5000000000
8018  30.905  -54.768  -10.360 0.6000000238
8032  31.172  -54.149  -10.886 0.6000000238
7346  35.322  -56.156  -9.476 0.4000000060
7055  34.785  -56.533  -7.948 0.4000000060
8041  32.977  -53.964  -12.270 0.4000000060
8383  32.208  -53.678  -11.808 0.5000000000
8384  31.394  -53.468  -11.354 0.6000000238
6734  34.310  -56.433  -6.030 0.3000000119
121002  34.474  -54.315  -12.847 0.4000000060
8047  34.385  -53.751  -13.256 0.4000000060
8393  33.608  -53.510  -12.937 0.4000000060
8019  30.145  -54.428  -10.087 0.5000000000
7035  34.896  -56.504  -6.354 0.3000000119
8040  33.778  -54.210  -12.602 0.4000000060
11404  24.666  -47.044  -17.837 0.3000000119
7662  25.575  -55.628  -9.097 0.5000000000
8368  23.955  -53.305  -6.916 0.3000000119
9597  25.389  -51.358  -7.228 0.3000000119
10087  23.821  -49.407  -15.408 0.4000000060
10095  24.652  -49.339  -16.344 0.4000000060
10546  25.006  -49.225  -16.707 0.5000000000
10548  23.746  -48.573  -16.338 0.4000000060
10549  25.961  -48.826  -17.335 0.5000000000
11006  25.212  -48.170  -17.471 0.5000000000
11007  24.433  -48.178  -17.274 0.4000000060
11385  24.584  -47.211  -14.334 0.4000000060
11398  24.202  -46.950  -17.229 0.3000000119
11407  25.401  -46.791  -18.204 0.4000000060
11788  24.050  -46.845  -16.487 0.3000000119
12191  25.348  -45.355  -16.310 0.4000000060
12194  25.513  -45.201  -17.212 0.3000000119
12205  27.335  -44.827  -19.446 0.4000000060
12577  26.327  -44.821  -18.825 0.4000000060
12581  27.001  -44.412  -19.389 0.4000000060
