#!ascii label  , from subject sub-v2s2x29063_ses-1 vox2ras=TkReg
1283
60910  -20.906  -24.945  55.002 0.0000000000
183682  -46.633  -7.512  47.330 0.0000000000
96727  -48.339  1.173  40.282 0.0000000000
99352  -57.222  2.962  30.459 0.0000000000
79384  -42.297  -11.709  48.777 0.0000000000
99275  -51.614  3.394  34.917 0.0000000000
96971  -58.648  0.977  25.303 0.0000000000
101658  -60.717  5.725  24.011 0.0000000000
81942  -50.316  -10.140  44.947 0.0000000000
86833  -51.511  -5.466  41.373 0.0000000000
90301  -48.213  -3.476  44.676 0.0000000000
202986  -25.245  -24.409  58.212 0.0000000000
54888  -28.068  -29.096  57.281 0.0000000000
57034  -32.342  -27.735  55.055 0.0000000000
68017  -33.179  -19.329  53.621 0.0000000000
75181  -33.823  -13.369  52.523 0.0000000000
196329  -39.925  -13.165  52.790 0.0000000000
76527  -46.105  -12.606  49.356 0.0000000000
92894  -54.000  -1.152  39.445 0.0000000000
104101  -61.944  7.435  21.914 0.0000000000
83097  -48.077  -8.321  47.349 0.0000000000
85560  -48.937  -6.419  45.151 0.0000000000
86791  -47.111  -5.523  45.729 0.0000000000
60913  -25.531  -24.319  55.423 0.0000000000
58255  -26.341  -26.690  58.083 0.0000000000
79331  -34.714  -11.359  50.166 0.0000000000
76480  -36.237  -12.374  53.228 0.0000000000
79313  -38.155  -11.125  51.204 0.0000000000
80716  -44.626  -10.100  47.773 0.0000000000
79320  -44.379  -11.633  50.296 0.0000000000
80699  -47.053  -10.128  48.977 0.0000000000
79389  -48.529  -11.896  47.466 0.0000000000
92875  -49.630  -1.355  42.120 0.0000000000
90330  -53.535  -3.036  40.533 0.0000000000
96710  -51.146  1.888  40.957 0.0000000000
100473  -53.844  4.282  32.331 0.0000000000
101519  -54.545  5.035  35.607 0.0000000000
98089  -57.096  2.789  34.503 0.0000000000
94213  -57.288  -1.208  32.989 0.0000000000
95633  -61.516  0.140  25.276 0.0000000000
93037  -60.807  -1.444  27.269 0.0000000000
77893  -39.187  -12.124  48.129 0.0000000000
189553  -52.813  1.721  29.166 0.0000000000
99408  -59.920  3.661  25.004 0.0000000000
98234  -61.321  2.085  22.986 0.0000000000
101704  -60.274  4.766  20.047 0.0000000000
79469  -52.337  -11.500  42.784 0.0000000000
83139  -50.541  -8.495  43.000 0.0000000000
89155  -49.764  -4.034  43.575 0.0000000000
62086  -23.382  -23.996  56.692 0.0000000000
53973  -27.806  -30.010  53.468 0.0000000000
54905  -30.514  -29.283  55.905 0.0000000000
54931  -29.691  -29.431  52.159 0.0000000000
57069  -32.315  -26.845  52.506 0.0000000000
62114  -34.703  -23.886  53.132 0.0000000000
66955  -34.673  -20.006  52.295 0.0000000000
73945  -33.332  -15.460  53.198 0.0000000000
75225  -35.680  -13.958  49.678 0.0000000000
169862  -41.162  -11.769  51.373 0.0000000000
73976  -43.047  -13.776  51.496 0.0000000000
72863  -44.474  -15.493  49.233 0.0000000000
74048  -48.149  -15.122  47.280 0.0000000000
201351  -50.511  -13.460  44.982 0.0000000000
100358  -52.521  3.901  39.178 0.0000000000
91681  -58.301  -2.149  28.646 0.0000000000
94244  -58.665  -0.586  30.509 0.0000000000
62076  -22.101  -23.416  56.817 0.0000000000
84239  -47.735  -7.618  47.653 0.0000000000
85508  -48.160  -6.359  46.995 0.0000000000
85523  -47.043  -6.384  46.616 0.0000000000
79379  -35.185  -11.471  48.455 0.0000000000
170203  -36.007  -11.036  50.620 0.0000000000
79357  -36.820  -11.420  49.006 0.0000000000
192318  -45.837  -8.572  47.170 0.0000000000
81898  -45.665  -9.399  48.849 0.0000000000
83083  -46.528  -8.227  48.101 0.0000000000
81909  -47.745  -8.814  48.214 0.0000000000
94059  -51.089  -0.549  40.964 0.0000000000
96708  -49.994  1.703  41.131 0.0000000000
100481  -54.983  3.998  31.418 0.0000000000
180739  -55.799  4.639  32.615 0.0000000000
99315  -57.106  3.203  32.687 0.0000000000
96872  -57.408  1.103  34.217 0.0000000000
96897  -57.936  1.013  31.894 0.0000000000
93109  -61.218  -1.370  23.713 0.0000000000
91765  -61.246  -1.945  24.774 0.0000000000
90543  -60.070  -2.541  24.263 0.0000000000
100550  -58.674  4.015  23.735 0.0000000000
99423  -60.034  4.378  24.736 0.0000000000
98215  -60.733  2.822  24.746 0.0000000000
99438  -61.106  3.747  23.750 0.0000000000
98242  -61.057  2.151  22.135 0.0000000000
100583  -61.456  5.305  23.236 0.0000000000
101706  -61.669  5.849  21.071 0.0000000000
80756  -52.140  -10.840  44.267 0.0000000000
81966  -52.142  -9.737  43.302 0.0000000000
83131  -50.050  -9.005  43.871 0.0000000000
87953  -48.982  -4.937  45.937 0.0000000000
187749  -49.368  -4.957  44.278 0.0000000000
90304  -49.276  -3.263  44.658 0.0000000000
91527  -49.287  -1.905  44.144 0.0000000000
92852  -48.198  -1.374  43.589 0.0000000000
59564  -24.218  -25.454  57.175 0.0000000000
59565  -24.872  -25.893  57.847 0.0000000000
56996  -27.248  -27.889  57.933 0.0000000000
58277  -32.192  -26.992  56.099 0.0000000000
54914  -31.439  -28.669  55.249 0.0000000000
54918  -30.490  -29.255  54.357 0.0000000000
55918  -31.246  -28.497  53.842 0.0000000000
55924  -31.052  -28.347  52.770 0.0000000000
57047  -32.442  -27.435  54.263 0.0000000000
194553  -34.378  -22.081  53.142 0.0000000000
65800  -34.773  -21.895  52.463 0.0000000000
66954  -34.288  -19.744  53.091 0.0000000000
76512  -33.171  -13.112  51.514 0.0000000000
184512  -33.047  -14.283  51.442 0.0000000000
73956  -33.839  -14.840  52.880 0.0000000000
72816  -34.863  -16.096  52.540 0.0000000000
73969  -34.325  -14.283  52.345 0.0000000000
170391  -35.093  -14.739  50.285 0.0000000000
75195  -34.982  -13.450  51.732 0.0000000000
76482  -38.137  -12.867  53.234 0.0000000000
75196  -37.295  -13.475  51.462 0.0000000000
75214  -38.860  -14.278  51.415 0.0000000000
73990  -40.893  -14.918  51.253 0.0000000000
79360  -40.056  -11.599  49.592 0.0000000000
169737  -41.542  -11.592  49.930 0.0000000000
77844  -45.036  -12.277  49.962 0.0000000000
77828  -44.020  -12.517  50.764 0.0000000000
75216  -44.540  -13.540  50.096 0.0000000000
174187  -43.682  -15.346  50.169 0.0000000000
201669  -45.451  -14.556  49.157 0.0000000000
75243  -47.136  -13.873  48.426 0.0000000000
80719  -49.666  -10.875  46.283 0.0000000000
77944  -50.330  -12.607  46.817 0.0000000000
79435  -51.492  -11.517  45.602 0.0000000000
76604  -51.668  -12.556  44.211 0.0000000000
63292  -25.066  -23.104  57.212 0.0000000000
62063  -24.909  -23.195  58.056 0.0000000000
62068  -23.969  -23.269  57.946 0.0000000000
84357  -51.857  -7.702  41.544 0.0000000000
85601  -52.724  -6.341  40.938 0.0000000000
91556  -54.249  -2.419  39.699 0.0000000000
98052  -50.781  2.853  35.976 0.0000000000
177493  -51.279  3.525  38.030 0.0000000000
100390  -52.407  4.394  37.067 0.0000000000
99256  -54.875  3.857  36.015 0.0000000000
99235  -54.252  3.702  37.330 0.0000000000
91698  -60.845  -2.194  28.196 0.0000000000
91697  -59.608  -2.087  27.870 0.0000000000
186922  -59.933  -2.187  28.889 0.0000000000
93000  -58.480  -1.122  29.510 0.0000000000
91658  -59.517  -2.548  30.117 0.0000000000
200428  -58.411  -2.515  31.593 0.0000000000
102859  -60.351  6.288  22.958 0.0000000000
102847  -61.443  6.658  23.052 0.0000000000
104112  -60.637  7.237  21.405 0.0000000000
105349  -61.944  8.267  20.833 0.0000000000
81940  -48.700  -9.045  46.196 0.0000000000
83130  -49.143  -8.290  44.734 0.0000000000
84286  -48.593  -7.204  46.248 0.0000000000
86760  -48.391  -5.511  46.563 0.0000000000
89136  -47.749  -4.511  45.585 0.0000000000
62088  -25.633  -24.324  57.197 0.0000000000
59551  -25.688  -25.991  58.140 0.0000000000
58266  -28.014  -27.494  57.339 0.0000000000
79288  -33.973  -11.842  51.561 0.0000000000
77804  -34.866  -12.029  52.969 0.0000000000
79275  -35.319  -11.610  53.202 0.0000000000
79276  -36.967  -11.455  53.329 0.0000000000
79278  -38.902  -11.702  52.861 0.0000000000
79386  -43.780  -10.988  48.190 0.0000000000
79341  -43.519  -11.104  49.704 0.0000000000
80698  -44.612  -10.367  49.038 0.0000000000
80688  -46.070  -10.504  49.364 0.0000000000
79365  -46.784  -11.427  49.123 0.0000000000
77879  -47.451  -12.325  48.296 0.0000000000
188087  -47.556  -10.701  48.539 0.0000000000
183698  -48.419  -9.750  47.210 0.0000000000
63311  -24.950  -23.325  55.779 0.0000000000
89161  -51.363  -3.838  41.645 0.0000000000
89163  -52.428  -4.408  41.295 0.0000000000
91541  -52.336  -2.574  41.289 0.0000000000
92883  -52.892  -1.303  40.888 0.0000000000
94089  -53.232  0.110  40.371 0.0000000000
100458  -52.446  3.666  33.338 0.0000000000
100419  -52.959  4.355  34.806 0.0000000000
101558  -54.179  4.994  34.225 0.0000000000
100421  -55.579  4.662  34.927 0.0000000000
96972  -60.243  1.409  25.496 0.0000000000
178400  -59.450  -0.429  25.679 0.0000000000
94287  -61.236  -0.830  26.424 0.0000000000
90497  -61.390  -2.284  27.156 0.0000000000
81939  -46.153  -8.669  45.627 0.0000000000
80742  -45.512  -9.956  45.740 0.0000000000
98027  -49.440  2.079  39.168 0.0000000000
99320  -51.081  2.591  32.528 0.0000000000
99333  -52.023  3.080  31.657 0.0000000000
99347  -53.078  2.879  30.656 0.0000000000
98163  -54.964  2.390  29.763 0.0000000000
98212  -58.612  2.592  25.140 0.0000000000
178185  -60.684  2.261  25.176 0.0000000000
96995  -61.436  1.319  24.311 0.0000000000
94350  -61.376  -0.410  22.777 0.0000000000
101684  -61.483  5.191  22.298 0.0000000000
100606  -60.559  4.595  20.821 0.0000000000
80769  -52.848  -10.441  42.535 0.0000000000
83149  -52.020  -8.602  42.177 0.0000000000
85586  -50.818  -6.955  41.964 0.0000000000
84309  -49.140  -7.345  44.305 0.0000000000
86807  -50.181  -6.029  42.414 0.0000000000
87972  -50.320  -4.793  42.096 0.0000000000
199421  -49.734  -2.892  43.312 0.0000000000
92869  -49.306  -1.027  42.756 0.0000000000
85570  -46.966  -6.445  44.483 0.0000000000
87964  -47.568  -5.154  43.456 0.0000000000
90314  -47.815  -2.468  42.587 0.0000000000
60901  -23.011  -24.570  55.869 0.0000000000
59580  -23.298  -25.465  55.601 0.0000000000
53992  -27.493  -30.008  51.368 0.0000000000
58276  -28.340  -27.353  56.286 0.0000000000
55889  -28.811  -28.872  57.042 0.0000000000
202401  -28.938  -29.557  56.612 0.0000000000
193378  -28.760  -30.023  52.726 0.0000000000
58366  -32.133  -26.552  51.623 0.0000000000
59661  -33.241  -25.617  51.741 0.0000000000
70363  -32.818  -17.627  52.957 0.0000000000
180459  -32.998  -15.492  51.366 0.0000000000
70349  -33.305  -17.489  53.882 0.0000000000
70351  -34.612  -17.683  53.376 0.0000000000
69178  -34.968  -17.979  52.016 0.0000000000
76513  -35.558  -13.271  51.306 0.0000000000
177183  -38.494  -11.476  49.579 0.0000000000
173202  -39.601  -11.445  51.257 0.0000000000
204341  -40.306  -12.406  52.484 0.0000000000
183948  -43.031  -11.686  50.703 0.0000000000
77810  -42.271  -12.469  51.773 0.0000000000
73959  -41.635  -13.979  52.093 0.0000000000
73991  -42.043  -15.272  51.090 0.0000000000
198163  -43.205  -15.731  49.586 0.0000000000
74061  -48.581  -14.584  46.133 0.0000000000
76547  -48.900  -13.519  47.500 0.0000000000
74056  -49.365  -14.057  45.962 0.0000000000
75285  -49.295  -13.901  45.039 0.0000000000
76624  -50.305  -13.041  43.921 0.0000000000
62078  -23.326  -23.352  57.419 0.0000000000
99203  -50.840  3.090  40.019 0.0000000000
99205  -51.824  3.431  39.992 0.0000000000
96730  -53.466  1.462  39.284 0.0000000000
101500  -53.724  4.909  37.332 0.0000000000
98030  -53.782  2.491  38.526 0.0000000000
95424  -53.608  0.568  38.582 0.0000000000
96930  -54.152  1.434  29.186 0.0000000000
96914  -56.291  1.810  29.781 0.0000000000
93035  -59.217  -1.326  26.156 0.0000000000
170240  -57.873  -2.264  26.998 0.0000000000
92999  -57.320  -1.274  29.222 0.0000000000
95575  -57.436  0.333  29.609 0.0000000000
96916  -57.738  1.555  30.343 0.0000000000
94225  -58.162  -1.377  31.933 0.0000000000
60899  -21.314  -24.357  55.591 0.0000000000
84252  -46.756  -6.922  47.302 0.0000000000
84253  -47.461  -6.650  47.135 0.0000000000
191134  -46.653  -7.111  46.693 0.0000000000
171181  -35.038  -11.676  47.743 0.0000000000
79356  -35.972  -11.390  48.789 0.0000000000
174045  -36.561  -11.577  48.376 0.0000000000
83096  -46.303  -8.019  47.582 0.0000000000
83095  -45.898  -8.596  47.912 0.0000000000
84237  -46.826  -7.633  47.683 0.0000000000
83084  -47.142  -8.062  48.067 0.0000000000
96689  -48.821  0.979  41.379 0.0000000000
96691  -50.033  1.120  41.199 0.0000000000
96728  -49.092  1.631  40.591 0.0000000000
99338  -56.270  3.559  30.694 0.0000000000
194320  -56.226  4.237  31.977 0.0000000000
99326  -57.192  3.380  31.488 0.0000000000
98137  -57.470  2.657  31.836 0.0000000000
99327  -57.529  2.810  30.969 0.0000000000
93108  -60.689  -1.604  23.541 0.0000000000
91789  -60.843  -1.934  24.120 0.0000000000
101667  -60.265  5.828  23.757 0.0000000000
100552  -60.464  5.032  24.384 0.0000000000
100538  -60.418  4.269  24.712 0.0000000000
100553  -60.891  4.748  24.282 0.0000000000
100567  -61.319  4.545  23.529 0.0000000000
100554  -61.201  5.326  23.858 0.0000000000
80755  -51.351  -10.437  44.629 0.0000000000
81955  -50.719  -9.784  44.229 0.0000000000
90296  -48.541  -3.694  45.193 0.0000000000
89146  -49.089  -4.001  44.928 0.0000000000
90302  -48.484  -3.100  44.926 0.0000000000
91514  -48.620  -2.318  44.544 0.0000000000
90308  -48.278  -2.676  44.417 0.0000000000
60886  -25.027  -24.535  58.291 0.0000000000
59550  -25.215  -25.459  58.224 0.0000000000
55888  -27.717  -28.559  57.737 0.0000000000
55887  -27.090  -28.453  57.715 0.0000000000
57020  -32.380  -27.663  55.790 0.0000000000
57019  -31.921  -28.135  56.065 0.0000000000
55907  -32.063  -28.171  55.511 0.0000000000
54920  -31.523  -28.536  54.753 0.0000000000
55913  -31.839  -28.339  55.010 0.0000000000
55919  -31.726  -28.234  54.270 0.0000000000
57033  -32.049  -28.001  54.546 0.0000000000
66948  -33.297  -20.138  53.621 0.0000000000
65793  -33.595  -21.604  53.521 0.0000000000
195082  -33.613  -21.033  53.401 0.0000000000
65799  -34.012  -21.323  53.078 0.0000000000
68018  -33.751  -19.549  53.607 0.0000000000
76498  -33.488  -12.833  52.248 0.0000000000
76476  -33.220  -13.289  52.334 0.0000000000
180056  -33.701  -14.064  52.705 0.0000000000
75194  -34.296  -13.615  52.370 0.0000000000
73986  -34.977  -14.047  51.234 0.0000000000
196284  -34.449  -13.144  52.400 0.0000000000
76483  -38.819  -13.174  53.079 0.0000000000
75182  -38.590  -13.590  52.814 0.0000000000
75183  -39.374  -13.667  52.792 0.0000000000
73971  -39.670  -14.522  51.711 0.0000000000
73957  -40.470  -14.274  52.187 0.0000000000
77877  -41.447  -11.863  49.038 0.0000000000
79362  -42.174  -11.510  49.690 0.0000000000
76526  -45.632  -12.449  49.682 0.0000000000
76516  -44.928  -12.921  49.970 0.0000000000
183121  -45.585  -13.124  49.581 0.0000000000
75229  -45.051  -13.668  49.722 0.0000000000
185008  -46.033  -13.341  49.221 0.0000000000
75242  -46.354  -13.915  48.784 0.0000000000
76537  -46.535  -13.200  48.877 0.0000000000
80743  -49.991  -10.445  45.614 0.0000000000
79421  -50.798  -11.603  46.158 0.0000000000
80744  -51.003  -10.766  45.283 0.0000000000
80745  -51.866  -11.167  44.955 0.0000000000
62079  -25.315  -23.664  57.583 0.0000000000
179036  -24.893  -23.039  57.863 0.0000000000
189053  -25.046  -23.740  58.173 0.0000000000
62069  -24.743  -23.691  58.222 0.0000000000
85600  -51.926  -6.700  41.086 0.0000000000
84358  -52.272  -7.451  41.089 0.0000000000
86834  -52.285  -5.640  41.152 0.0000000000
91563  -54.120  -1.833  39.647 0.0000000000
90356  -54.049  -2.568  39.147 0.0000000000
173564  -53.841  -2.497  39.095 0.0000000000
91572  -53.565  -2.115  38.591 0.0000000000
99254  -51.122  3.103  35.431 0.0000000000
199117  -51.259  3.279  36.074 0.0000000000
99255  -51.676  3.591  35.702 0.0000000000
95630  -57.944  0.423  25.221 0.0000000000
90484  -60.522  -3.108  28.872 0.0000000000
91683  -60.559  -2.419  28.749 0.0000000000
91669  -59.676  -2.212  29.608 0.0000000000
83105  -48.302  -8.530  46.828 0.0000000000
83116  -48.432  -7.954  46.420 0.0000000000
184244  -48.160  -7.670  47.013 0.0000000000
86743  -47.827  -5.647  46.719 0.0000000000
86744  -48.126  -5.755  46.785 0.0000000000
87942  -47.902  -5.252  46.420 0.0000000000
87943  -48.145  -5.003  46.169 0.0000000000
87951  -47.654  -5.031  45.942 0.0000000000
62093  -25.625  -24.336  56.388 0.0000000000
191045  -34.618  -11.542  49.302 0.0000000000
79330  -34.228  -11.763  49.673 0.0000000000
77841  -33.631  -12.070  50.946 0.0000000000
79309  -34.490  -11.468  51.311 0.0000000000
79289  -34.328  -11.676  52.170 0.0000000000
79310  -35.213  -11.147  50.992 0.0000000000
79312  -37.343  -11.097  50.631 0.0000000000
80674  -36.675  -10.982  51.237 0.0000000000
80667  -37.816  -11.120  52.168 0.0000000000
79277  -38.073  -11.399  52.914 0.0000000000
79292  -38.597  -11.323  52.233 0.0000000000
79387  -44.352  -10.409  48.205 0.0000000000
80708  -44.258  -10.521  48.822 0.0000000000
177838  -44.697  -9.930  48.481 0.0000000000
81899  -46.354  -9.279  48.852 0.0000000000
81889  -45.891  -9.883  49.213 0.0000000000
80689  -46.572  -10.514  49.223 0.0000000000
191851  -46.243  -11.117  49.395 0.0000000000
192558  -46.733  -10.926  49.211 0.0000000000
191461  -47.140  -10.760  48.928 0.0000000000
80700  -47.467  -10.123  48.777 0.0000000000
81910  -48.085  -9.100  47.711 0.0000000000
81921  -48.316  -9.128  47.106 0.0000000000
80730  -48.747  -9.956  46.684 0.0000000000
62092  -25.295  -23.775  56.071 0.0000000000
90320  -50.609  -3.138  41.775 0.0000000000
190623  -51.668  -3.135  41.487 0.0000000000
91540  -51.173  -2.423  41.415 0.0000000000
94076  -50.900  0.626  40.977 0.0000000000
94077  -52.023  0.057  40.845 0.0000000000
94078  -52.915  -0.309  40.731 0.0000000000
186224  -52.650  0.302  40.649 0.0000000000
100472  -53.133  3.990  32.546 0.0000000000
100436  -53.656  4.612  33.729 0.0000000000
100460  -53.741  4.435  33.061 0.0000000000
100437  -56.328  4.124  33.946 0.0000000000
101561  -55.708  4.802  34.060 0.0000000000
100422  -56.028  4.205  34.632 0.0000000000
99257  -55.823  3.942  35.095 0.0000000000
96847  -56.619  1.850  34.839 0.0000000000
95632  -60.822  0.694  25.553 0.0000000000
94309  -61.066  -0.194  26.014 0.0000000000
94310  -61.380  -0.306  25.814 0.0000000000
90506  -60.665  -3.111  27.332 0.0000000000
81938  -45.902  -9.261  45.748 0.0000000000
99321  -51.589  2.908  32.227 0.0000000000
98173  -52.344  1.999  29.649 0.0000000000
98161  -53.388  2.455  30.012 0.0000000000
99348  -53.866  2.905  30.458 0.0000000000
98162  -54.137  2.465  29.830 0.0000000000
99422  -59.284  3.933  24.592 0.0000000000
99421  -58.350  3.425  24.174 0.0000000000
98223  -57.978  2.848  24.585 0.0000000000
98213  -59.562  2.896  25.312 0.0000000000
96985  -60.093  2.237  25.451 0.0000000000
98214  -60.294  2.992  25.266 0.0000000000
98225  -61.264  2.076  24.023 0.0000000000
196559  -60.996  1.935  24.824 0.0000000000
97002  -61.532  1.173  23.100 0.0000000000
94351  -61.560  -0.155  23.027 0.0000000000
95659  -61.566  0.339  22.702 0.0000000000
94367  -61.116  -0.016  22.227 0.0000000000
98243  -61.364  1.342  22.299 0.0000000000
99448  -60.770  2.922  21.868 0.0000000000
104091  -61.540  7.081  22.566 0.0000000000
101685  -61.636  5.984  22.824 0.0000000000
101693  -61.788  5.989  22.036 0.0000000000
101705  -60.953  5.239  20.507 0.0000000000
79468  -51.546  -11.896  42.405 0.0000000000
79486  -52.006  -11.417  41.957 0.0000000000
79456  -52.687  -10.845  43.033 0.0000000000
83140  -51.632  -9.037  42.823 0.0000000000
83148  -51.259  -8.388  42.388 0.0000000000
84342  -51.340  -7.771  41.935 0.0000000000
84341  -50.679  -7.691  42.383 0.0000000000
84308  -48.854  -7.236  45.474 0.0000000000
87965  -49.624  -4.501  43.908 0.0000000000
86806  -49.506  -5.715  43.620 0.0000000000
86820  -49.752  -5.165  43.274 0.0000000000
189035  -50.098  -5.235  42.425 0.0000000000
87971  -49.884  -4.661  42.961 0.0000000000
89156  -50.020  -4.222  42.624 0.0000000000
184061  -49.870  -3.647  43.250 0.0000000000
92854  -48.989  -1.360  43.744 0.0000000000
92855  -49.274  -1.408  43.514 0.0000000000
60902  -23.684  -24.917  56.381 0.0000000000
58261  -24.491  -26.347  56.922 0.0000000000
56986  -26.198  -27.276  58.086 0.0000000000
54916  -26.750  -29.459  53.441 0.0000000000
53972  -27.313  -29.864  52.994 0.0000000000
54930  -26.881  -29.619  51.606 0.0000000000
53982  -27.815  -30.062  52.601 0.0000000000
57015  -28.986  -27.693  55.903 0.0000000000
57003  -28.695  -28.060  56.980 0.0000000000
54904  -29.829  -29.478  56.291 0.0000000000
53962  -28.975  -29.898  55.773 0.0000000000
53963  -29.717  -29.714  55.678 0.0000000000
54925  -30.225  -29.260  53.149 0.0000000000
53975  -29.801  -29.608  53.699 0.0000000000
53984  -29.411  -29.770  52.848 0.0000000000
183996  -28.230  -30.051  51.527 0.0000000000
53995  -28.884  -29.889  51.968 0.0000000000
191219  -28.972  -29.543  50.556 0.0000000000
55931  -31.390  -27.792  52.345 0.0000000000
55930  -30.830  -28.134  51.860 0.0000000000
57067  -31.175  -27.507  51.510 0.0000000000
57077  -30.987  -27.244  50.775 0.0000000000
57068  -31.757  -27.208  51.962 0.0000000000
60940  -34.388  -24.471  53.628 0.0000000000
59637  -33.763  -25.377  53.443 0.0000000000
59638  -34.204  -24.755  53.171 0.0000000000
59648  -33.918  -25.117  52.789 0.0000000000
59649  -34.336  -24.627  52.305 0.0000000000
60951  -34.723  -24.069  52.592 0.0000000000
172498  -34.807  -21.257  52.034 0.0000000000
64592  -35.498  -22.633  52.045 0.0000000000
171667  -35.302  -21.604  51.494 0.0000000000
68040  -34.809  -19.754  51.640 0.0000000000
73954  -33.165  -15.023  52.807 0.0000000000
73968  -33.031  -14.894  51.929 0.0000000000
72814  -33.085  -15.781  53.000 0.0000000000
188192  -32.740  -16.633  53.118 0.0000000000
71571  -33.545  -16.632  53.560 0.0000000000
70350  -34.020  -17.218  53.737 0.0000000000
71572  -34.190  -16.640  53.457 0.0000000000
71589  -35.125  -16.699  51.913 0.0000000000
70378  -35.150  -17.388  51.996 0.0000000000
173749  -35.075  -17.176  51.520 0.0000000000
69189  -34.781  -18.434  51.503 0.0000000000
74004  -35.246  -14.769  49.440 0.0000000000
72842  -35.110  -15.436  49.781 0.0000000000
77805  -35.578  -11.870  53.407 0.0000000000
76500  -35.842  -12.826  52.185 0.0000000000
79382  -37.962  -11.825  48.394 0.0000000000
79383  -38.663  -11.766  48.784 0.0000000000
178809  -40.491  -11.508  50.451 0.0000000000
79337  -39.736  -11.459  50.386 0.0000000000
79315  -40.208  -11.685  51.640 0.0000000000
79294  -40.103  -11.873  52.056 0.0000000000
79295  -40.634  -11.850  51.705 0.0000000000
196003  -43.740  -11.258  49.970 0.0000000000
178519  -43.204  -11.443  50.269 0.0000000000
79319  -43.686  -11.566  50.453 0.0000000000
76503  -43.557  -13.020  51.157 0.0000000000
77826  -42.737  -12.217  51.428 0.0000000000
76502  -42.808  -12.869  51.652 0.0000000000
76486  -41.479  -13.179  52.215 0.0000000000
73975  -42.339  -14.328  51.766 0.0000000000
73974  -41.653  -14.738  51.684 0.0000000000
196395  -42.920  -14.713  51.314 0.0000000000
72847  -44.069  -15.439  49.715 0.0000000000
72846  -43.479  -15.607  49.868 0.0000000000
181736  -43.835  -15.669  49.364 0.0000000000
72885  -47.541  -15.459  47.609 0.0000000000
74054  -48.476  -14.821  46.703 0.0000000000
77898  -48.248  -12.753  47.748 0.0000000000
77921  -49.160  -12.774  47.324 0.0000000000
76586  -50.611  -13.449  45.641 0.0000000000
75271  -49.945  -13.763  46.187 0.0000000000
75278  -49.925  -13.775  45.500 0.0000000000
75277  -49.415  -13.954  45.537 0.0000000000
75286  -49.931  -13.696  45.019 0.0000000000
75296  -49.686  -13.455  44.412 0.0000000000
200961  -50.346  -13.349  44.556 0.0000000000
78026  -51.944  -12.029  43.178 0.0000000000
78025  -51.177  -12.327  42.902 0.0000000000
201014  -23.872  -23.837  57.547 0.0000000000
62085  -22.579  -23.855  56.251 0.0000000000
90323  -53.095  -3.791  40.808 0.0000000000
87983  -53.065  -5.018  40.991 0.0000000000
89170  -53.255  -4.458  40.680 0.0000000000
98038  -49.474  1.864  38.121 0.0000000000
98016  -50.141  2.654  39.700 0.0000000000
199906  -51.995  4.087  38.309 0.0000000000
99215  -51.767  3.622  39.764 0.0000000000
99206  -52.471  3.564  39.599 0.0000000000
186107  -52.760  2.817  39.744 0.0000000000
99207  -53.077  3.094  39.264 0.0000000000
101518  -54.110  5.051  35.966 0.0000000000
101517  -53.547  4.975  36.256 0.0000000000
101510  -53.947  5.036  36.734 0.0000000000
99224  -54.010  3.827  37.972 0.0000000000
96785  -53.778  2.041  38.191 0.0000000000
96765  -53.743  1.768  38.643 0.0000000000
95443  -53.603  1.227  38.377 0.0000000000
170820  -54.954  1.192  29.325 0.0000000000
189183  -55.793  1.131  29.509 0.0000000000
94308  -60.279  -0.655  26.162 0.0000000000
196280  -60.246  -1.218  26.683 0.0000000000
182338  -58.863  -2.215  28.159 0.0000000000
91696  -58.665  -2.209  27.387 0.0000000000
175960  -57.803  -2.379  27.817 0.0000000000
196396  -56.861  -2.452  27.816 0.0000000000
91680  -57.234  -2.235  28.492 0.0000000000
91666  -56.713  -1.882  28.858 0.0000000000
91667  -57.798  -1.838  29.010 0.0000000000
94256  -58.711  -0.900  30.082 0.0000000000
94255  -57.891  -0.382  29.567 0.0000000000
95565  -58.293  0.147  30.177 0.0000000000
96934  -57.785  0.851  29.985 0.0000000000
95557  -58.343  0.224  30.684 0.0000000000
95548  -58.156  0.192  31.538 0.0000000000
94234  -58.370  -0.629  31.286 0.0000000000
84255  -48.200  -7.754  47.414 0.0000000000
199960  -48.086  -7.034  47.102 0.0000000000
84254  -47.806  -6.938  47.262 0.0000000000
85506  -47.608  -6.088  46.926 0.0000000000
85540  -47.080  -5.951  46.198 0.0000000000
79355  -35.237  -11.283  49.307 0.0000000000
79332  -35.464  -11.130  50.116 0.0000000000
79333  -36.185  -11.166  49.677 0.0000000000
79311  -36.674  -11.076  50.343 0.0000000000
79334  -37.130  -11.240  49.779 0.0000000000
81920  -45.381  -9.122  47.553 0.0000000000
196201  -45.038  -9.529  48.456 0.0000000000
81908  -45.414  -9.171  48.334 0.0000000000
83072  -46.106  -8.801  48.511 0.0000000000
81900  -46.985  -9.296  48.789 0.0000000000
81901  -47.483  -9.428  48.652 0.0000000000
83074  -47.350  -8.664  48.389 0.0000000000
83086  -47.852  -8.193  47.775 0.0000000000
94057  -49.494  -0.571  41.939 0.0000000000
185918  -50.191  -0.948  41.312 0.0000000000
94058  -50.224  -0.023  41.219 0.0000000000
95334  -50.172  0.794  41.208 0.0000000000
96709  -50.467  1.962  41.118 0.0000000000
99324  -54.088  3.909  31.605 0.0000000000
100462  -55.159  4.829  32.701 0.0000000000
100475  -55.506  4.419  32.017 0.0000000000
202030  -56.206  4.345  32.527 0.0000000000
99292  -56.893  3.319  33.919 0.0000000000
98103  -57.352  2.283  33.858 0.0000000000
98125  -57.467  2.287  32.805 0.0000000000
96888  -57.661  1.443  33.387 0.0000000000
95539  -57.949  0.043  32.564 0.0000000000
93110  -61.498  -1.072  24.179 0.0000000000
199514  -61.615  -0.630  25.117 0.0000000000
93085  -61.316  -1.598  24.245 0.0000000000
90529  -60.698  -2.360  24.803 0.0000000000
100551  -59.629  4.668  24.218 0.0000000000
99424  -60.717  3.780  24.504 0.0000000000
98224  -61.109  2.913  23.902 0.0000000000
98233  -61.166  2.880  23.003 0.0000000000
99449  -61.045  3.486  22.614 0.0000000000
100582  -61.239  4.400  22.507 0.0000000000
104114  -62.342  7.300  21.160 0.0000000000
102868  -62.111  6.759  21.680 0.0000000000
102880  -62.105  6.485  20.715 0.0000000000
102879  -61.483  5.833  20.150 0.0000000000
101715  -60.173  4.843  19.198 0.0000000000
79455  -52.465  -11.375  43.661 0.0000000000
80761  -52.446  -10.510  43.573 0.0000000000
81956  -51.725  -10.092  43.937 0.0000000000
81965  -51.154  -9.392  43.479 0.0000000000
86792  -48.784  -5.655  45.865 0.0000000000
86793  -49.081  -5.508  44.848 0.0000000000
187873  -49.057  -4.805  45.045 0.0000000000
87962  -49.254  -4.402  44.706 0.0000000000
89151  -49.475  -3.891  44.375 0.0000000000
188363  -49.618  -3.283  44.068 0.0000000000
91516  -49.249  -2.584  44.556 0.0000000000
92833  -48.619  -1.589  44.088 0.0000000000
92868  -48.148  -0.744  43.163 0.0000000000
184066  -24.038  -24.559  57.378 0.0000000000
171979  -27.821  -29.951  54.436 0.0000000000
54912  -30.318  -29.385  55.238 0.0000000000
54913  -30.947  -29.074  55.225 0.0000000000
54919  -31.134  -28.831  54.580 0.0000000000
54926  -30.766  -28.791  53.143 0.0000000000
54932  -30.415  -28.836  52.251 0.0000000000
55925  -31.589  -28.043  53.323 0.0000000000
57058  -32.424  -27.148  53.404 0.0000000000
63346  -34.659  -22.777  53.223 0.0000000000
62115  -35.055  -23.354  52.721 0.0000000000
65806  -34.349  -20.785  52.721 0.0000000000
68030  -34.796  -19.003  52.792 0.0000000000
76525  -33.178  -12.948  50.546 0.0000000000
195635  -33.102  -13.670  50.908 0.0000000000
75193  -33.114  -13.660  51.854 0.0000000000
75179  -33.189  -14.158  52.476 0.0000000000
73955  -33.451  -14.683  52.860 0.0000000000
73946  -33.609  -15.434  53.151 0.0000000000
72823  -34.957  -15.756  51.666 0.0000000000
75210  -35.427  -13.749  50.610 0.0000000000
76481  -37.253  -12.690  53.183 0.0000000000
176310  -36.882  -13.059  52.329 0.0000000000
76501  -37.782  -13.352  52.745 0.0000000000
75197  -38.186  -13.775  52.022 0.0000000000
73989  -40.238  -14.812  51.074 0.0000000000
192623  -41.247  -15.216  50.806 0.0000000000
77894  -40.080  -12.247  48.039 0.0000000000
77875  -39.607  -11.843  48.806 0.0000000000
77876  -40.502  -11.912  48.874 0.0000000000
79361  -40.866  -11.641  49.730 0.0000000000
79338  -41.247  -11.534  50.591 0.0000000000
79321  -45.016  -11.745  49.977 0.0000000000
77842  -43.888  -12.013  50.734 0.0000000000
189885  -44.488  -12.575  50.309 0.0000000000
76515  -44.171  -13.135  50.531 0.0000000000
75201  -43.669  -13.657  50.954 0.0000000000
179667  -43.508  -14.387  50.974 0.0000000000
75228  -44.570  -14.100  49.902 0.0000000000
74009  -44.999  -14.504  49.509 0.0000000000
74022  -45.316  -14.954  49.075 0.0000000000
74023  -45.965  -14.625  48.760 0.0000000000
74024  -46.915  -14.566  48.364 0.0000000000
75254  -47.812  -14.593  48.144 0.0000000000
79408  -49.369  -11.312  46.755 0.0000000000
188437  -49.495  -12.075  47.028 0.0000000000
79420  -50.193  -11.796  46.627 0.0000000000
77945  -50.871  -12.360  46.370 0.0000000000
76587  -51.164  -13.030  45.134 0.0000000000
76625  -50.977  -12.944  44.292 0.0000000000
77985  -52.061  -12.220  44.679 0.0000000000
79447  -52.340  -11.592  44.524 0.0000000000
64533  -24.842  -22.618  56.920 0.0000000000
64519  -24.590  -22.367  57.786 0.0000000000
63279  -24.564  -22.723  58.098 0.0000000000
60885  -24.457  -24.191  58.144 0.0000000000
91549  -53.863  -2.446  40.209 0.0000000000
199140  -53.926  -4.083  39.770 0.0000000000
204354  -54.397  -2.868  39.681 0.0000000000
196144  -50.555  2.660  36.511 0.0000000000
98029  -50.617  2.971  38.323 0.0000000000
99233  -51.106  3.271  36.819 0.0000000000
99234  -51.810  3.981  37.477 0.0000000000
100377  -52.559  4.404  37.972 0.0000000000
100402  -55.061  4.534  36.177 0.0000000000
100392  -54.497  4.704  36.668 0.0000000000
93021  -61.112  -1.749  27.701 0.0000000000
93036  -59.632  -1.795  27.087 0.0000000000
173584  -60.168  -1.924  28.274 0.0000000000
198499  -59.701  -2.094  28.489 0.0000000000
91682  -59.325  -2.047  28.911 0.0000000000
91668  -58.942  -1.794  29.329 0.0000000000
93001  -59.106  -1.601  29.913 0.0000000000
92990  -58.957  -1.435  30.381 0.0000000000
92981  -58.676  -1.460  31.139 0.0000000000
102845  -60.893  6.301  23.702 0.0000000000
102846  -61.171  6.533  23.456 0.0000000000
102860  -61.039  6.830  23.207 0.0000000000
104090  -61.375  7.231  22.649 0.0000000000
105327  -61.632  7.440  22.140 0.0000000000
104113  -61.356  7.948  21.021 0.0000000000
105336  -61.824  7.817  21.548 0.0000000000
104115  -62.410  7.650  20.657 0.0000000000
81941  -49.296  -9.709  45.458 0.0000000000
81954  -49.618  -9.374  44.727 0.0000000000
83117  -48.904  -8.744  45.571 0.0000000000
83129  -48.688  -7.876  45.775 0.0000000000
84269  -48.372  -6.868  46.755 0.0000000000
179068  -48.437  -5.993  46.739 0.0000000000
178806  -48.594  -5.698  46.424 0.0000000000
86773  -48.622  -5.271  46.185 0.0000000000
89137  -48.029  -4.380  45.865 0.0000000000
89145  -48.353  -3.929  45.226 0.0000000000
62070  -25.438  -24.360  57.920 0.0000000000
60887  -25.443  -25.098  58.094 0.0000000000
60893  -25.842  -25.051  57.581 0.0000000000
59552  -26.096  -25.827  57.911 0.0000000000
56988  -27.012  -27.170  57.978 0.0000000000
201389  -27.650  -28.118  57.832 0.0000000000
56997  -28.089  -28.253  57.593 0.0000000000
69154  -32.985  -18.829  53.399 0.0000000000
77857  -33.433  -12.315  50.313 0.0000000000
77823  -33.623  -12.360  51.824 0.0000000000
77803  -33.886  -12.561  52.347 0.0000000000
76478  -34.222  -12.669  52.494 0.0000000000
198992  -34.379  -12.212  52.550 0.0000000000
199516  -35.253  -11.755  53.279 0.0000000000
190820  -35.802  -11.732  53.477 0.0000000000
80664  -35.794  -11.055  51.643 0.0000000000
189348  -36.149  -11.415  53.241 0.0000000000
79263  -36.563  -11.712  53.553 0.0000000000
77788  -37.695  -11.867  53.519 0.0000000000
77789  -38.212  -12.034  53.308 0.0000000000
76463  -39.421  -12.409  52.895 0.0000000000
79385  -42.993  -11.344  48.473 0.0000000000
79363  -42.896  -11.192  49.389 0.0000000000
79364  -43.608  -10.917  49.082 0.0000000000
80697  -44.055  -10.730  49.307 0.0000000000
80685  -44.112  -10.903  49.511 0.0000000000
81888  -45.220  -10.053  49.138 0.0000000000
80687  -45.404  -10.568  49.459 0.0000000000
80677  -44.888  -11.179  49.828 0.0000000000
79342  -45.577  -11.189  49.610 0.0000000000
77859  -46.101  -12.073  49.479 0.0000000000
77860  -46.459  -11.986  49.282 0.0000000000
76538  -47.137  -13.003  48.477 0.0000000000
77878  -46.885  -12.051  48.866 0.0000000000
79388  -47.773  -11.628  48.098 0.0000000000
176637  -48.059  -10.863  47.875 0.0000000000
80709  -47.849  -9.815  48.315 0.0000000000
80710  -48.293  -10.160  47.553 0.0000000000
79407  -48.705  -11.154  47.196 0.0000000000
80718  -48.799  -10.550  46.888 0.0000000000
81930  -49.052  -9.964  46.089 0.0000000000
63300  -25.053  -23.212  56.532 0.0000000000
62087  -25.364  -23.691  56.828 0.0000000000
87973  -51.221  -4.847  41.646 0.0000000000
87981  -52.079  -4.850  41.372 0.0000000000
197476  -52.203  -4.066  41.365 0.0000000000
90321  -52.396  -3.383  41.256 0.0000000000
184223  -52.946  -2.713  41.198 0.0000000000
92877  -52.025  -1.598  41.105 0.0000000000
91547  -53.022  -2.037  40.945 0.0000000000
92884  -53.476  -1.427  40.494 0.0000000000
94079  -53.520  -0.670  40.249 0.0000000000
94090  -53.662  -0.155  39.752 0.0000000000
100434  -52.227  3.692  34.237 0.0000000000
100418  -52.252  3.989  35.223 0.0000000000
100435  -53.011  4.200  33.934 0.0000000000
100420  -53.607  4.796  34.483 0.0000000000
101534  -54.179  5.051  35.070 0.0000000000
101586  -54.863  5.050  33.356 0.0000000000
101536  -55.198  5.011  34.584 0.0000000000
101520  -55.048  4.980  35.280 0.0000000000
177138  -55.380  4.063  35.573 0.0000000000
95631  -59.671  0.611  25.498 0.0000000000
184246  -58.701  0.058  25.412 0.0000000000
193906  -60.320  -0.005  25.733 0.0000000000
94286  -60.974  -0.931  26.645 0.0000000000
93062  -61.527  -1.031  25.960 0.0000000000
93039  -61.382  -1.319  26.701 0.0000000000
93038  -61.179  -1.360  27.051 0.0000000000
91699  -61.199  -2.200  27.844 0.0000000000
90495  -60.718  -3.025  28.192 0.0000000000
83115  -46.284  -8.004  46.047 0.0000000000
84285  -46.579  -7.469  45.554 0.0000000000
83128  -46.423  -8.335  45.053 0.0000000000
77897  -42.503  -11.973  47.897 0.0000000000
79405  -43.750  -11.348  47.317 0.0000000000
80728  -44.642  -10.516  47.010 0.0000000000
80717  -45.026  -9.780  47.248 0.0000000000
81928  -45.504  -9.335  46.630 0.0000000000
83114  -45.976  -8.621  46.375 0.0000000000
96746  -48.246  1.114  38.939 0.0000000000
96747  -48.791  1.555  39.633 0.0000000000
96782  -48.898  1.330  37.612 0.0000000000
96783  -49.499  1.654  37.023 0.0000000000
98064  -50.621  2.616  35.249 0.0000000000
99274  -51.051  2.947  34.708 0.0000000000
193174  -51.705  3.192  33.471 0.0000000000
99314  -51.994  3.254  32.791 0.0000000000
204791  -52.124  3.283  32.309 0.0000000000
99322  -52.588  3.539  32.088 0.0000000000
99334  -52.760  3.292  31.351 0.0000000000
99335  -53.549  3.364  31.127 0.0000000000
99336  -54.398  3.420  30.933 0.0000000000
99337  -55.320  3.515  30.775 0.0000000000
99350  -55.619  3.024  30.217 0.0000000000
98211  -57.610  2.153  24.889 0.0000000000
96984  -58.501  1.866  25.282 0.0000000000
200009  -59.399  1.600  25.449 0.0000000000
95642  -61.233  0.795  25.322 0.0000000000
96987  -61.202  1.368  25.049 0.0000000000
95643  -61.515  0.676  24.766 0.0000000000
174844  -61.588  -0.232  24.172 0.0000000000
93133  -61.126  -1.060  23.145 0.0000000000
93132  -60.318  -1.266  23.004 0.0000000000
97010  -61.223  1.126  21.949 0.0000000000
101669  -61.268  6.048  23.608 0.0000000000
100592  -60.959  4.438  21.593 0.0000000000
101692  -61.283  5.134  21.336 0.0000000000
80762  -52.764  -10.152  42.953 0.0000000000
81976  -52.503  -9.425  42.658 0.0000000000
83150  -52.766  -9.114  42.232 0.0000000000
85587  -51.383  -6.946  41.483 0.0000000000
191144  -51.009  -6.184  41.603 0.0000000000
83138  -49.643  -8.145  43.716 0.0000000000
84325  -49.742  -7.400  43.117 0.0000000000
85561  -49.202  -6.461  43.940 0.0000000000
85571  -49.736  -6.498  43.037 0.0000000000
85572  -50.204  -6.918  42.473 0.0000000000
86821  -50.673  -5.437  41.815 0.0000000000
89157  -50.760  -4.324  41.924 0.0000000000
90315  -50.139  -3.664  42.305 0.0000000000
91538  -49.715  -2.133  42.707 0.0000000000
91532  -49.492  -1.947  43.696 0.0000000000
190346  -49.442  -1.454  43.135 0.0000000000
96706  -48.638  1.164  41.002 0.0000000000
85539  -46.755  -6.631  45.921 0.0000000000
86805  -46.962  -5.711  44.901 0.0000000000
197679  -47.108  -5.976  44.178 0.0000000000
189620  -47.237  -5.215  45.260 0.0000000000
87961  -47.633  -4.773  45.121 0.0000000000
192967  -47.975  -3.850  44.302 0.0000000000
90307  -48.022  -3.216  43.957 0.0000000000
91525  -48.053  -2.346  43.588 0.0000000000
192715  -47.878  -1.719  42.992 0.0000000000
96726  -47.659  0.745  39.922 0.0000000000
60900  -22.214  -24.398  55.616 0.0000000000
60912  -22.630  -25.162  55.142 0.0000000000
59566  -25.362  -26.155  58.134 0.0000000000
58262  -25.153  -26.746  57.652 0.0000000000
190389  -28.241  -28.865  57.383 0.0000000000
54895  -28.455  -29.456  56.750 0.0000000000
179652  -28.393  -30.027  54.058 0.0000000000
53969  -29.746  -29.639  54.603 0.0000000000
53983  -28.321  -30.060  53.086 0.0000000000
53993  -27.841  -30.114  51.845 0.0000000000
55929  -30.244  -28.492  51.361 0.0000000000
58323  -32.852  -26.705  53.914 0.0000000000
58338  -32.857  -26.439  53.055 0.0000000000
58352  -32.774  -26.202  52.143 0.0000000000
190252  -35.562  -23.192  51.972 0.0000000000
200845  -35.698  -22.956  51.785 0.0000000000
69168  -32.798  -18.425  53.100 0.0000000000
70348  -33.029  -17.852  53.500 0.0000000000
71581  -32.878  -16.936  52.681 0.0000000000
197103  -32.923  -17.153  53.295 0.0000000000
69155  -33.174  -18.419  53.771 0.0000000000
69156  -33.962  -18.137  53.781 0.0000000000
69157  -34.786  -18.316  53.144 0.0000000000
69169  -34.991  -18.338  52.487 0.0000000000
71583  -35.072  -16.893  52.591 0.0000000000
70364  -35.072  -17.681  52.662 0.0000000000
182871  -34.806  -18.821  52.056 0.0000000000
202118  -34.756  -19.022  51.590 0.0000000000
76499  -35.098  -12.928  52.296 0.0000000000
75211  -35.953  -13.516  50.348 0.0000000000
76514  -36.344  -13.201  51.231 0.0000000000
79381  -37.270  -11.689  48.386 0.0000000000
79358  -37.761  -11.517  49.123 0.0000000000
79335  -37.963  -11.265  50.094 0.0000000000
79359  -39.229  -11.542  49.564 0.0000000000
79336  -38.876  -11.343  50.490 0.0000000000
79314  -38.958  -11.299  51.499 0.0000000000
79293  -39.476  -11.627  52.121 0.0000000000
79279  -39.681  -12.005  52.531 0.0000000000
76464  -40.057  -12.556  52.683 0.0000000000
79340  -42.752  -11.378  50.126 0.0000000000
79339  -41.983  -11.498  50.476 0.0000000000
79296  -41.769  -11.830  51.244 0.0000000000
79298  -43.243  -11.913  50.990 0.0000000000
77824  -41.150  -12.085  51.740 0.0000000000
180558  -40.837  -12.455  52.233 0.0000000000
76485  -40.635  -12.958  52.497 0.0000000000
198556  -40.545  -13.925  52.370 0.0000000000
73958  -41.010  -14.255  52.109 0.0000000000
187384  -41.433  -15.082  51.252 0.0000000000
72832  -41.739  -15.412  50.652 0.0000000000
73993  -43.325  -15.125  50.734 0.0000000000
72833  -42.472  -15.626  50.424 0.0000000000
196936  -47.787  -13.186  48.079 0.0000000000
76546  -48.331  -13.726  47.881 0.0000000000
75256  -48.725  -14.229  47.658 0.0000000000
192077  -49.802  -12.851  47.044 0.0000000000
75264  -49.184  -14.008  47.126 0.0000000000
74038  -48.772  -14.557  47.086 0.0000000000
78023  -49.262  -12.410  43.220 0.0000000000
78003  -50.775  -12.670  43.449 0.0000000000
76644  -50.301  -12.729  43.383 0.0000000000
62077  -22.789  -23.493  56.880 0.0000000000
86835  -52.924  -5.481  41.032 0.0000000000
98015  -49.573  2.172  40.145 0.0000000000
98004  -50.315  2.604  40.448 0.0000000000
97996  -51.013  2.679  40.793 0.0000000000
99223  -51.139  3.508  38.912 0.0000000000
99204  -51.377  3.310  40.076 0.0000000000
97997  -51.572  2.503  40.639 0.0000000000
98007  -52.317  2.567  40.110 0.0000000000
95386  -53.357  0.680  39.835 0.0000000000
95406  -53.602  0.404  39.331 0.0000000000
100400  -52.298  4.185  36.132 0.0000000000
100378  -52.980  4.862  37.347 0.0000000000
100368  -53.098  4.536  38.170 0.0000000000
177596  -53.566  3.929  38.399 0.0000000000
185706  -53.531  3.168  38.746 0.0000000000
98017  -53.526  2.403  38.948 0.0000000000
174477  -53.602  1.061  38.917 0.0000000000
92899  -53.730  -0.783  39.008 0.0000000000
96929  -53.314  1.340  28.981 0.0000000000
98174  -54.302  2.038  29.497 0.0000000000
98164  -55.934  2.452  29.918 0.0000000000
98165  -56.839  2.440  30.111 0.0000000000
94307  -58.533  -0.833  25.578 0.0000000000
93061  -58.034  -1.550  25.895 0.0000000000
91716  -58.484  -1.969  26.569 0.0000000000
91741  -57.576  -2.054  26.378 0.0000000000
91665  -55.790  -1.837  28.726 0.0000000000
94253  -55.879  -0.491  29.235 0.0000000000
94254  -56.854  -0.475  29.388 0.0000000000
95574  -56.403  0.430  29.488 0.0000000000
96933  -57.150  0.959  29.680 0.0000000000
96915  -57.202  1.643  30.019 0.0000000000
98166  -57.479  2.372  30.372 0.0000000000
181156  -58.008  1.190  30.864 0.0000000000
94214  -57.678  -1.338  32.590 0.0000000000
92974  -58.302  -1.806  31.820 0.0000000000
92973  -57.880  -1.855  32.241 0.0000000000
92959  -57.493  -1.719  32.647 0.0000000000
53981  -27.383  -29.924  52.149 0.0000000000
53994  -28.270  -30.064  52.267 0.0000000000
54889  -28.693  -29.221  56.886 0.0000000000
54939  -29.254  -29.458  51.346 0.0000000000
55906  -31.779  -28.461  55.522 0.0000000000
57006  -32.104  -27.544  56.231 0.0000000000
57007  -32.544  -27.000  55.935 0.0000000000
57046  -32.027  -27.763  53.830 0.0000000000
57057  -31.927  -27.480  52.876 0.0000000000
57078  -31.527  -26.901  51.160 0.0000000000
59625  -34.011  -25.016  53.849 0.0000000000
59662  -33.811  -25.152  52.062 0.0000000000
62061  -24.453  -23.024  58.237 0.0000000000
62084  -21.717  -23.821  56.182 0.0000000000
62126  -35.228  -23.576  52.221 0.0000000000
62137  -35.875  -23.362  51.513 0.0000000000
63347  -35.325  -22.952  52.348 0.0000000000
64520  -24.834  -22.586  57.440 0.0000000000
64581  -35.067  -22.490  52.693 0.0000000000
66942  -33.339  -20.872  53.579 0.0000000000
66949  -33.755  -20.441  53.340 0.0000000000
66962  -34.935  -20.689  51.721 0.0000000000
68019  -34.304  -18.950  53.475 0.0000000000
70377  -32.904  -17.419  52.106 0.0000000000
70396  -34.910  -17.668  51.453 0.0000000000
71570  -33.159  -16.967  53.530 0.0000000000
71573  -34.707  -17.048  53.243 0.0000000000
71582  -34.631  -16.371  53.097 0.0000000000
71622  -44.880  -15.557  48.655 0.0000000000
72807  -33.280  -16.178  53.383 0.0000000000
72808  -33.473  -15.948  53.316 0.0000000000
72809  -34.195  -15.970  53.350 0.0000000000
72815  -34.261  -15.644  53.007 0.0000000000
72831  -40.754  -15.138  50.538 0.0000000000
72834  -43.144  -15.596  50.362 0.0000000000
72848  -44.711  -15.183  49.443 0.0000000000
72864  -45.105  -15.339  48.914 0.0000000000
73972  -40.375  -14.588  51.795 0.0000000000
73973  -40.962  -14.665  51.735 0.0000000000
73985  -33.051  -15.029  50.888 0.0000000000
73992  -42.717  -15.329  50.938 0.0000000000
73994  -43.775  -14.811  50.461 0.0000000000
74008  -44.270  -14.821  49.942 0.0000000000
74036  -47.347  -15.118  48.031 0.0000000000
74037  -48.388  -14.765  47.752 0.0000000000
75180  -33.462  -13.794  52.615 0.0000000000
75184  -40.115  -13.838  52.546 0.0000000000
75185  -40.928  -13.663  52.349 0.0000000000
75198  -39.122  -14.091  52.301 0.0000000000
75199  -39.865  -14.210  52.309 0.0000000000
75200  -42.296  -13.502  52.002 0.0000000000
75215  -44.083  -14.066  50.444 0.0000000000
75230  -45.618  -13.955  49.261 0.0000000000
75255  -48.301  -14.317  47.981 0.0000000000
75265  -49.667  -13.812  46.774 0.0000000000
75270  -49.291  -14.147  46.553 0.0000000000
76460  -36.870  -12.096  53.515 0.0000000000
76461  -37.544  -12.171  53.489 0.0000000000
76462  -38.080  -12.200  53.382 0.0000000000
76477  -33.631  -13.111  52.414 0.0000000000
76479  -35.305  -12.374  52.992 0.0000000000
76484  -39.235  -12.983  53.003 0.0000000000
76487  -42.130  -12.881  51.999 0.0000000000
76528  -46.581  -12.516  48.990 0.0000000000
76559  -49.532  -13.401  47.114 0.0000000000
76560  -50.089  -13.326  46.773 0.0000000000
76575  -50.621  -13.149  46.316 0.0000000000
76576  -51.177  -12.813  45.837 0.0000000000
77787  -37.054  -11.809  53.594 0.0000000000
77790  -38.767  -12.041  53.086 0.0000000000
77806  -36.303  -11.822  53.578 0.0000000000
77807  -39.354  -12.045  52.813 0.0000000000
77808  -39.850  -12.217  52.623 0.0000000000
77809  -41.590  -12.511  52.024 0.0000000000
77822  -33.275  -12.786  51.936 0.0000000000
77825  -42.002  -12.145  51.537 0.0000000000
77827  -43.429  -12.375  51.213 0.0000000000
77840  -33.274  -12.517  51.216 0.0000000000
77843  -44.450  -12.151  50.345 0.0000000000
77845  -45.761  -11.827  49.623 0.0000000000
77966  -51.725  -12.358  45.354 0.0000000000
77984  -51.600  -12.700  44.722 0.0000000000
78004  -51.450  -12.476  43.617 0.0000000000
78005  -52.120  -12.100  43.972 0.0000000000
78024  -50.542  -12.429  42.948 0.0000000000
79264  -37.321  -11.711  53.541 0.0000000000
79265  -38.049  -11.763  53.320 0.0000000000
79273  -34.055  -11.969  52.068 0.0000000000
79274  -34.701  -11.832  52.818 0.0000000000
79280  -40.331  -12.140  52.214 0.0000000000
79290  -34.978  -11.377  52.231 0.0000000000
79291  -35.655  -11.266  52.625 0.0000000000
79297  -42.538  -11.879  51.120 0.0000000000
79308  -34.072  -11.704  50.621 0.0000000000
79316  -40.843  -11.596  51.233 0.0000000000
79317  -41.557  -11.629  51.014 0.0000000000
79318  -42.397  -11.650  50.701 0.0000000000
79343  -46.379  -11.584  49.358 0.0000000000
79366  -47.210  -11.425  48.690 0.0000000000
79400  -34.476  -11.897  47.376 0.0000000000
79406  -44.246  -10.779  47.565 0.0000000000
79436  -52.097  -11.778  45.113 0.0000000000
79470  -52.595  -11.042  42.482 0.0000000000
80654  -36.785  -11.177  52.872 0.0000000000
80655  -37.398  -11.224  52.885 0.0000000000
80665  -36.347  -11.080  52.282 0.0000000000
80666  -37.084  -11.063  52.119 0.0000000000
80675  -37.424  -11.040  51.422 0.0000000000
80676  -44.238  -11.212  49.929 0.0000000000
80686  -44.720  -10.664  49.508 0.0000000000
80729  -45.086  -10.213  46.414 0.0000000000
80731  -50.658  -11.038  45.801 0.0000000000
81890  -46.528  -9.906  49.090 0.0000000000
81897  -45.114  -9.707  48.719 0.0000000000
81919  -44.989  -9.549  48.014 0.0000000000
81929  -48.559  -9.321  46.604 0.0000000000
83073  -46.793  -8.657  48.509 0.0000000000
83085  -47.620  -8.068  48.011 0.0000000000
83104  -46.254  -7.945  46.914 0.0000000000
83161  -53.042  -9.164  41.988 0.0000000000
84238  -47.387  -7.406  47.589 0.0000000000
85505  -47.285  -6.515  46.982 0.0000000000
85507  -47.852  -6.135  46.956 0.0000000000
85524  -47.482  -5.957  46.743 0.0000000000
85541  -48.692  -6.383  46.215 0.0000000000
85615  -53.271  -6.517  40.651 0.0000000000
86759  -48.065  -5.398  46.539 0.0000000000
86772  -47.561  -5.489  46.420 0.0000000000
86774  -48.847  -5.027  45.620 0.0000000000
86819  -47.291  -5.891  43.499 0.0000000000
87944  -48.418  -5.119  46.264 0.0000000000
87952  -48.065  -4.920  46.030 0.0000000000
87954  -49.220  -4.577  45.196 0.0000000000
87982  -52.686  -4.920  41.160 0.0000000000
87991  -53.462  -5.213  40.654 0.0000000000
89138  -48.491  -4.642  45.895 0.0000000000
89139  -49.095  -4.266  45.371 0.0000000000
89144  -48.026  -4.181  44.920 0.0000000000
89162  -51.788  -4.392  41.555 0.0000000000
89164  -52.882  -4.449  41.082 0.0000000000
89171  -53.654  -3.613  40.250 0.0000000000
89174  -53.698  -4.352  40.131 0.0000000000
89175  -54.103  -3.320  39.801 0.0000000000
89180  -54.026  -3.556  39.616 0.0000000000
90297  -48.887  -3.628  45.018 0.0000000000
90303  -48.862  -2.895  44.785 0.0000000000
90309  -49.488  -2.511  44.213 0.0000000000
90319  -49.970  -2.883  42.310 0.0000000000
90322  -53.005  -3.208  41.004 0.0000000000
90329  -53.333  -2.550  40.779 0.0000000000
90331  -54.048  -3.019  40.118 0.0000000000
90339  -54.109  -2.974  39.948 0.0000000000
90423  -58.546  -2.948  31.216 0.0000000000
90470  -60.583  -2.654  28.943 0.0000000000
90485  -60.918  -2.586  28.427 0.0000000000
90496  -61.246  -2.702  27.755 0.0000000000
90507  -61.111  -2.790  26.774 0.0000000000
90528  -59.584  -3.056  24.530 0.0000000000
91515  -48.988  -2.047  44.356 0.0000000000
91526  -48.351  -1.965  44.184 0.0000000000
91539  -50.106  -2.310  41.813 0.0000000000
91548  -53.575  -2.067  40.517 0.0000000000
91555  -53.942  -1.920  39.918 0.0000000000
91564  -54.271  -2.464  39.660 0.0000000000
91620  -57.342  -2.063  32.528 0.0000000000
91621  -57.755  -2.171  32.227 0.0000000000
91636  -58.151  -2.267  31.856 0.0000000000
91637  -58.657  -2.242  31.336 0.0000000000
91659  -59.953  -2.604  29.620 0.0000000000
91700  -61.357  -1.711  27.305 0.0000000000
91717  -60.580  -1.833  27.876 0.0000000000
91719  -61.505  -1.812  26.626 0.0000000000
92853  -48.542  -0.964  43.523 0.0000000000
92876  -50.539  -1.539  41.277 0.0000000000
92882  -52.498  -0.758  40.933 0.0000000000
92889  -53.926  -1.295  39.770 0.0000000000
92998  -56.300  -1.280  29.086 0.0000000000
93086  -61.515  -1.367  24.968 0.0000000000
94103  -53.852  -0.428  39.363 0.0000000000
94117  -53.460  -0.096  38.438 0.0000000000
94118  -53.714  0.124  39.018 0.0000000000
94195  -57.553  -0.708  33.076 0.0000000000
94243  -58.376  -0.329  29.896 0.0000000000
94341  -61.481  -0.795  23.396 0.0000000000
95310  -49.529  -0.158  41.620 0.0000000000
95333  -49.869  0.319  41.259 0.0000000000
95361  -50.564  1.387  41.168 0.0000000000
95362  -51.794  0.965  40.720 0.0000000000
95385  -52.789  0.873  40.377 0.0000000000
95442  -53.123  0.534  37.921 0.0000000000
95576  -58.038  0.182  29.888 0.0000000000
95651  -61.609  0.481  23.632 0.0000000000
95658  -61.481  0.148  22.426 0.0000000000
95673  -61.454  0.658  22.264 0.0000000000
96690  -49.594  1.010  41.275 0.0000000000
96707  -49.394  1.450  41.134 0.0000000000
96711  -52.126  1.747  40.478 0.0000000000
96729  -53.026  1.613  39.993 0.0000000000
96748  -53.672  1.835  38.782 0.0000000000
96889  -57.853  0.765  32.952 0.0000000000
96931  -55.421  1.833  29.569 0.0000000000
96932  -56.572  1.218  29.663 0.0000000000
96986  -60.822  1.556  25.314 0.0000000000
97995  -49.829  2.042  40.817 0.0000000000
98005  -50.917  2.900  40.481 0.0000000000
98006  -51.608  3.056  40.350 0.0000000000
98008  -53.102  2.383  39.541 0.0000000000
98040  -50.602  2.810  37.312 0.0000000000
98088  -56.975  1.821  34.648 0.0000000000
98126  -57.743  1.742  32.356 0.0000000000
98138  -57.757  2.018  31.305 0.0000000000
98149  -52.324  2.805  30.893 0.0000000000
98150  -57.531  2.801  30.599 0.0000000000
98151  -57.702  2.224  30.643 0.0000000000
98172  -51.603  1.829  29.651 0.0000000000
99196  -51.341  3.132  40.376 0.0000000000
99214  -50.692  3.110  39.256 0.0000000000
99216  -53.035  3.738  38.993 0.0000000000
99225  -54.019  4.211  38.032 0.0000000000
99243  -51.713  3.783  36.528 0.0000000000
99276  -55.696  3.312  35.156 0.0000000000
99277  -56.484  3.370  34.769 0.0000000000
99290  -51.078  2.838  33.943 0.0000000000
99291  -51.532  3.200  34.225 0.0000000000
99313  -51.113  2.716  33.193 0.0000000000
99323  -53.262  3.792  31.838 0.0000000000
99325  -56.760  3.781  31.248 0.0000000000
99339  -57.225  3.193  30.853 0.0000000000
99349  -54.705  2.945  30.293 0.0000000000
99351  -56.517  3.045  30.288 0.0000000000
99407  -58.946  3.239  24.872 0.0000000000
99409  -60.437  3.563  24.941 0.0000000000
100349  -52.109  3.770  39.632 0.0000000000
100356  -51.382  3.588  39.572 0.0000000000
100357  -51.864  3.981  39.230 0.0000000000
100359  -53.059  4.219  38.631 0.0000000000
100367  -51.745  3.866  38.929 0.0000000000
100369  -53.516  4.493  38.116 0.0000000000
100391  -52.977  4.800  36.634 0.0000000000
100393  -54.854  4.876  36.025 0.0000000000
100401  -52.918  4.594  35.724 0.0000000000
100403  -55.367  4.595  35.602 0.0000000000
100438  -56.496  3.982  33.017 0.0000000000
100459  -53.078  4.101  33.205 0.0000000000
100461  -54.428  4.747  32.840 0.0000000000
100463  -56.003  4.620  33.178 0.0000000000
100464  -56.682  3.939  32.085 0.0000000000
100474  -54.664  4.454  32.111 0.0000000000
100482  -55.929  3.998  31.327 0.0000000000
100565  -58.157  4.114  22.906 0.0000000000
101491  -53.506  4.745  37.786 0.0000000000
101501  -54.054  4.888  37.080 0.0000000000
101509  -53.552  4.972  36.963 0.0000000000
101511  -54.307  4.958  36.382 0.0000000000
101533  -53.561  4.908  35.374 0.0000000000
101535  -54.704  5.110  34.675 0.0000000000
101559  -54.640  5.073  33.941 0.0000000000
101560  -55.078  5.074  33.960 0.0000000000
101585  -54.265  4.878  33.526 0.0000000000
101587  -55.454  4.967  33.274 0.0000000000
101657  -60.169  5.386  24.189 0.0000000000
101659  -60.918  5.575  24.025 0.0000000000
101668  -60.998  6.094  23.782 0.0000000000
102861  -61.866  6.802  22.480 0.0000000000
104080  -61.310  6.870  23.023 0.0000000000
104089  -60.825  6.919  22.656 0.0000000000
104100  -61.435  7.612  21.938 0.0000000000
104102  -62.083  7.901  21.162 0.0000000000
105350  -62.198  8.155  20.449 0.0000000000
169764  -58.083  0.815  30.378 0.0000000000
170352  -35.315  -14.240  49.957 0.0000000000
171022  -53.971  2.978  37.919 0.0000000000
172449  -52.499  4.126  38.720 0.0000000000
173532  -59.242  -2.075  30.192 0.0000000000
174520  -53.920  -1.744  39.297 0.0000000000
177276  -32.916  -16.253  52.421 0.0000000000
177428  -34.278  -11.860  48.691 0.0000000000
178275  -52.135  3.268  39.983 0.0000000000
179210  -61.616  8.309  20.311 0.0000000000
179331  -32.966  -15.562  52.216 0.0000000000
179676  -32.680  -27.173  55.440 0.0000000000
179702  -61.245  0.252  25.629 0.0000000000
180057  -53.592  1.974  29.413 0.0000000000
181449  -54.734  1.811  29.435 0.0000000000
183471  -52.546  3.629  32.706 0.0000000000
183563  -38.693  -12.490  53.245 0.0000000000
183720  -52.666  2.402  30.216 0.0000000000
184867  -51.305  -12.122  45.919 0.0000000000
184870  -58.001  -0.697  32.214 0.0000000000
186565  -47.600  -2.591  41.605 0.0000000000
186724  -52.679  -3.924  41.168 0.0000000000
187036  -29.278  -29.689  56.325 0.0000000000
187334  -33.638  -18.893  53.862 0.0000000000
187350  -53.088  -0.889  40.737 0.0000000000
188332  -53.892  -0.748  39.635 0.0000000000
189549  -30.826  -28.942  53.805 0.0000000000
190292  -47.296  -5.283  44.402 0.0000000000
190520  -47.748  -4.523  44.200 0.0000000000
190721  -51.601  -6.159  41.213 0.0000000000
192041  -50.020  -12.554  43.155 0.0000000000
192161  -50.432  2.364  40.865 0.0000000000
192903  -57.698  -0.039  33.312 0.0000000000
193487  -59.000  -1.964  30.741 0.0000000000
193955  -58.683  -2.657  31.267 0.0000000000
194536  -47.818  -13.855  48.148 0.0000000000
195817  -48.570  -4.158  45.485 0.0000000000
196028  -40.204  -11.516  51.068 0.0000000000
197500  -48.103  1.077  39.617 0.0000000000
197546  -53.824  3.269  38.340 0.0000000000
197577  -49.414  -2.853  44.488 0.0000000000
198097  -35.176  -15.312  49.134 0.0000000000
200113  -57.225  0.279  34.068 0.0000000000
200213  -37.558  -13.447  52.181 0.0000000000
200637  -51.032  1.297  41.016 0.0000000000
200764  -41.105  -12.757  52.257 0.0000000000
200854  -42.331  -14.956  51.413 0.0000000000
200876  -40.427  -13.566  52.567 0.0000000000
201002  -52.974  2.121  29.654 0.0000000000
201248  -34.914  -12.582  52.729 0.0000000000
201465  -60.928  1.784  25.110 0.0000000000
201797  -51.512  2.940  32.811 0.0000000000
202260  -58.535  -0.375  30.162 0.0000000000
202270  -34.900  -11.830  47.292 0.0000000000
202272  -25.165  -23.766  55.384 0.0000000000
202762  -43.026  -15.704  49.998 0.0000000000
203198  -59.225  2.298  25.414 0.0000000000
203474  -49.099  -3.045  44.752 0.0000000000
203558  -37.563  -11.501  53.288 0.0000000000
204903  -56.920  3.375  30.690 0.0000000000
205149  -47.941  -15.119  47.830 0.0000000000
