#!ascii label  , from subject sub-v2s2x29063_ses-1 vox2ras=TkReg
1943
6701  -29.527  -75.531  -21.626 0.5000000000
7297  -28.929  -75.361  -20.183 0.6000000238
8041  -38.152  -74.469  -26.221 0.3000000119
6691  -29.060  -76.161  -19.721 0.5000000000
192151  -33.873  -74.557  -26.637 0.4000000060
201951  -35.865  -74.221  -26.155 0.4000000060
8780  -37.033  -73.793  -25.054 0.4000000060
8026  -37.515  -74.160  -25.947 0.3000000119
8778  -34.793  -73.877  -25.004 0.4000000060
8737  -27.445  -73.067  -22.790 0.5000000000
8738  -28.066  -73.521  -22.408 0.5000000000
7969  -28.951  -74.439  -21.461 0.5000000000
9453  -26.714  -72.505  -21.209 0.6000000238
8720  -27.352  -72.946  -21.137 0.5000000000
7304  -28.776  -74.571  -20.582 0.6000000238
7349  -39.373  -74.408  -24.888 0.3000000119
7295  -27.484  -74.656  -19.688 0.5000000000
8037  -32.485  -74.667  -26.532 0.5000000000
8048  -33.106  -74.910  -27.048 0.5000000000
8783  -38.965  -73.983  -25.242 0.3000000119
8702  -26.547  -73.684  -20.135 0.6000000238
7296  -28.303  -74.926  -19.825 0.5000000000
191983  -33.204  -73.708  -24.379 0.5000000000
192345  -33.400  -74.189  -25.523 0.4000000060
8779  -36.118  -73.659  -24.680 0.4000000060
8764  -38.494  -73.592  -24.722 0.3000000119
8782  -38.588  -73.887  -25.558 0.3000000119
8776  -32.493  -73.886  -24.694 0.4000000060
8777  -33.942  -73.799  -24.690 0.4000000060
192497  -35.875  -73.238  -23.888 0.4000000060
8759  -33.531  -73.229  -23.760 0.4000000060
9504  -25.444  -72.350  -25.203 0.6999999881
9505  -26.054  -72.767  -24.851 0.6999999881
8753  -26.631  -73.127  -24.386 0.6999999881
205038  -29.355  -75.259  -22.837 0.5000000000
10197  -23.838  -70.678  -25.183 0.6999999881
10198  -24.361  -71.018  -24.662 0.6999999881
178240  -25.866  -71.829  -23.139 0.8000000119
9476  -26.681  -72.288  -22.456 0.5000000000
9475  -26.072  -71.821  -22.309 0.6999999881
6720  -29.368  -75.732  -24.464 0.5000000000
10175  -24.065  -71.136  -22.798 0.6999999881
6743  -29.491  -75.604  -26.558 0.4000000060
8046  -31.204  -74.745  -26.708 0.5000000000
8004  -40.495  -73.980  -23.417 0.3000000119
9458  -24.802  -71.825  -21.652 0.6000000238
8045  -30.148  -74.615  -26.737 0.5000000000
8021  -32.016  -74.212  -25.580 0.5000000000
8746  -40.465  -73.093  -23.730 0.3000000119
9451  -25.188  -72.289  -21.184 0.5000000000
8020  -31.271  -73.962  -25.462 0.5000000000
8756  -30.952  -72.770  -23.825 0.4000000060
8757  -31.811  -73.187  -23.882 0.4000000060
192525  -35.446  -72.976  -23.441 0.4000000060
8742  -36.969  -72.987  -23.478 0.4000000060
8743  -37.915  -73.146  -23.692 0.4000000060
9498  -32.320  -72.553  -23.186 0.3000000119
9499  -33.118  -72.632  -23.136 0.4000000060
12306  -22.592  -68.542  -25.506 0.5000000000
11525  -22.980  -69.343  -25.754 0.6000000238
11534  -24.397  -70.080  -26.389 0.6000000238
182831  -24.554  -71.119  -26.184 0.6000000238
9503  -24.888  -71.730  -25.537 0.6000000238
13153  -21.901  -67.457  -24.634 0.5000000000
12300  -21.494  -68.100  -24.921 0.5000000000
12305  -21.834  -68.644  -25.314 0.6000000238
10866  -22.754  -69.890  -25.363 0.6000000238
10867  -23.533  -70.312  -25.640 0.6999999881
8002  -27.859  -73.754  -23.400 0.6000000238
201912  -39.991  -74.215  -20.311 0.3000000119
12288  -20.304  -68.656  -23.580 0.6999999881
12299  -20.846  -68.431  -24.545 0.6000000238
11514  -20.390  -69.073  -24.928 0.6000000238
11523  -21.464  -69.268  -25.375 0.6000000238
10865  -21.850  -69.870  -25.197 0.6999999881
10845  -23.079  -70.609  -23.930 0.6999999881
8018  -27.337  -74.375  -25.435 0.6000000238
192576  -27.829  -74.515  -24.861 0.6000000238
191250  -28.912  -75.197  -24.373 0.5000000000
13119  -20.863  -68.142  -23.054 0.6999999881
11505  -19.644  -69.303  -23.894 0.6000000238
11504  -18.945  -69.919  -24.213 0.6000000238
11522  -20.004  -69.670  -25.270 0.6000000238
10852  -21.129  -70.308  -25.196 0.6999999881
10185  -21.925  -71.121  -24.013 0.6999999881
7367  -28.914  -75.308  -26.356 0.5000000000
7324  -39.899  -74.762  -23.292 0.3000000119
12253  -20.474  -68.991  -21.818 0.6999999881
11491  -20.025  -69.351  -22.293 0.6000000238
11497  -19.176  -69.723  -23.407 0.6999999881
10862  -18.926  -70.531  -25.254 0.6000000238
10203  -19.996  -71.094  -25.632 0.6000000238
9474  -23.734  -71.604  -22.377 0.6999999881
8043  -28.102  -74.281  -26.739 0.5000000000
170810  -29.645  -73.351  -25.607 0.5000000000
188919  -18.700  -70.203  -23.671 0.6000000238
10193  -17.967  -71.040  -24.518 0.6000000238
9490  -21.348  -71.553  -24.542 0.6000000238
8733  -22.407  -72.340  -23.319 0.6000000238
8729  -23.486  -72.461  -22.281 0.6000000238
8790  -28.764  -73.557  -26.428 0.5000000000
8745  -39.891  -73.409  -24.219 0.3000000119
10832  -19.646  -70.597  -22.198 0.6999999881
10162  -18.992  -71.118  -22.724 0.6000000238
10844  -18.298  -70.526  -24.125 0.6000000238
9501  -18.320  -71.834  -25.429 0.6000000238
173509  -19.511  -71.903  -25.667 0.5000000000
9509  -20.076  -72.765  -25.790 0.5000000000
8752  -22.499  -73.228  -23.660 0.5000000000
7964  -24.340  -73.211  -21.461 0.5000000000
8774  -30.329  -73.030  -24.535 0.5000000000
172324  -33.834  -70.903  -22.684 0.3000000119
198349  -34.425  -71.076  -22.451 0.3000000119
9480  -33.563  -72.096  -22.791 0.3000000119
9462  -35.570  -71.855  -22.375 0.4000000060
9483  -36.577  -72.436  -22.803 0.4000000060
8735  -23.485  -73.358  -22.442 0.5000000000
10179  -31.810  -71.309  -23.046 0.3000000119
9478  -32.058  -71.931  -22.956 0.3000000119
9481  -34.380  -72.196  -22.777 0.4000000060
14067  -23.081  -66.869  -24.497 0.5000000000
13154  -23.179  -67.089  -25.073 0.5000000000
14075  -24.363  -67.095  -25.252 0.5000000000
12308  -24.334  -68.368  -25.897 0.5000000000
13121  -23.958  -67.361  -22.735 0.5000000000
14051  -23.489  -66.916  -23.281 0.5000000000
14066  -22.371  -66.985  -24.253 0.5000000000
13174  -22.903  -67.647  -25.374 0.5000000000
12314  -24.697  -69.166  -26.276 0.5000000000
10874  -25.204  -70.777  -26.641 0.6000000238
10209  -25.536  -71.502  -26.741 0.6000000238
13120  -21.833  -67.287  -23.074 0.5000000000
9515  -25.705  -72.107  -26.719 0.6000000238
8787  -26.455  -73.509  -26.311 0.8000000119
7946  -40.925  -73.896  -19.218 0.3000000119
13109  -21.737  -67.440  -21.867 0.6000000238
172452  -21.383  -67.683  -22.545 0.6000000238
172215  -21.345  -67.689  -23.306 0.6000000238
172763  -26.717  -72.381  -26.976 0.4000000060
7947  -41.395  -73.966  -19.126 0.3000000119
12266  -20.790  -68.509  -21.959 0.6999999881
8793  -27.215  -73.492  -26.820 0.5000000000
8017  -26.865  -74.091  -26.123 0.6000000238
7980  -40.769  -74.367  -21.462 0.3000000119
7997  -41.141  -73.677  -22.556 0.3000000119
171343  -21.099  -69.784  -20.766 0.6999999881
9506  -28.445  -72.035  -25.251 0.4000000060
8747  -40.935  -73.051  -23.378 0.3000000119
10825  -20.696  -69.936  -21.201 0.6000000238
180205  -19.959  -69.947  -22.044 0.6999999881
8789  -28.207  -72.820  -26.220 0.4000000060
8744  -38.974  -73.272  -24.001 0.3000000119
10818  -21.019  -70.507  -20.931 0.6000000238
10154  -20.754  -71.263  -21.135 0.6999999881
197765  -18.043  -71.302  -23.666 0.6000000238
9500  -17.349  -72.216  -24.895 0.5000000000
8784  -17.934  -72.807  -25.454 0.5000000000
8751  -21.941  -72.703  -24.043 0.6000000238
9494  -29.371  -71.781  -24.248 0.4000000060
9508  -29.591  -72.458  -24.492 0.4000000060
11506  -34.049  -69.796  -24.684 0.3000000119
10850  -34.286  -70.008  -23.630 0.3000000119
11499  -35.030  -69.898  -23.366 0.3000000119
10842  -35.325  -70.253  -22.642 0.3000000119
10166  -35.626  -71.309  -22.187 0.4000000060
9485  -38.337  -72.750  -23.007 0.3000000119
9455  -18.977  -72.087  -22.509 0.6000000238
8732  -17.395  -72.864  -23.691 0.5000000000
8005  -17.245  -73.512  -24.654 0.5000000000
8030  -18.638  -73.534  -25.644 0.5000000000
191950  -21.149  -73.587  -25.529 0.5000000000
8007  -22.129  -73.508  -24.531 0.6000000238
8008  -22.749  -74.088  -24.358 0.5000000000
10178  -31.140  -71.316  -23.251 0.3000000119
10839  -32.197  -70.702  -23.305 0.3000000119
9472  -18.142  -72.484  -23.054 0.5000000000
8014  -18.291  -74.330  -25.377 0.5000000000
8032  -20.169  -74.314  -25.886 0.5000000000
7352  -19.584  -75.316  -25.418 0.5000000000
13112  -25.161  -68.389  -22.430 0.5000000000
13122  -24.662  -67.685  -23.017 0.5000000000
14068  -24.606  -66.951  -24.829 0.5000000000
13157  -25.838  -67.003  -25.131 0.5000000000
13177  -25.554  -67.236  -25.568 0.5000000000
12310  -25.934  -67.758  -26.093 0.5000000000
14032  -23.219  -67.137  -21.471 0.5000000000
14059  -23.680  -66.843  -24.028 0.5000000000
11536  -26.825  -69.280  -26.830 0.4000000060
14043  -23.206  -67.024  -22.429 0.5000000000
173130  -27.125  -70.041  -27.052 0.4000000060
8670  -40.346  -73.431  -18.925 0.3000000119
189878  -41.715  -73.526  -18.005 0.3000000119
14031  -22.635  -67.041  -21.015 0.6000000238
10876  -26.812  -70.853  -27.076 0.4000000060
10211  -27.087  -71.447  -27.019 0.4000000060
14019  -22.061  -67.244  -20.457 0.6000000238
13094  -21.261  -68.024  -20.901 0.6000000238
7961  -41.510  -73.915  -19.903 0.3000000119
8711  -41.984  -73.344  -20.089 0.3000000119
170812  -21.059  -69.060  -20.676 0.6000000238
10200  -28.429  -71.393  -25.340 0.4000000060
11477  -21.835  -69.713  -19.632 0.6000000238
10857  -29.666  -70.526  -24.980 0.4000000060
10190  -29.317  -71.248  -24.395 0.4000000060
8731  -41.460  -72.610  -23.015 0.3000000119
10819  -21.629  -70.369  -20.304 0.6999999881
10847  -31.005  -70.752  -23.721 0.3000000119
10859  -32.628  -70.189  -24.178 0.3000000119
194060  -26.160  -68.259  -23.560 0.5000000000
13136  -25.695  -67.483  -24.114 0.5000000000
170427  -25.996  -67.169  -24.754 0.5000000000
13179  -27.515  -67.210  -25.539 0.4000000060
13111  -24.474  -67.892  -22.213 0.5000000000
13191  -27.000  -67.694  -26.411 0.4000000060
12317  -27.291  -68.356  -26.794 0.4000000060
13097  -24.400  -67.988  -21.438 0.6000000238
11538  -28.442  -69.456  -27.051 0.4000000060
10877  -28.469  -70.179  -26.897 0.4000000060
187232  -42.066  -73.331  -18.777 0.3000000119
8672  -41.742  -73.626  -18.575 0.3000000119
185385  -21.172  -68.328  -19.723 0.6000000238
10855  -28.480  -70.785  -25.936 0.4000000060
10868  -29.189  -70.461  -25.701 0.4000000060
172922  -30.554  -70.225  -25.374 0.4000000060
10858  -31.129  -70.335  -24.633 0.3000000119
10860  -32.669  -69.897  -25.529 0.3000000119
10135  -22.611  -71.405  -19.546 0.6000000238
13124  -26.680  -68.832  -23.047 0.5000000000
13137  -26.597  -67.634  -24.369 0.5000000000
13139  -28.185  -68.063  -24.394 0.4000000060
172651  -28.208  -67.461  -25.280 0.4000000060
202350  -25.639  -68.766  -22.169 0.5000000000
12268  -26.653  -69.199  -22.340 0.5000000000
200128  -28.986  -67.523  -25.949 0.4000000060
13096  -23.803  -67.573  -21.047 0.6000000238
12255  -25.026  -68.496  -21.066 0.6000000238
174372  -25.754  -69.008  -21.077 0.6000000238
182802  -29.005  -68.021  -26.773 0.4000000060
14020  -22.667  -67.057  -20.347 0.6000000238
13083  -23.836  -67.624  -20.223 0.6000000238
12319  -30.552  -68.943  -26.851 0.4000000060
11539  -29.216  -69.524  -26.927 0.4000000060
185393  -22.364  -67.059  -19.872 0.6000000238
186113  -29.663  -70.073  -26.370 0.4000000060
186461  -31.613  -69.600  -26.468 0.4000000060
10880  -30.947  -69.819  -26.273 0.4000000060
11542  -33.209  -69.620  -26.799 0.4000000060
8727  -42.238  -72.779  -20.972 0.3000000119
9432  -42.714  -72.160  -19.853 0.3000000119
13071  -21.331  -67.854  -19.243 0.6000000238
11528  -32.846  -69.696  -26.443 0.4000000060
9470  -42.282  -71.634  -22.290 0.3000000119
8726  -42.086  -72.797  -21.718 0.3000000119
11468  -21.382  -68.951  -19.593 0.6000000238
10809  -22.862  -70.840  -19.090 0.6000000238
11458  -22.770  -69.799  -18.150 0.6999999881
13042  -21.417  -67.707  -17.770 0.6999999881
10799  -23.056  -70.517  -18.477 0.6000000238
11446  -22.988  -69.638  -17.459 0.6999999881
12186  -22.636  -68.713  -16.630 0.6999999881
10792  -23.892  -70.943  -17.391 0.6000000238
198821  -21.509  -67.314  -16.698 0.6999999881
13968  -21.701  -66.900  -16.582 0.6000000238
178222  -23.159  -69.426  -16.806 0.6999999881
12185  -21.903  -67.876  -16.498 0.6999999881
201457  -26.825  -68.432  -23.686 0.5000000000
12291  -28.858  -68.564  -23.830 0.5000000000
193407  -26.741  -69.382  -21.713 0.5000000000
12270  -28.183  -69.517  -21.887 0.5000000000
12279  -27.994  -69.280  -22.683 0.5000000000
12292  -29.611  -68.478  -23.970 0.5000000000
13140  -29.044  -67.951  -24.754 0.4000000060
13160  -29.560  -67.765  -25.353 0.4000000060
12239  -25.456  -68.787  -20.424 0.6000000238
12240  -26.197  -69.292  -20.311 0.6000000238
169986  -27.173  -69.537  -21.246 0.6000000238
12259  -28.763  -69.507  -21.265 0.6000000238
13194  -29.672  -67.953  -26.453 0.4000000060
14010  -23.083  -67.195  -19.784 0.6000000238
175139  -27.037  -69.500  -19.715 0.6000000238
12241  -27.566  -69.573  -20.256 0.6000000238
13195  -30.351  -68.279  -26.612 0.4000000060
14009  -22.399  -67.018  -19.234 0.6000000238
13072  -23.968  -67.664  -19.338 0.6000000238
13073  -24.813  -68.217  -19.288 0.6000000238
181025  -26.789  -69.264  -18.826 0.6000000238
12227  -27.659  -69.402  -18.960 0.6000000238
176717  -31.721  -69.465  -26.623 0.4000000060
12328  -34.611  -69.022  -27.861 0.4000000060
176897  -23.146  -67.141  -18.927 0.6000000238
13058  -24.485  -67.891  -18.622 0.6000000238
12196  -25.728  -68.559  -18.000 0.6000000238
12209  -26.535  -68.936  -18.074 0.6000000238
12200  -28.710  -68.775  -17.852 0.6000000238
11548  -32.981  -69.551  -26.861 0.4000000060
11550  -34.277  -69.489  -27.401 0.4000000060
13056  -21.362  -67.852  -18.520 0.6000000238
13999  -23.236  -67.059  -18.173 0.5000000000
13044  -24.964  -68.060  -17.981 0.6000000238
12197  -26.301  -68.566  -17.421 0.6000000238
12198  -27.094  -68.812  -17.456 0.6000000238
13047  -29.005  -68.412  -17.388 0.6999999881
11469  -21.767  -69.030  -18.886 0.6999999881
13997  -21.711  -67.138  -18.247 0.6000000238
13985  -23.466  -66.943  -17.492 0.6000000238
13045  -25.519  -68.115  -17.310 0.6000000238
13016  -27.827  -67.875  -16.322 0.6000000238
13974  -29.770  -67.101  -16.561 0.6000000238
13975  -30.465  -66.816  -16.793 0.6000000238
13029  -25.788  -67.874  -16.606 0.6000000238
13015  -27.021  -67.720  -16.079 0.6000000238
13959  -28.346  -67.188  -16.020 0.6000000238
13960  -29.504  -66.590  -16.091 0.6000000238
13969  -22.885  -66.505  -17.022 0.6000000238
13970  -23.707  -66.809  -16.939 0.6000000238
13956  -25.900  -67.033  -15.679 0.5000000000
13958  -27.584  -67.177  -15.819 0.6000000238
171529  -28.818  -66.613  -15.836 0.6000000238
13955  -25.013  -66.829  -15.784 0.5000000000
11420  -23.264  -69.123  -16.169 0.6999999881
13001  -21.860  -66.987  -15.454 0.6999999881
14834  -21.998  -66.260  -16.193 0.5000000000
14819  -24.205  -66.349  -15.928 0.6000000238
14820  -25.604  -66.456  -15.332 0.5000000000
14821  -26.479  -66.500  -15.345 0.5000000000
15603  -24.217  -65.687  -15.401 0.6000000238
15532  -18.050  -65.241  -11.604 0.6000000238
14761  -18.239  -66.078  -11.508 0.6000000238
13884  -18.293  -66.938  -11.714 0.6000000238
12280  -28.811  -69.060  -23.035 0.5000000000
12281  -29.620  -69.124  -22.580 0.5000000000
181842  -30.045  -68.780  -23.257 0.5000000000
13142  -30.491  -68.044  -24.817 0.5000000000
13162  -30.907  -67.885  -25.485 0.4000000060
180835  -27.974  -69.514  -19.724 0.5000000000
195936  -28.983  -69.428  -20.494 0.5000000000
12244  -30.200  -69.030  -20.351 0.5000000000
13183  -32.263  -67.891  -26.093 0.4000000060
13184  -32.968  -68.002  -26.494 0.4000000060
180414  -29.511  -69.199  -20.042 0.5000000000
12245  -30.804  -68.754  -19.985 0.5000000000
12321  -31.777  -68.913  -26.840 0.4000000060
13198  -33.015  -68.320  -26.978 0.4000000060
13208  -34.210  -68.443  -27.485 0.4000000060
13048  -29.402  -68.596  -17.956 0.5000000000
12214  -30.565  -68.487  -18.774 0.5000000000
12229  -29.306  -69.074  -19.278 0.5000000000
12326  -33.085  -69.069  -27.253 0.4000000060
184721  -29.613  -68.179  -17.452 0.6000000238
13060  -30.194  -68.256  -17.974 0.6000000238
13033  -30.156  -67.610  -17.206 0.6000000238
13987  -30.918  -67.176  -17.337 0.5000000000
14838  -30.661  -66.008  -16.415 0.4000000060
14839  -31.467  -65.736  -16.706 0.4000000060
189570  -32.672  -65.410  -17.193 0.4000000060
15604  -29.754  -65.446  -15.469 0.6000000238
14826  -30.429  -65.358  -15.859 0.6000000238
15606  -31.453  -64.597  -16.043 0.5000000000
15619  -31.854  -64.944  -16.512 0.4000000060
16400  -32.864  -64.187  -16.982 0.4000000060
205099  -32.905  -63.451  -16.893 0.4000000060
10765  -24.288  -70.431  -15.766 0.6999999881
14806  -28.602  -66.071  -15.381 0.6000000238
15584  -30.229  -64.796  -15.344 0.5000000000
174485  -32.682  -62.934  -16.546 0.4000000060
13946  -21.773  -66.464  -15.064 0.6000000238
14803  -26.127  -65.953  -14.971 0.5000000000
15580  -27.338  -65.363  -14.623 0.5000000000
16369  -30.102  -64.292  -14.899 0.5000000000
17197  -31.126  -63.513  -15.012 0.5000000000
16379  -31.488  -63.947  -15.552 0.4000000060
18134  -32.431  -62.260  -16.159 0.4000000060
15602  -23.265  -65.298  -15.471 0.6000000238
15560  -28.317  -64.692  -14.263 0.5000000000
17123  -17.783  -63.238  -12.104 0.6999999881
16315  -18.050  -63.750  -11.556 0.6000000238
17124  -18.120  -63.048  -11.514 0.6999999881
16302  -18.425  -64.229  -10.979 0.6000000238
18966  -18.643  -61.904  -10.386 0.6000000238
14743  -18.733  -66.012  -10.901 0.6000000238
17100  -18.731  -63.737  -10.399 0.6000000238
17993  -19.257  -62.519  -9.489 0.6000000238
18945  -19.488  -61.100  -9.643 0.6000000238
19842  -20.794  -60.296  -8.963 0.6000000238
176886  -19.293  -67.301  -10.887 0.5000000000
14719  -19.621  -65.756  -9.860 0.6000000238
17085  -19.530  -63.707  -9.358 0.6000000238
203260  -19.468  -63.087  -9.290 0.6000000238
18946  -19.705  -61.866  -9.157 0.6000000238
183168  -31.074  -68.098  -24.576 0.5000000000
12929  -19.883  -67.564  -10.447 0.5000000000
13861  -19.600  -66.917  -10.402 0.5000000000
193713  -19.925  -63.331  -9.008 0.5000000000
17980  -20.382  -62.178  -8.713 0.5000000000
170703  -29.571  -69.341  -21.674 0.4000000060
12272  -30.272  -69.102  -21.966 0.5000000000
13143  -31.851  -68.062  -24.503 0.5000000000
13163  -31.709  -67.894  -25.418 0.4000000060
13847  -20.596  -66.698  -9.544 0.5000000000
14698  -20.350  -65.945  -9.461 0.5000000000
17065  -21.116  -63.355  -8.811 0.5000000000
186348  -20.921  -62.654  -8.636 0.5000000000
12260  -31.114  -68.864  -21.181 0.5000000000
171973  -33.039  -67.873  -25.722 0.4000000060
172814  -35.322  -67.768  -25.910 0.4000000060
13188  -35.766  -67.762  -26.664 0.4000000060
12931  -21.262  -67.980  -9.923 0.5000000000
14700  -21.345  -66.177  -9.468 0.5000000000
15483  -21.182  -64.792  -9.183 0.6000000238
17087  -21.993  -63.349  -9.201 0.6000000238
13200  -34.553  -68.025  -27.212 0.4000000060
196203  -22.185  -66.733  -10.089 0.6000000238
14721  -21.972  -65.995  -9.809 0.6000000238
15484  -21.771  -64.696  -9.459 0.6999999881
13074  -31.251  -68.242  -18.953 0.4000000060
13062  -31.643  -67.773  -18.486 0.5000000000
10716  -24.602  -70.601  -12.215 0.6000000238
14000  -31.984  -67.223  -18.078 0.5000000000
13989  -32.965  -66.319  -17.859 0.4000000060
10740  -24.756  -70.329  -13.633 0.6000000238
14853  -32.518  -65.964  -17.398 0.4000000060
11406  -24.612  -70.177  -14.409 0.6000000238
12162  -23.628  -68.823  -15.001 0.6000000238
17218  -33.273  -63.590  -17.311 0.4000000060
13934  -21.929  -66.423  -14.327 0.6000000238
12161  -22.890  -68.220  -15.355 0.6999999881
174527  -23.949  -65.046  -14.969 0.6000000238
15577  -24.420  -64.708  -14.459 0.6000000238
15578  -25.681  -65.423  -14.595 0.5000000000
15579  -26.547  -65.410  -14.600 0.5000000000
18046  -17.969  -62.391  -11.947 0.6999999881
18983  -18.501  -61.638  -10.854 0.6999999881
20758  -19.469  -60.276  -10.739 0.6000000238
19852  -19.295  -60.746  -10.285 0.6000000238
20750  -20.138  -59.708  -10.571 0.6000000238
20738  -20.432  -59.958  -9.646 0.6000000238
20739  -21.238  -59.570  -9.314 0.6999999881
20741  -22.717  -59.553  -8.684 0.6000000238
19822  -21.151  -60.809  -8.607 0.6000000238
202921  -31.853  -68.708  -22.203 0.5000000000
12283  -31.612  -68.621  -22.894 0.5000000000
12294  -31.351  -68.403  -23.762 0.5000000000
13144  -32.704  -68.029  -24.230 0.5000000000
18928  -21.531  -61.413  -8.468 0.6000000238
20730  -23.111  -60.045  -8.500 0.5000000000
13125  -32.252  -68.326  -23.511 0.5000000000
172707  -33.228  -67.894  -24.832 0.5000000000
13167  -35.190  -67.775  -25.124 0.4000000060
17088  -22.739  -63.134  -9.648 0.6000000238
17995  -22.324  -62.637  -8.997 0.6000000238
19825  -23.561  -60.630  -8.520 0.5000000000
12261  -31.815  -68.620  -20.811 0.5000000000
11369  -24.282  -69.444  -11.806 0.6000000238
12104  -23.526  -68.439  -11.104 0.4000000060
12946  -23.191  -67.809  -10.873 0.6000000238
15504  -22.272  -64.620  -9.973 0.6000000238
17102  -22.515  -63.606  -9.789 0.6000000238
18947  -23.649  -61.766  -8.921 0.6000000238
13076  -32.601  -67.798  -19.309 0.4000000060
12246  -32.370  -68.362  -20.422 0.4000000060
12120  -24.019  -68.626  -11.761 0.5000000000
12947  -23.660  -67.736  -11.597 0.5000000000
180998  -22.939  -66.456  -11.153 0.6000000238
14722  -22.542  -66.168  -10.468 0.6999999881
15517  -22.811  -64.406  -11.368 0.6000000238
16303  -22.863  -64.003  -10.824 0.6000000238
201238  -23.116  -63.224  -10.157 0.6000000238
13063  -32.321  -67.549  -18.665 0.5000000000
12134  -24.458  -68.980  -12.561 0.6000000238
13887  -23.336  -66.863  -11.736 0.6000000238
14745  -22.789  -65.382  -11.084 0.6000000238
17114  -23.097  -63.767  -11.362 0.6000000238
18027  -24.132  -63.028  -10.970 0.6000000238
175066  -24.488  -62.549  -10.406 0.6000000238
14001  -32.660  -66.962  -18.259 0.4000000060
12133  -24.068  -68.422  -13.223 0.5000000000
13908  -23.568  -67.285  -12.366 0.6000000238
14762  -22.535  -65.365  -12.710 0.6000000238
17126  -23.911  -63.505  -12.372 0.6000000238
17116  -24.407  -63.188  -11.701 0.6000000238
12146  -24.453  -69.073  -13.359 0.6000000238
12987  -23.522  -67.968  -13.854 0.6000000238
194255  -23.077  -67.379  -13.687 0.6000000238
15544  -22.339  -65.127  -13.175 0.6000000238
179212  -22.801  -64.348  -12.870 0.6000000238
15575  -22.675  -64.927  -14.579 0.6000000238
15600  -22.189  -65.482  -14.859 0.6000000238
15557  -26.082  -64.918  -14.155 0.5000000000
16348  -27.236  -64.356  -13.770 0.5000000000
19003  -18.146  -61.645  -12.468 0.6999999881
19868  -18.585  -60.988  -11.986 0.6999999881
19883  -19.141  -60.659  -14.127 0.6999999881
19875  -19.174  -60.416  -13.362 0.6999999881
19869  -19.133  -60.412  -12.487 0.6999999881
20766  -19.774  -59.804  -11.440 0.6999999881
20759  -20.655  -59.124  -10.811 0.6000000238
21722  -21.210  -58.842  -10.599 0.6000000238
190193  -22.916  -57.839  -10.151 0.5000000000
21709  -21.359  -59.011  -9.907 0.6999999881
22650  -23.062  -58.333  -9.565 0.5000000000
21711  -22.735  -58.925  -9.150 0.5000000000
21701  -23.400  -59.393  -8.766 0.5000000000
172787  -33.523  -68.157  -22.475 0.4000000060
13127  -34.074  -67.981  -23.168 0.5000000000
13147  -35.528  -67.767  -23.639 0.5000000000
13146  -34.987  -67.798  -24.270 0.5000000000
179525  -36.453  -67.618  -24.717 0.4000000060
12262  -32.450  -68.518  -21.140 0.4000000060
18930  -24.016  -61.143  -8.694 0.6000000238
17997  -24.001  -62.281  -9.659 0.6000000238
18948  -24.405  -61.602  -9.151 0.6000000238
18029  -25.537  -62.530  -11.181 0.6000000238
18968  -25.468  -61.703  -9.918 0.6000000238
17143  -24.609  -63.589  -12.895 0.6000000238
183327  -25.178  -63.364  -12.415 0.6000000238
18014  -25.888  -61.981  -10.594 0.6000000238
16344  -23.559  -64.142  -13.796 0.6000000238
191556  -25.861  -62.724  -11.664 0.5000000000
16329  -25.095  -63.954  -13.369 0.6000000238
17144  -25.507  -63.570  -12.852 0.5000000000
16331  -26.809  -63.919  -13.303 0.5000000000
20793  -19.569  -60.356  -14.813 0.6999999881
20782  -19.747  -59.895  -14.077 0.6999999881
197057  -20.376  -59.123  -13.077 0.6999999881
20767  -20.194  -59.369  -12.289 0.6999999881
21751  -20.711  -58.769  -12.736 0.6000000238
21741  -20.676  -58.902  -12.056 0.6999999881
22670  -22.043  -57.868  -11.418 0.4000000060
19894  -19.894  -60.069  -15.436 0.6999999881
20783  -20.188  -59.152  -14.529 0.6999999881
21761  -20.439  -58.595  -13.936 0.6000000238
22689  -21.083  -57.696  -12.989 0.6000000238
22671  -22.591  -57.574  -10.976 0.5000000000
20827  -19.802  -59.806  -17.011 0.6999999881
21785  -19.819  -59.120  -15.861 0.6999999881
23567  -23.744  -56.895  -10.184 0.5000000000
21820  -19.584  -59.245  -17.441 0.6999999881
22663  -23.420  -57.398  -9.959 0.5000000000
22752  -19.159  -58.041  -17.758 0.6000000238
23654  -19.153  -57.505  -18.238 0.6000000238
184121  -19.243  -56.705  -19.505 0.6000000238
201586  -18.757  -56.013  -20.643 0.5000000000
26311  -18.389  -55.116  -20.181 0.5000000000
202892  -35.182  -67.817  -23.165 0.4000000060
191242  -36.152  -67.681  -24.003 0.4000000060
184526  -26.226  -62.283  -11.221 0.6000000238
23593  -21.575  -57.277  -12.544 0.5000000000
22679  -21.856  -57.619  -12.067 0.5000000000
21773  -19.915  -58.773  -15.065 0.6000000238
22698  -20.300  -58.066  -13.945 0.6000000238
23599  -20.683  -57.564  -13.348 0.6000000238
188226  -21.567  -56.677  -12.583 0.6000000238
24453  -22.637  -56.317  -11.812 0.5000000000
23577  -22.786  -56.909  -11.334 0.5000000000
23578  -23.452  -56.566  -10.856 0.5000000000
186105  -19.371  -58.752  -16.310 0.6999999881
22707  -19.252  -58.098  -15.037 0.6000000238
22697  -19.536  -57.714  -14.227 0.6000000238
24470  -20.478  -56.723  -13.213 0.6000000238
25338  -20.608  -54.900  -13.153 0.6000000238
196760  -24.367  -55.426  -10.548 0.5000000000
22736  -19.049  -58.261  -16.902 0.6999999881
22706  -18.521  -57.484  -15.469 0.6000000238
24480  -18.616  -55.938  -15.070 0.6000000238
25358  -19.610  -55.062  -14.293 0.6000000238
26222  -20.217  -54.650  -13.952 0.6000000238
23636  -18.475  -56.883  -17.015 0.6000000238
23616  -18.327  -56.788  -16.032 0.6000000238
25356  -18.787  -55.274  -15.455 0.6000000238
26233  -19.387  -54.843  -15.106 0.6000000238
24514  -18.609  -56.210  -17.941 0.6000000238
25387  -18.522  -55.227  -17.534 0.6000000238
25379  -18.547  -55.221  -16.364 0.6000000238
26247  -20.031  -54.156  -16.120 0.6000000238
24526  -18.940  -56.160  -19.205 0.5000000000
25394  -18.644  -54.894  -19.575 0.5000000000
181530  -18.671  -54.756  -18.489 0.5000000000
26267  -19.295  -53.926  -17.599 0.6000000238
197012  -20.117  -53.848  -16.648 0.6000000238
176344  -36.272  -67.587  -23.221 0.4000000060
25393  -16.918  -55.262  -19.079 0.5000000000
26274  -18.770  -54.192  -19.159 0.5000000000
27205  -19.561  -53.325  -18.078 0.6000000238
27206  -20.215  -53.083  -17.685 0.6000000238
26290  -17.525  -54.093  -19.515 0.5000000000
27215  -17.946  -53.418  -19.498 0.5000000000
190972  -18.588  -53.864  -19.590 0.4000000060
27216  -19.256  -53.185  -18.971 0.5000000000
28205  -20.721  -52.475  -18.031 0.6000000238
24452  -22.341  -55.704  -12.041 0.6000000238
26185  -23.122  -54.583  -11.437 0.5000000000
24446  -23.173  -56.257  -11.386 0.5000000000
25324  -21.923  -55.105  -12.180 0.6000000238
26202  -22.649  -54.153  -11.835 0.5000000000
25311  -24.292  -54.700  -10.803 0.5000000000
26224  -21.460  -53.797  -13.411 0.6999999881
27158  -22.159  -53.424  -13.073 0.6999999881
26235  -20.706  -54.146  -14.586 0.6000000238
27167  -21.296  -53.719  -14.238 0.6999999881
26248  -20.589  -54.064  -15.521 0.6000000238
27186  -21.966  -53.338  -15.608 0.6999999881
27197  -21.146  -53.356  -16.566 0.6000000238
27198  -22.354  -52.919  -16.338 0.6999999881
27207  -20.959  -52.977  -17.211 0.6000000238
28194  -22.117  -52.418  -17.006 0.6999999881
27204  -16.629  -53.508  -17.679 0.5000000000
28218  -17.716  -52.758  -18.860 0.5000000000
28240  -19.201  -52.615  -19.172 0.4000000060
28221  -20.392  -52.147  -18.801 0.6000000238
28223  -21.274  -52.093  -17.948 0.6000000238
29288  -17.831  -51.968  -18.229 0.5000000000
29308  -18.926  -52.107  -19.137 0.4000000060
29291  -20.023  -51.774  -19.035 0.5000000000
26186  -23.782  -54.252  -11.102 0.5000000000
27131  -23.238  -53.799  -11.438 0.5000000000
27148  -22.276  -53.779  -12.302 0.6000000238
204926  -23.361  -52.593  -13.006 0.5000000000
174604  -23.786  -52.379  -12.585 0.5000000000
27169  -22.636  -53.021  -13.875 0.6999999881
27177  -22.525  -53.140  -14.869 0.6999999881
27187  -22.693  -53.032  -15.678 0.6000000238
29273  -22.498  -51.778  -17.222 0.6999999881
28196  -23.474  -52.153  -16.316 0.6000000238
28222  -20.929  -51.974  -18.410 0.6000000238
181439  -22.080  -51.308  -17.818 0.6000000238
29271  -17.841  -51.204  -17.614 0.5000000000
29290  -19.444  -51.390  -18.953 0.4000000060
30395  -20.902  -50.678  -18.766 0.6000000238
31457  -18.723  -49.910  -17.905 0.4000000060
30392  -19.066  -50.644  -18.376 0.4000000060
31459  -20.059  -49.729  -18.863 0.5000000000
30394  -20.494  -50.236  -18.884 0.5000000000
28155  -23.252  -52.658  -13.687 0.6000000238
28157  -24.649  -52.009  -13.609 0.5000000000
28175  -23.909  -52.531  -14.973 0.6000000238
28169  -24.938  -52.031  -14.347 0.5000000000
28185  -24.227  -52.342  -15.471 0.6000000238
29244  -24.065  -52.174  -15.967 0.6000000238
29262  -24.592  -51.638  -16.050 0.5000000000
30365  -23.932  -50.748  -16.604 0.6000000238
203164  -22.515  -50.467  -17.234 0.6999999881
182834  -23.074  -50.424  -16.921 0.5000000000
31460  -21.728  -50.192  -18.667 0.6000000238
31474  -21.543  -49.788  -19.168 0.5000000000
32483  -19.540  -49.020  -18.563 0.4000000060
31473  -21.326  -49.365  -19.373 0.5000000000
31383  -16.400  -49.461  -13.728 0.4000000060
31384  -17.424  -49.855  -13.898 0.3000000119
32413  -16.967  -48.922  -13.982 0.4000000060
28170  -25.475  -51.738  -14.745 0.5000000000
33467  -15.104  -47.437  -14.300 0.3000000119
199186  -16.454  -47.854  -14.205 0.4000000060
30366  -24.626  -50.870  -16.282 0.5000000000
30352  -25.680  -50.662  -15.598 0.5000000000
33498  -14.340  -47.001  -15.570 0.3000000119
34508  -15.397  -46.298  -14.937 0.4000000060
31430  -24.357  -49.958  -16.390 0.5000000000
33510  -14.941  -46.673  -16.264 0.3000000119
32470  -22.866  -48.979  -17.181 0.6000000238
188632  -21.923  -48.845  -18.691 0.6999999881
33529  -22.354  -48.460  -17.770 0.6000000238
32494  -20.851  -48.821  -19.459 0.5000000000
191143  -21.837  -48.116  -19.121 0.5000000000
33555  -21.597  -47.743  -19.498 0.4000000060
34568  -21.943  -47.463  -18.986 0.4000000060
29217  -18.280  -51.447  -13.617 0.3000000119
30322  -17.859  -50.696  -13.824 0.3000000119
32414  -18.013  -49.338  -14.123 0.3000000119
32427  -17.508  -48.557  -14.240 0.3000000119
203579  -17.437  -47.294  -14.738 0.4000000060
177233  -25.134  -50.340  -16.069 0.5000000000
34524  -15.161  -45.677  -15.530 0.4000000060
34509  -16.554  -46.997  -14.610 0.4000000060
31415  -24.952  -49.439  -16.023 0.5000000000
35545  -15.159  -45.036  -16.622 0.4000000060
36553  -15.395  -44.609  -16.262 0.4000000060
32453  -23.690  -49.206  -16.653 0.5000000000
32455  -24.104  -48.426  -16.553 0.5000000000
34541  -15.207  -45.767  -17.155 0.4000000060
33531  -23.197  -47.704  -17.259 0.5000000000
33543  -22.135  -47.964  -18.407 0.5000000000
34555  -22.913  -47.130  -17.689 0.5000000000
33552  -19.533  -47.606  -19.048 0.3000000119
34577  -19.757  -46.968  -19.340 0.4000000060
34580  -21.715  -46.982  -19.383 0.4000000060
35573  -22.616  -46.569  -18.219 0.4000000060
28153  -18.228  -52.611  -12.715 0.3000000119
177867  -18.208  -50.122  -13.994 0.3000000119
32428  -18.284  -48.706  -14.484 0.4000000060
34510  -18.048  -47.422  -14.957 0.4000000060
32432  -27.072  -49.057  -14.607 0.4000000060
179098  -17.251  -46.703  -14.949 0.4000000060
198800  -26.477  -49.049  -15.017 0.4000000060
35526  -15.648  -45.190  -15.649 0.4000000060
178823  -16.825  -45.772  -15.392 0.4000000060
32442  -25.481  -48.954  -15.680 0.4000000060
36555  -17.084  -44.809  -16.391 0.4000000060
33513  -23.809  -47.720  -16.843 0.5000000000
36589  -16.243  -44.456  -17.480 0.4000000060
35569  -17.300  -45.626  -18.565 0.3000000119
34556  -23.533  -47.084  -17.208 0.5000000000
36615  -20.265  -45.539  -19.712 0.3000000119
29218  -19.090  -51.508  -13.477 0.3000000119
31386  -19.561  -50.342  -14.057 0.3000000119
31404  -18.747  -49.307  -14.404 0.3000000119
33487  -19.514  -48.286  -14.954 0.4000000060
34511  -18.923  -47.587  -15.241 0.4000000060
171230  -19.639  -46.464  -15.940 0.3000000119
34526  -18.144  -46.642  -15.421 0.4000000060
32419  -27.662  -48.553  -14.079 0.4000000060
33471  -28.277  -48.058  -13.739 0.4000000060
35546  -18.207  -45.042  -16.353 0.4000000060
33502  -26.090  -47.784  -15.168 0.4000000060
33500  -24.968  -47.671  -16.152 0.4000000060
36574  -17.179  -44.247  -17.028 0.3000000119
34543  -24.778  -47.050  -16.440 0.4000000060
35559  -16.471  -45.300  -18.052 0.3000000119
36590  -17.228  -44.075  -17.895 0.3000000119
36603  -18.406  -45.320  -19.110 0.3000000119
35588  -22.232  -46.001  -18.815 0.4000000060
29198  -19.698  -51.657  -12.386 0.3000000119
31405  -19.464  -49.608  -14.414 0.4000000060
33488  -20.364  -48.293  -14.957 0.4000000060
33499  -19.841  -47.677  -15.313 0.4000000060
33456  -29.569  -47.942  -13.184 0.4000000060
33470  -27.704  -47.715  -14.098 0.4000000060
35547  -19.226  -45.826  -16.210 0.4000000060
33490  -26.690  -47.559  -14.808 0.4000000060
37608  -18.307  -44.237  -16.955 0.4000000060
178653  -25.779  -47.279  -15.564 0.4000000060
34532  -26.331  -46.917  -15.264 0.4000000060
203139  -17.738  -43.870  -17.485 0.3000000119
35549  -25.202  -46.301  -16.326 0.4000000060
38697  -18.784  -43.374  -18.658 0.3000000119
35548  -24.510  -46.372  -16.799 0.5000000000
36613  -18.260  -44.436  -18.921 0.3000000119
37643  -18.970  -44.083  -19.210 0.3000000119
35562  -24.131  -45.684  -17.191 0.5000000000
191072  -21.562  -45.092  -19.747 0.3000000119
36605  -22.992  -45.034  -18.278 0.4000000060
35585  -20.812  -46.345  -19.668 0.4000000060
187709  -20.281  -50.953  -13.296 0.3000000119
35529  -20.379  -46.391  -15.846 0.3000000119
36556  -20.394  -45.677  -16.168 0.3000000119
35503  -28.920  -46.629  -13.741 0.4000000060
37609  -19.387  -44.327  -17.040 0.3000000119
34516  -27.255  -47.306  -14.481 0.4000000060
35502  -28.121  -46.522  -14.122 0.3000000119
37624  -19.424  -43.694  -17.502 0.3000000119
34531  -25.790  -46.589  -15.802 0.4000000060
35514  -26.837  -46.271  -15.087 0.4000000060
38698  -19.328  -43.038  -18.451 0.3000000119
39769  -20.060  -42.444  -19.355 0.3000000119
36578  -24.525  -45.109  -17.008 0.4000000060
186284  -19.811  -43.993  -19.703 0.3000000119
37645  -21.990  -43.745  -19.913 0.3000000119
176765  -22.057  -44.521  -19.575 0.3000000119
37636  -23.005  -44.307  -18.481 0.3000000119
36576  -20.308  -44.893  -16.543 0.3000000119
36577  -20.958  -44.434  -16.382 0.3000000119
38667  -20.299  -43.525  -17.281 0.3000000119
35516  -27.899  -45.865  -14.456 0.3000000119
36539  -26.841  -45.529  -15.384 0.4000000060
36540  -27.358  -45.059  -15.150 0.4000000060
40864  -20.433  -41.800  -19.354 0.3000000119
36559  -25.853  -45.112  -16.236 0.4000000060
190266  -26.342  -45.314  -15.842 0.4000000060
39782  -20.315  -42.572  -19.814 0.3000000119
38721  -21.318  -42.932  -20.215 0.3000000119
37625  -23.980  -44.124  -17.486 0.3000000119
38699  -22.857  -43.018  -19.119 0.3000000119
40856  -20.798  -40.885  -18.633 0.3000000119
40878  -20.869  -41.397  -19.867 0.3000000119
37613  -25.682  -44.446  -16.444 0.3000000119
176853  -26.789  -43.493  -15.972 0.3000000119
40891  -21.612  -41.880  -20.358 0.3000000119
37612  -25.109  -44.051  -16.788 0.3000000119
38710  -22.342  -43.046  -19.838 0.3000000119
38686  -23.886  -43.371  -17.698 0.3000000119
43128  -20.839  -39.136  -19.360 0.3000000119
43114  -21.339  -39.015  -17.596 0.3000000119
42001  -21.289  -40.635  -19.778 0.3000000119
38671  -25.663  -43.605  -16.558 0.3000000119
43144  -21.030  -38.915  -19.653 0.3000000119
44281  -21.141  -38.129  -18.614 0.3000000119
188823  -21.719  -45.816  -19.407 0.4000000060
36614  -19.218  -45.243  -19.391 0.3000000119
179543  -20.668  -44.787  -19.993 0.3000000119
8754  -27.239  -73.417  -23.874 0.6000000238
8011  -28.130  -74.388  -23.998 0.5000000000
7987  -28.521  -73.969  -21.932 0.5000000000
7967  -27.827  -73.505  -20.700 0.5000000000
7341  -28.705  -74.780  -23.738 0.5000000000
183015  -31.673  -75.022  -26.954 0.5000000000
10189  -25.194  -71.417  -23.301 0.6999999881
9512  -26.146  -73.025  -26.431 0.6999999881
181612  -23.628  -70.801  -23.389 0.6999999881
10177  -25.417  -71.521  -22.451 0.6999999881
204044  -30.049  -75.850  -26.671 0.4000000060
10174  -23.344  -71.141  -22.911 0.6999999881
197801  -30.089  -73.964  -26.215 0.5000000000
9468  -41.301  -72.311  -22.992 0.3000000119
174589  -31.087  -73.428  -24.568 0.5000000000
9477  -31.448  -71.823  -23.086 0.3000000119
185655  -25.206  -69.860  -26.519 0.6000000238
10872  -23.914  -70.324  -26.110 0.6000000238
12315  -25.585  -68.792  -26.348 0.5000000000
13133  -20.976  -68.057  -23.875 0.6000000238
10853  -22.491  -70.326  -24.581 0.6999999881
7959  -40.412  -74.448  -20.547 0.3000000119
11512  -19.242  -70.019  -25.000 0.6000000238
10864  -20.489  -69.969  -25.442 0.6000000238
203023  -21.416  -70.902  -24.650 0.6999999881
8042  -27.450  -74.095  -26.693 0.5000000000
7371  -28.594  -74.753  -26.694 0.6000000238
7357  -28.342  -74.913  -24.853 0.5000000000
9502  -20.610  -71.930  -25.401 0.6000000238
9491  -21.860  -71.899  -23.843 0.6999999881
9471  -17.599  -71.849  -23.784 0.5000000000
8768  -20.865  -72.883  -25.408 0.5000000000
9467  -40.851  -72.477  -23.178 0.3000000119
10153  -20.182  -71.208  -21.638 0.6000000238
8786  -20.538  -73.590  -25.878 0.5000000000
10833  -35.033  -70.902  -22.293 0.3000000119
195460  -27.064  -72.855  -26.867 0.5000000000
9466  -40.003  -72.406  -22.732 0.3000000119
8031  -19.258  -74.107  -25.761 0.5000000000
12318  -28.217  -68.362  -26.968 0.4000000060
8693  -42.248  -73.068  -19.453 0.3000000119
185015  -24.521  -68.089  -19.954 0.6000000238
170965  -21.860  -68.789  -18.201 0.6999999881
13983  -21.935  -66.909  -17.658 0.6000000238
14836  -23.491  -66.329  -16.522 0.6000000238
12226  -26.186  -69.146  -19.448 0.6000000238
170457  -30.313  -69.121  -21.175 0.5000000000
13197  -31.910  -68.274  -26.583 0.4000000060
12211  -28.233  -69.127  -18.337 0.6000000238
12228  -28.514  -69.311  -19.096 0.5000000000
12187  -26.799  -68.449  -16.901 0.6000000238
14851  -31.162  -66.464  -16.995 0.4000000060
11421  -23.861  -69.518  -15.537 0.6000000238
13002  -22.407  -67.561  -15.039 0.6999999881
15503  -18.678  -64.914  -10.664 0.6000000238
195385  -30.361  -68.943  -22.611 0.4000000060
200595  -31.839  -68.491  -20.214 0.4000000060
14854  -33.107  -65.620  -17.526 0.4000000060
15582  -28.738  -65.067  -14.704 0.4000000060
10751  -24.627  -70.698  -14.965 0.6000000238
175021  -18.625  -63.055  -10.425 0.6000000238
15482  -20.448  -64.837  -9.159 0.6000000238
192074  -34.272  -67.879  -24.038 0.5000000000
12914  -21.543  -67.437  -9.700 0.5000000000
191360  -23.217  -61.287  -8.551 0.6000000238
12932  -21.940  -68.139  -10.068 0.4000000060
14790  -22.047  -65.867  -13.971 0.5000000000
13077  -33.296  -67.607  -19.485 0.5000000000
16316  -22.902  -64.232  -12.195 0.6000000238
14777  -22.712  -66.126  -12.840 0.5000000000
20852  -19.488  -59.139  -19.452 0.6000000238
26291  -18.101  -54.628  -20.054 0.5000000000
202289  -20.928  -55.488  -12.741 0.5000000000
24481  -18.849  -56.368  -14.494 0.6000000238
24468  -19.415  -55.949  -13.909 0.6000000238
26213  -21.708  -54.090  -12.713 0.6000000238
24505  -18.368  -56.033  -16.728 0.6000000238
26273  -16.800  -53.904  -18.640 0.5000000000
27149  -22.881  -53.481  -11.965 0.5000000000
29260  -23.152  -51.664  -16.792 0.6000000238
29289  -18.559  -51.445  -18.417 0.5000000000
31442  -21.976  -49.704  -18.184 0.6000000238
32412  -15.711  -48.336  -13.906 0.3000000119
28176  -24.688  -52.167  -15.034 0.5000000000
33542  -19.995  -48.426  -19.031 0.3000000119
31417  -26.183  -50.222  -15.329 0.4000000060
32443  -26.108  -49.417  -15.388 0.4000000060
181194  -21.080  -47.604  -19.601 0.4000000060
34567  -18.873  -46.842  -19.019 0.3000000119
35560  -23.218  -46.489  -17.611 0.5000000000
33491  -27.142  -48.098  -14.456 0.4000000060
30323  -19.654  -51.019  -13.688 0.3000000119
37622  -17.923  -43.560  -18.017 0.3000000119
186407  -24.818  -45.643  -16.755 0.4000000060
36618  -22.533  -44.733  -18.933 0.3000000119
38683  -18.716  -43.406  -18.060 0.3000000119
37637  -23.483  -44.596  -17.846 0.4000000060
31360  -21.352  -50.214  -12.486 0.3000000119
39746  -20.297  -42.264  -18.202 0.3000000119
36579  -25.074  -44.877  -16.696 0.4000000060
41989  -21.019  -39.905  -19.466 0.3000000119
5470  -17.880  -77.362  -21.788 0.5000000000
174933  -18.347  -77.263  -22.424 0.5000000000
6706  -18.393  -76.463  -23.374 0.5000000000
6713  -18.875  -76.185  -24.254 0.4000000060
5455  -17.714  -77.320  -20.187 0.5000000000
6084  -17.817  -76.669  -20.765 0.5000000000
6698  -17.818  -76.193  -21.803 0.5000000000
6705  -17.870  -76.018  -22.854 0.5000000000
6712  -17.920  -75.766  -23.609 0.5000000000
7351  -18.591  -75.098  -25.168 0.4000000060
6075  -18.718  -76.791  -19.541 0.4000000060
6085  -18.246  -76.546  -20.160 0.5000000000
7310  -17.830  -75.683  -22.325 0.5000000000
7350  -17.700  -74.738  -24.638 0.4000000060
6677  -19.226  -76.170  -19.847 0.5000000000
7290  -19.241  -75.236  -20.653 0.5000000000
6693  -17.952  -76.119  -21.182 0.5000000000
7291  -19.986  -75.001  -20.316 0.5000000000
7311  -18.195  -75.050  -21.990 0.5000000000
7300  -18.824  -75.033  -21.277 0.5000000000
7983  -19.043  -74.285  -21.627 0.5000000000
193495  -17.910  -73.579  -22.966 0.4000000060
6077  -20.599  -76.079  -19.157 0.5000000000
7301  -19.791  -74.569  -20.823 0.5000000000
7984  -19.454  -73.436  -21.713 0.5000000000
8728  -18.856  -73.005  -22.356 0.5000000000
6659  -23.843  -76.012  -16.637 0.5000000000
6671  -21.237  -75.985  -18.885 0.5000000000
6672  -21.933  -75.849  -18.614 0.5000000000
6680  -21.520  -75.373  -19.130 0.5000000000
7282  -22.164  -75.195  -18.834 0.5000000000
7292  -20.618  -74.592  -20.196 0.5000000000
7293  -21.319  -74.347  -19.803 0.5000000000
7962  -19.970  -73.840  -21.114 0.5000000000
9456  -19.607  -72.583  -21.824 0.5000000000
6666  -23.659  -75.786  -17.415 0.5000000000
7276  -23.910  -74.972  -17.631 0.5000000000
7900  -24.699  -74.021  -15.996 0.5000000000
7931  -23.062  -74.337  -18.614 0.5000000000
200114  -24.237  -73.665  -17.755 0.5000000000
8649  -24.519  -73.521  -17.198 0.5000000000
7941  -21.937  -74.106  -19.459 0.5000000000
7942  -22.622  -73.843  -19.103 0.5000000000
185022  -23.599  -72.848  -18.563 0.5000000000
8699  -21.154  -73.258  -20.350 0.5000000000
185603  -22.383  -72.678  -19.579 0.5000000000
183475  -20.600  -73.520  -20.716 0.5000000000
8715  -20.158  -73.074  -21.230 0.5000000000
10163  -19.658  -71.641  -22.021 0.5000000000
9346  -24.822  -72.161  -14.525 0.5000000000
10076  -24.625  -71.198  -15.551 0.6000000238
9384  -24.622  -72.789  -17.023 0.5000000000
191456  -24.044  -72.745  -18.097 0.5000000000
10108  -24.219  -71.630  -17.321 0.5000000000
9402  -23.366  -72.218  -18.870 0.5000000000
10122  -23.544  -71.613  -18.519 0.5000000000
9440  -21.633  -72.022  -20.284 0.5000000000
10148  -22.020  -71.278  -20.069 0.5000000000
8716  -20.785  -72.807  -20.807 0.5000000000
10042  -24.770  -71.140  -12.684 0.5000000000
186150  -24.796  -70.892  -14.166 0.5000000000
10783  -24.068  -70.627  -16.595 0.6000000238
13933  -17.102  -67.138  -13.604 0.5000000000
14776  -17.400  -66.047  -12.764 0.6000000238
15552  -16.799  -65.849  -13.989 0.5000000000
178802  -17.051  -65.569  -13.327 0.5000000000
15531  -17.681  -64.858  -12.159 0.6000000238
16325  -17.119  -64.077  -13.406 0.6000000238
196953  -16.848  -65.094  -13.904 0.5000000000
17165  -17.217  -63.457  -13.566 0.6000000238
18109  -17.523  -62.617  -14.610 0.5000000000
18045  -17.650  -62.681  -12.648 0.6000000238
18071  -17.792  -62.116  -13.150 0.6000000238
18110  -17.950  -62.155  -15.052 0.5000000000
18096  -17.829  -62.109  -14.414 0.6000000238
19012  -18.295  -61.443  -13.334 0.6000000238
18122  -18.125  -62.150  -15.867 0.5000000000
19026  -19.008  -61.076  -14.884 0.5000000000
19918  -19.506  -60.866  -17.027 0.5000000000
19947  -19.634  -60.264  -18.165 0.6000000238
187072  -19.384  -59.231  -20.111 0.6000000238
20865  -19.504  -59.995  -19.717 0.5000000000
19905  -19.847  -60.318  -15.994 0.6000000238
19038  -19.141  -61.158  -15.744 0.5000000000
20853  -19.549  -59.804  -18.759 0.5000000000
23700  -19.256  -57.262  -20.715 0.6000000238
22773  -19.449  -57.722  -19.989 0.6000000238
24527  -19.060  -56.256  -20.148 0.6000000238
9465  -38.723  -72.237  -22.279 0.3000000119
10826  -38.630  -70.495  -21.368 0.3000000119
192257  -37.009  -71.574  -22.017 0.3000000119
198395  -39.972  -67.750  -22.008 0.3000000119
10167  -36.360  -71.062  -21.944 0.3000000119
205147  -36.952  -72.110  -22.393 0.3000000119
9484  -37.372  -72.590  -22.906 0.3000000119
7999  -17.429  -74.570  -23.300 0.4000000060
9423  -22.806  -72.143  -19.360 0.5000000000
10800  -23.542  -71.011  -18.155 0.5000000000
13906  -17.804  -66.489  -12.183 0.5000000000
7325  -17.613  -75.343  -23.066 0.4000000060
193254  -17.759  -75.096  -22.698 0.5000000000
6686  -20.425  -75.226  -19.873 0.5000000000
6658  -23.316  -76.450  -17.087 0.5000000000
6673  -22.642  -75.682  -18.344 0.5000000000
7269  -24.398  -75.402  -16.229 0.5000000000
7911  -24.578  -74.091  -16.727 0.5000000000
7932  -23.781  -74.150  -18.102 0.5000000000
9383  -24.266  -72.289  -17.619 0.5000000000
10169  -38.543  -71.545  -21.689 0.3000000119
11493  -37.693  -69.590  -22.034 0.3000000119
11495  -39.244  -69.174  -21.777 0.3000000119
10155  -38.026  -70.787  -21.475 0.3000000119
10835  -37.389  -70.152  -21.713 0.3000000119
11494  -38.409  -69.384  -21.910 0.3000000119
36560  -26.877  -44.723  -15.630 0.3000000119
5463  -17.638  -77.343  -21.083 0.5000000000
6050  -22.817  -76.788  -16.778 0.5000000000
6069  -19.233  -77.140  -18.869 0.4000000060
6091  -17.719  -76.739  -21.440 0.5000000000
6097  -17.823  -76.736  -22.062 0.5000000000
6104  -18.075  -76.653  -22.681 0.5000000000
6664  -22.331  -76.328  -18.077 0.5000000000
6665  -23.048  -76.113  -17.792 0.5000000000
6678  -20.130  -75.825  -19.593 0.5000000000
6679  -20.866  -75.560  -19.393 0.5000000000
6684  -28.479  -76.425  -19.312 0.5000000000
6687  -21.090  -74.958  -19.617 0.5000000000
6690  -28.440  -75.697  -19.506 0.5000000000
6694  -18.501  -75.571  -21.026 0.5000000000
6709  -29.630  -75.619  -22.394 0.5000000000
6729  -18.958  -75.657  -24.921 0.4000000060
6736  -29.332  -75.805  -25.739 0.5000000000
6744  -29.910  -76.159  -26.160 0.4000000060
7270  -24.575  -74.622  -16.287 0.5000000000
7275  -23.322  -75.442  -18.050 0.5000000000
7283  -22.835  -75.007  -18.519 0.5000000000
7284  -23.405  -74.795  -18.205 0.5000000000
7287  -21.729  -74.758  -19.324 0.5000000000
7288  -22.372  -74.551  -18.997 0.5000000000
7289  -27.797  -75.387  -19.392 0.5000000000
7299  -18.048  -75.620  -21.580 0.5000000000
7305  -29.198  -75.114  -21.105 0.6000000238
7315  -29.262  -75.010  -22.077 0.5000000000
7327  -29.027  -74.789  -22.887 0.5000000000
7337  -17.516  -74.991  -23.821 0.4000000060
7338  -18.098  -75.483  -24.449 0.5000000000
7342  -29.175  -75.230  -23.575 0.5000000000
7358  -28.845  -75.363  -25.344 0.5000000000
7360  -39.101  -74.568  -25.395 0.3000000119
7361  -39.136  -74.001  -25.136 0.3000000119
7362  -19.343  -74.717  -25.652 0.5000000000
7363  -20.118  -74.954  -25.711 0.5000000000
7364  -20.683  -74.882  -25.803 0.5000000000
7366  -28.321  -75.024  -26.078 0.6000000238
7372  -29.209  -75.100  -26.678 0.5000000000
7373  -29.872  -75.287  -26.797 0.4000000060
7374  -30.802  -75.170  -26.927 0.5000000000
7910  -24.404  -74.823  -16.914 0.5000000000
7921  -24.314  -74.220  -17.430 0.5000000000
7948  -20.963  -73.932  -20.265 0.5000000000
7949  -21.552  -73.670  -19.922 0.5000000000
7951  -27.345  -73.888  -20.123 0.6000000238
7952  -28.084  -74.192  -20.248 0.5000000000
7960  -40.972  -74.104  -19.827 0.3000000119
7963  -20.419  -74.090  -20.601 0.5000000000
7968  -28.431  -73.960  -21.037 0.5000000000
7981  -41.737  -73.525  -20.986 0.3000000119
7982  -18.063  -74.416  -22.430 0.5000000000
7985  -24.067  -73.768  -21.923 0.5000000000
7988  -28.927  -74.431  -22.238 0.5000000000
7998  -41.696  -73.131  -22.135 0.3000000119
8000  -23.066  -73.713  -23.230 0.5000000000
8003  -28.487  -74.218  -22.934 0.5000000000
8006  -17.218  -74.171  -24.159 0.4000000060
8010  -27.546  -74.078  -24.407 0.6000000238
8012  -39.563  -74.000  -24.714 0.3000000119
8013  -17.498  -74.110  -24.832 0.5000000000
8019  -27.811  -74.712  -25.713 0.6000000238
8022  -32.712  -74.358  -25.830 0.5000000000
8023  -34.315  -74.243  -25.876 0.4000000060
8024  -35.241  -74.308  -26.316 0.4000000060
8025  -36.505  -74.117  -25.906 0.4000000060
8027  -38.307  -74.349  -26.006 0.3000000119
8028  -38.478  -74.024  -25.826 0.3000000119
8029  -38.825  -74.106  -25.458 0.3000000119
8033  -27.901  -74.591  -26.509 0.5000000000
8034  -29.393  -74.150  -26.571 0.5000000000
8035  -30.765  -74.221  -26.229 0.5000000000
8036  -31.617  -74.480  -26.350 0.5000000000
8038  -33.223  -74.628  -26.674 0.5000000000
8044  -28.635  -74.272  -26.757 0.5000000000
8047  -32.273  -74.888  -26.866 0.5000000000
8634  -24.706  -73.367  -16.470 0.5000000000
8648  -24.342  -73.052  -17.677 0.5000000000
8665  -23.327  -73.593  -18.638 0.5000000000
8666  -23.920  -73.344  -18.164 0.5000000000
8671  -41.214  -73.721  -18.463 0.3000000119
8673  -42.205  -73.277  -18.076 0.3000000119
8683  -22.179  -73.375  -19.550 0.5000000000
8684  -22.926  -72.963  -19.134 0.5000000000
8691  -39.582  -72.918  -19.061 0.3000000119
8692  -41.800  -73.617  -19.240 0.3000000119
8700  -21.778  -72.843  -20.017 0.5000000000
8703  -27.173  -73.297  -20.476 0.6000000238
8712  -42.384  -72.702  -20.234 0.3000000119
8717  -24.856  -73.028  -21.088 0.5000000000
8721  -28.054  -73.401  -21.487 0.5000000000
8730  -27.636  -73.057  -21.932 0.5000000000
8734  -22.934  -72.893  -22.880 0.6000000238
8736  -26.868  -72.694  -23.288 0.5000000000
8739  -33.931  -72.742  -23.170 0.4000000060
8740  -34.772  -72.873  -23.309 0.4000000060
8741  -36.077  -72.841  -23.258 0.4000000060
8748  -17.121  -72.854  -24.557 0.5000000000
8749  -17.071  -73.251  -24.160 0.5000000000
8750  -21.369  -72.316  -24.610 0.5000000000
8755  -30.309  -72.417  -23.910 0.4000000060
8758  -32.727  -73.206  -23.738 0.4000000060
8760  -34.362  -73.324  -23.952 0.4000000060
8761  -35.274  -73.423  -24.181 0.4000000060
8762  -36.561  -73.339  -24.069 0.4000000060
8763  -37.483  -73.466  -24.363 0.4000000060
8765  -39.295  -73.795  -24.943 0.3000000119
8766  -39.375  -73.749  -24.827 0.3000000119
8767  -17.356  -72.991  -25.008 0.5000000000
8769  -21.720  -73.890  -25.302 0.6000000238
8770  -25.938  -73.052  -25.854 0.8000000119
8771  -26.405  -73.494  -25.480 0.6000000238
8772  -26.959  -73.829  -24.956 0.6000000238
8773  -28.876  -72.703  -25.437 0.4000000060
8775  -31.717  -73.766  -24.757 0.5000000000
8781  -38.032  -73.918  -25.380 0.3000000119
8785  -19.714  -73.509  -25.892 0.5000000000
8788  -26.898  -73.742  -26.643 0.5000000000
8791  -30.522  -73.675  -25.404 0.5000000000
8792  -26.630  -73.168  -26.743 0.5000000000
8794  -27.958  -73.711  -26.830 0.5000000000
9356  -24.744  -71.943  -15.387 0.6000000238
9369  -24.526  -72.030  -16.854 0.5000000000
9403  -23.815  -72.218  -18.281 0.5000000000
9441  -22.240  -72.061  -19.838 0.5000000000
9447  -20.347  -72.115  -21.339 0.5000000000
9448  -21.049  -72.044  -20.772 0.5000000000
9449  -23.939  -72.899  -21.827 0.5000000000
9450  -24.520  -72.480  -21.435 0.5000000000
9452  -25.986  -72.413  -21.002 0.5000000000
9454  -42.462  -72.116  -21.814 0.3000000119
9457  -24.138  -72.026  -21.867 0.6000000238
9459  -25.558  -71.825  -21.695 0.6999999881
9460  -26.373  -72.148  -21.694 0.6000000238
9461  -27.103  -72.563  -21.944 0.6000000238
9463  -36.262  -71.793  -22.245 0.4000000060
9464  -37.670  -72.159  -22.332 0.3000000119
9473  -23.004  -71.947  -22.736 0.6000000238
9479  -32.791  -72.015  -22.855 0.3000000119
9482  -35.276  -72.362  -22.841 0.4000000060
9486  -39.534  -72.876  -23.346 0.3000000119
9487  -40.561  -72.826  -23.590 0.3000000119
9488  -40.941  -72.702  -23.397 0.3000000119
9489  -17.067  -72.380  -24.222 0.5000000000
9492  -25.641  -72.035  -24.114 0.6999999881
9493  -26.268  -72.430  -23.805 0.6999999881
9495  -29.999  -71.900  -23.812 0.4000000060
9496  -30.777  -72.024  -23.397 0.3000000119
9497  -31.543  -72.393  -23.279 0.4000000060
9507  -28.950  -72.114  -24.758 0.4000000060
9510  -25.178  -71.820  -26.327 0.6000000238
9511  -25.576  -72.479  -26.207 0.6999999881
9513  -27.411  -72.019  -26.732 0.4000000060
9514  -27.976  -72.051  -26.026 0.4000000060
9516  -26.127  -72.585  -26.799 0.6999999881
9517  -27.539  -72.903  -26.683 0.5000000000
10053  -24.844  -71.604  -13.927 0.5000000000
10064  -24.767  -71.424  -14.742 0.5000000000
10075  -24.436  -71.046  -16.185 0.6000000238
10091  -24.342  -71.316  -16.768 0.6000000238
10123  -23.904  -71.612  -17.896 0.5000000000
10136  -23.118  -71.548  -19.041 0.5000000000
10147  -21.381  -71.252  -20.591 0.6000000238
10156  -38.945  -71.157  -21.420 0.3000000119
10164  -24.418  -71.501  -22.179 0.6999999881
10165  -24.993  -71.550  -22.083 0.6999999881
10168  -37.810  -71.544  -21.833 0.3000000119
10170  -39.418  -71.810  -21.887 0.3000000119
10172  -18.397  -70.789  -23.516 0.6000000238
10173  -22.554  -71.330  -23.326 0.6999999881
10176  -24.746  -71.307  -22.668 0.6999999881
10180  -32.521  -71.337  -22.868 0.3000000119
10181  -33.284  -71.436  -22.704 0.3000000119
10182  -34.034  -71.540  -22.583 0.3000000119
10183  -34.871  -71.603  -22.414 0.4000000060
10184  -17.863  -71.138  -24.056 0.6000000238
10186  -22.541  -70.726  -23.877 0.6999999881
10187  -23.719  -70.656  -24.147 0.6999999881
10188  -24.402  -70.982  -23.529 0.6999999881
10191  -29.790  -71.300  -24.004 0.4000000060
10192  -30.427  -71.316  -23.584 0.3000000119
10194  -18.318  -70.984  -25.097 0.6000000238
10195  -20.808  -71.041  -25.223 0.6000000238
10196  -21.945  -70.537  -24.579 0.6999999881
10199  -24.992  -71.530  -24.360 0.6999999881
10201  -28.871  -71.549  -24.715 0.4000000060
10202  -19.084  -71.044  -25.558 0.6000000238
10204  -20.383  -70.522  -25.481 0.6000000238
10205  -24.200  -70.855  -25.942 0.6000000238
10206  -24.673  -71.365  -26.053 0.6000000238
10207  -27.999  -71.414  -26.201 0.4000000060
10208  -24.919  -71.287  -26.383 0.6000000238
10210  -26.283  -71.764  -27.041 0.4000000060
10212  -27.783  -70.999  -26.793 0.4000000060
10729  -24.751  -70.462  -12.897 0.6000000238
10750  -24.364  -70.064  -15.085 0.6000000238
10791  -23.326  -70.344  -17.796 0.6000000238
10808  -22.304  -70.584  -19.642 0.6000000238
10824  -20.356  -70.428  -21.517 0.6999999881
10836  -38.117  -70.004  -21.539 0.3000000119
10837  -19.006  -70.293  -23.019 0.6999999881
10838  -31.554  -70.834  -23.357 0.3000000119
10840  -33.084  -70.633  -23.099 0.3000000119
10841  -34.520  -70.486  -22.798 0.3000000119
10846  -29.603  -70.850  -24.411 0.4000000060
10848  -31.734  -70.460  -23.960 0.3000000119
10849  -33.530  -70.090  -23.883 0.3000000119
10851  -18.533  -70.471  -24.702 0.6000000238
10854  -23.129  -70.387  -24.807 0.6999999881
10856  -28.993  -70.909  -24.907 0.4000000060
10863  -19.714  -70.363  -25.549 0.6000000238
10869  -30.037  -70.166  -25.997 0.4000000060
10870  -31.430  -70.003  -25.765 0.4000000060
10871  -32.178  -69.850  -26.144 0.4000000060
10873  -24.517  -70.766  -26.318 0.6000000238
10875  -26.436  -70.130  -26.906 0.4000000060
10878  -29.662  -69.814  -26.612 0.4000000060
10879  -30.214  -69.802  -26.460 0.4000000060
10881  -31.867  -69.784  -26.194 0.4000000060
11356  -23.962  -70.024  -11.259 0.6000000238
11357  -24.413  -70.135  -11.818 0.6000000238
11370  -24.604  -69.886  -12.383 0.6000000238
11384  -24.641  -69.707  -13.114 0.6000000238
11395  -24.528  -69.586  -13.885 0.6000000238
11405  -24.232  -69.478  -14.689 0.6000000238
11435  -23.732  -69.871  -16.337 0.6999999881
11445  -22.316  -69.044  -17.742 0.6999999881
11447  -23.587  -70.120  -17.089 0.6999999881
11457  -22.229  -69.321  -18.390 0.6999999881
11476  -21.346  -69.465  -20.196 0.6000000238
11478  -26.989  -69.560  -20.567 0.6000000238
11483  -20.335  -69.647  -21.658 0.6000000238
11484  -20.730  -69.320  -21.216 0.6999999881
11485  -38.882  -69.912  -21.452 0.3000000119
11490  -19.530  -69.802  -22.647 0.6000000238
11498  -19.783  -69.219  -23.070 0.6999999881
11513  -19.684  -69.444  -24.656 0.6000000238
11524  -22.220  -69.287  -25.498 0.6000000238
11526  -23.794  -69.488  -26.098 0.6000000238
11527  -32.382  -69.574  -26.569 0.4000000060
11535  -26.046  -69.437  -26.653 0.6000000238
11537  -27.634  -69.338  -27.049 0.4000000060
11540  -30.052  -69.459  -26.755 0.4000000060
11541  -30.914  -69.529  -26.580 0.4000000060
11547  -32.418  -69.346  -26.837 0.4000000060
11549  -33.572  -69.543  -27.115 0.4000000060
11551  -35.052  -69.475  -27.701 0.4000000060
12103  -23.036  -68.378  -10.639 0.6000000238
12176  -22.699  -68.403  -16.015 0.6999999881
12177  -23.291  -68.827  -15.624 0.6999999881
12188  -27.558  -68.478  -16.887 0.6000000238
12195  -21.662  -68.326  -17.681 0.6999999881
12199  -28.006  -68.819  -17.542 0.6000000238
12208  -21.451  -68.347  -18.304 0.6999999881
12210  -27.388  -69.151  -18.168 0.6000000238
12212  -29.007  -68.953  -18.523 0.5000000000
12213  -29.799  -68.729  -18.655 0.5000000000
12223  -21.309  -68.410  -19.019 0.6000000238
12224  -25.145  -68.541  -19.865 0.6000000238
12225  -25.505  -68.695  -19.303 0.6000000238
12230  -30.866  -68.576  -19.373 0.5000000000
12231  -31.473  -68.476  -19.681 0.5000000000
12237  -21.130  -68.351  -20.451 0.6000000238
12238  -24.912  -68.401  -20.391 0.6000000238
12242  -28.231  -69.546  -20.518 0.6000000238
12243  -28.774  -69.387  -19.851 0.5000000000
12254  -20.933  -68.586  -21.256 0.6999999881
12256  -26.466  -69.380  -21.126 0.6000000238
12257  -27.577  -69.595  -20.773 0.6000000238
12258  -27.892  -69.597  -21.284 0.6000000238
12267  -25.933  -68.733  -22.693 0.5000000000
12269  -27.405  -69.459  -21.987 0.5000000000
12271  -28.836  -69.390  -22.195 0.5000000000
12276  -39.918  -68.387  -21.829 0.3000000119
12277  -20.397  -68.697  -22.590 0.6999999881
12278  -27.217  -69.201  -22.682 0.5000000000
12282  -30.817  -68.710  -23.113 0.5000000000
12284  -32.342  -68.564  -22.644 0.4000000060
12289  -27.371  -68.846  -23.295 0.5000000000
12290  -28.109  -68.733  -23.556 0.5000000000
12293  -30.469  -68.411  -24.022 0.5000000000
12298  -20.199  -68.871  -24.318 0.6000000238
12304  -21.098  -68.779  -25.138 0.6000000238
12307  -23.474  -68.355  -25.685 0.5000000000
12309  -25.161  -68.118  -25.964 0.5000000000
12316  -26.452  -68.363  -26.519 0.4000000060
12320  -31.050  -68.949  -26.791 0.4000000060
12322  -32.444  -68.663  -26.882 0.4000000060
12327  -33.858  -69.059  -27.551 0.4000000060
12913  -20.927  -67.335  -9.683 0.5000000000
12930  -20.568  -67.832  -10.035 0.5000000000
12933  -22.599  -67.959  -10.345 0.6000000238
12943  -18.808  -67.446  -11.386 0.5000000000
12944  -19.421  -67.866  -11.072 0.5000000000
12945  -20.111  -68.227  -10.635 0.5000000000
12975  -22.993  -66.881  -13.144 0.6000000238
12976  -23.600  -67.662  -13.112 0.6000000238
12986  -22.451  -66.887  -13.985 0.6000000238
13003  -23.227  -68.138  -14.619 0.6999999881
13012  -21.655  -67.150  -16.153 0.6000000238
13013  -22.105  -67.666  -15.752 0.6999999881
13014  -26.212  -67.608  -16.053 0.6000000238
13017  -28.601  -67.663  -16.457 0.6000000238
13026  -21.470  -67.261  -17.142 0.6999999881
13027  -21.553  -67.773  -17.132 0.6999999881
13028  -24.989  -67.630  -16.816 0.6000000238
13030  -26.530  -68.031  -16.488 0.6000000238
13031  -27.156  -68.154  -16.496 0.6000000238
13032  -29.253  -67.797  -16.861 0.6000000238
13043  -24.129  -67.529  -17.908 0.6000000238
13046  -26.183  -68.237  -16.924 0.6000000238
13049  -31.333  -67.499  -17.875 0.5000000000
13057  -23.802  -67.453  -18.590 0.6000000238
13059  -25.239  -68.393  -18.647 0.6000000238
13061  -30.964  -68.010  -18.289 0.6000000238
13075  -31.915  -68.012  -19.148 0.4000000060
13084  -24.426  -68.018  -20.677 0.6000000238
13085  -32.185  -68.218  -19.782 0.4000000060
13086  -32.842  -68.005  -19.964 0.4000000060
13087  -33.536  -67.817  -20.159 0.4000000060
13095  -21.630  -67.576  -21.064 0.6000000238
13098  -25.413  -68.719  -21.719 0.5000000000
13099  -33.028  -68.179  -20.680 0.4000000060
13108  -21.203  -67.969  -21.704 0.6999999881
13110  -23.825  -67.503  -21.894 0.5000000000
13123  -25.385  -68.016  -23.304 0.5000000000
13126  -32.900  -68.268  -22.973 0.5000000000
13128  -34.850  -67.887  -22.690 0.4000000060
13129  -35.564  -67.745  -22.832 0.4000000060
13134  -21.713  -67.402  -23.900 0.6000000238
13135  -24.906  -67.311  -23.848 0.5000000000
13138  -27.420  -68.219  -24.046 0.5000000000
13141  -29.883  -68.080  -24.705 0.4000000060
13145  -33.488  -67.961  -23.933 0.5000000000
13148  -36.734  -67.494  -23.931 0.4000000060
13152  -21.358  -67.822  -24.402 0.5000000000
13155  -23.861  -66.919  -24.782 0.5000000000
13156  -25.084  -66.976  -25.179 0.5000000000
13158  -26.699  -67.086  -25.154 0.5000000000
13159  -27.436  -67.513  -24.848 0.4000000060
13161  -30.137  -67.845  -25.403 0.4000000060
13164  -32.463  -67.897  -25.133 0.4000000060
13165  -33.845  -67.840  -25.464 0.4000000060
13166  -34.461  -67.823  -24.846 0.5000000000
13173  -22.174  -67.857  -25.193 0.5000000000
13175  -23.632  -67.339  -25.394 0.5000000000
13176  -24.788  -67.422  -25.593 0.5000000000
13178  -26.548  -67.526  -26.161 0.4000000060
13180  -28.070  -67.245  -25.970 0.4000000060
13181  -30.270  -67.818  -26.132 0.4000000060
13182  -31.436  -67.956  -26.170 0.4000000060
13185  -33.526  -67.892  -26.237 0.4000000060
13186  -34.192  -67.865  -26.391 0.4000000060
13187  -34.983  -67.822  -26.588 0.4000000060
13192  -27.675  -67.468  -26.432 0.4000000060
13193  -28.407  -67.559  -26.499 0.4000000060
13196  -31.133  -68.491  -26.644 0.4000000060
13199  -33.670  -68.051  -26.971 0.4000000060
13207  -33.559  -68.514  -27.270 0.4000000060
13209  -35.002  -68.400  -27.781 0.4000000060
13848  -21.157  -66.804  -9.555 0.5000000000
13849  -21.698  -66.803  -9.692 0.5000000000
13862  -20.282  -67.164  -9.892 0.5000000000
13863  -22.097  -67.412  -10.010 0.6000000238
13864  -22.719  -67.123  -10.574 0.6000000238
13885  -18.855  -66.712  -11.032 0.6000000238
13886  -23.235  -67.201  -11.173 0.6000000238
13921  -22.315  -66.312  -13.616 0.5000000000
13947  -22.088  -66.943  -14.706 0.6000000238
13954  -21.754  -66.602  -15.818 0.6999999881
13957  -26.774  -67.112  -15.688 0.5000000000
13967  -21.675  -66.976  -17.170 0.6999999881
13971  -24.422  -66.981  -16.458 0.5000000000
13972  -25.337  -67.436  -16.154 0.6000000238
13973  -29.064  -67.168  -16.275 0.6000000238
13982  -21.519  -67.205  -17.668 0.6000000238
13984  -22.575  -66.697  -17.650 0.6000000238
13986  -24.261  -67.272  -17.180 0.6000000238
13988  -32.276  -66.602  -17.710 0.5000000000
13996  -21.422  -67.421  -18.177 0.6000000238
13998  -22.356  -66.916  -18.409 0.6000000238
14007  -21.523  -67.418  -18.820 0.6000000238
14008  -21.840  -67.279  -19.510 0.6000000238
14011  -33.005  -67.312  -18.852 0.5000000000
14021  -23.214  -67.194  -20.635 0.6000000238
14030  -22.123  -67.195  -21.385 0.6000000238
14041  -22.156  -67.136  -22.044 0.6000000238
14042  -22.614  -67.005  -21.832 0.5000000000
14049  -22.391  -66.949  -22.640 0.5000000000
14050  -22.880  -66.880  -23.139 0.5000000000
14052  -24.176  -67.102  -23.548 0.5000000000
14057  -22.327  -66.967  -23.504 0.5000000000
14058  -22.966  -66.837  -23.798 0.5000000000
14060  -24.420  -66.938  -24.284 0.5000000000
14061  -25.214  -67.053  -24.640 0.5000000000
14062  -36.931  -67.302  -23.296 0.4000000060
14699  -20.863  -66.267  -9.413 0.5000000000
14718  -18.982  -65.557  -10.472 0.6000000238
14720  -19.970  -66.471  -9.862 0.5000000000
14744  -19.282  -66.239  -10.423 0.6000000238
14760  -17.724  -65.661  -12.142 0.6000000238
14763  -22.917  -65.943  -11.965 0.6000000238
14788  -16.789  -66.623  -14.118 0.5000000000
14789  -17.058  -66.369  -13.415 0.5000000000
14801  -21.968  -65.975  -14.653 0.6000000238
14802  -25.201  -65.927  -14.997 0.6000000238
14804  -26.968  -65.950  -15.005 0.5000000000
14805  -27.844  -65.912  -15.092 0.6000000238
14807  -29.070  -65.538  -15.162 0.6000000238
14816  -22.029  -65.973  -15.397 0.6000000238
14817  -22.517  -65.699  -15.831 0.5000000000
14818  -23.346  -65.825  -15.997 0.6000000238
14822  -27.312  -66.520  -15.434 0.5000000000
14823  -28.089  -66.568  -15.612 0.6000000238
14824  -29.286  -66.055  -15.654 0.6000000238
14825  -29.953  -65.997  -15.974 0.6000000238
14835  -22.579  -66.088  -16.452 0.6000000238
14837  -30.076  -66.509  -16.355 0.6000000238
14840  -32.168  -65.556  -16.946 0.4000000060
14850  -22.064  -66.546  -16.972 0.6000000238
14852  -31.866  -66.201  -17.212 0.4000000060
15481  -19.975  -65.253  -9.465 0.6000000238
15505  -22.662  -64.587  -10.618 0.6000000238
15516  -18.474  -65.450  -11.058 0.6000000238
15533  -22.490  -64.730  -12.741 0.6000000238
15534  -22.697  -64.937  -12.033 0.6000000238
15543  -17.367  -65.232  -12.731 0.6000000238
15553  -17.088  -64.813  -13.310 0.6000000238
15554  -22.210  -65.273  -13.680 0.6000000238
15555  -22.420  -64.930  -13.978 0.6000000238
15556  -25.232  -64.883  -14.225 0.5000000000
15558  -26.900  -64.871  -14.179 0.5000000000
15559  -27.643  -64.820  -14.192 0.5000000000
15574  -22.129  -65.385  -14.290 0.6000000238
15576  -23.251  -64.869  -14.943 0.6000000238
15581  -28.061  -65.245  -14.636 0.5000000000
15583  -29.507  -64.823  -14.898 0.5000000000
15601  -22.611  -65.295  -15.249 0.6000000238
15605  -30.892  -64.681  -15.712 0.5000000000
15618  -31.116  -65.223  -16.208 0.4000000060
15620  -32.493  -64.911  -16.908 0.4000000060
15631  -33.028  -64.922  -17.267 0.4000000060
15632  -33.607  -65.053  -17.643 0.4000000060
16247  -20.458  -63.565  -8.846 0.5000000000
16273  -19.706  -64.486  -9.401 0.6000000238
16274  -20.819  -64.120  -8.938 0.5000000000
16275  -21.523  -64.060  -9.140 0.6000000238
16290  -18.822  -64.391  -10.363 0.6000000238
16291  -19.162  -64.086  -9.850 0.6000000238
16292  -22.115  -64.027  -9.610 0.6000000238
16293  -22.587  -64.016  -10.215 0.6000000238
16326  -22.478  -64.662  -13.387 0.6000000238
16327  -23.082  -64.152  -13.337 0.6000000238
16328  -23.764  -63.823  -13.143 0.6000000238
16330  -25.957  -63.941  -13.298 0.5000000000
16342  -16.956  -63.819  -14.152 0.6000000238
16343  -22.916  -64.474  -13.963 0.6000000238
16345  -24.756  -64.353  -13.906 0.6000000238
16346  -25.599  -64.408  -13.762 0.5000000000
16347  -26.440  -64.385  -13.744 0.5000000000
16349  -27.945  -64.311  -13.828 0.5000000000
16367  -23.347  -64.452  -14.417 0.6000000238
16368  -23.999  -64.324  -14.141 0.6000000238
16370  -30.721  -64.152  -15.178 0.5000000000
16390  -32.000  -64.162  -16.162 0.4000000060
16391  -32.359  -64.390  -16.607 0.4000000060
16401  -33.423  -64.315  -17.431 0.4000000060
17064  -20.405  -62.959  -8.750 0.5000000000
17066  -21.585  -62.698  -8.708 0.6000000238
17086  -20.125  -64.012  -9.077 0.6000000238
17101  -19.032  -63.237  -9.796 0.6000000238
17103  -22.934  -63.570  -10.402 0.6000000238
17104  -23.433  -63.261  -10.676 0.6000000238
17113  -18.391  -63.384  -10.983 0.6000000238
17115  -23.653  -63.410  -11.554 0.6000000238
17125  -23.223  -63.877  -12.700 0.6000000238
17127  -24.664  -63.345  -12.258 0.6000000238
17142  -17.421  -63.528  -12.845 0.6000000238
17145  -26.373  -63.499  -12.825 0.5000000000
17185  -17.175  -63.300  -14.790 0.5000000000
17198  -31.670  -63.046  -15.216 0.5000000000
17207  -32.181  -63.225  -15.899 0.4000000060
17208  -32.548  -63.708  -16.493 0.4000000060
17981  -21.159  -62.068  -8.549 0.5000000000
17982  -21.959  -62.035  -8.590 0.6000000238
17983  -22.831  -62.008  -8.776 0.6000000238
17994  -19.811  -62.650  -9.005 0.6000000238
17996  -22.907  -62.591  -9.303 0.6000000238
17998  -24.788  -62.006  -9.802 0.6000000238
18010  -18.370  -62.437  -10.953 0.6999999881
18011  -18.775  -62.483  -10.107 0.6000000238
18012  -23.350  -62.822  -9.872 0.6000000238
18013  -23.889  -62.811  -10.325 0.6000000238
18028  -24.843  -62.789  -11.119 0.6000000238
18030  -26.984  -62.126  -11.314 0.6000000238
18047  -25.201  -63.029  -11.813 0.5000000000
18048  -26.511  -62.634  -11.782 0.5000000000
18070  -17.432  -62.836  -13.354 0.6000000238
18095  -17.615  -62.406  -13.910 0.6000000238
18121  -17.518  -62.819  -15.468 0.5000000000
18927  -20.698  -61.456  -8.644 0.6000000238
18929  -22.376  -61.375  -8.458 0.6000000238
18967  -18.863  -61.257  -10.375 0.6000000238
18984  -26.644  -61.732  -10.697 0.6000000238
18995  -18.287  -61.657  -11.538 0.6999999881
19013  -18.567  -61.257  -14.072 0.6999999881
19025  -18.304  -61.670  -14.613 0.5000000000
19037  -18.553  -61.640  -15.375 0.5000000000
19052  -32.116  -61.467  -16.711 0.4000000060
19821  -20.552  -60.878  -8.842 0.6000000238
19823  -21.934  -60.745  -8.427 0.6000000238
19824  -22.761  -60.700  -8.415 0.5000000000
19841  -20.157  -60.634  -9.310 0.6000000238
19853  -19.765  -60.372  -9.982 0.6000000238
19860  -18.644  -61.081  -11.146 0.6999999881
19874  -18.626  -60.940  -12.859 0.6999999881
19882  -18.734  -60.926  -13.555 0.6000000238
19893  -19.529  -60.617  -15.511 0.5000000000
19904  -19.553  -60.717  -16.229 0.6000000238
19919  -19.832  -60.317  -16.635 0.6000000238
19931  -19.545  -60.780  -17.925 0.6000000238
19932  -19.747  -60.315  -17.431 0.6000000238
20728  -21.538  -60.120  -8.652 0.6000000238
20729  -22.329  -60.071  -8.469 0.5000000000
20740  -22.044  -59.482  -8.862 0.6000000238
20751  -20.805  -59.348  -10.112 0.6000000238
20774  -19.787  -59.753  -13.039 0.6999999881
20775  -20.297  -59.184  -13.725 0.6999999881
20794  -20.038  -59.445  -15.331 0.6999999881
20811  -19.916  -59.773  -16.129 0.6999999881
20840  -19.640  -59.764  -17.876 0.6000000238
20876  -19.279  -59.772  -20.451 0.6000000238
21710  -21.914  -58.957  -9.505 0.6999999881
21712  -23.680  -58.654  -9.169 0.5000000000
21723  -21.814  -58.596  -10.257 0.6000000238
21724  -22.445  -58.425  -9.856 0.5000000000
21732  -20.367  -59.240  -11.426 0.6000000238
21733  -21.049  -58.742  -11.471 0.4000000060
21734  -21.675  -58.373  -11.080 0.4000000060
21742  -21.117  -58.461  -12.335 0.6000000238
21743  -21.527  -58.147  -11.860 0.5000000000
21752  -20.985  -58.240  -12.962 0.6000000238
21762  -20.727  -58.120  -13.452 0.6000000238
21772  -19.480  -58.619  -15.641 0.6000000238
21803  -19.727  -59.267  -16.620 0.6999999881
21819  -19.366  -58.613  -17.711 0.6000000238
21834  -19.482  -58.373  -19.356 0.6000000238
21844  -19.413  -58.473  -20.165 0.6000000238
22662  -22.253  -58.092  -10.628 0.5000000000
22678  -21.365  -57.887  -12.512 0.6000000238
22708  -19.960  -58.271  -14.572 0.6000000238
22717  -18.530  -57.571  -16.400 0.6999999881
22718  -18.915  -58.191  -15.922 0.6999999881
22735  -18.780  -57.589  -17.347 0.6000000238
22763  -19.398  -58.125  -18.610 0.6000000238
22788  -19.326  -57.882  -20.642 0.6000000238
22808  -19.011  -57.656  -21.011 0.6000000238
23556  -24.043  -57.361  -9.644 0.5000000000
23566  -23.132  -57.185  -10.552 0.5000000000
23568  -24.415  -56.682  -9.765 0.5000000000
23576  -22.286  -57.418  -11.604 0.5000000000
23585  -22.140  -56.996  -12.015 0.5000000000
23592  -21.116  -57.097  -12.925 0.6000000238
23597  -19.334  -56.908  -13.990 0.6000000238
23598  -20.028  -57.322  -13.666 0.6000000238
23605  -18.443  -56.662  -15.167 0.6000000238
23606  -18.864  -57.261  -14.642 0.6000000238
23653  -18.795  -57.027  -17.851 0.6000000238
23666  -19.085  -56.829  -18.658 0.6000000238
23667  -19.386  -57.385  -19.227 0.6000000238
23680  -19.311  -56.944  -20.148 0.6000000238
23719  -19.132  -57.575  -20.935 0.6000000238
24437  -24.066  -56.237  -10.398 0.5000000000
24447  -23.704  -55.879  -11.061 0.5000000000
24458  -20.396  -55.754  -13.046 0.6000000238
24459  -21.020  -56.294  -12.800 0.5000000000
24460  -21.545  -55.781  -12.386 0.6000000238
24469  -19.953  -56.052  -13.388 0.6000000238
24493  -18.423  -55.975  -15.753 0.6000000238
24542  -17.107  -55.927  -19.494 0.5000000000
24544  -18.714  -55.868  -20.485 0.5000000000
24545  -19.005  -56.501  -20.745 0.6000000238
24560  -18.379  -55.961  -20.580 0.5000000000
24561  -18.544  -55.601  -20.385 0.5000000000
25309  -23.119  -55.570  -11.615 0.5000000000
25310  -23.744  -55.079  -11.097 0.5000000000
25325  -22.500  -54.903  -11.850 0.5000000000
25339  -21.333  -54.831  -12.540 0.6000000238
25350  -19.975  -55.345  -13.585 0.6000000238
25357  -19.052  -55.520  -14.686 0.6000000238
25380  -19.190  -54.614  -16.017 0.6000000238
25409  -17.460  -54.839  -19.773 0.5000000000
25411  -18.509  -55.298  -20.177 0.5000000000
26201  -22.040  -54.457  -12.213 0.6000000238
26212  -21.172  -54.360  -13.053 0.6000000238
26223  -20.864  -54.243  -13.701 0.6000000238
26234  -20.027  -54.483  -14.808 0.6000000238
26257  -18.808  -54.511  -17.086 0.6000000238
26258  -19.514  -54.135  -16.777 0.6000000238
26259  -20.645  -53.766  -16.275 0.6000000238
26265  -16.524  -54.076  -17.808 0.5000000000
26266  -18.895  -54.287  -18.087 0.5000000000
26268  -19.815  -53.602  -17.253 0.6000000238
26275  -19.119  -53.727  -18.531 0.6000000238
26292  -18.454  -54.576  -19.883 0.5000000000
27150  -23.463  -53.101  -11.626 0.5000000000
27159  -22.834  -52.927  -13.058 0.6999999881
27168  -21.963  -53.398  -14.023 0.6999999881
27176  -21.262  -53.696  -15.131 0.6999999881
27185  -21.243  -53.590  -15.923 0.6000000238
27196  -20.485  -53.443  -16.911 0.6000000238
27208  -21.651  -52.945  -16.804 0.6999999881
27214  -17.347  -53.456  -19.044 0.5000000000
27224  -18.418  -53.528  -19.574 0.5000000000
27225  -18.793  -53.299  -19.402 0.4000000060
28137  -23.184  -52.840  -12.325 0.5000000000
28138  -23.768  -52.613  -11.965 0.5000000000
28139  -24.395  -52.158  -12.074 0.5000000000
28154  -18.826  -52.315  -12.602 0.3000000119
28156  -23.903  -52.340  -13.470 0.5000000000
28167  -23.213  -52.774  -14.512 0.6000000238
28168  -24.319  -52.288  -14.307 0.5000000000
28174  -23.250  -52.848  -15.331 0.6999999881
28184  -23.175  -52.653  -16.017 0.6000000238
28195  -22.829  -52.303  -16.639 0.6000000238
28206  -21.431  -52.495  -17.415 0.6000000238
28217  -17.067  -53.179  -18.281 0.5000000000
28219  -18.321  -52.245  -18.889 0.5000000000
28220  -19.880  -52.702  -18.658 0.6000000238
28239  -18.476  -52.850  -19.337 0.5000000000
28241  -19.811  -52.247  -19.087 0.6000000238
29195  -17.841  -52.037  -13.290 0.3000000119
29196  -18.598  -52.006  -13.142 0.3000000119
29245  -24.586  -52.110  -15.617 0.6000000238
29246  -25.674  -51.335  -15.298 0.5000000000
29247  -26.087  -50.856  -15.151 0.4000000060
29261  -23.885  -51.564  -16.468 0.6000000238
29272  -21.807  -51.938  -17.597 0.6999999881
29292  -20.718  -51.472  -18.681 0.6000000238
29293  -21.414  -51.533  -18.243 0.6000000238
29309  -19.500  -52.048  -19.149 0.5000000000
30299  -19.761  -51.448  -13.095 0.3000000119
30300  -20.311  -51.180  -12.505 0.3000000119
30301  -20.825  -50.675  -12.896 0.3000000119
30320  -15.944  -50.122  -13.498 0.4000000060
30324  -20.732  -50.471  -13.586 0.3000000119
30351  -25.180  -51.158  -15.833 0.5000000000
30364  -23.416  -51.109  -16.851 0.6000000238
30377  -18.360  -50.609  -17.695 0.4000000060
30378  -22.751  -51.081  -17.292 0.6999999881
30393  -19.760  -50.501  -18.823 0.4000000060
30396  -21.439  -50.410  -18.847 0.6000000238
30409  -21.185  -49.964  -19.062 0.5000000000
31371  -21.185  -50.250  -13.197 0.3000000119
31385  -18.815  -49.931  -14.173 0.3000000119
31390  -27.710  -49.441  -14.176 0.4000000060
31406  -26.656  -49.746  -15.001 0.4000000060
31416  -25.610  -49.846  -15.709 0.4000000060
31428  -23.128  -49.687  -16.892 0.5000000000
31429  -23.642  -50.003  -16.672 0.5000000000
31443  -22.454  -49.845  -17.302 0.6000000238
31458  -19.370  -49.861  -18.432 0.4000000060
31472  -20.761  -49.547  -19.208 0.5000000000
32411  -14.106  -47.612  -14.381 0.3000000119
32420  -28.285  -48.936  -13.752 0.4000000060
32429  -19.129  -48.869  -14.663 0.4000000060
32431  -26.548  -48.362  -14.834 0.4000000060
32441  -24.824  -48.465  -16.117 0.4000000060
32454  -23.411  -48.365  -16.915 0.5000000000
32469  -22.229  -49.149  -17.736 0.6000000238
32471  -22.890  -48.239  -17.345 0.5000000000
32495  -21.397  -48.886  -19.498 0.5000000000
32496  -21.615  -48.552  -19.413 0.5000000000
33485  -15.291  -46.882  -14.617 0.4000000060
33486  -18.607  -48.155  -14.829 0.4000000060
33501  -25.471  -47.979  -15.681 0.4000000060
33514  -24.454  -47.731  -16.493 0.5000000000
33530  -22.606  -47.767  -17.743 0.5000000000
33541  -19.190  -48.141  -18.592 0.3000000119
33553  -20.466  -47.840  -19.475 0.4000000060
33554  -21.252  -48.282  -19.557 0.4000000060
34493  -27.739  -47.054  -14.196 0.4000000060
34494  -28.265  -47.239  -13.857 0.4000000060
34495  -28.898  -47.536  -13.445 0.4000000060
34515  -26.890  -46.906  -14.835 0.4000000060
34523  -14.969  -46.136  -15.791 0.3000000119
34525  -16.098  -46.067  -15.089 0.4000000060
34527  -19.270  -46.984  -15.612 0.3000000119
34528  -20.158  -47.051  -15.605 0.4000000060
34530  -25.319  -47.142  -15.989 0.4000000060
34540  -15.038  -45.963  -16.508 0.4000000060
34542  -24.172  -47.067  -16.828 0.5000000000
34552  -15.921  -46.337  -17.523 0.4000000060
34569  -22.344  -47.260  -18.280 0.5000000000
34578  -20.575  -47.029  -19.598 0.4000000060
34579  -21.265  -47.035  -19.596 0.4000000060
35515  -27.423  -46.516  -14.571 0.4000000060
35524  -15.038  -45.481  -16.047 0.4000000060
35525  -15.180  -45.036  -15.991 0.4000000060
35527  -17.608  -45.537  -15.844 0.4000000060
35528  -18.732  -46.125  -15.894 0.4000000060
35532  -25.821  -45.815  -16.050 0.4000000060
35533  -26.328  -46.073  -15.591 0.4000000060
35558  -15.598  -45.181  -17.432 0.4000000060
35561  -23.865  -46.443  -17.187 0.5000000000
35572  -22.085  -46.771  -18.852 0.4000000060
35584  -19.955  -46.246  -19.531 0.3000000119
35586  -21.461  -46.403  -19.553 0.4000000060
35587  -21.831  -46.409  -19.268 0.4000000060
36554  -16.440  -45.012  -15.995 0.4000000060
36573  -16.116  -44.543  -16.752 0.4000000060
36575  -19.424  -45.187  -16.547 0.4000000060
36588  -15.467  -44.504  -16.912 0.4000000060
36591  -23.504  -45.328  -17.678 0.4000000060
36592  -24.034  -44.884  -17.365 0.3000000119
36601  -16.888  -44.733  -18.137 0.3000000119
36602  -17.596  -44.774  -18.666 0.3000000119
36604  -22.920  -45.816  -18.081 0.4000000060
36616  -21.112  -45.684  -19.720 0.4000000060
36617  -22.096  -45.258  -19.214 0.4000000060
37594  -26.287  -44.604  -16.060 0.4000000060
37595  -26.670  -44.129  -15.899 0.3000000119
37610  -20.254  -44.157  -16.924 0.3000000119
37623  -18.465  -43.767  -17.533 0.3000000119
37626  -24.541  -44.436  -17.064 0.4000000060
37635  -18.251  -43.722  -18.531 0.3000000119
37644  -21.434  -44.295  -20.024 0.3000000119
37646  -22.565  -43.883  -19.277 0.3000000119
37652  -20.642  -43.827  -20.025 0.3000000119
37653  -21.384  -43.529  -20.158 0.3000000119
38655  -26.224  -43.877  -16.211 0.3000000119
38670  -25.151  -43.384  -16.833 0.3000000119
38682  -18.325  -43.478  -18.282 0.3000000119
38684  -19.607  -43.169  -17.882 0.3000000119
38700  -23.462  -43.887  -18.040 0.3000000119
38708  -19.269  -43.426  -19.260 0.3000000119
38709  -19.883  -43.096  -19.658 0.3000000119
38720  -20.725  -43.089  -20.038 0.3000000119
38722  -21.830  -43.024  -20.178 0.3000000119
39739  -25.532  -42.875  -16.707 0.3000000119
39757  -19.451  -42.952  -18.996 0.3000000119
39758  -19.916  -42.404  -18.814 0.3000000119
39771  -22.559  -42.247  -19.862 0.3000000119
39783  -20.897  -42.482  -20.101 0.3000000119
39784  -21.514  -42.420  -20.330 0.3000000119
40855  -20.397  -41.621  -18.862 0.3000000119
40865  -20.848  -41.031  -19.386 0.3000000119
40877  -20.499  -42.010  -19.799 0.3000000119
40890  -21.105  -41.875  -20.167 0.3000000119
41973  -20.851  -39.908  -18.651 0.3000000119
42009  -21.375  -41.315  -20.218 0.3000000119
43129  -20.911  -39.007  -18.605 0.3000000119
43154  -21.281  -39.544  -19.971 0.3000000119
44280  -20.946  -38.650  -19.218 0.3000000119
44295  -21.234  -38.556  -19.303 0.3000000119
44302  -21.366  -38.872  -19.746 0.3000000119
169812  -26.057  -69.105  -21.843 0.5000000000
169917  -32.943  -68.102  -23.562 0.5000000000
169926  -33.836  -70.427  -23.121 0.3000000119
170173  -39.675  -74.388  -20.738 0.3000000119
170230  -23.990  -68.099  -12.410 0.5000000000
170380  -18.788  -55.628  -19.781 0.5000000000
170823  -30.244  -70.678  -24.259 0.3000000119
171046  -24.816  -71.696  -13.165 0.5000000000
171219  -33.853  -67.869  -24.603 0.5000000000
171526  -18.669  -55.438  -18.817 0.5000000000
171657  -23.351  -62.308  -9.278 0.6000000238
171815  -18.792  -47.449  -18.738 0.3000000119
172067  -34.663  -67.806  -25.699 0.4000000060
172112  -29.569  -69.325  -20.829 0.5000000000
172607  -25.692  -68.918  -19.867 0.6000000238
172683  -25.990  -68.860  -18.710 0.6000000238
172740  -42.477  -72.787  -18.829 0.3000000119
173100  -20.912  -68.195  -22.370 0.6000000238
173372  -18.225  -54.029  -19.775 0.5000000000
173397  -31.304  -68.683  -20.412 0.5000000000
173852  -16.918  -64.461  -13.839 0.5000000000
173954  -35.721  -67.744  -24.548 0.4000000060
174014  -19.864  -42.751  -18.246 0.3000000119
174065  -18.005  -64.506  -11.601 0.6000000238
174111  -29.727  -67.708  -25.917 0.4000000060
174649  -17.338  -73.720  -23.704 0.4000000060
174696  -23.760  -69.182  -11.192 0.4000000060
174890  -24.686  -71.782  -12.463 0.5000000000
175037  -23.254  -71.103  -18.676 0.5000000000
175225  -21.519  -73.123  -24.864 0.6000000238
175245  -29.249  -74.736  -26.788 0.5000000000
175285  -31.594  -66.864  -17.532 0.5000000000
175317  -22.538  -67.167  -24.924 0.5000000000
175382  -26.006  -70.923  -26.930 0.6000000238
175449  -19.035  -60.750  -10.794 0.6000000238
175459  -17.717  -71.466  -24.865 0.6000000238
175477  -26.314  -67.180  -25.593 0.5000000000
175527  -24.144  -75.462  -17.004 0.5000000000
175545  -17.612  -47.887  -14.561 0.4000000060
175580  -25.187  -62.281  -10.503 0.6000000238
175720  -20.232  -58.553  -14.449 0.6000000238
176024  -21.600  -49.210  -19.342 0.5000000000
176322  -19.411  -58.854  -16.988 0.6999999881
176377  -23.141  -66.625  -12.384 0.6000000238
176439  -19.147  -60.460  -11.525 0.6999999881
176512  -25.032  -61.470  -9.370 0.6000000238
176960  -29.082  -70.181  -26.525 0.4000000060
176991  -32.895  -68.422  -22.326 0.4000000060
177022  -22.022  -68.442  -17.125 0.6999999881
177177  -21.128  -69.720  -25.337 0.6000000238
177578  -22.410  -65.318  -10.255 0.6000000238
177978  -41.106  -74.171  -20.641 0.3000000119
178026  -20.096  -61.250  -9.016 0.6000000238
178050  -19.032  -72.727  -25.744 0.5000000000
178237  -19.501  -59.018  -18.473 0.5000000000
178276  -17.391  -71.605  -24.393 0.5000000000
178501  -34.808  -67.854  -23.493 0.5000000000
178870  -30.576  -75.836  -26.881 0.5000000000
179013  -25.982  -48.589  -15.226 0.4000000060
179030  -21.194  -68.822  -20.125 0.6000000238
179345  -20.195  -51.042  -18.874 0.5000000000
179664  -23.177  -68.948  -10.696 0.4000000060
179886  -17.766  -44.003  -18.390 0.3000000119
180270  -21.269  -72.622  -20.431 0.5000000000
180315  -19.063  -61.833  -9.825 0.6000000238
180540  -25.101  -51.802  -15.466 0.5000000000
180970  -19.628  -75.533  -20.110 0.5000000000
181137  -24.790  -65.306  -14.741 0.5000000000
181432  -24.125  -67.631  -25.583 0.5000000000
181980  -18.316  -64.872  -11.189 0.6000000238
182202  -24.854  -71.031  -13.402 0.5000000000
182408  -27.336  -45.748  -14.897 0.4000000060
182505  -25.385  -45.463  -16.432 0.4000000060
182978  -23.760  -64.625  -14.612 0.6000000238
183231  -21.934  -67.142  -18.832 0.6000000238
183426  -31.956  -70.088  -25.051 0.3000000119
183905  -18.610  -75.944  -20.518 0.5000000000
184206  -28.948  -68.784  -27.024 0.4000000060
184448  -24.267  -63.952  -13.569 0.6000000238
184573  -27.080  -67.224  -25.854 0.4000000060
184609  -33.051  -62.901  -17.149 0.4000000060
184631  -20.743  -69.401  -25.291 0.6000000238
184896  -21.703  -53.261  -16.277 0.6000000238
184907  -17.823  -76.247  -22.309 0.5000000000
185413  -23.340  -69.961  -25.889 0.6000000238
185458  -24.387  -49.093  -16.336 0.5000000000
185671  -19.254  -64.933  -9.970 0.6000000238
186869  -17.684  -64.055  -12.160 0.6999999881
186972  -41.748  -72.051  -22.685 0.3000000119
187772  -17.374  -64.431  -12.758 0.6000000238
187835  -22.032  -56.421  -12.225 0.6000000238
187906  -37.141  -70.847  -21.710 0.3000000119
187924  -18.330  -71.561  -23.189 0.6000000238
188449  -18.706  -73.746  -22.195 0.5000000000
188582  -24.824  -66.290  -15.460 0.5000000000
189120  -39.893  -73.608  -24.300 0.3000000119
189305  -21.897  -67.263  -22.440 0.6000000238
189326  -19.822  -54.391  -15.494 0.6000000238
189479  -17.290  -63.049  -14.061 0.5000000000
189551  -19.756  -44.756  -19.712 0.3000000119
189684  -22.118  -50.516  -17.790 0.6000000238
190042  -21.987  -65.222  -9.733 0.6999999881
190097  -17.350  -55.420  -19.890 0.5000000000
190147  -21.525  -65.441  -9.412 0.6999999881
190354  -20.633  -58.624  -13.368 0.6999999881
190630  -20.897  -65.580  -9.278 0.5000000000
190745  -22.757  -67.497  -14.309 0.6000000238
190786  -16.989  -54.548  -19.112 0.5000000000
190905  -19.562  -59.928  -12.151 0.6999999881
190940  -22.243  -65.680  -13.313 0.6000000238
191153  -18.807  -50.768  -13.891 0.3000000119
191229  -40.644  -71.959  -22.323 0.3000000119
191317  -25.419  -72.866  -20.810 0.5000000000
191369  -24.389  -71.140  -25.575 0.6000000238
191438  -18.017  -61.812  -13.911 0.6000000238
191624  -19.769  -56.609  -13.525 0.6000000238
192042  -23.730  -52.517  -15.644 0.6000000238
192295  -17.699  -73.580  -25.254 0.5000000000
192394  -35.949  -72.258  -22.683 0.4000000060
192595  -35.616  -73.963  -25.314 0.4000000060
192610  -23.281  -63.717  -12.079 0.6000000238
192965  -30.811  -67.992  -26.304 0.4000000060
193033  -29.392  -68.837  -23.322 0.5000000000
193306  -31.063  -68.861  -22.142 0.5000000000
193393  -24.006  -68.777  -14.102 0.6000000238
193770  -30.164  -68.833  -19.494 0.5000000000
194087  -37.848  -74.524  -26.511 0.3000000119
194315  -30.732  -67.737  -17.710 0.5000000000
195294  -27.664  -70.366  -27.010 0.4000000060
195327  -22.542  -45.372  -18.668 0.4000000060
195368  -23.727  -52.531  -14.211 0.6000000238
195399  -21.687  -50.864  -18.412 0.6000000238
195537  -32.509  -68.161  -26.629 0.4000000060
195598  -27.396  -74.461  -26.217 0.5000000000
196033  -41.318  -73.857  -21.544 0.3000000119
196317  -37.077  -69.773  -22.159 0.3000000119
196338  -30.756  -68.898  -20.617 0.5000000000
196543  -24.330  -52.059  -12.885 0.5000000000
197111  -28.420  -68.299  -16.931 0.6999999881
197213  -23.627  -52.394  -15.993 0.6000000238
197224  -23.065  -70.837  -23.419 0.6999999881
197393  -33.379  -68.061  -23.219 0.5000000000
197474  -24.306  -51.241  -16.414 0.5000000000
198540  -19.940  -59.773  -14.859 0.6999999881
198838  -20.086  -49.066  -14.664 0.4000000060
199014  -22.458  -69.960  -18.928 0.6000000238
199737  -24.762  -67.744  -17.435 0.6000000238
200013  -26.855  -74.339  -19.839 0.5000000000
200040  -22.634  -53.269  -12.508 0.5000000000
200234  -31.383  -67.948  -24.994 0.5000000000
200447  -21.802  -53.451  -14.774 0.6999999881
200958  -20.553  -68.486  -24.097 0.6000000238
201175  -20.215  -61.681  -8.856 0.6000000238
201322  -24.788  -70.421  -26.479 0.6000000238
201585  -21.727  -49.582  -18.955 0.6999999881
201673  -21.509  -67.542  -19.389 0.6000000238
201677  -21.254  -50.993  -18.600 0.6000000238
201873  -28.472  -65.590  -14.980 0.4000000060
201919  -29.696  -68.659  -26.891 0.4000000060
201982  -18.668  -54.685  -17.735 0.5000000000
202235  -19.850  -45.989  -16.199 0.3000000119
202257  -30.707  -69.029  -21.606 0.5000000000
202458  -20.999  -39.229  -19.694 0.3000000119
202747  -17.836  -62.180  -12.542 0.6999999881
203058  -28.544  -68.595  -17.419 0.6000000238
203217  -20.432  -65.423  -9.301 0.5000000000
203253  -22.649  -69.045  -17.156 0.6999999881
203441  -18.912  -53.631  -19.242 0.4000000060
203566  -19.457  -57.890  -19.313 0.6000000238
203623  -23.527  -45.951  -17.523 0.5000000000
203799  -21.452  -67.725  -20.074 0.6000000238
203809  -27.601  -67.176  -25.957 0.4000000060
203903  -25.503  -44.980  -16.461 0.4000000060
204110  -20.269  -49.130  -19.095 0.5000000000
204167  -39.632  -68.775  -21.819 0.3000000119
204445  -25.782  -70.232  -26.732 0.6000000238
204470  -23.041  -43.671  -18.619 0.3000000119
204518  -24.877  -68.346  -21.771 0.6000000238
204545  -26.376  -72.196  -22.996 0.5000000000
204565  -22.261  -74.175  -25.080 0.6000000238
204589  -27.079  -72.594  -22.609 0.5000000000
205075  -21.823  -56.873  -12.356 0.5000000000
