#!ascii label  , from subject sub-v2s2x29091_ses-1 vox2ras=TkReg
747
15313  -46.895  -60.732  7.011 0.0000000000
14750  -43.452  -61.133  -0.814 0.0000000000
20299  -46.165  -53.307  9.369 0.0000000000
16602  -47.162  -58.071  2.893 0.0000000000
135425  -42.319  -55.286  6.537 0.0000000000
133609  -42.606  -60.146  10.332 0.0000000000
133058  -38.763  -54.062  10.081 0.0000000000
20292  -32.930  -53.684  10.165 0.0000000000
21044  -42.819  -52.298  6.353 0.0000000000
19593  -46.261  -53.823  6.678 0.0000000000
21090  -44.459  -52.066  3.507 0.0000000000
17657  -40.523  -57.029  10.785 0.0000000000
17664  -37.779  -57.122  10.048 0.0000000000
23120  -34.092  -49.419  11.160 0.0000000000
22453  -33.902  -50.563  8.898 0.0000000000
14725  -46.647  -61.780  2.253 0.0000000000
16029  -45.305  -59.316  1.275 0.0000000000
15424  -48.577  -59.884  -2.045 0.0000000000
14115  -46.716  -61.599  -4.538 0.0000000000
17659  -47.276  -56.384  11.253 0.0000000000
16557  -48.692  -58.337  6.001 0.0000000000
16525  -43.864  -58.590  7.565 0.0000000000
15974  -42.427  -59.700  4.235 0.0000000000
18213  -43.819  -56.156  11.583 0.0000000000
19564  -42.206  -54.404  9.537 0.0000000000
21040  -39.298  -52.751  6.728 0.0000000000
133970  -34.885  -57.606  8.237 0.0000000000
19557  -36.147  -54.159  9.849 0.0000000000
21741  -36.244  -51.737  7.507 0.0000000000
22474  -37.008  -50.430  5.045 0.0000000000
14732  -48.483  -60.516  -0.522 0.0000000000
15362  -37.770  -60.447  1.044 0.0000000000
14785  -41.135  -61.988  -2.047 0.0000000000
14179  -41.656  -61.930  -7.951 0.0000000000
21757  -41.931  -51.635  5.489 0.0000000000
21759  -44.407  -51.607  5.001 0.0000000000
14698  -47.094  -60.977  4.661 0.0000000000
15383  -44.138  -60.297  0.331 0.0000000000
15422  -45.866  -60.820  -1.217 0.0000000000
146626  -44.873  -61.605  -1.980 0.0000000000
14113  -44.906  -62.389  -4.688 0.0000000000
14097  -43.709  -62.344  -3.210 0.0000000000
144410  -46.800  -54.572  10.995 0.0000000000
18254  -47.174  -55.210  9.513 0.0000000000
18871  -44.000  -54.928  6.825 0.0000000000
18259  -44.583  -55.888  7.713 0.0000000000
136881  -43.168  -56.761  7.591 0.0000000000
15931  -43.144  -59.513  6.344 0.0000000000
17132  -41.664  -58.160  7.004 0.0000000000
16481  -45.074  -58.673  11.840 0.0000000000
17083  -43.060  -58.605  11.197 0.0000000000
18829  -40.131  -55.339  10.714 0.0000000000
18831  -41.542  -55.107  10.778 0.0000000000
19573  -40.058  -54.051  9.521 0.0000000000
20319  -40.588  -53.657  7.903 0.0000000000
20318  -39.201  -53.367  8.132 0.0000000000
18842  -33.804  -55.077  9.108 0.0000000000
145433  -35.476  -55.795  9.481 0.0000000000
138876  -33.906  -53.868  9.482 0.0000000000
23146  -34.449  -49.960  7.720 0.0000000000
21739  -34.910  -51.062  7.984 0.0000000000
22465  -35.318  -50.537  6.661 0.0000000000
21752  -36.931  -51.395  6.046 0.0000000000
17155  -48.215  -57.929  5.021 0.0000000000
130054  -48.757  -58.948  3.021 0.0000000000
16624  -48.595  -58.312  1.297 0.0000000000
14116  -48.069  -62.375  -4.015 0.0000000000
145325  -36.847  -60.818  0.179 0.0000000000
14746  -39.427  -61.312  -0.705 0.0000000000
14839  -40.528  -61.413  -6.164 0.0000000000
20324  -45.328  -52.779  8.023 0.0000000000
19585  -46.996  -53.337  7.807 0.0000000000
21047  -46.151  -52.462  6.426 0.0000000000
20346  -45.477  -53.205  5.243 0.0000000000
19627  -43.632  -53.761  4.906 0.0000000000
16486  -41.317  -58.254  10.609 0.0000000000
17665  -39.107  -57.102  10.337 0.0000000000
18224  -38.698  -55.472  10.422 0.0000000000
21702  -33.382  -51.383  11.102 0.0000000000
138139  -33.604  -51.712  9.766 0.0000000000
23125  -33.653  -49.981  10.180 0.0000000000
23819  -34.051  -48.523  9.336 0.0000000000
25395  -34.880  -47.556  7.927 0.0000000000
16613  -46.554  -58.450  2.242 0.0000000000
16049  -47.907  -58.955  -0.074 0.0000000000
16065  -46.880  -59.593  -0.318 0.0000000000
136388  -47.859  -60.891  -3.494 0.0000000000
14144  -47.694  -61.872  -5.992 0.0000000000
138927  -46.606  -61.683  -6.861 0.0000000000
14183  -45.578  -61.870  -8.436 0.0000000000
14199  -43.986  -62.189  -8.857 0.0000000000
16500  -46.986  -58.630  9.811 0.0000000000
15935  -48.404  -58.895  7.005 0.0000000000
16544  -47.673  -58.149  7.201 0.0000000000
127343  -46.339  -58.716  6.919 0.0000000000
18853  -45.739  -55.700  8.090 0.0000000000
17107  -45.026  -57.461  8.326 0.0000000000
15963  -45.117  -59.393  5.316 0.0000000000
144014  -44.544  -59.410  4.100 0.0000000000
148301  -43.595  -59.540  3.243 0.0000000000
16026  -43.032  -59.739  1.754 0.0000000000
16490  -46.078  -58.801  11.150 0.0000000000
17649  -45.976  -56.418  12.033 0.0000000000
18835  -45.472  -54.500  10.996 0.0000000000
17646  -42.570  -56.567  11.418 0.0000000000
18833  -42.986  -54.883  10.770 0.0000000000
19578  -44.194  -53.764  9.191 0.0000000000
20322  -42.972  -53.219  7.522 0.0000000000
21042  -41.034  -52.806  6.537 0.0000000000
21755  -40.166  -51.771  5.613 0.0000000000
17678  -36.630  -57.619  9.432 0.0000000000
140997  -36.979  -55.640  10.170 0.0000000000
148439  -37.278  -53.397  9.850 0.0000000000
21021  -34.883  -52.002  9.069 0.0000000000
21023  -36.504  -52.404  8.804 0.0000000000
20305  -37.760  -52.891  8.887 0.0000000000
21038  -37.843  -52.371  6.993 0.0000000000
21753  -38.474  -51.761  5.852 0.0000000000
15344  -48.039  -60.218  3.700 0.0000000000
145676  -47.431  -61.440  1.227 0.0000000000
14753  -48.759  -60.313  -1.548 0.0000000000
128191  -47.462  -62.897  -2.522 0.0000000000
16538  -40.542  -58.255  6.385 0.0000000000
138602  -41.172  -59.727  3.375 0.0000000000
15367  -42.204  -60.146  1.033 0.0000000000
15380  -41.003  -60.575  0.514 0.0000000000
138235  -42.296  -61.529  -1.364 0.0000000000
14111  -42.779  -62.516  -4.215 0.0000000000
135042  -42.673  -62.226  -6.463 0.0000000000
21766  -40.751  -51.181  5.113 0.0000000000
131738  -42.464  -51.184  4.843 0.0000000000
14682  -47.139  -60.855  5.407 0.0000000000
15323  -47.082  -60.776  6.174 0.0000000000
15409  -43.726  -60.702  -0.221 0.0000000000
14751  -44.247  -60.962  -0.745 0.0000000000
14771  -43.994  -61.421  -1.429 0.0000000000
14090  -44.357  -62.047  -2.600 0.0000000000
14788  -43.485  -61.694  -1.877 0.0000000000
19567  -46.481  -53.653  10.019 0.0000000000
18849  -47.131  -54.319  9.919 0.0000000000
19568  -46.962  -53.692  9.739 0.0000000000
18870  -43.069  -55.279  6.798 0.0000000000
18858  -43.087  -56.042  7.345 0.0000000000
18257  -42.640  -56.546  7.341 0.0000000000
17115  -42.058  -57.765  7.338 0.0000000000
18256  -42.155  -56.687  7.203 0.0000000000
15273  -42.927  -61.310  10.179 0.0000000000
15883  -43.048  -59.923  10.824 0.0000000000
16488  -43.508  -59.463  11.241 0.0000000000
143473  -42.758  -59.203  10.912 0.0000000000
18848  -39.104  -54.678  10.417 0.0000000000
19561  -40.236  -54.469  10.196 0.0000000000
20298  -39.193  -53.754  9.626 0.0000000000
20307  -39.585  -53.626  8.854 0.0000000000
20306  -38.827  -53.424  8.958 0.0000000000
130098  -32.763  -53.277  10.749 0.0000000000
19533  -32.618  -54.052  10.773 0.0000000000
19540  -32.758  -54.437  10.140 0.0000000000
18841  -32.994  -54.960  9.550 0.0000000000
19553  -33.183  -54.129  9.696 0.0000000000
19554  -33.585  -54.483  9.354 0.0000000000
138679  -33.422  -53.354  9.744 0.0000000000
23833  -34.452  -49.093  7.539 0.0000000000
23155  -34.756  -49.840  6.993 0.0000000000
23156  -35.128  -49.702  6.253 0.0000000000
23850  -35.157  -48.957  6.025 0.0000000000
128537  -47.862  -58.027  4.194 0.0000000000
17177  -48.408  -57.920  3.026 0.0000000000
17176  -48.106  -57.901  2.523 0.0000000000
132510  -39.441  -61.867  -2.001 0.0000000000
14108  -40.231  -62.130  -4.105 0.0000000000
14811  -39.660  -61.698  -4.639 0.0000000000
20333  -44.085  -52.474  6.936 0.0000000000
21033  -44.888  -52.429  7.153 0.0000000000
132744  -44.606  -52.143  6.466 0.0000000000
21769  -44.439  -51.652  4.146 0.0000000000
21771  -45.465  -52.092  4.857 0.0000000000
21066  -45.147  -52.166  4.267 0.0000000000
20345  -44.545  -53.141  4.499 0.0000000000
20385  -44.091  -52.689  3.767 0.0000000000
18240  -38.332  -56.457  10.334 0.0000000000
22408  -33.671  -50.899  11.782 0.0000000000
22412  -33.611  -50.611  11.148 0.0000000000
22423  -33.546  -50.703  10.416 0.0000000000
130685  -33.710  -49.973  10.821 0.0000000000
25380  -34.682  -47.652  8.530 0.0000000000
14056  -46.388  -62.488  1.086 0.0000000000
16621  -45.926  -58.842  1.743 0.0000000000
16030  -46.383  -58.974  1.021 0.0000000000
16047  -45.796  -59.616  0.461 0.0000000000
129641  -46.049  -61.376  -2.305 0.0000000000
14774  -46.581  -60.824  -1.877 0.0000000000
14100  -47.213  -61.312  -3.931 0.0000000000
139518  -46.765  -61.360  -5.183 0.0000000000
14861  -47.324  -61.844  -6.494 0.0000000000
14127  -44.821  -62.359  -5.420 0.0000000000
14163  -45.450  -61.975  -6.919 0.0000000000
149953  -44.555  -62.226  -6.916 0.0000000000
14182  -44.486  -62.055  -8.283 0.0000000000
14162  -44.028  -62.217  -7.466 0.0000000000
16492  -47.271  -57.895  10.056 0.0000000000
16515  -47.669  -58.173  8.765 0.0000000000
141348  -46.866  -58.130  7.783 0.0000000000
17119  -45.687  -57.935  8.185 0.0000000000
19594  -46.860  -53.423  7.044 0.0000000000
18854  -46.544  -54.760  8.005 0.0000000000
19583  -46.073  -54.486  7.301 0.0000000000
17680  -44.597  -57.047  8.148 0.0000000000
17118  -44.415  -58.021  7.938 0.0000000000
133639  -44.947  -59.111  7.195 0.0000000000
15933  -44.790  -59.384  6.603 0.0000000000
15975  -45.169  -59.251  4.580 0.0000000000
138473  -42.452  -59.678  5.034 0.0000000000
15961  -43.241  -59.679  4.751 0.0000000000
129124  -43.203  -59.648  3.881 0.0000000000
16010  -43.356  -59.620  2.192 0.0000000000
134903  -42.813  -59.659  3.357 0.0000000000
17648  -44.197  -56.981  11.782 0.0000000000
126720  -45.216  -57.128  12.018 0.0000000000
18214  -44.971  -56.082  11.825 0.0000000000
18818  -45.279  -55.124  11.500 0.0000000000
18817  -44.205  -55.424  11.396 0.0000000000
128389  -41.228  -57.457  10.871 0.0000000000
17073  -41.977  -57.095  11.221 0.0000000000
17658  -41.196  -56.575  11.210 0.0000000000
135622  -41.855  -54.681  10.260 0.0000000000
18832  -42.316  -54.979  10.735 0.0000000000
19542  -42.779  -54.591  10.247 0.0000000000
151141  -43.389  -54.403  10.079 0.0000000000
19565  -43.180  -54.215  9.464 0.0000000000
19577  -43.334  -53.757  8.656 0.0000000000
19576  -42.472  -54.066  8.792 0.0000000000
20329  -40.649  -53.331  7.199 0.0000000000
20330  -41.568  -53.211  7.019 0.0000000000
21041  -40.154  -52.847  6.625 0.0000000000
21053  -40.576  -52.333  6.055 0.0000000000
21052  -39.687  -52.350  6.079 0.0000000000
17676  -35.212  -57.105  8.727 0.0000000000
18844  -35.723  -55.040  9.733 0.0000000000
137738  -36.194  -55.707  9.909 0.0000000000
18845  -36.553  -54.908  10.047 0.0000000000
18846  -37.406  -54.784  10.193 0.0000000000
19558  -36.985  -54.035  10.026 0.0000000000
21727  -33.789  -51.105  9.342 0.0000000000
21728  -34.084  -51.750  9.236 0.0000000000
21733  -34.093  -51.134  8.865 0.0000000000
21740  -35.579  -51.460  7.742 0.0000000000
21735  -35.284  -51.674  8.477 0.0000000000
21736  -36.029  -51.932  8.270 0.0000000000
20304  -37.081  -52.829  9.401 0.0000000000
21024  -37.212  -52.547  8.510 0.0000000000
21025  -37.774  -52.700  8.186 0.0000000000
21742  -36.830  -51.972  7.315 0.0000000000
22469  -36.511  -50.700  5.569 0.0000000000
148813  -37.486  -51.728  6.194 0.0000000000
22470  -37.185  -50.977  5.449 0.0000000000
21763  -38.535  -51.281  5.383 0.0000000000
15936  -48.697  -58.375  6.739 0.0000000000
15325  -48.335  -59.650  5.312 0.0000000000
15964  -48.677  -59.202  4.853 0.0000000000
134968  -48.567  -59.652  1.382 0.0000000000
15358  -48.124  -60.257  2.192 0.0000000000
14729  -47.967  -60.973  0.405 0.0000000000
14060  -46.980  -62.278  0.395 0.0000000000
14069  -47.311  -62.120  -0.343 0.0000000000
15412  -48.496  -59.548  -1.519 0.0000000000
16645  -48.622  -59.122  -0.511 0.0000000000
15425  -48.610  -60.192  -2.418 0.0000000000
12862  -46.793  -64.093  -4.197 0.0000000000
13462  -47.458  -63.157  -3.390 0.0000000000
17130  -40.374  -57.624  6.578 0.0000000000
141551  -40.389  -59.714  3.515 0.0000000000
15990  -41.286  -59.757  2.587 0.0000000000
16024  -41.127  -59.984  1.588 0.0000000000
14769  -40.831  -61.584  -1.291 0.0000000000
15406  -40.601  -60.874  -0.033 0.0000000000
142343  -41.033  -61.151  -0.532 0.0000000000
15407  -41.673  -60.958  -0.310 0.0000000000
138127  -41.559  -61.675  -1.543 0.0000000000
14088  -42.239  -62.289  -2.849 0.0000000000
14087  -41.490  -62.228  -2.603 0.0000000000
14139  -41.720  -61.866  -6.441 0.0000000000
14140  -42.309  -62.351  -5.575 0.0000000000
14160  -42.107  -61.900  -7.355 0.0000000000
21055  -42.260  -52.037  5.930 0.0000000000
21056  -43.506  -51.726  5.691 0.0000000000
21758  -42.851  -51.507  5.279 0.0000000000
139196  -43.765  -51.438  4.681 0.0000000000
131610  -43.943  -51.413  3.874 0.0000000000
23810  -34.322  -48.757  10.693 0.0000000000
24573  -35.753  -48.010  11.025 0.0000000000
14714  -47.021  -61.344  2.960 0.0000000000
16046  -44.696  -59.817  0.790 0.0000000000
15385  -45.760  -60.082  -0.210 0.0000000000
133813  -45.165  -60.630  -0.589 0.0000000000
14772  -44.921  -61.173  -1.237 0.0000000000
14790  -45.384  -61.863  -2.803 0.0000000000
14114  -45.750  -62.119  -4.538 0.0000000000
14098  -44.732  -62.270  -3.377 0.0000000000
14112  -44.182  -62.477  -4.097 0.0000000000
126988  -44.245  -62.498  -4.868 0.0000000000
18229  -47.319  -55.467  11.162 0.0000000000
18241  -47.346  -55.247  10.425 0.0000000000
128102  -47.409  -55.992  9.832 0.0000000000
18253  -46.397  -56.133  8.686 0.0000000000
18872  -45.087  -54.579  6.869 0.0000000000
18860  -45.365  -55.168  7.539 0.0000000000
18859  -43.769  -55.589  7.332 0.0000000000
18258  -43.755  -56.280  7.655 0.0000000000
17687  -43.280  -57.437  7.790 0.0000000000
16542  -43.471  -59.118  7.016 0.0000000000
16541  -42.689  -58.977  6.895 0.0000000000
16540  -41.940  -58.759  6.766 0.0000000000
16554  -41.594  -59.130  6.179 0.0000000000
16480  -44.085  -58.812  11.636 0.0000000000
17075  -43.466  -57.748  11.539 0.0000000000
18227  -40.500  -56.057  10.930 0.0000000000
18228  -41.296  -55.758  11.165 0.0000000000
18830  -40.794  -55.265  10.817 0.0000000000
19541  -40.980  -54.691  10.350 0.0000000000
19563  -41.371  -54.422  9.677 0.0000000000
20308  -41.095  -53.957  8.388 0.0000000000
130687  -40.351  -53.862  8.628 0.0000000000
146224  -39.942  -53.565  8.051 0.0000000000
20328  -39.749  -53.243  7.360 0.0000000000
18247  -33.377  -56.330  8.730 0.0000000000
18235  -34.077  -55.863  8.834 0.0000000000
18249  -35.320  -56.428  9.138 0.0000000000
18236  -34.878  -55.954  9.073 0.0000000000
18843  -34.811  -55.220  9.259 0.0000000000
20294  -34.798  -53.641  9.467 0.0000000000
145711  -34.141  -50.181  8.350 0.0000000000
22454  -34.335  -50.825  8.423 0.0000000000
152168  -34.500  -50.539  7.942 0.0000000000
22461  -35.287  -50.965  7.340 0.0000000000
21745  -35.801  -51.255  7.006 0.0000000000
21746  -36.511  -51.571  6.785 0.0000000000
22466  -36.090  -50.983  6.256 0.0000000000
22468  -35.748  -50.174  5.755 0.0000000000
22473  -36.352  -50.036  5.133 0.0000000000
17143  -48.602  -58.204  5.283 0.0000000000
15977  -48.823  -59.145  4.220 0.0000000000
17157  -48.691  -58.169  3.860 0.0000000000
16032  -48.783  -58.694  1.566 0.0000000000
133695  -48.791  -59.444  0.478 0.0000000000
14102  -48.587  -61.123  -3.421 0.0000000000
14744  -37.680  -61.412  -0.864 0.0000000000
15403  -38.064  -61.082  -0.180 0.0000000000
15404  -38.943  -61.001  -0.085 0.0000000000
14767  -39.027  -61.611  -1.366 0.0000000000
14768  -39.893  -61.627  -1.335 0.0000000000
14086  -40.735  -62.265  -2.807 0.0000000000
14095  -41.467  -62.400  -3.272 0.0000000000
14123  -40.856  -61.946  -5.303 0.0000000000
14859  -40.860  -61.481  -6.783 0.0000000000
20314  -46.863  -53.026  8.415 0.0000000000
20325  -46.429  -52.709  7.905 0.0000000000
21035  -46.631  -52.705  7.100 0.0000000000
20334  -46.624  -53.194  6.464 0.0000000000
21750  -45.075  -51.951  5.946 0.0000000000
21057  -46.080  -52.668  5.769 0.0000000000
19609  -46.097  -53.305  5.904 0.0000000000
19608  -45.308  -53.840  6.056 0.0000000000
19607  -44.288  -53.876  5.505 0.0000000000
19606  -43.205  -54.288  5.458 0.0000000000
15882  -42.196  -59.432  10.418 0.0000000000
17080  -40.575  -57.909  10.518 0.0000000000
17092  -39.926  -58.237  10.137 0.0000000000
137482  -39.833  -56.623  10.641 0.0000000000
18225  -39.201  -56.145  10.540 0.0000000000
18847  -38.289  -54.686  10.284 0.0000000000
21701  -33.034  -52.159  11.320 0.0000000000
21004  -32.917  -52.556  10.749 0.0000000000
21005  -33.247  -52.196  10.231 0.0000000000
128942  -33.388  -51.516  10.331 0.0000000000
143829  -33.556  -51.090  9.863 0.0000000000
22439  -33.654  -50.394  9.610 0.0000000000
23818  -33.863  -49.090  9.548 0.0000000000
23140  -33.840  -49.744  9.015 0.0000000000
23830  -34.233  -48.764  8.247 0.0000000000
24614  -34.514  -48.166  7.901 0.0000000000
24615  -34.884  -47.791  7.292 0.0000000000
16614  -47.519  -58.032  2.039 0.0000000000
16622  -47.029  -58.441  1.507 0.0000000000
16048  -46.902  -59.127  0.370 0.0000000000
147875  -47.952  -59.851  -1.706 0.0000000000
14792  -48.420  -60.621  -3.147 0.0000000000
13483  -48.016  -62.139  -5.561 0.0000000000
14142  -45.644  -62.006  -6.105 0.0000000000
14860  -46.057  -61.774  -7.720 0.0000000000
14201  -45.957  -62.062  -9.075 0.0000000000
14217  -45.318  -62.255  -9.690 0.0000000000
14228  -44.789  -62.375  -10.070 0.0000000000
15292  -47.217  -59.720  8.213 0.0000000000
15314  -47.792  -59.960  6.612 0.0000000000
15917  -48.106  -58.770  7.739 0.0000000000
16529  -47.999  -58.230  7.915 0.0000000000
15918  -48.447  -58.301  7.228 0.0000000000
16528  -47.858  -58.072  7.961 0.0000000000
137041  -48.554  -58.255  6.784 0.0000000000
16556  -48.411  -58.164  5.789 0.0000000000
16570  -47.899  -58.134  4.857 0.0000000000
16569  -47.071  -58.531  5.142 0.0000000000
19580  -47.057  -53.576  8.932 0.0000000000
129531  -46.678  -55.306  8.636 0.0000000000
18252  -45.104  -56.445  8.186 0.0000000000
16527  -45.611  -58.676  7.464 0.0000000000
15949  -45.586  -59.181  6.127 0.0000000000
16585  -46.081  -58.808  4.302 0.0000000000
140553  -45.827  -58.796  3.497 0.0000000000
16600  -45.321  -58.936  3.032 0.0000000000
16611  -44.760  -59.126  2.593 0.0000000000
15947  -43.665  -59.632  5.635 0.0000000000
141338  -44.312  -59.361  3.483 0.0000000000
16011  -44.107  -59.443  2.209 0.0000000000
16027  -43.603  -59.690  1.651 0.0000000000
16045  -43.835  -59.945  0.983 0.0000000000
15368  -43.010  -60.035  1.138 0.0000000000
15906  -46.869  -59.638  8.887 0.0000000000
16491  -46.529  -58.734  10.461 0.0000000000
17077  -46.735  -57.290  11.509 0.0000000000
148665  -45.430  -57.896  11.979 0.0000000000
17076  -46.069  -57.296  11.967 0.0000000000
17650  -46.695  -56.540  11.871 0.0000000000
18215  -46.233  -55.510  11.916 0.0000000000
19545  -46.366  -54.213  10.758 0.0000000000
126590  -45.708  -54.022  10.463 0.0000000000
144284  -42.151  -58.587  10.801 0.0000000000
17074  -42.743  -57.212  11.388 0.0000000000
150776  -43.096  -56.202  11.427 0.0000000000
18815  -42.052  -55.490  11.098 0.0000000000
18816  -42.774  -55.277  11.039 0.0000000000
148152  -43.306  -55.604  11.314 0.0000000000
18834  -44.453  -54.818  11.038 0.0000000000
19544  -44.740  -54.337  10.474 0.0000000000
19566  -45.229  -53.755  9.798 0.0000000000
20311  -44.229  -53.315  8.412 0.0000000000
20323  -44.011  -52.901  7.593 0.0000000000
20332  -43.315  -52.697  6.964 0.0000000000
20321  -42.129  -53.456  7.568 0.0000000000
20331  -42.434  -52.997  6.941 0.0000000000
21043  -41.904  -52.624  6.461 0.0000000000
21054  -41.442  -52.241  5.999 0.0000000000
21756  -41.071  -51.734  5.575 0.0000000000
18250  -35.739  -56.886  9.274 0.0000000000
18238  -36.620  -56.372  9.969 0.0000000000
143303  -37.408  -56.381  10.180 0.0000000000
18239  -37.827  -55.576  10.324 0.0000000000
19559  -37.867  -53.875  10.049 0.0000000000
21012  -33.667  -52.490  9.686 0.0000000000
21013  -34.366  -52.399  9.313 0.0000000000
21014  -35.180  -52.727  9.364 0.0000000000
21734  -34.572  -51.386  8.669 0.0000000000
21022  -35.706  -52.237  8.964 0.0000000000
21015  -36.191  -52.750  9.422 0.0000000000
20296  -37.802  -53.239  9.547 0.0000000000
141420  -38.241  -53.235  9.078 0.0000000000
20317  -38.386  -53.068  8.307 0.0000000000
21032  -38.867  -52.993  7.455 0.0000000000
21039  -38.499  -52.568  6.848 0.0000000000
21747  -37.277  -51.944  6.740 0.0000000000
21748  -38.027  -52.055  6.343 0.0000000000
21051  -38.861  -52.266  6.205 0.0000000000
21754  -39.235  -51.707  5.636 0.0000000000
146454  -39.183  -51.158  5.186 0.0000000000
15324  -47.806  -60.177  5.767 0.0000000000
15343  -47.609  -60.655  4.151 0.0000000000
15351  -47.584  -60.826  3.359 0.0000000000
15992  -48.429  -59.614  3.278 0.0000000000
15352  -48.048  -60.268  2.904 0.0000000000
14726  -47.219  -61.433  2.064 0.0000000000
14057  -46.886  -62.195  0.961 0.0000000000
126752  -48.438  -58.724  0.451 0.0000000000
16635  -48.710  -59.098  -0.089 0.0000000000
14092  -48.348  -61.570  -2.778 0.0000000000
14775  -48.606  -60.872  -2.266 0.0000000000
14079  -47.996  -61.601  -1.251 0.0000000000
22484  -43.319  -50.733  3.103 0.0000000000
20363  -43.455  -53.432  4.276 0.0000000000
19626  -42.841  -54.012  4.820 0.0000000000
19605  -42.360  -54.481  5.404 0.0000000000
18869  -41.683  -55.574  6.593 0.0000000000
17698  -41.039  -57.206  6.871 0.0000000000
16539  -41.227  -58.541  6.597 0.0000000000
15944  -41.331  -59.413  5.556 0.0000000000
16552  -40.092  -58.587  5.879 0.0000000000
15959  -40.959  -59.528  4.945 0.0000000000
130883  -41.504  -59.699  4.191 0.0000000000
138614  -42.406  -59.686  2.800 0.0000000000
142551  -42.558  -59.874  1.543 0.0000000000
15382  -42.559  -60.457  0.440 0.0000000000
15378  -39.333  -60.607  0.670 0.0000000000
15364  -39.955  -60.319  1.193 0.0000000000
16023  -40.395  -60.023  1.674 0.0000000000
15366  -41.460  -60.223  1.047 0.0000000000
139567  -42.216  -60.778  -0.088 0.0000000000
14749  -42.799  -61.236  -0.888 0.0000000000
14787  -42.803  -61.877  -2.106 0.0000000000
140098  -43.387  -62.493  -3.923 0.0000000000
14126  -43.488  -62.530  -4.712 0.0000000000
14125  -42.756  -62.490  -4.929 0.0000000000
14161  -43.728  -62.380  -6.486 0.0000000000
14181  -43.465  -62.122  -8.191 0.0000000000
12863  -47.371  -63.334  -4.111 0.0000000000
14089  -43.551  -62.014  -2.418 0.0000000000
14091  -47.763  -62.193  -1.857 0.0000000000
14096  -42.870  -62.443  -3.445 0.0000000000
14099  -45.898  -61.952  -3.721 0.0000000000
14101  -48.229  -62.059  -3.358 0.0000000000
14122  -40.273  -61.842  -4.895 0.0000000000
14128  -45.663  -62.116  -5.277 0.0000000000
14138  -41.127  -61.749  -6.013 0.0000000000
14141  -44.683  -62.313  -6.207 0.0000000000
14159  -41.271  -61.637  -7.400 0.0000000000
14164  -47.328  -62.031  -6.846 0.0000000000
14200  -44.994  -62.022  -9.041 0.0000000000
14216  -44.452  -62.257  -9.518 0.0000000000
14728  -46.833  -62.012  1.563 0.0000000000
14731  -47.610  -61.535  0.041 0.0000000000
14745  -38.542  -61.400  -0.764 0.0000000000
14747  -40.273  -61.255  -0.652 0.0000000000
14748  -41.607  -61.345  -0.941 0.0000000000
14752  -48.087  -61.237  -0.704 0.0000000000
14770  -43.132  -61.484  -1.408 0.0000000000
14773  -45.613  -61.245  -1.677 0.0000000000
14784  -40.301  -61.975  -2.020 0.0000000000
14786  -41.920  -61.944  -2.075 0.0000000000
14789  -44.022  -61.753  -2.047 0.0000000000
14791  -47.475  -60.671  -2.726 0.0000000000
14793  -48.663  -60.551  -2.773 0.0000000000
14799  -46.609  -61.404  -3.123 0.0000000000
14800  -48.501  -60.941  -3.651 0.0000000000
14823  -39.750  -61.406  -5.465 0.0000000000
14824  -40.269  -61.546  -5.588 0.0000000000
14840  -47.198  -61.701  -6.088 0.0000000000
14841  -47.682  -61.719  -5.655 0.0000000000
14842  -47.896  -61.690  -5.176 0.0000000000
14875  -46.416  -61.898  -8.309 0.0000000000
14877  -47.072  -61.858  -7.332 0.0000000000
15304  -47.569  -59.801  7.428 0.0000000000
15335  -47.699  -60.447  4.946 0.0000000000
15336  -48.147  -60.006  4.493 0.0000000000
15357  -47.637  -60.905  2.556 0.0000000000
15365  -40.711  -60.304  1.104 0.0000000000
15369  -47.878  -60.766  1.735 0.0000000000
15370  -48.272  -60.385  0.863 0.0000000000
15377  -38.373  -60.715  0.512 0.0000000000
15379  -40.248  -60.613  0.570 0.0000000000
15381  -41.757  -60.564  0.377 0.0000000000
15384  -44.958  -60.207  0.116 0.0000000000
15386  -48.718  -59.977  0.203 0.0000000000
15402  -37.213  -61.110  -0.297 0.0000000000
15405  -39.817  -60.934  -0.042 0.0000000000
15408  -42.892  -60.817  -0.269 0.0000000000
15411  -47.506  -59.713  -1.153 0.0000000000
15413  -48.743  -59.637  -1.036 0.0000000000
15432  -48.488  -60.224  -2.656 0.0000000000
15433  -48.442  -60.631  -3.064 0.0000000000
15895  -43.263  -60.840  10.692 0.0000000000
15896  -47.097  -58.951  9.268 0.0000000000
15907  -47.702  -58.761  8.480 0.0000000000
15930  -42.336  -59.380  6.291 0.0000000000
15934  -45.421  -59.077  6.857 0.0000000000
15945  -42.031  -59.548  5.627 0.0000000000
15946  -42.799  -59.634  5.620 0.0000000000
15948  -44.571  -59.520  5.818 0.0000000000
15950  -48.551  -59.161  6.083 0.0000000000
15960  -41.780  -59.643  4.938 0.0000000000
15976  -48.479  -59.547  4.068 0.0000000000
15989  -40.558  -59.775  2.847 0.0000000000
15991  -43.095  -59.615  2.707 0.0000000000
15993  -48.693  -59.174  3.684 0.0000000000
16007  -40.813  -59.853  2.151 0.0000000000
16008  -41.939  -59.749  2.337 0.0000000000
16009  -42.637  -59.720  2.142 0.0000000000
16012  -44.962  -59.162  1.967 0.0000000000
16013  -48.568  -59.438  2.353 0.0000000000
16014  -48.822  -58.717  2.345 0.0000000000
16025  -41.915  -59.887  1.652 0.0000000000
16028  -44.386  -59.553  1.502 0.0000000000
16031  -48.698  -58.836  0.732 0.0000000000
16050  -48.767  -59.296  -0.711 0.0000000000
16066  -48.065  -59.367  -1.100 0.0000000000
16067  -48.653  -59.473  -1.095 0.0000000000
16073  -48.632  -59.761  -1.679 0.0000000000
16482  -45.971  -58.230  11.669 0.0000000000
16483  -46.672  -58.024  10.957 0.0000000000
16501  -47.398  -58.185  9.371 0.0000000000
16523  -42.319  -58.366  7.273 0.0000000000
16524  -43.063  -58.517  7.443 0.0000000000
16526  -44.746  -58.631  7.636 0.0000000000
16543  -44.269  -59.169  7.137 0.0000000000
16545  -48.286  -58.221  7.313 0.0000000000
16553  -40.839  -58.900  5.980 0.0000000000
16555  -47.048  -58.580  6.166 0.0000000000
16567  -40.413  -59.139  5.435 0.0000000000
16568  -45.969  -59.009  5.276 0.0000000000
16571  -48.799  -58.375  5.071 0.0000000000
16572  -48.782  -58.307  4.376 0.0000000000
16584  -45.100  -59.099  3.716 0.0000000000
16586  -47.124  -58.312  4.279 0.0000000000
16587  -48.840  -58.606  3.927 0.0000000000
16599  -44.698  -59.172  3.125 0.0000000000
16601  -46.160  -58.594  2.927 0.0000000000
16603  -48.874  -58.484  3.394 0.0000000000
16612  -45.584  -58.857  2.409 0.0000000000
16615  -48.718  -58.180  2.011 0.0000000000
16623  -48.119  -58.175  1.379 0.0000000000
16634  -47.581  -58.603  0.736 0.0000000000
17081  -41.822  -57.855  10.931 0.0000000000
17082  -42.518  -57.852  11.176 0.0000000000
17084  -47.331  -57.220  10.736 0.0000000000
17090  -38.134  -57.739  9.797 0.0000000000
17116  -42.765  -57.897  7.569 0.0000000000
17131  -41.038  -57.923  6.787 0.0000000000
17156  -48.581  -58.137  4.495 0.0000000000
17166  -47.816  -57.930  3.430 0.0000000000
17167  -48.372  -57.978  3.679 0.0000000000
17178  -48.629  -58.062  3.198 0.0000000000
17185  -47.989  -57.987  1.915 0.0000000000
17186  -48.475  -58.000  1.912 0.0000000000
17187  -48.579  -57.980  2.545 0.0000000000
17636  -46.538  -56.016  11.992 0.0000000000
17647  -43.291  -56.820  11.529 0.0000000000
17656  -39.879  -57.489  10.430 0.0000000000
17677  -35.913  -57.455  9.135 0.0000000000
17685  -41.781  -57.193  7.189 0.0000000000
17686  -42.519  -57.210  7.492 0.0000000000
17699  -41.494  -57.657  7.082 0.0000000000
18211  -41.917  -56.202  11.292 0.0000000000
18212  -42.592  -55.853  11.297 0.0000000000
18216  -46.993  -55.746  11.823 0.0000000000
18226  -39.818  -55.874  10.735 0.0000000000
18234  -33.203  -55.673  9.060 0.0000000000
18237  -35.925  -56.381  9.627 0.0000000000
18248  -34.637  -56.493  8.729 0.0000000000
18251  -44.320  -56.534  7.933 0.0000000000
18266  -41.546  -56.426  6.907 0.0000000000
18267  -42.321  -55.942  7.036 0.0000000000
18819  -46.262  -54.747  11.405 0.0000000000
18820  -46.922  -55.052  11.502 0.0000000000
18828  -39.457  -55.332  10.620 0.0000000000
18836  -47.192  -54.742  10.794 0.0000000000
18855  -47.108  -54.391  8.943 0.0000000000
18885  -41.944  -54.989  5.986 0.0000000000
18886  -42.708  -54.784  6.077 0.0000000000
19543  -43.666  -54.600  10.574 0.0000000000
19546  -46.919  -54.157  10.379 0.0000000000
19555  -34.381  -54.453  9.308 0.0000000000
19556  -35.265  -54.334  9.551 0.0000000000
19560  -39.529  -54.222  10.148 0.0000000000
19562  -40.697  -54.359  9.795 0.0000000000
19574  -40.865  -54.180  9.141 0.0000000000
19575  -41.641  -54.200  8.931 0.0000000000
19579  -47.122  -53.911  8.235 0.0000000000
19584  -46.844  -53.935  7.464 0.0000000000
19591  -43.559  -54.568  6.186 0.0000000000
19592  -44.403  -54.364  6.294 0.0000000000
20278  -32.686  -53.599  11.308 0.0000000000
20285  -33.101  -52.922  10.204 0.0000000000
20293  -34.198  -53.084  9.433 0.0000000000
20295  -36.611  -53.309  9.832 0.0000000000
20297  -38.446  -53.553  9.634 0.0000000000
20300  -46.770  -53.303  9.226 0.0000000000
20309  -41.875  -53.851  8.234 0.0000000000
20310  -42.676  -53.624  8.137 0.0000000000
20312  -45.266  -53.267  8.939 0.0000000000
20313  -46.312  -52.976  8.696 0.0000000000
20320  -41.309  -53.606  7.698 0.0000000000
20326  -46.914  -53.060  7.048 0.0000000000
20347  -46.287  -52.987  5.833 0.0000000000
20364  -45.296  -52.585  4.622 0.0000000000
20365  -45.819  -52.762  5.265 0.0000000000
20386  -44.839  -52.329  3.995 0.0000000000
21029  -36.713  -52.172  7.991 0.0000000000
21030  -37.387  -52.370  7.594 0.0000000000
21031  -38.119  -52.690  7.551 0.0000000000
21034  -45.875  -52.408  7.230 0.0000000000
21045  -43.755  -52.174  6.402 0.0000000000
21046  -45.420  -52.191  6.492 0.0000000000
21048  -46.571  -52.899  6.414 0.0000000000
21067  -45.485  -52.364  4.804 0.0000000000
21717  -33.106  -51.957  10.722 0.0000000000
21749  -44.407  -51.809  5.825 0.0000000000
21760  -45.103  -51.818  5.260 0.0000000000
21761  -45.713  -52.114  5.664 0.0000000000
21767  -41.683  -51.159  4.986 0.0000000000
21768  -43.321  -51.103  4.117 0.0000000000
21770  -45.015  -51.854  4.460 0.0000000000
21782  -44.197  -51.749  3.533 0.0000000000
21783  -44.775  -52.016  3.872 0.0000000000
22460  -34.819  -50.523  7.391 0.0000000000
22471  -37.755  -51.463  5.720 0.0000000000
23113  -33.897  -50.126  11.554 0.0000000000
23133  -33.710  -49.677  9.732 0.0000000000
23829  -33.987  -48.938  8.853 0.0000000000
24572  -34.962  -48.330  10.924 0.0000000000
24604  -34.275  -48.215  8.763 0.0000000000
125786  -44.415  -60.579  -0.219 0.0000000000
127011  -48.099  -60.976  -4.070 0.0000000000
127345  -42.597  -60.620  10.083 0.0000000000
127512  -43.152  -62.462  -5.593 0.0000000000
127653  -33.861  -49.303  10.331 0.0000000000
128298  -45.017  -62.025  -7.630 0.0000000000
129168  -43.024  -62.229  -2.797 0.0000000000
129332  -43.870  -59.564  4.018 0.0000000000
130403  -48.209  -58.183  6.891 0.0000000000
130991  -35.747  -53.404  9.643 0.0000000000
131205  -44.165  -59.347  2.867 0.0000000000
131938  -44.036  -54.189  9.936 0.0000000000
134767  -42.017  -59.708  3.481 0.0000000000
135121  -41.429  -62.457  -4.068 0.0000000000
136456  -48.739  -58.792  5.555 0.0000000000
136527  -34.136  -49.447  8.264 0.0000000000
136701  -48.379  -61.294  -3.867 0.0000000000
136798  -42.134  -62.502  -3.735 0.0000000000
137579  -47.575  -55.917  10.713 0.0000000000
137747  -48.848  -58.286  2.850 0.0000000000
137911  -44.489  -55.250  7.278 0.0000000000
138073  -48.148  -57.999  4.139 0.0000000000
138502  -43.655  -59.501  2.632 0.0000000000
138846  -46.594  -58.428  3.574 0.0000000000
138921  -43.346  -60.399  0.420 0.0000000000
139928  -45.705  -52.407  5.214 0.0000000000
140317  -43.056  -62.182  -7.364 0.0000000000
141937  -42.243  -61.116  -0.642 0.0000000000
142644  -43.532  -55.076  11.028 0.0000000000
143429  -34.618  -48.417  7.146 0.0000000000
143885  -44.848  -52.101  3.851 0.0000000000
143888  -33.956  -56.553  8.531 0.0000000000
144066  -42.823  -51.880  5.847 0.0000000000
144231  -47.291  -61.759  0.680 0.0000000000
144398  -39.802  -54.758  10.521 0.0000000000
144768  -36.298  -56.983  9.608 0.0000000000
144840  -47.333  -58.069  3.656 0.0000000000
144982  -44.581  -57.897  11.886 0.0000000000
147186  -46.923  -52.896  7.655 0.0000000000
148235  -41.211  -60.816  -0.004 0.0000000000
148451  -41.424  -59.829  2.032 0.0000000000
148671  -45.042  -62.319  -4.056 0.0000000000
148952  -40.876  -59.283  5.498 0.0000000000
149107  -46.041  -53.028  5.503 0.0000000000
149498  -46.715  -61.773  -7.722 0.0000000000
149902  -43.414  -53.379  8.061 0.0000000000
150032  -40.386  -54.866  10.566 0.0000000000
150744  -40.227  -53.466  7.602 0.0000000000
150903  -41.774  -59.719  2.903 0.0000000000
