#!ascii label  , from subject sub-v2s2x29091_ses-1 vox2ras=TkReg
1124
8461  32.245  -66.653  -8.371 0.3000000119
11137  33.779  -62.536  -18.245 0.6000000238
13745  32.603  -58.939  -20.008 0.6999999881
14405  32.073  -58.289  -20.268 0.6999999881
8479  32.070  -67.238  -9.186 0.4000000060
8061  33.037  -68.204  -16.750 0.4000000060
8478  32.666  -66.821  -9.671 0.5000000000
8995  33.021  -66.122  -9.316 0.5000000000
11150  34.021  -62.716  -18.488 0.6999999881
12473  33.913  -60.503  -18.818 0.6999999881
124408  34.115  -61.283  -18.790 0.5000000000
13743  34.021  -58.988  -19.061 0.6000000238
13744  33.369  -59.038  -19.588 0.6000000238
14402  33.416  -58.288  -19.767 0.6999999881
15076  32.484  -57.486  -20.248 0.6999999881
8527  33.070  -67.820  -11.940 0.5000000000
8046  33.820  -68.597  -15.782 0.4000000060
8495  32.781  -67.133  -10.407 0.6000000238
8593  33.192  -66.829  -17.135 0.4000000060
9544  34.020  -65.460  -18.000 0.5000000000
8512  33.251  -66.858  -11.656 0.6000000238
9545  33.216  -65.401  -18.070 0.6000000238
10053  33.735  -64.231  -18.430 0.6000000238
9019  33.167  -66.616  -10.841 0.6000000238
10602  34.253  -63.220  -18.537 0.6000000238
12472  34.187  -60.729  -18.862 0.6000000238
13087  34.248  -59.587  -18.859 0.6000000238
15073  34.734  -57.219  -19.361 0.6999999881
14401  34.150  -57.859  -19.219 0.6999999881
15725  34.375  -56.769  -19.671 0.6999999881
140944  33.657  -56.941  -19.810 0.6999999881
15732  32.424  -56.048  -20.415 0.6999999881
15730  34.845  -56.214  -20.080 0.6999999881
16403  34.233  -55.644  -20.266 0.6999999881
137408  33.565  -55.045  -20.436 0.6999999881
16402  35.315  -55.559  -20.477 0.6999999881
7982  32.856  -68.768  -12.289 0.5000000000
7500  33.461  -68.913  -14.291 0.5000000000
124314  33.543  -69.050  -15.143 0.5000000000
135912  34.411  -66.814  -16.950 0.4000000060
7981  33.264  -68.033  -12.715 0.5000000000
9091  34.983  -65.893  -17.202 0.5000000000
10044  34.328  -64.324  -18.421 0.6000000238
9032  33.464  -66.136  -12.312 0.6000000238
8526  33.404  -67.113  -12.508 0.5000000000
9051  34.027  -66.043  -13.937 0.5000000000
11783  34.611  -61.878  -18.383 0.6999999881
12471  34.753  -60.618  -18.356 0.6000000238
11784  34.140  -61.937  -18.677 0.6999999881
14395  35.271  -58.297  -18.465 0.6000000238
13086  34.885  -59.631  -18.257 0.6000000238
15072  35.828  -57.191  -19.313 0.6000000238
14400  34.569  -58.243  -18.824 0.6000000238
15723  36.496  -56.645  -19.857 0.6000000238
15724  35.368  -56.683  -19.748 0.6999999881
17103  32.947  -54.489  -20.674 0.6999999881
16401  36.503  -55.575  -20.753 0.6000000238
17102  34.595  -54.853  -20.675 0.6999999881
143049  33.754  -54.415  -20.716 0.6999999881
137568  34.447  -67.512  -16.423 0.4000000060
7483  33.443  -68.407  -13.437 0.5000000000
8027  34.015  -68.361  -14.849 0.4000000060
145925  35.121  -66.489  -16.753 0.5000000000
131730  34.619  -64.997  -17.913 0.6000000238
8010  33.909  -67.947  -14.002 0.4000000060
10591  34.686  -63.729  -18.314 0.6000000238
8541  33.661  -67.463  -13.277 0.4000000060
8566  35.089  -67.087  -14.962 0.4000000060
8552  34.805  -66.705  -14.416 0.4000000060
9050  35.004  -65.958  -14.485 0.4000000060
11136  35.134  -62.434  -17.933 0.6999999881
134203  34.988  -61.203  -18.105 0.6000000238
144338  35.453  -59.334  -17.706 0.6000000238
14398  36.552  -57.488  -18.955 0.6000000238
13738  35.563  -58.785  -18.054 0.6000000238
15071  37.023  -57.019  -19.465 0.6000000238
17114  33.297  -53.747  -20.935 0.6999999881
17113  34.483  -54.018  -21.023 0.6999999881
17101  35.865  -54.901  -21.052 0.6000000238
144373  35.137  -54.475  -21.022 0.6000000238
8578  34.920  -67.317  -15.737 0.4000000060
9081  35.919  -66.204  -15.738 0.4000000060
10590  35.381  -63.693  -17.655 0.6999999881
9073  36.006  -66.121  -15.118 0.4000000060
143584  35.611  -62.599  -17.138 0.8000000119
9505  34.265  -65.392  -14.184 0.5000000000
12461  35.431  -60.966  -17.561 0.6999999881
136870  35.542  -59.993  -17.530 0.6000000238
14393  37.078  -57.735  -18.558 0.5000000000
13737  36.735  -58.446  -18.098 0.6000000238
17877  32.461  -53.261  -21.230 0.6999999881
16399  37.919  -55.409  -20.674 0.6000000238
15728  37.093  -56.126  -20.358 0.6000000238
123668  34.011  -53.236  -21.250 0.8000000119
138914  33.195  -53.062  -21.265 0.8000000119
16400  37.549  -55.519  -20.873 0.6000000238
17100  37.101  -55.014  -21.326 0.6000000238
9535  36.172  -65.643  -16.247 0.5000000000
9536  35.560  -65.046  -17.145 0.6000000238
9525  36.472  -65.681  -15.232 0.5000000000
10553  35.667  -63.525  -14.748 0.6999999881
131511  35.826  -64.926  -14.711 0.4000000060
12452  36.120  -60.646  -16.855 0.6999999881
13081  36.329  -59.870  -16.948 0.6999999881
13733  36.202  -59.144  -17.404 0.6000000238
15065  37.636  -57.322  -18.601 0.6000000238
18668  32.647  -52.592  -21.541 0.6000000238
145042  37.865  -56.519  -19.884 0.6000000238
18666  34.541  -52.811  -21.610 0.6999999881
18667  33.652  -52.529  -21.593 0.6999999881
17110  37.684  -54.163  -21.588 0.6999999881
127958  36.882  -54.071  -21.949 0.6999999881
18672  35.571  -52.741  -22.031 0.6999999881
10551  36.259  -63.565  -15.166 0.5000000000
10036  36.316  -64.208  -16.127 0.6000000238
10037  35.791  -64.289  -16.993 0.6000000238
11103  36.039  -62.922  -14.926 0.6999999881
10552  36.122  -63.594  -14.976 0.6000000238
10580  35.868  -63.498  -16.740 0.6999999881
144730  35.741  -61.587  -14.360 0.6999999881
10530  34.661  -63.294  -14.359 0.6999999881
11763  35.923  -61.613  -16.671 0.6999999881
13736  37.482  -58.068  -17.940 0.5000000000
13080  37.248  -59.418  -16.906 0.6000000238
139810  31.703  -51.494  -21.746 0.5000000000
15714  37.816  -56.598  -18.643 0.6000000238
19487  32.346  -51.244  -22.005 0.6000000238
20314  32.085  -50.456  -22.109 0.5000000000
16397  37.986  -55.401  -19.868 0.6000000238
15720  37.936  -56.121  -19.390 0.6000000238
18673  34.594  -52.242  -21.938 0.6000000238
121944  33.513  -51.216  -22.182 0.5000000000
21096  33.866  -49.877  -22.986 0.5000000000
17094  37.951  -54.700  -20.286 0.6999999881
17859  37.750  -54.038  -20.662 0.6999999881
18665  37.529  -52.957  -21.989 0.6999999881
124063  36.518  -52.375  -22.573 0.6999999881
19485  35.719  -51.321  -22.900 0.5000000000
18662  37.487  -52.706  -20.854 0.6999999881
19484  37.023  -51.917  -22.673 0.6000000238
130353  36.104  -62.972  -16.181 0.6000000238
121613  36.150  -62.391  -15.011 0.6999999881
11113  36.309  -62.770  -15.333 0.6000000238
12406  37.187  -60.881  -13.946 0.6999999881
12437  36.665  -61.162  -15.978 0.6999999881
13728  38.160  -59.232  -16.582 0.6999999881
12451  36.977  -60.324  -16.443 0.6999999881
13732  37.789  -58.699  -17.231 0.6000000238
20315  31.631  -50.169  -21.846 0.4000000060
133159  37.788  -57.569  -17.819 0.5000000000
21097  32.945  -49.517  -22.709 0.4000000060
17088  37.652  -54.527  -19.173 0.6000000238
16392  37.796  -55.189  -18.792 0.6000000238
20318  35.368  -50.599  -23.175 0.5000000000
20319  34.438  -50.406  -22.986 0.5000000000
141881  36.452  -51.818  -22.806 0.5000000000
21095  36.139  -50.131  -23.678 0.4000000060
17870  37.378  -53.269  -20.091 0.6000000238
19477  37.267  -51.726  -20.892 0.6999999881
140582  37.216  -51.950  -22.301 0.6000000238
20307  37.233  -50.598  -21.982 0.5000000000
12422  37.330  -61.251  -14.420 0.6000000238
11752  37.022  -61.428  -15.020 0.6999999881
11753  36.378  -61.886  -15.581 0.6999999881
13054  37.919  -60.402  -13.404 0.6999999881
13053  38.693  -60.348  -13.497 0.6999999881
12436  37.527  -60.749  -15.624 0.6000000238
13072  38.574  -59.638  -15.925 0.6000000238
15062  37.570  -56.958  -17.357 0.6000000238
15058  37.854  -57.485  -17.007 0.5000000000
146123  37.760  -56.993  -18.092 0.6000000238
17089  36.772  -54.041  -18.580 0.6000000238
16393  37.074  -55.108  -18.116 0.6000000238
132680  34.977  -50.005  -23.415 0.4000000060
21850  34.514  -49.387  -23.554 0.5000000000
21851  33.580  -49.120  -23.123 0.4000000060
17860  36.868  -53.140  -19.311 0.6000000238
21855  35.073  -48.835  -23.957 0.4000000060
12404  38.523  -60.655  -14.170 0.6999999881
12435  38.308  -60.359  -15.409 0.6000000238
13704  38.804  -59.257  -12.521 0.6999999881
13061  39.131  -59.578  -14.484 0.6000000238
13724  38.961  -59.136  -15.466 0.6000000238
13705  38.363  -59.062  -12.267 0.6999999881
14386  38.663  -58.485  -16.061 0.5000000000
15716  36.243  -55.892  -17.337 0.6000000238
15059  37.131  -56.948  -16.542 0.6000000238
16387  36.960  -55.632  -17.774 0.6000000238
124390  36.317  -54.601  -18.181 0.5000000000
17854  36.243  -53.379  -18.770 0.6000000238
19467  36.911  -51.918  -19.847 0.6000000238
20302  37.048  -50.972  -21.034 0.5000000000
14369  38.924  -58.555  -13.203 0.6999999881
14376  38.937  -58.455  -14.151 0.6999999881
14383  38.255  -57.921  -15.680 0.6000000238
15055  36.900  -57.004  -15.670 0.5000000000
135594  35.248  -55.468  -17.187 0.6000000238
15711  35.720  -56.022  -16.734 0.6000000238
17091  34.836  -54.100  -18.177 0.6000000238
17862  35.596  -52.803  -18.834 0.6000000238
19478  36.609  -51.224  -20.127 0.5000000000
9963  33.617  -64.092  -12.036 0.5000000000
10531  33.897  -63.068  -13.744 0.5000000000
11062  33.544  -62.718  -12.147 0.5000000000
123373  33.628  -62.913  -12.954 0.5000000000
11088  34.414  -62.468  -14.105 0.6999999881
12391  34.128  -61.027  -12.898 0.6999999881
11089  33.859  -62.347  -13.423 0.5000000000
11076  33.633  -62.188  -12.701 0.5000000000
11723  34.997  -61.781  -14.309 0.6999999881
11702  34.509  -61.295  -13.631 0.6999999881
132036  36.226  -60.761  -13.910 0.6999999881
124129  32.491  -66.304  -7.705 0.3000000119
15075  33.225  -57.511  -19.949 0.6999999881
12477  33.947  -60.065  -18.915 0.6000000238
15731  33.013  -56.698  -20.100 0.6999999881
17115  32.334  -53.954  -20.947 0.6999999881
10016  35.058  -64.259  -14.516 0.6000000238
15066  37.296  -57.214  -19.019 0.6000000238
17875  36.213  -53.478  -21.972 0.6999999881
141648  33.829  -51.887  -21.934 0.6000000238
122582  35.571  -52.014  -22.440 0.6999999881
20311  34.520  -50.932  -22.665 0.6000000238
18671  37.199  -52.603  -22.418 0.6999999881
20313  32.837  -50.587  -22.290 0.5000000000
133872  31.987  -49.879  -22.143 0.5000000000
20316  37.107  -50.545  -23.008 0.5000000000
13731  38.276  -58.636  -16.725 0.5000000000
13052  39.076  -59.788  -13.600 0.6999999881
15054  37.710  -57.418  -16.141 0.5000000000
17090  35.721  -54.032  -18.350 0.6000000238
18653  36.066  -52.248  -19.231 0.6000000238
14382  38.837  -58.382  -15.181 0.6000000238
135292  35.934  -55.260  -17.771 0.6000000238
14377  38.322  -57.939  -14.731 0.5000000000
13029  33.968  -60.035  -11.821 0.6000000238
14298  33.256  -58.244  -8.088 0.6000000238
14940  32.908  -56.951  -6.970 0.4000000060
147434  33.849  -58.914  -9.962 0.5000000000
12381  34.353  -60.313  -12.595 0.6000000238
10045  32.734  -64.737  -17.845 0.5000000000
14925  32.753  -56.776  -6.296 0.4000000060
10054  33.404  -64.218  -18.248 0.5000000000
126011  33.379  -63.071  -17.837 0.5000000000
13641  33.385  -58.830  -8.868 0.5000000000
136327  32.861  -55.083  -5.686 0.4000000060
10592  33.674  -63.350  -18.241 0.5000000000
142213  33.706  -61.793  -18.088 0.5000000000
136880  33.907  -58.061  -8.783 0.6000000238
13670  34.160  -58.879  -10.493 0.5000000000
13043  35.087  -59.910  -12.932 0.6000000238
17715  33.282  -53.749  -4.698 0.4000000060
18468  34.321  -53.150  -4.411 0.4000000060
14939  33.288  -56.668  -7.610 0.4000000060
131374  32.983  -59.991  -17.083 0.5000000000
141026  34.359  -57.981  -9.228 0.5000000000
12462  33.261  -60.485  -17.676 0.5000000000
13083  32.343  -59.491  -18.048 0.5000000000
13018  34.451  -59.318  -11.635 0.6000000238
13027  35.579  -59.304  -12.400 0.6000000238
12407  35.622  -60.325  -13.521 0.6000000238
13088  33.312  -59.855  -18.977 0.5000000000
13090  31.860  -59.543  -18.925 0.5000000000
13740  31.651  -59.198  -18.311 0.4000000060
13669  34.781  -58.327  -10.358 0.5000000000
14327  34.451  -58.297  -9.802 0.5000000000
145679  35.385  -58.442  -11.101 0.6000000238
13692  36.400  -58.736  -11.755 0.6000000238
143053  36.497  -59.188  -12.462 0.6000000238
13706  37.453  -58.839  -11.947 0.6000000238
13041  37.355  -59.568  -12.828 0.6000000238
132253  32.940  -55.609  -6.906 0.4000000060
17716  32.919  -53.966  -5.265 0.4000000060
13748  31.760  -58.995  -20.169 0.5000000000
137477  30.730  -59.288  -19.634 0.5000000000
13742  30.364  -58.629  -18.568 0.4000000060
13746  31.943  -59.342  -19.856 0.6000000238
13735  31.140  -58.793  -18.048 0.4000000060
14309  34.942  -57.623  -9.368 0.6000000238
14325  36.002  -57.519  -10.088 0.6000000238
13681  37.050  -57.762  -10.919 0.6000000238
14338  37.690  -58.063  -11.344 0.6000000238
19291  33.890  -52.161  -4.984 0.4000000060
130617  30.588  -58.713  -20.323 0.5000000000
14403  29.744  -58.201  -19.668 0.4000000060
15068  28.817  -57.396  -19.114 0.4000000060
15603  33.512  -56.160  -7.932 0.6000000238
15604  33.067  -56.186  -7.295 0.4000000060
14964  34.997  -56.984  -9.237 0.6000000238
14297  33.911  -57.440  -8.365 0.6000000238
14308  35.502  -57.286  -9.691 0.5000000000
15647  36.056  -56.845  -10.482 0.6000000238
14963  35.456  -56.883  -9.690 0.5000000000
14350  38.303  -58.327  -11.776 0.6000000238
19289  35.431  -51.759  -5.071 0.4000000060
16964  32.780  -54.341  -5.976 0.4000000060
128287  30.868  -57.131  -20.579 0.6000000238
15079  30.018  -57.361  -20.341 0.5000000000
140205  28.367  -57.008  -19.546 0.5000000000
15069  28.270  -56.998  -19.122 0.5000000000
133568  33.082  -55.104  -7.892 0.4000000060
16284  32.902  -55.010  -7.251 0.4000000060
16296  33.550  -55.562  -8.314 0.5000000000
16304  34.451  -55.759  -9.910 0.5000000000
15636  34.978  -56.087  -10.182 0.5000000000
15646  36.561  -57.122  -10.831 0.6000000238
15008  37.340  -57.272  -11.737 0.6000000238
14363  38.488  -58.134  -12.626 0.6000000238
19304  33.005  -51.731  -6.042 0.4000000060
128431  33.348  -52.459  -5.156 0.4000000060
20123  34.299  -51.040  -5.889 0.4000000060
20122  35.118  -50.964  -6.009 0.4000000060
16404  32.688  -55.228  -20.488 0.6000000238
18503  32.599  -52.375  -6.381 0.4000000060
18495  32.744  -52.908  -5.908 0.4000000060
134906  29.992  -55.710  -20.719 0.6000000238
16406  29.048  -55.883  -20.465 0.5000000000
15737  27.911  -56.589  -19.718 0.4000000060
16986  32.779  -54.405  -7.742 0.4000000060
15629  34.275  -55.908  -9.174 0.5000000000
15648  35.295  -56.095  -10.829 0.5000000000
132828  35.879  -56.225  -12.123 0.6000000238
15007  37.937  -57.700  -12.111 0.6000000238
15025  37.853  -57.517  -13.182 0.6000000238
20138  33.770  -50.827  -6.433 0.4000000060
17104  32.109  -54.664  -20.785 0.6000000238
133922  30.926  -55.582  -20.831 0.6000000238
147263  29.610  -55.185  -20.644 0.5000000000
147055  27.497  -55.443  -19.391 0.5000000000
17732  32.285  -52.752  -7.061 0.4000000060
16998  32.790  -54.234  -8.466 0.4000000060
17004  33.031  -54.445  -9.163 0.5000000000
16315  33.913  -55.202  -10.326 0.5000000000
15674  36.531  -56.655  -12.418 0.5000000000
20137  34.574  -50.690  -6.510 0.4000000060
140957  30.928  -54.275  -20.990 0.6000000238
125296  30.428  -54.013  -20.844 0.5000000000
17873  29.126  -54.123  -20.041 0.5000000000
17011  33.474  -54.854  -9.797 0.5000000000
16320  34.596  -55.410  -11.482 0.4000000060
16331  35.219  -55.631  -12.667 0.4000000060
15687  36.392  -56.570  -13.388 0.4000000060
15040  37.022  -57.033  -13.797 0.6000000238
20152  34.879  -50.354  -7.134 0.4000000060
20139  33.099  -51.136  -6.481 0.4000000060
17116  31.565  -54.141  -21.006 0.6000000238
19317  32.285  -51.607  -7.330 0.4000000060
18669  31.753  -52.716  -21.410 0.5000000000
17879  31.044  -53.677  -21.030 0.5000000000
17872  29.905  -53.683  -20.311 0.5000000000
17864  28.681  -53.721  -19.612 0.4000000060
17871  30.591  -53.175  -20.821 0.4000000060
17018  33.390  -54.577  -10.588 0.5000000000
126040  33.350  -54.251  -11.416 0.5000000000
145930  33.738  -54.597  -11.701 0.6000000238
16346  35.180  -55.546  -13.509 0.4000000060
15688  35.702  -56.070  -13.893 0.4000000060
126935  35.679  -56.169  -15.425 0.4000000060
17054  34.309  -54.417  -13.392 0.5000000000
19483  31.384  -51.988  -21.493 0.5000000000
125151  31.051  -52.527  -21.095 0.6000000238
124070  31.258  -51.248  -21.424 0.4000000060
16369  34.784  -55.133  -14.834 0.5000000000
15704  35.397  -55.919  -15.962 0.5000000000
17804  33.626  -53.444  -13.144 0.5000000000
17041  34.202  -54.644  -12.655 0.5000000000
16361  34.675  -54.937  -13.970 0.5000000000
16360  35.195  -55.556  -14.343 0.5000000000
20154  32.879  -50.558  -7.603 0.4000000060
18646  34.737  -52.776  -18.630 0.5000000000
16383  35.101  -55.628  -16.460 0.4000000060
16378  34.820  -55.294  -15.710 0.5000000000
17064  34.070  -53.906  -14.505 0.5000000000
17055  33.952  -53.743  -13.706 0.5000000000
20309  31.275  -50.492  -21.424 0.4000000060
17856  34.222  -53.427  -18.201 0.4000000060
17851  33.744  -53.533  -17.452 0.4000000060
17083  34.751  -54.588  -17.814 0.5000000000
17078  34.536  -54.772  -17.245 0.5000000000
17071  34.356  -54.656  -15.856 0.5000000000
128624  34.252  -54.543  -16.523 0.5000000000
127754  34.161  -54.219  -15.224 0.5000000000
17839  33.791  -53.480  -15.182 0.5000000000
132283  33.627  -53.313  -15.918 0.4000000060
13093  32.805  -59.480  -19.518 0.5000000000
15077  31.581  -57.534  -20.560 0.6000000238
11773  33.784  -61.065  -18.430 0.6000000238
128293  32.204  -56.816  -20.419 0.6000000238
9546  32.884  -65.154  -18.008 0.5000000000
19482  32.080  -52.018  -21.751 0.5000000000
15039  37.667  -57.497  -14.256 0.6000000238
15050  36.898  -57.036  -14.753 0.4000000060
13082  32.913  -59.943  -17.839 0.5000000000
12474  33.419  -60.199  -18.472 0.5000000000
13089  32.705  -59.803  -18.764 0.5000000000
13750  30.302  -58.881  -19.864 0.4000000060
14396  29.817  -58.138  -18.725 0.4000000060
15618  34.061  -56.231  -8.556 0.6000000238
14407  30.103  -58.265  -20.183 0.6000000238
14408  29.161  -57.564  -19.516 0.4000000060
123920  32.641  -53.798  -6.474 0.4000000060
15733  31.498  -56.411  -20.663 0.6000000238
15734  30.483  -56.430  -20.600 0.6000000238
15735  29.487  -56.543  -20.421 0.5000000000
15726  27.877  -56.621  -19.351 0.5000000000
132535  28.737  -56.360  -18.156 0.5000000000
16398  27.740  -55.990  -19.442 0.5000000000
17106  30.393  -54.839  -20.931 0.5000000000
17108  28.794  -55.110  -20.260 0.5000000000
17107  29.721  -54.482  -20.539 0.5000000000
15660  35.247  -55.823  -11.799 0.5000000000
17096  28.187  -54.620  -19.895 0.5000000000
17760  32.660  -53.836  -9.524 0.5000000000
18670  31.191  -53.096  -21.147 0.6000000238
15697  35.666  -56.103  -14.714 0.3000000119
17845  33.623  -53.461  -16.639 0.4000000060
5420  36.114  -72.361  -7.260 0.3000000119
137541  36.631  -72.517  -8.614 0.3000000119
5887  36.484  -71.781  -7.782 0.3000000119
124061  37.500  -70.948  -9.545 0.3000000119
5900  37.172  -71.435  -8.999 0.3000000119
6376  37.376  -70.633  -8.813 0.3000000119
5925  37.368  -71.232  -11.018 0.3000000119
133601  37.800  -70.443  -9.650 0.3000000119
7354  38.389  -68.281  -6.603 0.3000000119
121553  37.480  -69.997  -8.430 0.3000000119
121430  38.404  -69.261  -9.633 0.3000000119
6895  38.182  -69.814  -10.324 0.3000000119
132571  38.321  -68.560  -7.425 0.3000000119
127082  39.313  -67.558  -7.203 0.3000000119
7885  38.870  -68.017  -7.320 0.3000000119
7399  38.744  -68.747  -9.100 0.4000000060
131031  38.862  -68.653  -10.159 0.4000000060
7438  38.404  -68.452  -11.140 0.4000000060
7439  37.889  -68.655  -11.253 0.3000000119
8943  40.523  -65.751  -7.332 0.3000000119
8438  39.876  -66.883  -8.426 0.4000000060
8458  39.699  -66.870  -9.399 0.4000000060
7418  38.898  -68.194  -10.797 0.4000000060
8926  40.578  -65.598  -6.360 0.3000000119
7951  38.295  -67.907  -11.028 0.4000000060
9874  40.465  -63.849  -5.072 0.4000000060
9394  40.908  -64.723  -6.085 0.4000000060
7420  37.510  -68.208  -10.780 0.4000000060
7941  37.161  -68.047  -9.768 0.3000000119
141860  40.771  -65.161  -7.945 0.4000000060
8957  40.499  -65.672  -8.465 0.3000000119
8474  39.772  -66.000  -9.670 0.4000000060
9889  40.516  -63.537  -5.842 0.4000000060
8993  39.368  -66.251  -9.821 0.5000000000
8494  38.916  -67.323  -10.752 0.4000000060
9007  33.086  -66.347  -10.092 0.5000000000
125794  40.001  -63.936  -4.510 0.4000000060
8477  38.391  -67.029  -10.029 0.4000000060
8442  32.499  -66.350  -6.920 0.3000000119
8977  33.562  -65.437  -8.037 0.4000000060
7909  36.059  -67.862  -7.736 0.3000000119
125631  32.510  -65.623  -17.781 0.4000000060
10046  31.778  -65.049  -17.331 0.4000000060
9506  33.835  -65.162  -13.700 0.4000000060
9496  33.609  -64.922  -13.013 0.4000000060
9040  33.627  -65.676  -13.142 0.4000000060
9898  40.869  -63.816  -7.941 0.4000000060
9415  40.741  -64.849  -8.893 0.3000000119
134154  33.516  -65.372  -12.524 0.4000000060
9018  33.396  -66.045  -11.332 0.4000000060
10400  39.970  -63.610  -5.328 0.4000000060
8978  32.890  -66.020  -8.384 0.4000000060
8459  38.610  -66.449  -9.411 0.4000000060
8994  33.504  -65.508  -8.959 0.5000000000
7928  37.245  -67.612  -8.966 0.5000000000
8960  33.687  -65.527  -7.167 0.4000000060
8948  33.126  -66.050  -6.501 0.4000000060
8441  36.703  -67.076  -7.485 0.3000000119
8928  34.289  -66.200  -6.140 0.4000000060
10594  32.362  -64.223  -17.227 0.4000000060
135442  34.014  -63.876  -14.022 0.4000000060
10429  40.406  -63.213  -7.286 0.4000000060
9434  40.706  -64.090  -8.844 0.4000000060
9475  33.634  -64.693  -11.538 0.4000000060
122892  33.586  -65.296  -11.014 0.5000000000
124136  39.951  -63.207  -7.940 0.4000000060
9452  40.059  -65.060  -9.688 0.4000000060
136503  33.751  -65.112  -10.287 0.5000000000
10420  39.285  -63.377  -6.072 0.4000000060
123495  39.228  -63.169  -7.716 0.4000000060
9912  39.599  -63.754  -9.074 0.4000000060
9437  39.144  -64.399  -9.050 0.5000000000
8958  38.165  -65.928  -8.299 0.5000000000
9464  33.828  -64.529  -10.804 0.4000000060
9927  34.326  -64.266  -10.193 0.5000000000
130920  38.219  -63.575  -5.732 0.4000000060
8419  37.367  -66.440  -7.513 0.5000000000
9442  34.156  -65.014  -8.793 0.4000000060
139143  36.699  -66.556  -6.983 0.4000000060
8945  35.416  -66.001  -6.603 0.4000000060
8400  34.876  -66.353  -6.183 0.4000000060
9408  34.414  -65.396  -7.107 0.4000000060
10502  33.618  -63.383  -11.757 0.4000000060
134781  33.587  -62.797  -11.494 0.3000000119
10453  38.871  -63.610  -8.639 0.4000000060
141683  38.809  -63.846  -8.802 0.4000000060
9938  34.173  -63.787  -10.707 0.4000000060
15063  29.659  -57.127  -17.891 0.4000000060
10403  37.299  -63.570  -5.358 0.4000000060
10422  37.592  -63.373  -6.441 0.4000000060
9417  38.166  -64.956  -8.366 0.5000000000
144132  37.533  -64.970  -8.093 0.5000000000
9937  34.639  -63.602  -10.203 0.5000000000
9453  34.734  -64.398  -9.596 0.4000000060
135336  36.793  -63.344  -6.036 0.4000000060
143614  36.815  -66.021  -7.177 0.4000000060
9441  34.940  -64.690  -8.853 0.4000000060
9407  35.232  -65.439  -7.094 0.4000000060
9440  35.755  -64.400  -8.844 0.4000000060
11687  33.518  -61.955  -12.031 0.4000000060
10487  33.799  -63.245  -11.046 0.3000000119
10431  37.743  -63.237  -7.524 0.4000000060
10440  37.626  -63.461  -8.305 0.4000000060
10475  34.113  -63.080  -10.310 0.3000000119
123379  37.050  -63.153  -7.086 0.4000000060
10432  36.663  -63.037  -7.694 0.4000000060
10454  37.292  -63.730  -8.606 0.4000000060
9405  36.900  -65.071  -7.837 0.5000000000
139954  36.066  -63.236  -5.657 0.4000000060
10423  36.355  -63.097  -6.700 0.4000000060
9914  36.521  -63.734  -8.997 0.4000000060
9915  36.103  -63.855  -9.268 0.4000000060
9916  35.533  -63.967  -9.496 0.4000000060
12382  33.848  -60.830  -12.222 0.4000000060
10441  36.934  -63.318  -8.402 0.4000000060
5458  33.274  -72.680  -9.188 0.3000000119
8399  39.390  -67.280  -5.797 0.3000000119
8927  40.165  -66.215  -5.800 0.3000000119
9873  40.624  -64.296  -4.750 0.4000000060
10385  38.806  -63.727  -3.583 0.4000000060
10401  38.860  -63.731  -5.049 0.4000000060
10947  37.808  -62.801  -2.821 0.4000000060
10382  36.734  -63.090  -3.559 0.4000000060
11032  33.525  -62.441  -10.903 0.3000000119
10388  36.243  -63.213  -4.254 0.4000000060
11667  33.390  -61.639  -11.337 0.4000000060
11017  33.605  -62.313  -10.095 0.4000000060
11016  34.148  -62.662  -9.665 0.4000000060
10969  34.929  -62.678  -4.470 0.4000000060
10433  35.983  -62.854  -7.379 0.4000000060
10442  36.333  -63.012  -8.346 0.4000000060
143270  36.012  -63.092  -8.870 0.4000000060
11006  34.659  -62.706  -9.300 0.3000000119
10464  34.960  -63.254  -9.749 0.4000000060
10425  34.845  -62.803  -5.807 0.4000000060
9006  33.472  -65.665  -9.782 0.4000000060
121453  33.534  -60.820  -11.546 0.4000000060
5035  36.415  -73.324  -9.389 0.3000000119
6377  36.872  -71.199  -8.277 0.3000000119
5454  37.139  -71.976  -10.575 0.3000000119
4579  32.491  -73.834  -9.884 0.3000000119
5457  34.083  -72.283  -9.679 0.3000000119
6875  37.891  -69.951  -9.159 0.3000000119
7884  38.983  -67.764  -6.377 0.3000000119
6874  37.992  -69.384  -8.498 0.4000000060
6903  38.154  -69.298  -11.125 0.4000000060
7906  39.418  -67.532  -8.238 0.3000000119
134261  39.690  -67.148  -7.617 0.3000000119
145195  39.090  -68.282  -9.200 0.4000000060
7938  39.025  -67.722  -10.578 0.4000000060
8916  40.592  -65.471  -5.496 0.3000000119
10384  39.697  -63.940  -3.602 0.4000000060
8976  39.786  -65.223  -9.879 0.4000000060
8440  37.304  -67.062  -8.133 0.5000000000
8420  36.024  -67.058  -6.899 0.3000000119
134861  39.002  -65.854  -9.229 0.5000000000
10402  37.860  -63.725  -4.596 0.4000000060
9439  36.497  -64.157  -8.781 0.4000000060
9925  35.832  -63.564  -9.319 0.4000000060
12981  32.651  -60.013  -8.475 0.4000000060
12996  32.995  -59.609  -9.068 0.4000000060
13610  32.557  -58.408  -6.085 0.4000000060
14287  32.748  -58.006  -7.080 0.3000000119
13642  32.891  -59.209  -8.312 0.5000000000
13008  33.044  -60.001  -9.806 0.4000000060
12368  33.499  -60.179  -11.050 0.4000000060
16951  40.614  -54.411  -4.571 0.3000000119
132410  39.555  -55.107  -4.422 0.3000000119
17705  37.141  -53.463  -4.240 0.3000000119
16953  35.150  -54.253  -4.073 0.3000000119
17708  34.679  -53.647  -4.216 0.3000000119
16961  33.133  -54.475  -4.830 0.3000000119
16952  39.199  -54.489  -4.312 0.3000000119
134084  38.527  -54.130  -4.238 0.3000000119
17704  37.991  -53.437  -4.317 0.3000000119
16950  41.430  -54.383  -4.741 0.3000000119
17701  40.873  -53.690  -4.642 0.3000000119
17707  35.482  -53.556  -4.179 0.3000000119
18485  35.231  -52.343  -4.667 0.3000000119
137470  39.561  -53.214  -4.538 0.3000000119
142479  38.840  -52.222  -4.947 0.3000000119
18465  36.669  -52.825  -4.442 0.3000000119
19283  40.850  -51.849  -5.231 0.3000000119
18481  39.719  -52.518  -4.878 0.3000000119
20100  39.283  -51.266  -5.552 0.3000000119
20098  40.488  -51.451  -5.434 0.3000000119
133729  40.305  -50.813  -6.409 0.3000000119
18479  41.331  -52.346  -5.072 0.3000000119
19287  37.561  -51.727  -5.149 0.3000000119
19299  37.247  -51.275  -5.558 0.3000000119
20121  35.973  -50.961  -6.146 0.3000000119
20129  41.721  -50.755  -6.785 0.3000000119
19286  38.292  -51.685  -5.178 0.3000000119
20133  37.664  -50.846  -6.691 0.3000000119
20130  40.878  -50.769  -6.823 0.3000000119
20146  40.252  -50.808  -7.272 0.3000000119
20118  39.074  -50.933  -6.104 0.3000000119
146778  39.933  -51.031  -7.980 0.3000000119
20136  35.412  -50.687  -6.658 0.3000000119
20120  36.909  -50.964  -6.256 0.3000000119
20134  36.990  -50.767  -7.097 0.3000000119
20923  36.003  -50.253  -7.987 0.3000000119
20925  34.344  -50.037  -7.639 0.3000000119
20937  35.567  -49.832  -8.401 0.3000000119
20938  34.714  -49.682  -8.250 0.3000000119
20939  33.745  -49.749  -8.244 0.3000000119
14923  32.810  -56.963  -5.693 0.3000000119
13629  32.692  -58.896  -7.529 0.4000000060
16955  33.602  -54.384  -4.381 0.3000000119
137460  36.107  -51.621  -5.218 0.3000000119
124459  32.401  -59.409  -7.081 0.5000000000
17702  40.090  -53.764  -4.471 0.3000000119
18464  37.534  -52.841  -4.542 0.3000000119
133642  35.973  -54.180  -4.055 0.3000000119
16256  33.983  -55.058  -4.181 0.3000000119
136581  33.208  -55.590  -4.810 0.3000000119
18462  39.069  -52.810  -4.669 0.3000000119
18461  40.319  -53.082  -4.667 0.3000000119
18484  36.159  -52.167  -4.774 0.3000000119
19285  39.483  -51.839  -5.198 0.3000000119
20160  40.709  -51.120  -8.081 0.3000000119
19325  41.126  -51.713  -8.685 0.3000000119
19298  37.891  -51.331  -5.462 0.3000000119
20144  42.281  -50.962  -7.696 0.3000000119
20147  39.268  -50.886  -7.488 0.3000000119
11007  33.891  -62.330  -8.991 0.3000000119
125069  34.502  -62.521  -8.663 0.4000000060
11584  33.224  -61.746  -5.551 0.4000000060
11587  32.997  -61.838  -6.399 0.4000000060
141917  33.585  -62.168  -9.511 0.3000000119
12297  32.947  -60.977  -5.185 0.4000000060
12276  33.577  -60.552  -4.666 0.3000000119
11601  33.289  -61.940  -8.354 0.4000000060
11588  32.573  -61.402  -6.848 0.4000000060
12292  32.911  -60.207  -5.058 0.3000000119
11602  32.845  -61.409  -8.449 0.3000000119
11591  32.800  -61.551  -7.670 0.4000000060
12951  32.542  -59.841  -5.559 0.4000000060
12325  32.629  -60.777  -8.526 0.3000000119
12310  32.404  -60.466  -7.854 0.4000000060
12953  32.342  -59.443  -6.294 0.4000000060
132364  33.204  -61.651  -9.714 0.3000000119
11646  32.999  -60.900  -9.945 0.3000000119
12369  33.219  -60.940  -10.804 0.3000000119
11645  33.266  -61.649  -10.486 0.3000000119
12300  32.219  -60.185  -7.018 0.4000000060
10995  33.406  -62.113  -7.696 0.4000000060
9863  40.573  -64.509  -4.041 0.3000000119
10443  35.548  -62.705  -8.101 0.3000000119
9834  41.262  -64.103  -1.198 0.3000000119
9846  40.808  -64.396  -2.005 0.3000000119
9847  40.501  -63.966  -2.409 0.3000000119
9864  40.289  -64.214  -4.101 0.3000000119
10994  34.124  -62.449  -7.856 0.3000000119
10434  35.126  -62.734  -6.858 0.3000000119
11523  42.503  -61.789  -0.586 0.3000000119
10351  40.909  -62.652  -1.610 0.3000000119
136840  41.807  -61.454  -0.958 0.3000000119
10366  39.675  -63.185  -2.380 0.3000000119
10367  38.956  -63.038  -2.513 0.3000000119
10986  34.205  -62.555  -6.282 0.3000000119
12904  43.951  -59.633  -0.578 0.3000000119
12246  42.197  -60.923  -0.814 0.3000000119
12887  42.897  -60.543  -0.709 0.3000000119
11539  40.529  -61.866  -1.451 0.3000000119
12247  41.283  -60.899  -1.060 0.3000000119
11540  39.661  -61.808  -1.756 0.3000000119
13554  43.401  -59.302  -1.394 0.3000000119
13555  42.619  -59.413  -1.551 0.3000000119
12248  40.492  -60.637  -1.321 0.3000000119
12907  41.128  -60.090  -1.259 0.3000000119
10940  38.411  -62.569  -2.440 0.3000000119
11555  37.453  -61.719  -2.702 0.3000000119
10949  36.331  -62.338  -3.214 0.3000000119
13553  44.063  -58.959  -1.023 0.3000000119
133157  39.196  -60.942  -1.971 0.3000000119
12908  40.222  -60.026  -1.647 0.3000000119
12263  38.499  -60.508  -2.492 0.3000000119
10982  34.250  -62.509  -5.394 0.3000000119
13568  42.970  -58.789  -2.054 0.3000000119
14224  44.408  -57.663  -1.688 0.3000000119
13569  42.097  -58.774  -2.140 0.3000000119
12918  41.638  -59.423  -1.656 0.3000000119
134784  39.337  -59.619  -2.499 0.3000000119
12268  37.140  -60.913  -2.993 0.3000000119
10954  35.292  -62.427  -3.879 0.3000000119
10970  34.370  -62.337  -4.696 0.3000000119
11563  33.998  -61.141  -4.406 0.3000000119
10456  35.363  -62.851  -9.065 0.3000000119
14227  42.537  -58.142  -2.692 0.3000000119
13571  40.300  -58.955  -2.589 0.3000000119
12267  37.783  -60.307  -2.955 0.3000000119
11558  36.037  -61.470  -3.249 0.3000000119
10923  40.233  -62.890  -1.995 0.3000000119
10922  41.719  -62.708  -1.207 0.3000000119
10364  40.936  -63.719  -1.847 0.3000000119
5015  36.417  -73.074  -8.493 0.3000000119
5037  32.955  -73.248  -9.574 0.3000000119
5436  36.670  -72.758  -9.121 0.3000000119
5901  36.756  -71.970  -8.446 0.3000000119
5914  37.380  -71.448  -9.985 0.3000000119
6395  37.789  -70.656  -10.472 0.3000000119
7398  39.101  -68.220  -9.960 0.4000000060
7419  38.585  -68.885  -10.764 0.4000000060
7501  32.928  -69.453  -14.837 0.5000000000
7907  38.919  -68.290  -8.350 0.4000000060
7927  39.308  -67.684  -9.525 0.4000000060
7939  38.628  -67.310  -10.877 0.4000000060
7940  37.916  -67.542  -10.266 0.3000000119
7950  38.734  -67.676  -10.966 0.4000000060
8026  34.542  -67.841  -15.309 0.4000000060
8045  33.752  -68.210  -16.452 0.4000000060
8060  33.610  -67.584  -16.818 0.4000000060
8417  40.144  -66.365  -6.628 0.3000000119
8418  39.648  -67.113  -6.723 0.3000000119
8421  35.513  -66.617  -6.365 0.4000000060
8423  32.552  -66.511  -6.243 0.3000000119
8437  40.124  -66.506  -7.725 0.3000000119
8439  37.883  -66.579  -8.285 0.5000000000
8457  40.109  -66.204  -9.043 0.3000000119
8460  37.914  -67.040  -9.094 0.5000000000
8475  39.166  -67.002  -10.135 0.4000000060
8476  38.977  -67.105  -10.346 0.4000000060
8513  32.904  -67.503  -11.147 0.6000000238
8553  34.052  -67.002  -13.889 0.4000000060
8567  34.499  -67.528  -14.493 0.4000000060
8577  35.562  -66.677  -15.394 0.4000000060
8582  35.225  -66.797  -16.233 0.4000000060
8592  33.697  -66.094  -17.547 0.4000000060
8929  33.609  -66.422  -5.981 0.4000000060
8930  32.919  -66.585  -6.017 0.4000000060
8942  40.873  -64.956  -7.079 0.4000000060
8944  36.131  -66.268  -6.731 0.4000000060
8946  34.684  -65.817  -6.527 0.4000000060
8947  33.928  -65.813  -6.497 0.4000000060
8959  37.531  -65.662  -7.723 0.5000000000
8961  33.012  -65.869  -7.406 0.3000000119
8975  40.356  -65.330  -9.466 0.3000000119
9064  35.521  -66.361  -14.816 0.4000000060
9082  35.574  -66.245  -16.454 0.5000000000
9380  40.810  -64.738  -5.161 0.4000000060
9406  36.097  -65.582  -7.063 0.4000000060
9414  40.923  -64.441  -7.972 0.4000000060
9416  38.833  -65.313  -8.798 0.5000000000
9418  37.403  -64.067  -8.581 0.4000000060
9419  35.946  -64.992  -7.890 0.4000000060
9420  35.073  -65.056  -7.929 0.4000000060
9421  34.258  -65.173  -7.913 0.4000000060
9435  40.494  -64.531  -9.575 0.4000000060
9436  40.127  -64.456  -9.603 0.4000000060
9438  38.231  -63.937  -8.659 0.5000000000
9454  33.973  -64.975  -9.595 0.5000000000
9485  33.559  -64.786  -12.295 0.4000000060
9515  36.334  -65.009  -14.965 0.5000000000
9516  35.941  -65.653  -14.801 0.4000000060
9517  35.017  -65.164  -14.486 0.6000000238
9524  36.599  -64.890  -15.532 0.5000000000
9547  31.175  -65.531  -17.386 0.4000000060
9552  33.810  -64.857  -18.361 0.6000000238
9553  33.351  -64.770  -18.299 0.6000000238
9860  40.511  -64.485  -3.424 0.3000000119
9861  40.235  -64.188  -3.165 0.3000000119
9888  40.802  -63.950  -5.750 0.4000000060
9899  40.548  -63.502  -8.316 0.4000000060
9900  40.061  -63.499  -8.700 0.4000000060
9911  40.397  -63.886  -9.288 0.4000000060
9913  38.217  -63.733  -8.594 0.4000000060
9926  35.165  -63.745  -9.940 0.4000000060
9947  33.797  -63.958  -11.314 0.3000000119
9979  33.574  -64.219  -12.790 0.4000000060
9997  34.149  -64.694  -14.141 0.4000000060
9998  33.721  -64.405  -13.534 0.4000000060
10014  36.304  -64.259  -15.050 0.5000000000
10015  36.022  -64.287  -14.835 0.4000000060
10025  36.462  -64.117  -15.444 0.5000000000
10043  35.111  -64.372  -17.841 0.6999999881
10350  41.447  -63.379  -1.343 0.3000000119
10365  40.423  -63.425  -2.214 0.3000000119
10378  39.967  -63.732  -2.714 0.3000000119
10379  39.223  -63.488  -2.908 0.4000000060
10380  38.343  -63.228  -2.973 0.4000000060
10381  37.537  -63.155  -3.259 0.4000000060
10386  38.035  -63.558  -3.709 0.4000000060
10387  36.979  -63.480  -4.411 0.4000000060
10389  35.562  -62.978  -4.324 0.3000000119
10404  36.530  -63.399  -5.070 0.4000000060
10405  35.336  -63.029  -5.165 0.4000000060
10406  34.718  -62.719  -5.075 0.4000000060
10418  40.666  -63.463  -6.590 0.4000000060
10419  40.222  -63.260  -6.364 0.4000000060
10421  38.601  -63.234  -6.974 0.4000000060
10424  35.595  -63.005  -6.242 0.4000000060
10428  40.733  -63.524  -7.428 0.4000000060
10430  39.703  -63.120  -7.066 0.4000000060
10438  39.374  -63.366  -8.409 0.4000000060
10439  38.497  -63.329  -8.124 0.4000000060
10455  36.484  -63.471  -8.891 0.4000000060
10567  36.252  -63.533  -15.760 0.6000000238
10593  33.079  -63.830  -17.831 0.5000000000
10601  34.981  -63.051  -18.082 0.6999999881
10603  33.840  -63.584  -18.394 0.6999999881
10939  39.398  -62.541  -2.124 0.3000000119
10941  37.768  -62.328  -2.639 0.4000000060
10948  37.158  -62.500  -2.952 0.3000000119
10950  35.706  -62.178  -3.437 0.3000000119
10953  35.917  -62.792  -3.672 0.4000000060
10971  33.820  -62.048  -5.038 0.3000000119
10983  33.768  -62.245  -5.650 0.4000000060
10987  33.650  -62.290  -6.956 0.4000000060
10988  33.012  -61.888  -7.098 0.4000000060
11048  33.485  -62.292  -11.597 0.3000000119
11102  36.145  -63.053  -15.086 0.6999999881
11104  35.352  -62.686  -14.626 0.6999999881
11124  36.097  -62.361  -16.113 0.6000000238
11149  34.388  -62.525  -18.489 0.6999999881
11537  41.823  -62.067  -1.019 0.3000000119
11538  41.217  -61.620  -1.186 0.3000000119
11553  38.848  -61.833  -2.097 0.3000000119
11554  38.116  -61.807  -2.396 0.3000000119
11557  36.749  -61.687  -2.972 0.3000000119
11577  34.111  -61.755  -4.461 0.3000000119
11578  33.565  -61.397  -4.835 0.3000000119
11585  32.551  -61.156  -5.995 0.4000000060
11624  33.227  -61.787  -9.040 0.3000000119
11625  32.862  -61.184  -9.150 0.3000000119
11703  33.945  -61.693  -13.153 0.6999999881
11722  36.452  -61.388  -14.333 0.6999999881
11724  34.258  -61.877  -13.782 0.6999999881
11740  36.010  -62.071  -14.734 0.6999999881
11772  35.282  -61.779  -17.719 0.6999999881
11785  33.956  -61.907  -18.471 0.5000000000
12249  40.018  -61.178  -1.473 0.3000000119
12262  39.454  -60.109  -2.050 0.3000000119
12264  37.902  -61.069  -2.603 0.3000000119
12298  32.581  -60.522  -5.547 0.4000000060
12343  32.798  -60.408  -9.183 0.3000000119
12355  33.175  -60.327  -10.422 0.3000000119
12390  34.767  -60.600  -13.323 0.6000000238
12405  38.015  -60.822  -13.993 0.6999999881
12408  35.376  -61.050  -14.016 0.6999999881
12420  38.602  -60.532  -14.688 0.6000000238
12421  37.990  -60.905  -14.689 0.6999999881
12905  43.185  -59.975  -1.001 0.3000000119
12906  42.187  -60.113  -1.092 0.3000000119
12919  40.705  -59.452  -1.895 0.3000000119
12920  39.907  -59.534  -2.221 0.3000000119
12921  38.901  -59.950  -2.534 0.3000000119
12926  38.344  -59.798  -2.973 0.3000000119
12947  33.367  -59.825  -4.768 0.3000000119
12948  32.948  -59.469  -5.068 0.3000000119
12967  32.506  -59.693  -7.730 0.4000000060
12995  33.412  -59.253  -9.600 0.5000000000
13019  33.989  -59.440  -11.121 0.5000000000
13028  34.708  -59.609  -12.216 0.6000000238
13039  38.877  -59.697  -13.032 0.6999999881
13040  38.554  -59.796  -12.860 0.6999999881
13042  36.049  -59.697  -13.027 0.6000000238
13055  36.699  -60.268  -13.487 0.6999999881
13062  38.893  -60.259  -14.193 0.6999999881
13068  38.845  -59.974  -15.073 0.6000000238
13073  37.876  -59.982  -16.213 0.6000000238
13091  31.419  -59.404  -19.558 0.5000000000
13092  33.614  -59.506  -19.173 0.5000000000
13094  32.223  -59.568  -19.389 0.5000000000
13566  44.145  -58.341  -1.440 0.3000000119
13567  43.551  -58.683  -1.850 0.3000000119
13613  32.501  -58.829  -6.816 0.4000000060
13682  36.269  -58.179  -11.027 0.6000000238
13690  38.517  -58.776  -12.113 0.6999999881
13691  38.132  -58.510  -11.667 0.6000000238
13693  35.251  -58.846  -11.681 0.6000000238
13715  39.090  -59.201  -13.062 0.6999999881
13720  39.181  -59.111  -13.911 0.6999999881
13721  39.073  -58.889  -14.670 0.6000000238
13727  38.603  -59.019  -16.221 0.6000000238
13739  34.712  -58.909  -18.548 0.6000000238
13741  30.979  -59.239  -18.948 0.5000000000
13747  30.389  -59.028  -19.299 0.4000000060
13749  31.074  -59.141  -20.037 0.5000000000
14225  43.711  -58.056  -2.273 0.3000000119
14270  32.657  -57.461  -6.270 0.3000000119
14286  33.302  -57.337  -7.705 0.4000000060
14296  34.526  -57.478  -8.879 0.6000000238
14310  33.883  -58.562  -9.374 0.5000000000
14326  35.274  -57.774  -9.877 0.5000000000
14339  36.433  -57.655  -10.490 0.6000000238
14340  35.559  -58.018  -10.534 0.5000000000
14362  38.769  -58.777  -12.423 0.6000000238
14368  39.089  -58.809  -13.563 0.6999999881
14370  38.415  -57.990  -13.699 0.6999999881
14387  38.182  -57.984  -16.539 0.5000000000
14390  37.985  -58.131  -17.312 0.6000000238
14394  36.162  -58.074  -18.485 0.6000000238
14397  29.467  -57.910  -19.156 0.4000000060
14399  35.557  -57.773  -18.807 0.6000000238
14404  32.793  -58.146  -20.109 0.6999999881
14406  31.246  -58.528  -20.384 0.5000000000
14951  34.394  -56.893  -8.683 0.6000000238
14952  33.803  -56.777  -8.124 0.6000000238
14980  36.537  -57.449  -10.499 0.6000000238
14981  35.866  -57.160  -10.081 0.5000000000
14992  37.751  -57.861  -11.480 0.6000000238
14993  37.217  -57.551  -11.032 0.6000000238
15026  37.222  -57.068  -12.753 0.6000000238
15049  37.606  -57.476  -15.226 0.5000000000
15064  28.847  -56.994  -18.499 0.4000000060
15067  29.381  -57.629  -18.586 0.4000000060
15070  37.731  -56.856  -19.422 0.6000000238
15074  33.883  -57.421  -19.545 0.6999999881
15078  30.695  -57.996  -20.481 0.6000000238
15080  29.093  -57.208  -20.011 0.4000000060
15585  32.845  -56.309  -5.881 0.4000000060
15588  32.864  -56.238  -6.595 0.4000000060
15617  34.642  -56.483  -8.986 0.6000000238
15628  35.004  -56.397  -9.524 0.6000000238
15635  35.569  -56.555  -10.018 0.5000000000
15659  36.640  -56.901  -11.477 0.6000000238
15675  35.771  -56.107  -13.029 0.4000000060
15696  36.272  -56.544  -14.298 0.6000000238
15703  36.170  -56.462  -16.090 0.5000000000
15710  36.689  -56.424  -16.954 0.6000000238
15715  37.419  -56.292  -17.734 0.6000000238
15721  37.730  -55.745  -18.299 0.6000000238
15722  28.157  -56.598  -18.772 0.5000000000
15727  37.836  -56.049  -20.258 0.6000000238
15729  35.936  -56.137  -20.208 0.6999999881
15736  28.506  -56.644  -20.095 0.5000000000
16249  40.341  -55.146  -4.621 0.3000000119
16250  39.160  -55.717  -4.516 0.3000000119
16255  34.811  -54.981  -4.036 0.3000000119
16264  33.380  -55.067  -4.552 0.3000000119
16265  33.025  -55.099  -5.048 0.3000000119
16270  32.846  -55.666  -6.131 0.4000000060
16283  33.180  -55.592  -7.614 0.4000000060
16297  33.130  -54.864  -8.443 0.4000000060
16305  33.954  -55.396  -9.651 0.5000000000
16306  33.644  -55.255  -9.031 0.5000000000
16314  34.510  -55.571  -10.677 0.5000000000
16321  33.886  -54.962  -11.196 0.5000000000
16332  34.656  -55.224  -12.296 0.5000000000
16333  34.080  -54.881  -11.949 0.6000000238
16347  34.679  -55.064  -13.091 0.5000000000
16368  35.239  -55.686  -15.159 0.5000000000
16384  34.651  -55.107  -16.511 0.4000000060
16388  35.078  -55.019  -17.660 0.6000000238
16394  35.373  -54.655  -18.044 0.6000000238
16405  31.832  -55.440  -20.709 0.6000000238
16407  28.170  -56.034  -20.003 0.5000000000
16954  34.320  -54.322  -4.140 0.3000000119
16962  32.904  -54.594  -5.315 0.4000000060
16973  32.734  -54.353  -6.851 0.4000000060
17012  32.971  -54.217  -9.992 0.5000000000
17028  33.693  -54.261  -12.180 0.6000000238
17042  33.871  -54.012  -12.940 0.5000000000
17063  34.429  -54.525  -14.619 0.5000000000
17072  33.933  -53.983  -16.035 0.4000000060
17079  33.957  -54.140  -16.966 0.4000000060
17084  34.253  -54.151  -17.701 0.5000000000
17095  37.334  -53.781  -19.481 0.6999999881
17099  37.798  -54.903  -21.258 0.6000000238
17105  31.283  -54.809  -20.954 0.6000000238
17109  27.822  -55.437  -19.721 0.5000000000
17111  37.348  -54.450  -21.680 0.6999999881
17112  35.749  -54.135  -21.438 0.6000000238
17700  41.725  -53.633  -4.762 0.3000000119
17703  38.814  -53.354  -4.409 0.3000000119
17706  36.307  -53.486  -4.184 0.3000000119
17709  33.931  -53.683  -4.349 0.3000000119
17723  32.752  -53.547  -5.878 0.4000000060
17731  32.479  -53.584  -7.211 0.4000000060
17855  35.157  -53.441  -18.501 0.6000000238
17861  36.312  -52.818  -19.100 0.6000000238
17869  37.658  -53.552  -21.032 0.6999999881
17874  37.204  -53.413  -22.179 0.6999999881
17876  35.058  -53.388  -21.509 0.6999999881
17878  31.705  -53.474  -21.161 0.6000000238
18460  41.121  -53.003  -4.795 0.3000000119
18463  38.375  -52.808  -4.619 0.3000000119
18466  35.801  -52.860  -4.379 0.3000000119
18467  34.984  -52.999  -4.387 0.3000000119
18480  40.577  -52.464  -4.953 0.3000000119
18482  37.961  -52.261  -4.881 0.3000000119
18483  37.109  -52.257  -4.817 0.3000000119
18486  34.440  -52.549  -4.640 0.4000000060
18487  33.704  -52.953  -4.721 0.4000000060
18488  33.027  -53.117  -5.264 0.4000000060
18494  32.982  -52.381  -5.654 0.4000000060
18504  32.295  -52.112  -6.976 0.4000000060
18626  33.452  -52.826  -15.500 0.5000000000
18652  36.943  -52.622  -19.577 0.6000000238
18654  35.235  -52.228  -18.963 0.6000000238
18661  37.616  -53.531  -21.785 0.6999999881
19284  40.172  -51.932  -5.169 0.3000000119
19288  36.795  -51.693  -5.163 0.3000000119
19290  34.629  -51.908  -4.973 0.4000000060
19297  41.142  -51.208  -5.581 0.3000000119
19300  36.473  -51.254  -5.619 0.3000000119
19301  34.855  -51.380  -5.452 0.4000000060
19302  34.073  -51.549  -5.378 0.4000000060
19303  33.419  -51.876  -5.447 0.4000000060
19311  32.640  -51.640  -6.705 0.4000000060
19316  32.701  -51.066  -7.133 0.4000000060
19480  37.320  -51.491  -21.839 0.6000000238
19481  32.974  -51.915  -21.828 0.6000000238
19486  34.590  -51.584  -22.300 0.6000000238
19488  36.880  -51.317  -23.001 0.5000000000
20099  39.932  -51.381  -5.470 0.3000000119
20101  38.523  -51.158  -5.636 0.3000000119
20115  41.796  -50.876  -5.934 0.3000000119
20116  40.423  -51.051  -5.808 0.3000000119
20117  39.759  -50.990  -5.959 0.3000000119
20119  37.777  -51.031  -5.954 0.3000000119
20124  33.564  -51.295  -5.889 0.4000000060
20131  39.586  -50.839  -6.651 0.3000000119
20132  38.920  -50.851  -6.756 0.3000000119
20135  36.236  -50.744  -6.846 0.3000000119
20145  41.226  -50.888  -7.507 0.3000000119
20149  37.148  -50.708  -7.834 0.3000000119
20151  35.697  -50.454  -7.323 0.3000000119
20153  34.038  -50.424  -7.025 0.3000000119
20303  36.269  -50.568  -20.330 0.5000000000
20308  31.645  -50.860  -21.822 0.5000000000
20310  37.188  -51.328  -22.547 0.6000000238
20312  33.686  -50.528  -22.602 0.5000000000
20924  35.207  -50.052  -7.761 0.4000000060
20926  33.537  -50.235  -7.571 0.4000000060
21090  33.136  -50.093  -22.553 0.5000000000
21091  32.449  -49.972  -22.405 0.5000000000
21852  32.765  -48.832  -22.872 0.4000000060
121443  37.399  -52.263  -21.801 0.6000000238
122799  33.291  -50.659  -7.006 0.4000000060
122860  33.420  -65.862  -10.527 0.5000000000
122863  37.199  -63.182  -7.882 0.4000000060
122998  33.496  -65.396  -11.828 0.4000000060
123359  37.376  -58.303  -11.244 0.6000000238
123607  36.212  -56.556  -15.166 0.4000000060
123727  33.554  -63.497  -12.493 0.5000000000
123846  34.714  -58.743  -11.043 0.6000000238
124011  32.291  -60.345  -6.155 0.4000000060
124178  36.255  -64.854  -16.431 0.6000000238
124179  33.545  -59.575  -10.379 0.4000000060
124490  38.329  -68.828  -8.139 0.4000000060
124498  39.311  -63.841  -4.371 0.4000000060
125668  34.304  -54.285  -14.028 0.5000000000
126057  32.578  -66.543  -8.993 0.5000000000
126349  36.550  -61.670  -14.739 0.6000000238
126393  37.149  -54.623  -18.472 0.6000000238
126997  34.484  -54.776  -15.234 0.5000000000
127279  35.997  -56.459  -11.208 0.5000000000
127503  37.519  -56.606  -19.945 0.6000000238
127742  34.585  -62.568  -7.373 0.3000000119
128288  33.653  -66.543  -13.217 0.5000000000
128316  33.517  -62.188  -6.137 0.4000000060
128377  34.942  -57.621  -19.052 0.6000000238
128996  32.332  -60.952  -7.341 0.4000000060
129831  33.646  -63.657  -13.265 0.5000000000
130171  34.323  -61.319  -18.686 0.6999999881
130515  33.281  -55.824  -20.208 0.6999999881
130781  32.532  -53.164  -6.473 0.4000000060
131089  38.321  -50.840  -7.239 0.3000000119
131268  36.325  -61.939  -15.010 0.6000000238
131762  33.873  -56.337  -19.960 0.6999999881
131775  35.663  -51.294  -5.570 0.3000000119
132216  41.012  -50.827  -6.154 0.3000000119
133268  38.537  -63.776  -4.238 0.4000000060
133643  36.780  -54.137  -4.088 0.3000000119
133962  33.863  -58.506  -19.308 0.6999999881
134451  38.383  -50.884  -6.348 0.3000000119
135476  40.674  -61.240  -1.249 0.3000000119
135501  33.735  -61.509  -12.484 0.5000000000
135639  39.340  -53.877  -4.319 0.3000000119
136157  34.367  -60.187  -18.757 0.6000000238
136189  37.400  -63.439  -3.869 0.4000000060
136456  29.974  -58.517  -19.233 0.4000000060
136612  34.083  -63.793  -18.539 0.6000000238
136734  38.898  -51.607  -5.250 0.3000000119
136766  32.829  -55.014  -6.465 0.4000000060
136980  40.142  -62.354  -1.788 0.3000000119
137566  39.851  -54.448  -4.399 0.3000000119
138468  37.428  -53.953  -21.929 0.6999999881
138613  32.285  -60.831  -6.662 0.4000000060
138787  36.660  -52.962  -22.367 0.6999999881
139925  34.877  -62.564  -8.252 0.3000000119
139973  38.791  -54.968  -4.348 0.3000000119
139994  33.830  -62.296  -8.308 0.4000000060
140177  41.480  -51.711  -5.289 0.3000000119
140233  29.587  -57.780  -19.937 0.5000000000
141353  37.212  -58.743  -17.576 0.5000000000
141412  36.668  -54.577  -21.623 0.6000000238
141523  32.034  -65.508  -17.640 0.4000000060
142235  34.350  -67.938  -15.993 0.4000000060
142422  41.248  -62.186  -1.326 0.3000000119
143044  40.224  -51.394  -8.599 0.3000000119
143107  32.515  -61.070  -7.972 0.4000000060
143455  35.928  -63.218  -4.864 0.4000000060
144185  38.990  -60.361  -2.244 0.3000000119
144289  38.501  -61.229  -2.291 0.3000000119
145064  39.842  -60.556  -1.648 0.3000000119
145340  39.613  -65.497  -9.752 0.5000000000
145749  32.761  -59.658  -19.181 0.5000000000
145751  33.576  -61.348  -11.926 0.4000000060
146255  41.693  -60.493  -1.016 0.3000000119
146319  35.573  -51.911  -19.209 0.6000000238
146627  35.481  -63.208  -17.426 0.8000000119
146835  33.143  -64.762  -18.214 0.5000000000
146948  33.918  -55.744  -8.760 0.5000000000
147173  40.828  -63.205  -1.818 0.3000000119
147175  40.969  -64.012  -6.963 0.4000000060
